3.610317021901139900e-01
3.610317800160482427e-01
3.610319033616806172e-01
3.610320988509265749e-01
3.610324086794771681e-01
3.610328997220647040e-01
3.610336779656607153e-01
3.610349113824107281e-01
3.610368661754629893e-01
3.610399642112886442e-01
3.610448740100417053e-01
3.610526548708300476e-01
3.610649850821456286e-01
3.610845230770005077e-01
3.611154784852090849e-01
3.611645138297888136e-01
3.612421652000306627e-01
3.613650728045278426e-01
3.615594635965789783e-01
3.618665401843387253e-01
