  0.745045E-04  0.198014E+08  0.198014E+08  0.257038E+08  0.257028E+08  0.198005E+08  0.198014E+08
  0.829624E-04  0.198011E+08  0.198011E+08  0.255385E+08  0.255372E+08  0.198000E+08  0.198011E+08
  0.923803E-04  0.198007E+08  0.198007E+08  0.253348E+08  0.253333E+08  0.197993E+08  0.198007E+08
  0.102867E-03  0.198002E+08  0.198002E+08  0.250844E+08  0.250825E+08  0.197984E+08  0.198002E+08
  0.114545E-03  0.197996E+08  0.197996E+08  0.247770E+08  0.247747E+08  0.197973E+08  0.197996E+08
  0.127548E-03  0.197989E+08  0.197989E+08  0.244006E+08  0.243978E+08  0.197960E+08  0.197989E+08
  0.142028E-03  0.197980E+08  0.197980E+08  0.239412E+08  0.239378E+08  0.197943E+08  0.197980E+08
  0.158151E-03  0.197969E+08  0.197969E+08  0.233826E+08  0.233785E+08  0.197923E+08  0.197969E+08
  0.176104E-03  0.197956E+08  0.197956E+08  0.227065E+08  0.227017E+08  0.197897E+08  0.197955E+08
  0.196096E-03  0.197939E+08  0.197939E+08  0.218932E+08  0.218875E+08  0.197866E+08  0.197938E+08
  0.218356E-03  0.197918E+08  0.197918E+08  0.209219E+08  0.209153E+08  0.197827E+08  0.197918E+08
  0.243144E-03  0.197893E+08  0.197893E+08  0.197728E+08  0.197651E+08  0.197779E+08  0.197892E+08
  0.270746E-03  0.197861E+08  0.197861E+08  0.184289E+08  0.184203E+08  0.197720E+08  0.197860E+08
  0.301482E-03  0.197822E+08  0.197822E+08  0.168803E+08  0.168709E+08  0.197647E+08  0.197821E+08
  0.335706E-03  0.197775E+08  0.197775E+08  0.151284E+08  0.151186E+08  0.197557E+08  0.197774E+08
  0.373816E-03  0.197717E+08  0.197717E+08  0.131931E+08  0.131832E+08  0.197446E+08  0.197715E+08
  0.416252E-03  0.197646E+08  0.197645E+08  0.111188E+08  0.111095E+08  0.197310E+08  0.197643E+08
  0.463505E-03  0.197559E+08  0.197559E+08  0.898094E+07  0.897319E+07  0.197143E+08  0.197556E+08
  0.516122E-03  0.197454E+08  0.197453E+08  0.688787E+07  0.688256E+07  0.196939E+08  0.197450E+08
  0.574713E-03  0.197326E+08  0.197326E+08  0.497422E+07  0.497205E+07  0.196690E+08  0.197322E+08
  0.639955E-03  0.197173E+08  0.197173E+08  0.338063E+07  0.338179E+07  0.196386E+08  0.197168E+08
  0.712603E-03  0.196989E+08  0.196989E+08  0.221717E+07  0.222088E+07  0.196018E+08  0.196983E+08
  0.793498E-03  0.196770E+08  0.196769E+08  0.151574E+07  0.152019E+07  0.195573E+08  0.196762E+08
  0.883577E-03  0.196509E+08  0.196508E+08  0.119271E+07  0.119550E+07  0.195036E+08  0.196500E+08
  0.983881E-03  0.196201E+08  0.196200E+08  0.105792E+07  0.105749E+07  0.194392E+08  0.196190E+08
  0.109557E-02  0.195838E+08  0.195836E+08  0.901312E+06  0.898436E+06  0.193620E+08  0.195824E+08
  0.121994E-02  0.195411E+08  0.195409E+08  0.632306E+06  0.630142E+06  0.192706E+08  0.195394E+08
  0.135843E-02  0.194912E+08  0.194909E+08  0.351607E+06  0.352602E+06  0.191618E+08  0.194891E+08
  0.151264E-02  0.194328E+08  0.194326E+08  0.218925E+06  0.221115E+06  0.190334E+08  0.194303E+08
  0.168436E-02  0.193650E+08  0.193647E+08  0.211013E+06  0.210460E+06  0.188828E+08  0.193619E+08
  0.187557E-02  0.192863E+08  0.192859E+08  0.154679E+06  0.153069E+06  0.187075E+08  0.192826E+08
  0.208848E-02  0.191953E+08  0.191949E+08  0.633971E+05  0.646286E+05  0.185050E+08  0.191909E+08
  0.232557E-02  0.190906E+08  0.190900E+08  0.615852E+05  0.613955E+05  0.182731E+08  0.190854E+08
  0.258957E-02  0.189705E+08  0.189698E+08  0.407353E+05  0.386758E+05  0.180100E+08  0.189644E+08
  0.288354E-02  0.188334E+08  0.188325E+08  0.174238E+05  0.150529E+05  0.177145E+08  0.188262E+08
  0.321088E-02  0.186775E+08  0.186763E+08  0.205545E+05  0.152831E+05  0.173856E+08  0.186692E+08
  0.357538E-02  0.185011E+08  0.184997E+08  0.271212E+04  0.318781E+04  0.170226E+08  0.184916E+08
  0.398126E-02  0.183024E+08  0.183007E+08 -0.346507E+03 -0.505870E+03  0.166242E+08  0.182916E+08
  0.443322E-02  0.180798E+08  0.180777E+08  0.255270E+04  0.142657E+04  0.161891E+08  0.180676E+08
  0.493648E-02  0.178316E+08  0.178290E+08  0.000000E+00  0.000000E+00  0.157150E+08  0.178179E+08
  0.498985E-02  0.178053E+08  0.178027E+08  0.000000E+00  0.000000E+00  0.156654E+08  0.177914E+08
  0.504379E-02  0.177787E+08  0.177760E+08  0.000000E+00  0.000000E+00  0.156154E+08  0.177647E+08
  0.509832E-02  0.177519E+08  0.177491E+08  0.000000E+00  0.000000E+00  0.155649E+08  0.177377E+08
  0.515344E-02  0.177248E+08  0.177220E+08  0.000000E+00  0.000000E+00  0.155141E+08  0.177104E+08
  0.520915E-02  0.176974E+08  0.176945E+08  0.000000E+00  0.000000E+00  0.154628E+08  0.176829E+08
  0.526546E-02  0.176697E+08  0.176667E+08  0.000000E+00  0.000000E+00  0.154111E+08  0.176550E+08
  0.532239E-02  0.176417E+08  0.176387E+08  0.000000E+00  0.000000E+00  0.153590E+08  0.176269E+08
  0.537993E-02  0.176135E+08  0.176104E+08  0.000000E+00  0.000000E+00  0.153064E+08  0.175985E+08
  0.543809E-02  0.175849E+08  0.175818E+08  0.000000E+00  0.000000E+00  0.152535E+08  0.175698E+08
  0.549688E-02  0.175561E+08  0.175529E+08  0.000000E+00  0.000000E+00  0.152001E+08  0.175408E+08
  0.555630E-02  0.175270E+08  0.175237E+08  0.000000E+00  0.000000E+00  0.151463E+08  0.175115E+08
  0.561637E-02  0.174976E+08  0.174943E+08  0.000000E+00  0.000000E+00  0.150921E+08  0.174819E+08
  0.567709E-02  0.174679E+08  0.174645E+08  0.000000E+00  0.000000E+00  0.150375E+08  0.174521E+08
  0.573846E-02  0.174379E+08  0.174344E+08  0.000000E+00  0.000000E+00  0.149824E+08  0.174219E+08
  0.580050E-02  0.174076E+08  0.174041E+08  0.000000E+00  0.000000E+00  0.149269E+08  0.173915E+08
  0.586320E-02  0.173770E+08  0.173734E+08  0.000000E+00  0.000000E+00  0.148710E+08  0.173607E+08
  0.592659E-02  0.173461E+08  0.173425E+08  0.000000E+00  0.000000E+00  0.148147E+08  0.173297E+08
  0.599066E-02  0.173149E+08  0.173112E+08  0.000000E+00  0.000000E+00  0.147579E+08  0.172983E+08
  0.605542E-02  0.172834E+08  0.172796E+08  0.000000E+00  0.000000E+00  0.147008E+08  0.172666E+08
  0.612089E-02  0.172517E+08  0.172478E+08  0.000000E+00  0.000000E+00  0.146432E+08  0.172347E+08
  0.618706E-02  0.172196E+08  0.172156E+08  0.000000E+00  0.000000E+00  0.145852E+08  0.172024E+08
  0.625394E-02  0.171871E+08  0.171831E+08  0.000000E+00  0.000000E+00  0.145267E+08  0.171698E+08
  0.632155E-02  0.171544E+08  0.171503E+08  0.000000E+00  0.000000E+00  0.144679E+08  0.171369E+08
  0.638989E-02  0.171214E+08  0.171172E+08  0.000000E+00  0.000000E+00  0.144086E+08  0.171037E+08
  0.645897E-02  0.170881E+08  0.170838E+08  0.000000E+00  0.000000E+00  0.143489E+08  0.170702E+08
  0.652880E-02  0.170544E+08  0.170500E+08  0.000000E+00  0.000000E+00  0.142888E+08  0.170364E+08
  0.659938E-02  0.170205E+08  0.170160E+08  0.000000E+00  0.000000E+00  0.142283E+08  0.170022E+08
  0.667072E-02  0.169862E+08  0.169816E+08  0.000000E+00  0.000000E+00  0.141673E+08  0.169678E+08
  0.674284E-02  0.169516E+08  0.169469E+08  0.000000E+00  0.000000E+00  0.141060E+08  0.169330E+08
  0.681573E-02  0.169166E+08  0.169119E+08  0.000000E+00  0.000000E+00  0.140443E+08  0.168979E+08
  0.688942E-02  0.168814E+08  0.168766E+08  0.000000E+00  0.000000E+00  0.139821E+08  0.168624E+08
  0.696390E-02  0.168458E+08  0.168409E+08  0.000000E+00  0.000000E+00  0.139196E+08  0.168267E+08
  0.703918E-02  0.168099E+08  0.168049E+08  0.000000E+00  0.000000E+00  0.138566E+08  0.167906E+08
  0.711528E-02  0.167737E+08  0.167686E+08  0.000000E+00  0.000000E+00  0.137932E+08  0.167542E+08
  0.719220E-02  0.167372E+08  0.167319E+08  0.000000E+00  0.000000E+00  0.137295E+08  0.167175E+08
  0.726995E-02  0.167003E+08  0.166949E+08  0.000000E+00  0.000000E+00  0.136653E+08  0.166804E+08
  0.734855E-02  0.166631E+08  0.166576E+08  0.000000E+00  0.000000E+00  0.136008E+08  0.166430E+08
  0.742799E-02  0.166255E+08  0.166200E+08  0.000000E+00  0.000000E+00  0.135359E+08  0.166053E+08
  0.750829E-02  0.165877E+08  0.165820E+08  0.000000E+00  0.000000E+00  0.134705E+08  0.165672E+08
  0.758946E-02  0.165494E+08  0.165436E+08  0.000000E+00  0.000000E+00  0.134048E+08  0.165288E+08
  0.767151E-02  0.165109E+08  0.165050E+08  0.000000E+00  0.000000E+00  0.133388E+08  0.164901E+08
  0.775444E-02  0.164720E+08  0.164660E+08  0.000000E+00  0.000000E+00  0.132723E+08  0.164510E+08
  0.783828E-02  0.164328E+08  0.164266E+08  0.000000E+00  0.000000E+00  0.132055E+08  0.164115E+08
  0.792301E-02  0.163932E+08  0.163869E+08  0.000000E+00  0.000000E+00  0.131383E+08  0.163718E+08
  0.800867E-02  0.163533E+08  0.163469E+08  0.000000E+00  0.000000E+00  0.130707E+08  0.163317E+08
  0.809524E-02  0.163130E+08  0.163065E+08  0.000000E+00  0.000000E+00  0.130027E+08  0.162912E+08
  0.818276E-02  0.162724E+08  0.162658E+08  0.000000E+00  0.000000E+00  0.129344E+08  0.162504E+08
  0.827122E-02  0.162314E+08  0.162247E+08  0.000000E+00  0.000000E+00  0.128658E+08  0.162092E+08
  0.836064E-02  0.161901E+08  0.161832E+08  0.000000E+00  0.000000E+00  0.127968E+08  0.161677E+08
  0.845102E-02  0.161485E+08  0.161414E+08  0.000000E+00  0.000000E+00  0.127274E+08  0.161259E+08
  0.854239E-02  0.161065E+08  0.160993E+08  0.000000E+00  0.000000E+00  0.126577E+08  0.160837E+08
  0.863473E-02  0.160641E+08  0.160568E+08  0.000000E+00  0.000000E+00  0.125876E+08  0.160411E+08
  0.872808E-02  0.160214E+08  0.160139E+08  0.000000E+00  0.000000E+00  0.125172E+08  0.159982E+08
  0.882244E-02  0.159783E+08  0.159707E+08  0.000000E+00  0.000000E+00  0.124465E+08  0.159549E+08
  0.891782E-02  0.159348E+08  0.159271E+08  0.000000E+00  0.000000E+00  0.123754E+08  0.159113E+08
  0.901422E-02  0.158910E+08  0.158831E+08  0.000000E+00  0.000000E+00  0.123040E+08  0.158673E+08
  0.911167E-02  0.158469E+08  0.158388E+08  0.000000E+00  0.000000E+00  0.122323E+08  0.158229E+08
  0.921018E-02  0.158023E+08  0.157941E+08  0.000000E+00  0.000000E+00  0.121602E+08  0.157782E+08
  0.930975E-02  0.157574E+08  0.157490E+08  0.000000E+00  0.000000E+00  0.120878E+08  0.157331E+08
  0.941039E-02  0.157122E+08  0.157036E+08  0.000000E+00  0.000000E+00  0.120152E+08  0.156876E+08
  0.951212E-02  0.156665E+08  0.156578E+08  0.000000E+00  0.000000E+00  0.119422E+08  0.156418E+08
  0.961496E-02  0.156205E+08  0.156116E+08  0.000000E+00  0.000000E+00  0.118689E+08  0.155956E+08
  0.971890E-02  0.155742E+08  0.155651E+08  0.000000E+00  0.000000E+00  0.117953E+08  0.155490E+08
  0.982397E-02  0.155274E+08  0.155182E+08  0.000000E+00  0.000000E+00  0.117214E+08  0.155021E+08
  0.993017E-02  0.154803E+08  0.154709E+08  0.000000E+00  0.000000E+00  0.116472E+08  0.154548E+08
  0.100375E-01  0.154328E+08  0.154232E+08  0.000000E+00  0.000000E+00  0.115728E+08  0.154071E+08
  0.101460E-01  0.153849E+08  0.153751E+08  0.000000E+00  0.000000E+00  0.114981E+08  0.153590E+08
  0.102557E-01  0.153367E+08  0.153267E+08  0.000000E+00  0.000000E+00  0.114230E+08  0.153105E+08
  0.103666E-01  0.152880E+08  0.152779E+08  0.000000E+00  0.000000E+00  0.113478E+08  0.152617E+08
  0.104787E-01  0.152390E+08  0.152287E+08  0.000000E+00  0.000000E+00  0.112722E+08  0.152125E+08
  0.105919E-01  0.151896E+08  0.151791E+08  0.000000E+00  0.000000E+00  0.111964E+08  0.151629E+08
  0.107065E-01  0.151398E+08  0.151291E+08  0.000000E+00  0.000000E+00  0.111204E+08  0.151129E+08
  0.108222E-01  0.150897E+08  0.150787E+08  0.000000E+00  0.000000E+00  0.110441E+08  0.150626E+08
  0.109392E-01  0.150391E+08  0.150279E+08  0.000000E+00  0.000000E+00  0.109675E+08  0.150118E+08
  0.110575E-01  0.149882E+08  0.149768E+08  0.000000E+00  0.000000E+00  0.108907E+08  0.149607E+08
  0.111770E-01  0.149368E+08  0.149252E+08  0.000000E+00  0.000000E+00  0.108137E+08  0.149091E+08
  0.112978E-01  0.148851E+08  0.148733E+08  0.000000E+00  0.000000E+00  0.107365E+08  0.148572E+08
  0.114200E-01  0.148330E+08  0.148210E+08  0.000000E+00  0.000000E+00  0.106590E+08  0.148049E+08
  0.115434E-01  0.147805E+08  0.147682E+08  0.000000E+00  0.000000E+00  0.105814E+08  0.147522E+08
  0.116682E-01  0.147276E+08  0.147151E+08  0.000000E+00  0.000000E+00  0.105035E+08  0.146991E+08
  0.117944E-01  0.146743E+08  0.146616E+08  0.000000E+00  0.000000E+00  0.104254E+08  0.146456E+08
  0.119219E-01  0.146206E+08  0.146076E+08  0.000000E+00  0.000000E+00  0.103471E+08  0.145917E+08
  0.120507E-01  0.145665E+08  0.145533E+08  0.000000E+00  0.000000E+00  0.102687E+08  0.145374E+08
  0.121810E-01  0.145120E+08  0.144985E+08  0.000000E+00  0.000000E+00  0.101900E+08  0.144827E+08
  0.123127E-01  0.144571E+08  0.144434E+08  0.000000E+00  0.000000E+00  0.101112E+08  0.144277E+08
  0.124458E-01  0.144018E+08  0.143878E+08  0.000000E+00  0.000000E+00  0.100322E+08  0.143722E+08
  0.125804E-01  0.143461E+08  0.143319E+08  0.000000E+00  0.000000E+00  0.995304E+07  0.143163E+08
  0.127164E-01  0.142899E+08  0.142755E+08  0.000000E+00  0.000000E+00  0.987373E+07  0.142600E+08
  0.128538E-01  0.142334E+08  0.142187E+08  0.000000E+00  0.000000E+00  0.979426E+07  0.142033E+08
  0.129928E-01  0.141765E+08  0.141616E+08  0.000000E+00  0.000000E+00  0.971466E+07  0.141462E+08
  0.131333E-01  0.141192E+08  0.141040E+08  0.000000E+00  0.000000E+00  0.963492E+07  0.140887E+08
  0.132752E-01  0.140614E+08  0.140460E+08  0.000000E+00  0.000000E+00  0.955506E+07  0.140308E+08
  0.134188E-01  0.140033E+08  0.139875E+08  0.000000E+00  0.000000E+00  0.947507E+07  0.139724E+08
  0.135638E-01  0.139448E+08  0.139287E+08  0.000000E+00  0.000000E+00  0.939497E+07  0.139137E+08
  0.137105E-01  0.138858E+08  0.138694E+08  0.000000E+00  0.000000E+00  0.931476E+07  0.138546E+08
  0.138587E-01  0.138264E+08  0.138098E+08  0.000000E+00  0.000000E+00  0.923446E+07  0.137950E+08
  0.140085E-01  0.137666E+08  0.137497E+08  0.000000E+00  0.000000E+00  0.915406E+07  0.137350E+08
  0.141599E-01  0.137064E+08  0.136892E+08  0.000000E+00  0.000000E+00  0.907358E+07  0.136747E+08
  0.143130E-01  0.136458E+08  0.136283E+08  0.000000E+00  0.000000E+00  0.899302E+07  0.136139E+08
  0.144678E-01  0.135848E+08  0.135670E+08  0.000000E+00  0.000000E+00  0.891239E+07  0.135527E+08
  0.146242E-01  0.135234E+08  0.135052E+08  0.000000E+00  0.000000E+00  0.883170E+07  0.134911E+08
  0.147823E-01  0.134615E+08  0.134431E+08  0.000000E+00  0.000000E+00  0.875096E+07  0.134291E+08
  0.149421E-01  0.133992E+08  0.133805E+08  0.000000E+00  0.000000E+00  0.867018E+07  0.133666E+08
  0.151036E-01  0.133366E+08  0.133175E+08  0.000000E+00  0.000000E+00  0.858936E+07  0.133038E+08
  0.152669E-01  0.132735E+08  0.132541E+08  0.000000E+00  0.000000E+00  0.850851E+07  0.132405E+08
  0.154319E-01  0.132100E+08  0.131902E+08  0.000000E+00  0.000000E+00  0.842764E+07  0.131769E+08
  0.155988E-01  0.131460E+08  0.131260E+08  0.000000E+00  0.000000E+00  0.834676E+07  0.131128E+08
  0.157674E-01  0.130817E+08  0.130613E+08  0.000000E+00  0.000000E+00  0.826587E+07  0.130483E+08
  0.159378E-01  0.130170E+08  0.129962E+08  0.000000E+00  0.000000E+00  0.818499E+07  0.129834E+08
  0.161101E-01  0.129518E+08  0.129307E+08  0.000000E+00  0.000000E+00  0.810412E+07  0.129181E+08
  0.162843E-01  0.128862E+08  0.128648E+08  0.000000E+00  0.000000E+00  0.802328E+07  0.128524E+08
  0.164603E-01  0.128203E+08  0.127985E+08  0.000000E+00  0.000000E+00  0.794246E+07  0.127863E+08
  0.166383E-01  0.127539E+08  0.127317E+08  0.000000E+00  0.000000E+00  0.786169E+07  0.127197E+08
  0.168182E-01  0.126871E+08  0.126646E+08  0.000000E+00  0.000000E+00  0.778096E+07  0.126528E+08
  0.170000E-01  0.126199E+08  0.125970E+08  0.000000E+00  0.000000E+00  0.770029E+07  0.125854E+08
  0.171838E-01  0.125523E+08  0.125290E+08  0.000000E+00  0.000000E+00  0.761969E+07  0.125177E+08
  0.173695E-01  0.124842E+08  0.124606E+08  0.000000E+00  0.000000E+00  0.753916E+07  0.124495E+08
  0.175573E-01  0.124158E+08  0.123918E+08  0.000000E+00  0.000000E+00  0.745871E+07  0.123810E+08
  0.177471E-01  0.123470E+08  0.123226E+08  0.000000E+00  0.000000E+00  0.737836E+07  0.123120E+08
  0.179390E-01  0.122778E+08  0.122530E+08  0.000000E+00  0.000000E+00  0.729811E+07  0.122427E+08
  0.181329E-01  0.122082E+08  0.121830E+08  0.000000E+00  0.000000E+00  0.721797E+07  0.121729E+08
  0.183289E-01  0.121382E+08  0.121126E+08  0.000000E+00  0.000000E+00  0.713796E+07  0.121028E+08
  0.185271E-01  0.120677E+08  0.120418E+08  0.000000E+00  0.000000E+00  0.705807E+07  0.120323E+08
  0.187274E-01  0.119970E+08  0.119707E+08  0.000000E+00  0.000000E+00  0.697832E+07  0.119614E+08
  0.189298E-01  0.119258E+08  0.118991E+08  0.000000E+00  0.000000E+00  0.689872E+07  0.118901E+08
  0.191345E-01  0.118542E+08  0.118271E+08  0.000000E+00  0.000000E+00  0.681928E+07  0.118184E+08
  0.193413E-01  0.117823E+08  0.117548E+08  0.000000E+00  0.000000E+00  0.674001E+07  0.117464E+08
  0.195504E-01  0.117100E+08  0.116821E+08  0.000000E+00  0.000000E+00  0.666091E+07  0.116739E+08
  0.197618E-01  0.116373E+08  0.116090E+08  0.000000E+00  0.000000E+00  0.658201E+07  0.116011E+08
  0.199754E-01  0.115642E+08  0.115355E+08  0.000000E+00  0.000000E+00  0.650330E+07  0.115280E+08
  0.201914E-01  0.114908E+08  0.114617E+08  0.000000E+00  0.000000E+00  0.642479E+07  0.114545E+08
  0.204097E-01  0.114170E+08  0.113875E+08  0.000000E+00  0.000000E+00  0.634651E+07  0.113806E+08
  0.206303E-01  0.113429E+08  0.113130E+08  0.000000E+00  0.000000E+00  0.626845E+07  0.113064E+08
  0.208533E-01  0.112684E+08  0.112381E+08  0.000000E+00  0.000000E+00  0.619063E+07  0.112318E+08
  0.210788E-01  0.111936E+08  0.111628E+08  0.000000E+00  0.000000E+00  0.611305E+07  0.111569E+08
  0.213066E-01  0.111184E+08  0.110873E+08  0.000000E+00  0.000000E+00  0.603574E+07  0.110817E+08
  0.215370E-01  0.110430E+08  0.110114E+08  0.000000E+00  0.000000E+00  0.595869E+07  0.110062E+08
  0.217698E-01  0.109672E+08  0.109352E+08  0.000000E+00  0.000000E+00  0.588192E+07  0.109303E+08
  0.220052E-01  0.108911E+08  0.108586E+08  0.000000E+00  0.000000E+00  0.580544E+07  0.108541E+08
  0.222430E-01  0.108146E+08  0.107818E+08  0.000000E+00  0.000000E+00  0.572926E+07  0.107776E+08
  0.224835E-01  0.107379E+08  0.107047E+08  0.000000E+00  0.000000E+00  0.565339E+07  0.107008E+08
  0.227266E-01  0.106609E+08  0.106272E+08  0.000000E+00  0.000000E+00  0.557784E+07  0.106238E+08
  0.229723E-01  0.105836E+08  0.105495E+08  0.000000E+00  0.000000E+00  0.550262E+07  0.105464E+08
  0.232206E-01  0.105060E+08  0.104715E+08  0.000000E+00  0.000000E+00  0.542774E+07  0.104688E+08
  0.234716E-01  0.104282E+08  0.103933E+08  0.000000E+00  0.000000E+00  0.535321E+07  0.103909E+08
  0.237254E-01  0.103501E+08  0.103148E+08  0.000000E+00  0.000000E+00  0.527905E+07  0.103128E+08
  0.239819E-01  0.102718E+08  0.102360E+08  0.000000E+00  0.000000E+00  0.520527E+07  0.102344E+08
  0.242411E-01  0.101932E+08  0.101571E+08  0.000000E+00  0.000000E+00  0.513186E+07  0.101558E+08
  0.245032E-01  0.101144E+08  0.100779E+08  0.000000E+00  0.000000E+00  0.505886E+07  0.100770E+08
  0.247681E-01  0.100354E+08  0.999850E+07  0.000000E+00  0.000000E+00  0.498626E+07  0.999801E+07
  0.250359E-01  0.995623E+07  0.991891E+07  0.000000E+00  0.000000E+00  0.491408E+07  0.991880E+07
  0.253065E-01  0.987685E+07  0.983914E+07  0.000000E+00  0.000000E+00  0.484232E+07  0.983941E+07
  0.255801E-01  0.979730E+07  0.975920E+07  0.000000E+00  0.000000E+00  0.477101E+07  0.975985E+07
  0.258566E-01  0.971759E+07  0.967911E+07  0.000000E+00  0.000000E+00  0.470014E+07  0.968014E+07
  0.261362E-01  0.963773E+07  0.959888E+07  0.000000E+00  0.000000E+00  0.462974E+07  0.960029E+07
  0.264187E-01  0.955775E+07  0.951853E+07  0.000000E+00  0.000000E+00  0.455980E+07  0.952031E+07
  0.267043E-01  0.947765E+07  0.943806E+07  0.000000E+00  0.000000E+00  0.449035E+07  0.944022E+07
  0.269930E-01  0.939745E+07  0.935751E+07  0.000000E+00  0.000000E+00  0.442139E+07  0.936004E+07
  0.272848E-01  0.931717E+07  0.927688E+07  0.000000E+00  0.000000E+00  0.435294E+07  0.927977E+07
  0.275798E-01  0.923682E+07  0.919618E+07  0.000000E+00  0.000000E+00  0.428499E+07  0.919945E+07
  0.278779E-01  0.915642E+07  0.911545E+07  0.000000E+00  0.000000E+00  0.421757E+07  0.911908E+07
  0.281793E-01  0.907599E+07  0.903469E+07  0.000000E+00  0.000000E+00  0.415068E+07  0.903868E+07
  0.284840E-01  0.899554E+07  0.895393E+07  0.000000E+00  0.000000E+00  0.408434E+07  0.895828E+07
  0.287919E-01  0.891510E+07  0.887318E+07  0.000000E+00  0.000000E+00  0.401855E+07  0.887788E+07
  0.291032E-01  0.883469E+07  0.879247E+07  0.000000E+00  0.000000E+00  0.395333E+07  0.879752E+07
  0.294178E-01  0.875431E+07  0.871181E+07  0.000000E+00  0.000000E+00  0.388868E+07  0.871720E+07
  0.297358E-01  0.867400E+07  0.863123E+07  0.000000E+00  0.000000E+00  0.382461E+07  0.863695E+07
  0.300573E-01  0.859377E+07  0.855074E+07  0.000000E+00  0.000000E+00  0.376114E+07  0.855678E+07
  0.303822E-01  0.851365E+07  0.847036E+07  0.000000E+00  0.000000E+00  0.369827E+07  0.847673E+07
  0.307107E-01  0.843365E+07  0.839013E+07  0.000000E+00  0.000000E+00  0.363601E+07  0.839681E+07
  0.310427E-01  0.835380E+07  0.831006E+07  0.000000E+00  0.000000E+00  0.357437E+07  0.831704E+07
  0.313783E-01  0.827413E+07  0.823017E+07  0.000000E+00  0.000000E+00  0.351337E+07  0.823744E+07
  0.317175E-01  0.819464E+07  0.815049E+07  0.000000E+00  0.000000E+00  0.345301E+07  0.815805E+07
  0.320604E-01  0.811537E+07  0.807104E+07  0.000000E+00  0.000000E+00  0.339329E+07  0.807887E+07
  0.324070E-01  0.803634E+07  0.799184E+07  0.000000E+00  0.000000E+00  0.333423E+07  0.799994E+07
  0.327573E-01  0.795757E+07  0.791292E+07  0.000000E+00  0.000000E+00  0.327584E+07  0.792128E+07
  0.331114E-01  0.787909E+07  0.783431E+07  0.000000E+00  0.000000E+00  0.321812E+07  0.784291E+07
  0.334694E-01  0.780092E+07  0.775603E+07  0.000000E+00  0.000000E+00  0.316108E+07  0.776486E+07
  0.338312E-01  0.772309E+07  0.767810E+07  0.000000E+00  0.000000E+00  0.310473E+07  0.768714E+07
  0.341970E-01  0.764561E+07  0.760055E+07  0.000000E+00  0.000000E+00  0.304907E+07  0.760979E+07
  0.345667E-01  0.756852E+07  0.752341E+07  0.000000E+00  0.000000E+00  0.299411E+07  0.753284E+07
  0.349404E-01  0.749185E+07  0.744669E+07  0.000000E+00  0.000000E+00  0.293985E+07  0.745629E+07
  0.353181E-01  0.741560E+07  0.737043E+07  0.000000E+00  0.000000E+00  0.288631E+07  0.738019E+07
  0.356999E-01  0.733982E+07  0.729465E+07  0.000000E+00  0.000000E+00  0.283348E+07  0.730456E+07
  0.360858E-01  0.726453E+07  0.721938E+07  0.000000E+00  0.000000E+00  0.278138E+07  0.722941E+07
  0.364760E-01  0.718975E+07  0.714465E+07  0.000000E+00  0.000000E+00  0.273000E+07  0.715478E+07
  0.368703E-01  0.711550E+07  0.707047E+07  0.000000E+00  0.000000E+00  0.267936E+07  0.708069E+07
  0.372689E-01  0.704181E+07  0.699687E+07  0.000000E+00  0.000000E+00  0.262946E+07  0.700717E+07
  0.376718E-01  0.696870E+07  0.692388E+07  0.000000E+00  0.000000E+00  0.258029E+07  0.693423E+07
  0.380790E-01  0.689620E+07  0.685151E+07  0.000000E+00  0.000000E+00  0.253187E+07  0.686189E+07
  0.384907E-01  0.682433E+07  0.677980E+07  0.000000E+00  0.000000E+00  0.248419E+07  0.679020E+07
  0.389068E-01  0.675312E+07  0.670878E+07  0.000000E+00  0.000000E+00  0.243727E+07  0.671918E+07
  0.393274E-01  0.668260E+07  0.663846E+07  0.000000E+00  0.000000E+00  0.239110E+07  0.664884E+07
  0.397526E-01  0.661278E+07  0.656888E+07  0.000000E+00  0.000000E+00  0.234568E+07  0.657921E+07
  0.401823E-01  0.654370E+07  0.650006E+07  0.000000E+00  0.000000E+00  0.230102E+07  0.651032E+07
  0.406167E-01  0.647536E+07  0.643200E+07  0.000000E+00  0.000000E+00  0.225711E+07  0.644218E+07
  0.410558E-01  0.640779E+07  0.636474E+07  0.000000E+00  0.000000E+00  0.221394E+07  0.637481E+07
  0.414997E-01  0.634100E+07  0.629828E+07  0.000000E+00  0.000000E+00  0.217152E+07  0.630823E+07
  0.419483E-01  0.627501E+07  0.623265E+07  0.000000E+00  0.000000E+00  0.212984E+07  0.624244E+07
  0.424018E-01  0.620983E+07  0.616785E+07  0.000000E+00  0.000000E+00  0.208891E+07  0.617748E+07
  0.428602E-01  0.614548E+07  0.610391E+07  0.000000E+00  0.000000E+00  0.204871E+07  0.611334E+07
  0.433235E-01  0.608198E+07  0.604084E+07  0.000000E+00  0.000000E+00  0.200925E+07  0.605006E+07
  0.437919E-01  0.601934E+07  0.597865E+07  0.000000E+00  0.000000E+00  0.197053E+07  0.598763E+07
  0.442653E-01  0.595757E+07  0.591736E+07  0.000000E+00  0.000000E+00  0.193254E+07  0.592609E+07
  0.447439E-01  0.589668E+07  0.585698E+07  0.000000E+00  0.000000E+00  0.189527E+07  0.586543E+07
  0.452276E-01  0.583670E+07  0.579752E+07  0.000000E+00  0.000000E+00  0.185872E+07  0.580567E+07
  0.457165E-01  0.577761E+07  0.573898E+07  0.000000E+00  0.000000E+00  0.182288E+07  0.574682E+07
  0.462107E-01  0.571944E+07  0.568138E+07  0.000000E+00  0.000000E+00  0.178774E+07  0.568888E+07
  0.467103E-01  0.566218E+07  0.562471E+07  0.000000E+00  0.000000E+00  0.175329E+07  0.563185E+07
  0.472153E-01  0.560582E+07  0.556897E+07  0.000000E+00  0.000000E+00  0.171952E+07  0.557573E+07
  0.477257E-01  0.555038E+07  0.551416E+07  0.000000E+00  0.000000E+00  0.168643E+07  0.552053E+07
  0.482417E-01  0.549585E+07  0.546027E+07  0.000000E+00  0.000000E+00  0.165401E+07  0.546623E+07
  0.487632E-01  0.544222E+07  0.540731E+07  0.000000E+00  0.000000E+00  0.162224E+07  0.541284E+07
  0.492904E-01  0.538948E+07  0.535526E+07  0.000000E+00  0.000000E+00  0.159112E+07  0.536035E+07
  0.498232E-01  0.533764E+07  0.530412E+07  0.000000E+00  0.000000E+00  0.156063E+07  0.530875E+07
  0.503618E-01  0.528667E+07  0.525386E+07  0.000000E+00  0.000000E+00  0.153076E+07  0.525802E+07
  0.509063E-01  0.523657E+07  0.520449E+07  0.000000E+00  0.000000E+00  0.150150E+07  0.520816E+07
  0.514566E-01  0.518731E+07  0.515597E+07  0.000000E+00  0.000000E+00  0.147283E+07  0.515915E+07
  0.520129E-01  0.513887E+07  0.510828E+07  0.000000E+00  0.000000E+00  0.144474E+07  0.511095E+07
  0.525752E-01  0.509124E+07  0.506140E+07  0.000000E+00  0.000000E+00  0.141721E+07  0.506356E+07
  0.531436E-01  0.504438E+07  0.501530E+07  0.000000E+00  0.000000E+00  0.139024E+07  0.501694E+07
  0.537181E-01  0.499826E+07  0.496996E+07  0.000000E+00  0.000000E+00  0.136381E+07  0.497107E+07
  0.542988E-01  0.495288E+07  0.492534E+07  0.000000E+00  0.000000E+00  0.133789E+07  0.492592E+07
  0.548858E-01  0.490818E+07  0.488143E+07  0.000000E+00  0.000000E+00  0.131248E+07  0.488147E+07
  0.554792E-01  0.486416E+07  0.483817E+07  0.000000E+00  0.000000E+00  0.128755E+07  0.483769E+07
  0.560790E-01  0.482077E+07  0.479555E+07  0.000000E+00  0.000000E+00  0.126309E+07  0.479453E+07
  0.566852E-01  0.477797E+07  0.475352E+07  0.000000E+00  0.000000E+00  0.123909E+07  0.475197E+07
  0.572980E-01  0.473573E+07  0.471204E+07  0.000000E+00  0.000000E+00  0.121554E+07  0.470996E+07
  0.579175E-01  0.469399E+07  0.467105E+07  0.000000E+00  0.000000E+00  0.119242E+07  0.466846E+07
  0.585436E-01  0.465271E+07  0.463051E+07  0.000000E+00  0.000000E+00  0.116970E+07  0.462741E+07
  0.591765E-01  0.461184E+07  0.459038E+07  0.000000E+00  0.000000E+00  0.114738E+07  0.458677E+07
  0.600666E-01  0.455571E+07  0.453523E+07  0.000000E+00  0.000000E+00  0.111698E+07  0.453095E+07
  0.609568E-01  0.450097E+07  0.448143E+07  0.000000E+00  0.000000E+00  0.108770E+07  0.447652E+07
  0.618469E-01  0.444748E+07  0.442883E+07  0.000000E+00  0.000000E+00  0.105946E+07  0.442333E+07
  0.627370E-01  0.439508E+07  0.437726E+07  0.000000E+00  0.000000E+00  0.103218E+07  0.437120E+07
  0.636272E-01  0.434360E+07  0.432656E+07  0.000000E+00  0.000000E+00  0.100579E+07  0.432001E+07
  0.645173E-01  0.429291E+07  0.427659E+07  0.000000E+00  0.000000E+00  0.980221E+06  0.426958E+07
  0.654074E-01  0.424287E+07  0.422721E+07  0.000000E+00  0.000000E+00  0.955426E+06  0.421981E+07
  0.662976E-01  0.419339E+07  0.417832E+07  0.000000E+00  0.000000E+00  0.931358E+06  0.417057E+07
  0.671877E-01  0.414435E+07  0.412982E+07  0.000000E+00  0.000000E+00  0.907964E+06  0.412178E+07
  0.680779E-01  0.409567E+07  0.408162E+07  0.000000E+00  0.000000E+00  0.885200E+06  0.407333E+07
  0.689680E-01  0.404727E+07  0.403365E+07  0.000000E+00  0.000000E+00  0.863038E+06  0.402517E+07
  0.698581E-01  0.399910E+07  0.398583E+07  0.000000E+00  0.000000E+00  0.841446E+06  0.397722E+07
  0.707483E-01  0.395108E+07  0.393812E+07  0.000000E+00  0.000000E+00  0.820390E+06  0.392942E+07
  0.716384E-01  0.390318E+07  0.389046E+07  0.000000E+00  0.000000E+00  0.799841E+06  0.388173E+07
  0.725285E-01  0.385537E+07  0.384284E+07  0.000000E+00  0.000000E+00  0.779783E+06  0.383412E+07
  0.734187E-01  0.380762E+07  0.379522E+07  0.000000E+00  0.000000E+00  0.760199E+06  0.378656E+07
  0.743088E-01  0.375992E+07  0.374761E+07  0.000000E+00  0.000000E+00  0.741070E+06  0.373906E+07
  0.751990E-01  0.371227E+07  0.370000E+07  0.000000E+00  0.000000E+00  0.722380E+06  0.369160E+07
  0.760891E-01  0.366468E+07  0.365240E+07  0.000000E+00  0.000000E+00  0.704123E+06  0.364419E+07
  0.769792E-01  0.361715E+07  0.360484E+07  0.000000E+00  0.000000E+00  0.686286E+06  0.359684E+07
  0.778694E-01  0.356972E+07  0.355732E+07  0.000000E+00  0.000000E+00  0.668859E+06  0.354958E+07
  0.787595E-01  0.352240E+07  0.350988E+07  0.000000E+00  0.000000E+00  0.651837E+06  0.350243E+07
  0.796497E-01  0.347522E+07  0.346256E+07  0.000000E+00  0.000000E+00  0.635216E+06  0.345543E+07
  0.805398E-01  0.342823E+07  0.341540E+07  0.000000E+00  0.000000E+00  0.618991E+06  0.340860E+07
  0.814299E-01  0.338146E+07  0.336845E+07  0.000000E+00  0.000000E+00  0.603158E+06  0.336200E+07
  0.823201E-01  0.333498E+07  0.332175E+07  0.000000E+00  0.000000E+00  0.587716E+06  0.331568E+07
  0.832102E-01  0.328882E+07  0.327537E+07  0.000000E+00  0.000000E+00  0.572660E+06  0.326969E+07
  0.841003E-01  0.324304E+07  0.322936E+07  0.000000E+00  0.000000E+00  0.557990E+06  0.322407E+07
  0.849905E-01  0.319770E+07  0.318377E+07  0.000000E+00  0.000000E+00  0.543703E+06  0.317888E+07
  0.858806E-01  0.315284E+07  0.313867E+07  0.000000E+00  0.000000E+00  0.529802E+06  0.313418E+07
  0.867708E-01  0.310852E+07  0.309411E+07  0.000000E+00  0.000000E+00  0.516281E+06  0.309002E+07
  0.876609E-01  0.306481E+07  0.305015E+07  0.000000E+00  0.000000E+00  0.503141E+06  0.304646E+07
  0.885510E-01  0.302175E+07  0.300686E+07  0.000000E+00  0.000000E+00  0.490378E+06  0.300355E+07
  0.894412E-01  0.297939E+07  0.296428E+07  0.000000E+00  0.000000E+00  0.477989E+06  0.296135E+07
  0.903313E-01  0.293779E+07  0.292246E+07  0.000000E+00  0.000000E+00  0.465972E+06  0.291990E+07
  0.912215E-01  0.289698E+07  0.288146E+07  0.000000E+00  0.000000E+00  0.454326E+06  0.287924E+07
  0.921116E-01  0.285701E+07  0.284131E+07  0.000000E+00  0.000000E+00  0.443046E+06  0.283942E+07
  0.930017E-01  0.281792E+07  0.280207E+07  0.000000E+00  0.000000E+00  0.432128E+06  0.280049E+07
  0.938919E-01  0.277976E+07  0.276377E+07  0.000000E+00  0.000000E+00  0.421567E+06  0.276248E+07
  0.947820E-01  0.274256E+07  0.272646E+07  0.000000E+00  0.000000E+00  0.411358E+06  0.272543E+07
  0.956721E-01  0.270634E+07  0.269016E+07  0.000000E+00  0.000000E+00  0.401496E+06  0.268937E+07
  0.965623E-01  0.267114E+07  0.265489E+07  0.000000E+00  0.000000E+00  0.391978E+06  0.265432E+07
  0.974524E-01  0.263696E+07  0.262068E+07  0.000000E+00  0.000000E+00  0.382795E+06  0.262029E+07
  0.983426E-01  0.260382E+07  0.258753E+07  0.000000E+00  0.000000E+00  0.373938E+06  0.258730E+07
  0.992327E-01  0.257174E+07  0.255547E+07  0.000000E+00  0.000000E+00  0.365399E+06  0.255537E+07
  0.100123E+00  0.254071E+07  0.252450E+07  0.000000E+00  0.000000E+00  0.357171E+06  0.252450E+07
  0.101013E+00  0.251075E+07  0.249461E+07  0.000000E+00  0.000000E+00  0.349248E+06  0.249468E+07
  0.101903E+00  0.248183E+07  0.246579E+07  0.000000E+00  0.000000E+00  0.341619E+06  0.246592E+07
  0.102793E+00  0.245396E+07  0.243805E+07  0.000000E+00  0.000000E+00  0.334275E+06  0.243819E+07
  0.103683E+00  0.242712E+07  0.241136E+07  0.000000E+00  0.000000E+00  0.327204E+06  0.241150E+07
  0.104574E+00  0.240128E+07  0.238571E+07  0.000000E+00  0.000000E+00  0.320399E+06  0.238581E+07
  0.105464E+00  0.237644E+07  0.236108E+07  0.000000E+00  0.000000E+00  0.313849E+06  0.236112E+07
  0.106354E+00  0.235256E+07  0.233742E+07  0.000000E+00  0.000000E+00  0.307545E+06  0.233738E+07
  0.107244E+00  0.232961E+07  0.231472E+07  0.000000E+00  0.000000E+00  0.301474E+06  0.231458E+07
  0.108134E+00  0.230755E+07  0.229293E+07  0.000000E+00  0.000000E+00  0.295625E+06  0.229266E+07
  0.109024E+00  0.228635E+07  0.227201E+07  0.000000E+00  0.000000E+00  0.289988E+06  0.227160E+07
  0.109914E+00  0.226597E+07  0.225193E+07  0.000000E+00  0.000000E+00  0.284554E+06  0.225136E+07
  0.110804E+00  0.224637E+07  0.223264E+07  0.000000E+00  0.000000E+00  0.279313E+06  0.223190E+07
  0.111695E+00  0.222750E+07  0.221410E+07  0.000000E+00  0.000000E+00  0.274254E+06  0.221316E+07
  0.112585E+00  0.220932E+07  0.219625E+07  0.000000E+00  0.000000E+00  0.269364E+06  0.219512E+07
  0.113475E+00  0.219177E+07  0.217905E+07  0.000000E+00  0.000000E+00  0.264635E+06  0.217771E+07
  0.114365E+00  0.217481E+07  0.216244E+07  0.000000E+00  0.000000E+00  0.260056E+06  0.216088E+07
  0.115255E+00  0.215839E+07  0.214637E+07  0.000000E+00  0.000000E+00  0.255619E+06  0.214459E+07
  0.116145E+00  0.214246E+07  0.213079E+07  0.000000E+00  0.000000E+00  0.251313E+06  0.212878E+07
  0.117035E+00  0.212698E+07  0.211566E+07  0.000000E+00  0.000000E+00  0.247131E+06  0.211343E+07
  0.117926E+00  0.211190E+07  0.210092E+07  0.000000E+00  0.000000E+00  0.243063E+06  0.209847E+07
  0.118816E+00  0.209715E+07  0.208652E+07  0.000000E+00  0.000000E+00  0.239102E+06  0.208384E+07
  0.119706E+00  0.208270E+07  0.207241E+07  0.000000E+00  0.000000E+00  0.235238E+06  0.206951E+07
  0.120596E+00  0.206850E+07  0.205853E+07  0.000000E+00  0.000000E+00  0.231463E+06  0.205542E+07
  0.121486E+00  0.205449E+07  0.204485E+07  0.000000E+00  0.000000E+00  0.227771E+06  0.204153E+07
  0.122376E+00  0.204065E+07  0.203131E+07  0.000000E+00  0.000000E+00  0.224156E+06  0.202780E+07
  0.123266E+00  0.202692E+07  0.201788E+07  0.000000E+00  0.000000E+00  0.220613E+06  0.201418E+07
  0.124157E+00  0.201328E+07  0.200452E+07  0.000000E+00  0.000000E+00  0.217134E+06  0.200065E+07
  0.125047E+00  0.199969E+07  0.199119E+07  0.000000E+00  0.000000E+00  0.213714E+06  0.198716E+07
  0.125937E+00  0.198611E+07  0.197787E+07  0.000000E+00  0.000000E+00  0.210349E+06  0.197368E+07
  0.126827E+00  0.197252E+07  0.196451E+07  0.000000E+00  0.000000E+00  0.207036E+06  0.196019E+07
  0.127717E+00  0.195889E+07  0.195109E+07  0.000000E+00  0.000000E+00  0.203770E+06  0.194666E+07
  0.128607E+00  0.194519E+07  0.193759E+07  0.000000E+00  0.000000E+00  0.200547E+06  0.193306E+07
  0.129497E+00  0.193141E+07  0.192399E+07  0.000000E+00  0.000000E+00  0.197366E+06  0.191937E+07
  0.130388E+00  0.191753E+07  0.191027E+07  0.000000E+00  0.000000E+00  0.194224E+06  0.190558E+07
  0.131278E+00  0.190353E+07  0.189641E+07  0.000000E+00  0.000000E+00  0.191117E+06  0.189167E+07
  0.132168E+00  0.188940E+07  0.188241E+07  0.000000E+00  0.000000E+00  0.188044E+06  0.187763E+07
  0.133058E+00  0.187514E+07  0.186825E+07  0.000000E+00  0.000000E+00  0.185004E+06  0.186346E+07
  0.133948E+00  0.186073E+07  0.185393E+07  0.000000E+00  0.000000E+00  0.181997E+06  0.184913E+07
  0.134838E+00  0.184617E+07  0.183944E+07  0.000000E+00  0.000000E+00  0.179022E+06  0.183466E+07
  0.135728E+00  0.183147E+07  0.182479E+07  0.000000E+00  0.000000E+00  0.176076E+06  0.182004E+07
  0.136618E+00  0.181663E+07  0.180998E+07  0.000000E+00  0.000000E+00  0.173160E+06  0.180528E+07
  0.137509E+00  0.180164E+07  0.179501E+07  0.000000E+00  0.000000E+00  0.170274E+06  0.179037E+07
  0.138399E+00  0.178653E+07  0.177990E+07  0.000000E+00  0.000000E+00  0.167420E+06  0.177534E+07
  0.139289E+00  0.177130E+07  0.176466E+07  0.000000E+00  0.000000E+00  0.164597E+06  0.176018E+07
  0.140179E+00  0.175596E+07  0.174930E+07  0.000000E+00  0.000000E+00  0.161806E+06  0.174492E+07
  0.141069E+00  0.174052E+07  0.173383E+07  0.000000E+00  0.000000E+00  0.159047E+06  0.172956E+07
  0.141959E+00  0.172502E+07  0.171828E+07  0.000000E+00  0.000000E+00  0.156322E+06  0.171413E+07
  0.142849E+00  0.170946E+07  0.170266E+07  0.000000E+00  0.000000E+00  0.153632E+06  0.169864E+07
  0.143740E+00  0.169387E+07  0.168700E+07  0.000000E+00  0.000000E+00  0.150979E+06  0.168311E+07
  0.144630E+00  0.167826E+07  0.167132E+07  0.000000E+00  0.000000E+00  0.148363E+06  0.166758E+07
  0.145520E+00  0.166266E+07  0.165564E+07  0.000000E+00  0.000000E+00  0.145785E+06  0.165205E+07
  0.146410E+00  0.164708E+07  0.163999E+07  0.000000E+00  0.000000E+00  0.143247E+06  0.163654E+07
  0.147300E+00  0.163156E+07  0.162438E+07  0.000000E+00  0.000000E+00  0.140750E+06  0.162109E+07
  0.148190E+00  0.161611E+07  0.160884E+07  0.000000E+00  0.000000E+00  0.138295E+06  0.160571E+07
  0.149080E+00  0.160075E+07  0.159339E+07  0.000000E+00  0.000000E+00  0.135884E+06  0.159042E+07
  0.149971E+00  0.158551E+07  0.157807E+07  0.000000E+00  0.000000E+00  0.133516E+06  0.157524E+07
  0.150861E+00  0.157041E+07  0.156288E+07  0.000000E+00  0.000000E+00  0.131194E+06  0.156021E+07
  0.151751E+00  0.155547E+07  0.154785E+07  0.000000E+00  0.000000E+00  0.128917E+06  0.154534E+07
  0.152641E+00  0.154071E+07  0.153301E+07  0.000000E+00  0.000000E+00  0.126688E+06  0.153064E+07
  0.153531E+00  0.152615E+07  0.151837E+07  0.000000E+00  0.000000E+00  0.124506E+06  0.151614E+07
  0.154421E+00  0.151180E+07  0.150395E+07  0.000000E+00  0.000000E+00  0.122373E+06  0.150186E+07
  0.155311E+00  0.149769E+07  0.148977E+07  0.000000E+00  0.000000E+00  0.120288E+06  0.148782E+07
  0.156202E+00  0.148384E+07  0.147586E+07  0.000000E+00  0.000000E+00  0.118253E+06  0.147403E+07
  0.157092E+00  0.147025E+07  0.146222E+07  0.000000E+00  0.000000E+00  0.116266E+06  0.146051E+07
  0.157982E+00  0.145695E+07  0.144887E+07  0.000000E+00  0.000000E+00  0.114330E+06  0.144727E+07
  0.158872E+00  0.144394E+07  0.143583E+07  0.000000E+00  0.000000E+00  0.112443E+06  0.143432E+07
  0.159762E+00  0.143124E+07  0.142310E+07  0.000000E+00  0.000000E+00  0.110606E+06  0.142169E+07
  0.160652E+00  0.141885E+07  0.141070E+07  0.000000E+00  0.000000E+00  0.108817E+06  0.140936E+07
  0.161542E+00  0.140679E+07  0.139863E+07  0.000000E+00  0.000000E+00  0.107078E+06  0.139736E+07
  0.162432E+00  0.139505E+07  0.138689E+07  0.000000E+00  0.000000E+00  0.105386E+06  0.138569E+07
  0.163323E+00  0.138365E+07  0.137550E+07  0.000000E+00  0.000000E+00  0.103743E+06  0.137435E+07
  0.164213E+00  0.137257E+07  0.136445E+07  0.000000E+00  0.000000E+00  0.102145E+06  0.136334E+07
  0.165103E+00  0.136183E+07  0.135374E+07  0.000000E+00  0.000000E+00  0.100594E+06  0.135266E+07
  0.165993E+00  0.135142E+07  0.134337E+07  0.000000E+00  0.000000E+00  0.990870E+05  0.134231E+07
  0.166883E+00  0.134133E+07  0.133334E+07  0.000000E+00  0.000000E+00  0.976238E+05  0.133229E+07
  0.167773E+00  0.133157E+07  0.132363E+07  0.000000E+00  0.000000E+00  0.962028E+05  0.132259E+07
  0.168663E+00  0.132212E+07  0.131425E+07  0.000000E+00  0.000000E+00  0.948226E+05  0.131320E+07
  0.169554E+00  0.131298E+07  0.130519E+07  0.000000E+00  0.000000E+00  0.934821E+05  0.130412E+07
  0.170444E+00  0.130413E+07  0.129643E+07  0.000000E+00  0.000000E+00  0.921801E+05  0.129533E+07
  0.171334E+00  0.129557E+07  0.128796E+07  0.000000E+00  0.000000E+00  0.909151E+05  0.128683E+07
  0.172224E+00  0.128729E+07  0.127978E+07  0.000000E+00  0.000000E+00  0.896854E+05  0.127861E+07
  0.173114E+00  0.127927E+07  0.127187E+07  0.000000E+00  0.000000E+00  0.884892E+05  0.127065E+07
  0.174004E+00  0.127151E+07  0.126422E+07  0.000000E+00  0.000000E+00  0.873253E+05  0.126295E+07
  0.174894E+00  0.126398E+07  0.125681E+07  0.000000E+00  0.000000E+00  0.861923E+05  0.125548E+07
  0.175785E+00  0.125668E+07  0.124962E+07  0.000000E+00  0.000000E+00  0.850886E+05  0.124823E+07
  0.176675E+00  0.124958E+07  0.124265E+07  0.000000E+00  0.000000E+00  0.840125E+05  0.124119E+07
  0.177565E+00  0.124268E+07  0.123587E+07  0.000000E+00  0.000000E+00  0.829623E+05  0.123434E+07
  0.178455E+00  0.123595E+07  0.122927E+07  0.000000E+00  0.000000E+00  0.819365E+05  0.122767E+07
  0.179345E+00  0.122937E+07  0.122283E+07  0.000000E+00  0.000000E+00  0.809335E+05  0.122115E+07
  0.180235E+00  0.122294E+07  0.121653E+07  0.000000E+00  0.000000E+00  0.799519E+05  0.121477E+07
  0.181125E+00  0.121664E+07  0.121036E+07  0.000000E+00  0.000000E+00  0.789902E+05  0.120852E+07
  0.182016E+00  0.121044E+07  0.120429E+07  0.000000E+00  0.000000E+00  0.780472E+05  0.120238E+07
  0.182906E+00  0.120434E+07  0.119831E+07  0.000000E+00  0.000000E+00  0.771213E+05  0.119633E+07
  0.183796E+00  0.119831E+07  0.119241E+07  0.000000E+00  0.000000E+00  0.762112E+05  0.119035E+07
  0.184686E+00  0.119235E+07  0.118657E+07  0.000000E+00  0.000000E+00  0.753155E+05  0.118444E+07
  0.185576E+00  0.118642E+07  0.118077E+07  0.000000E+00  0.000000E+00  0.744333E+05  0.117857E+07
  0.186466E+00  0.118054E+07  0.117500E+07  0.000000E+00  0.000000E+00  0.735636E+05  0.117273E+07
  0.187356E+00  0.117467E+07  0.116924E+07  0.000000E+00  0.000000E+00  0.727052E+05  0.116691E+07
  0.188246E+00  0.116881E+07  0.116349E+07  0.000000E+00  0.000000E+00  0.718571E+05  0.116110E+07
  0.189137E+00  0.116295E+07  0.115773E+07  0.000000E+00  0.000000E+00  0.710184E+05  0.115528E+07
  0.190027E+00  0.115707E+07  0.115194E+07  0.000000E+00  0.000000E+00  0.701886E+05  0.114945E+07
  0.190917E+00  0.115116E+07  0.114613E+07  0.000000E+00  0.000000E+00  0.693671E+05  0.114359E+07
  0.191807E+00  0.114523E+07  0.114029E+07  0.000000E+00  0.000000E+00  0.685530E+05  0.113771E+07
  0.192697E+00  0.113926E+07  0.113439E+07  0.000000E+00  0.000000E+00  0.677458E+05  0.113178E+07
  0.193587E+00  0.113324E+07  0.112844E+07  0.000000E+00  0.000000E+00  0.669449E+05  0.112580E+07
  0.194477E+00  0.112717E+07  0.112244E+07  0.000000E+00  0.000000E+00  0.661501E+05  0.111977E+07
  0.195368E+00  0.112104E+07  0.111637E+07  0.000000E+00  0.000000E+00  0.653611E+05  0.111369E+07
  0.196258E+00  0.111485E+07  0.111024E+07  0.000000E+00  0.000000E+00  0.645775E+05  0.110754E+07
  0.197148E+00  0.110860E+07  0.110403E+07  0.000000E+00  0.000000E+00  0.637992E+05  0.110133E+07
  0.198038E+00  0.110229E+07  0.109776E+07  0.000000E+00  0.000000E+00  0.630259E+05  0.109506E+07
  0.198928E+00  0.109591E+07  0.109141E+07  0.000000E+00  0.000000E+00  0.622575E+05  0.108872E+07
  0.199818E+00  0.108947E+07  0.108500E+07  0.000000E+00  0.000000E+00  0.614942E+05  0.108232E+07
  0.200708E+00  0.108297E+07  0.107851E+07  0.000000E+00  0.000000E+00  0.607360E+05  0.107586E+07
  0.201599E+00  0.107640E+07  0.107197E+07  0.000000E+00  0.000000E+00  0.599830E+05  0.106933E+07
  0.202489E+00  0.106978E+07  0.106536E+07  0.000000E+00  0.000000E+00  0.592351E+05  0.106275E+07
  0.203379E+00  0.106311E+07  0.105869E+07  0.000000E+00  0.000000E+00  0.584926E+05  0.105612E+07
  0.204269E+00  0.105639E+07  0.105197E+07  0.000000E+00  0.000000E+00  0.577557E+05  0.104943E+07
  0.205159E+00  0.104963E+07  0.104520E+07  0.000000E+00  0.000000E+00  0.570248E+05  0.104271E+07
  0.206049E+00  0.104283E+07  0.103840E+07  0.000000E+00  0.000000E+00  0.563002E+05  0.103595E+07
  0.206939E+00  0.103601E+07  0.103157E+07  0.000000E+00  0.000000E+00  0.555821E+05  0.102917E+07
  0.207830E+00  0.102917E+07  0.102471E+07  0.000000E+00  0.000000E+00  0.548708E+05  0.102236E+07
  0.208720E+00  0.102231E+07  0.101783E+07  0.000000E+00  0.000000E+00  0.541666E+05  0.101554E+07
  0.209610E+00  0.101545E+07  0.101095E+07  0.000000E+00  0.000000E+00  0.534697E+05  0.100871E+07
  0.210500E+00  0.100859E+07  0.100407E+07  0.000000E+00  0.000000E+00  0.527806E+05  0.100189E+07
  0.211390E+00  0.100174E+07  0.997199E+06  0.000000E+00  0.000000E+00  0.520996E+05  0.995078E+06
  0.212280E+00  0.994915E+06  0.990345E+06  0.000000E+00  0.000000E+00  0.514269E+05  0.988284E+06
  0.213170E+00  0.988113E+06  0.983517E+06  0.000000E+00  0.000000E+00  0.507630E+05  0.981516E+06
  0.214060E+00  0.981346E+06  0.976724E+06  0.000000E+00  0.000000E+00  0.501081E+05  0.974783E+06
  0.214951E+00  0.974621E+06  0.969974E+06  0.000000E+00  0.000000E+00  0.494624E+05  0.968093E+06
  0.215841E+00  0.967947E+06  0.963275E+06  0.000000E+00  0.000000E+00  0.488262E+05  0.961453E+06
  0.216731E+00  0.961332E+06  0.956636E+06  0.000000E+00  0.000000E+00  0.481997E+05  0.954872E+06
  0.217621E+00  0.954783E+06  0.950064E+06  0.000000E+00  0.000000E+00  0.475832E+05  0.948357E+06
  0.218511E+00  0.948307E+06  0.943566E+06  0.000000E+00  0.000000E+00  0.469771E+05  0.941914E+06
  0.219401E+00  0.941912E+06  0.937152E+06  0.000000E+00  0.000000E+00  0.463814E+05  0.935553E+06
  0.220291E+00  0.935604E+06  0.930826E+06  0.000000E+00  0.000000E+00  0.457962E+05  0.929278E+06
  0.223096E+00  0.916363E+06  0.911547E+06  0.000000E+00  0.000000E+00  0.440229E+05  0.910140E+06
  0.225936E+00  0.897965E+06  0.893141E+06  0.000000E+00  0.000000E+00  0.423376E+05  0.891846E+06
  0.228812E+00  0.880543E+06  0.875747E+06  0.000000E+00  0.000000E+00  0.407431E+05  0.874528E+06
  0.231725E+00  0.864168E+06  0.859436E+06  0.000000E+00  0.000000E+00  0.392391E+05  0.858257E+06
  0.234675E+00  0.848851E+06  0.844219E+06  0.000000E+00  0.000000E+00  0.378225E+05  0.843042E+06
  0.237663E+00  0.834542E+06  0.830041E+06  0.000000E+00  0.000000E+00  0.364876E+05  0.828835E+06
  0.240688E+00  0.821133E+06  0.816788E+06  0.000000E+00  0.000000E+00  0.352267E+05  0.815526E+06
  0.243752E+00  0.808459E+06  0.804289E+06  0.000000E+00  0.000000E+00  0.340298E+05  0.802952E+06
  0.246856E+00  0.796318E+06  0.792328E+06  0.000000E+00  0.000000E+00  0.328856E+05  0.790907E+06
  0.249998E+00  0.784489E+06  0.780677E+06  0.000000E+00  0.000000E+00  0.317839E+05  0.779173E+06
  0.253181E+00  0.772755E+06  0.769108E+06  0.000000E+00  0.000000E+00  0.307142E+05  0.767531E+06
  0.256404E+00  0.760924E+06  0.757422E+06  0.000000E+00  0.000000E+00  0.296684E+05  0.755790E+06
  0.259668E+00  0.748834E+06  0.745452E+06  0.000000E+00  0.000000E+00  0.286398E+05  0.743789E+06
  0.262974E+00  0.736375E+06  0.733083E+06  0.000000E+00  0.000000E+00  0.276243E+05  0.731416E+06
  0.266322E+00  0.723496E+06  0.720264E+06  0.000000E+00  0.000000E+00  0.266203E+05  0.718620E+06
  0.269712E+00  0.710219E+06  0.707019E+06  0.000000E+00  0.000000E+00  0.256289E+05  0.705426E+06
  0.273146E+00  0.696626E+06  0.693436E+06  0.000000E+00  0.000000E+00  0.246533E+05  0.691913E+06
  0.276623E+00  0.682846E+06  0.679650E+06  0.000000E+00  0.000000E+00  0.236981E+05  0.678213E+06
  0.280145E+00  0.669038E+06  0.665830E+06  0.000000E+00  0.000000E+00  0.227685E+05  0.664484E+06
  0.283711E+00  0.655385E+06  0.652165E+06  0.000000E+00  0.000000E+00  0.218702E+05  0.650909E+06
  0.287323E+00  0.642069E+06  0.638845E+06  0.000000E+00  0.000000E+00  0.210083E+05  0.637670E+06
  0.290981E+00  0.629241E+06  0.626030E+06  0.000000E+00  0.000000E+00  0.201865E+05  0.624920E+06
  0.294685E+00  0.617008E+06  0.613829E+06  0.000000E+00  0.000000E+00  0.194067E+05  0.612764E+06
  0.298436E+00  0.605423E+06  0.602296E+06  0.000000E+00  0.000000E+00  0.186689E+05  0.601255E+06
  0.302236E+00  0.594485E+06  0.591428E+06  0.000000E+00  0.000000E+00  0.179715E+05  0.590392E+06
  0.306083E+00  0.584134E+06  0.581164E+06  0.000000E+00  0.000000E+00  0.173109E+05  0.580116E+06
  0.309980E+00  0.574259E+06  0.571385E+06  0.000000E+00  0.000000E+00  0.166825E+05  0.570313E+06
  0.313926E+00  0.564715E+06  0.561940E+06  0.000000E+00  0.000000E+00  0.160808E+05  0.560841E+06
  0.317923E+00  0.555352E+06  0.552673E+06  0.000000E+00  0.000000E+00  0.155009E+05  0.551548E+06
  0.321970E+00  0.546030E+06  0.543437E+06  0.000000E+00  0.000000E+00  0.149380E+05  0.542294E+06
  0.326069E+00  0.536630E+06  0.534110E+06  0.000000E+00  0.000000E+00  0.143885E+05  0.532961E+06
  0.330220E+00  0.527079E+06  0.524615E+06  0.000000E+00  0.000000E+00  0.138504E+05  0.523475E+06
  0.334424E+00  0.517361E+06  0.514938E+06  0.000000E+00  0.000000E+00  0.133231E+05  0.513821E+06
  0.338681E+00  0.507509E+06  0.505113E+06  0.000000E+00  0.000000E+00  0.128073E+05  0.504032E+06
  0.342993E+00  0.497590E+06  0.495212E+06  0.000000E+00  0.000000E+00  0.110393E+05  0.494167E+06
  0.347359E+00  0.487719E+06  0.485355E+06  0.000000E+00  0.000000E+00  0.105934E+05  0.484357E+06
  0.351781E+00  0.478009E+06  0.475661E+06  0.000000E+00  0.000000E+00  0.101643E+05  0.474708E+06
  0.356260E+00  0.468564E+06  0.466239E+06  0.000000E+00  0.000000E+00  0.975376E+04  0.465324E+06
  0.360795E+00  0.459460E+06  0.457165E+06  0.000000E+00  0.000000E+00  0.936251E+04  0.456278E+06
  0.365388E+00  0.450736E+06  0.448482E+06  0.000000E+00  0.000000E+00  0.899068E+04  0.447613E+06
  0.370040E+00  0.442390E+06  0.440185E+06  0.000000E+00  0.000000E+00  0.863743E+04  0.439325E+06
  0.374751E+00  0.434371E+06  0.432222E+06  0.000000E+00  0.000000E+00  0.830103E+04  0.431363E+06
  0.379521E+00  0.426603E+06  0.424513E+06  0.000000E+00  0.000000E+00  0.797940E+04  0.423651E+06
  0.384353E+00  0.419000E+06  0.416968E+06  0.000000E+00  0.000000E+00  0.767039E+04  0.416103E+06
  0.389246E+00  0.411473E+06  0.409494E+06  0.000000E+00  0.000000E+00  0.737198E+04  0.408630E+06
  0.394201E+00  0.403957E+06  0.402023E+06  0.000000E+00  0.000000E+00  0.708268E+04  0.401166E+06
  0.399220E+00  0.396419E+06  0.394524E+06  0.000000E+00  0.000000E+00  0.680173E+04  0.393680E+06
  0.404302E+00  0.388863E+06  0.386998E+06  0.000000E+00  0.000000E+00  0.652897E+04  0.386174E+06
  0.409449E+00  0.381319E+06  0.379479E+06  0.000000E+00  0.000000E+00  0.626471E+04  0.378679E+06
  0.414661E+00  0.373846E+06  0.372030E+06  0.000000E+00  0.000000E+00  0.600970E+04  0.371255E+06
  0.419940E+00  0.366506E+06  0.364714E+06  0.000000E+00  0.000000E+00  0.576465E+04  0.363964E+06
  0.425286E+00  0.359352E+06  0.357586E+06  0.000000E+00  0.000000E+00  0.553001E+04  0.356857E+06
  0.430701E+00  0.352419E+06  0.350684E+06  0.000000E+00  0.000000E+00  0.530596E+04  0.349971E+06
  0.436184E+00  0.345713E+06  0.344014E+06  0.000000E+00  0.000000E+00  0.509219E+04  0.343312E+06
  0.441737E+00  0.339213E+06  0.337551E+06  0.000000E+00  0.000000E+00  0.488798E+04  0.336857E+06
  0.447360E+00  0.332881E+06  0.331259E+06  0.000000E+00  0.000000E+00  0.469244E+04  0.330570E+06
  0.453055E+00  0.326669E+06  0.325084E+06  0.000000E+00  0.000000E+00  0.450457E+04  0.324401E+06
  0.458823E+00  0.320533E+06  0.318983E+06  0.000000E+00  0.000000E+00  0.432351E+04  0.318307E+06
  0.464664E+00  0.314446E+06  0.312928E+06  0.000000E+00  0.000000E+00  0.414872E+04  0.312263E+06
  0.470579E+00  0.308400E+06  0.306909E+06  0.000000E+00  0.000000E+00  0.397987E+04  0.306258E+06
  0.476570E+00  0.302408E+06  0.300942E+06  0.000000E+00  0.000000E+00  0.381696E+04  0.300306E+06
  0.482637E+00  0.296496E+06  0.295055E+06  0.000000E+00  0.000000E+00  0.366015E+04  0.294435E+06
  0.488781E+00  0.290694E+06  0.289276E+06  0.000000E+00  0.000000E+00  0.350958E+04  0.288671E+06
  0.495004E+00  0.285026E+06  0.283634E+06  0.000000E+00  0.000000E+00  0.336534E+04  0.283042E+06
  0.501306E+00  0.279504E+06  0.278138E+06  0.000000E+00  0.000000E+00  0.322732E+04  0.277558E+06
  0.507688E+00  0.274121E+06  0.272784E+06  0.000000E+00  0.000000E+00  0.309523E+04  0.272212E+06
  0.514151E+00  0.268863E+06  0.267554E+06  0.000000E+00  0.000000E+00  0.296867E+04  0.266991E+06
  0.520696E+00  0.263705E+06  0.262424E+06  0.000000E+00  0.000000E+00  0.284719E+04  0.261869E+06
  0.527325E+00  0.258628E+06  0.257373E+06  0.000000E+00  0.000000E+00  0.273039E+04  0.256827E+06
  0.534038E+00  0.253617E+06  0.252387E+06  0.000000E+00  0.000000E+00  0.261797E+04  0.251851E+06
  0.540837E+00  0.248671E+06  0.247465E+06  0.000000E+00  0.000000E+00  0.250977E+04  0.246939E+06
  0.547722E+00  0.243799E+06  0.242614E+06  0.000000E+00  0.000000E+00  0.240573E+04  0.242100E+06
  0.554695E+00  0.239011E+06  0.237848E+06  0.000000E+00  0.000000E+00  0.230583E+04  0.237345E+06
  0.561756E+00  0.234321E+06  0.233180E+06  0.000000E+00  0.000000E+00  0.221004E+04  0.232687E+06
  0.568908E+00  0.229732E+06  0.228613E+06  0.000000E+00  0.000000E+00  0.211825E+04  0.228129E+06
  0.576150E+00  0.225244E+06  0.224148E+06  0.000000E+00  0.000000E+00  0.203031E+04  0.223673E+06
  0.583485E+00  0.220848E+06  0.219775E+06  0.000000E+00  0.000000E+00  0.194600E+04  0.219308E+06
  0.590913E+00  0.216535E+06  0.215483E+06  0.000000E+00  0.000000E+00  0.186510E+04  0.215024E+06
  0.598436E+00  0.212293E+06  0.211262E+06  0.000000E+00  0.000000E+00  0.178740E+04  0.210812E+06
  0.606054E+00  0.208120E+06  0.207109E+06  0.000000E+00  0.000000E+00  0.171277E+04  0.206667E+06
  0.613769E+00  0.204015E+06  0.203024E+06  0.000000E+00  0.000000E+00  0.164109E+04  0.202591E+06
  0.621583E+00  0.199984E+06  0.199012E+06  0.000000E+00  0.000000E+00  0.157232E+04  0.198588E+06
  0.629496E+00  0.196031E+06  0.195078E+06  0.000000E+00  0.000000E+00  0.150636E+04  0.194662E+06
  0.637510E+00  0.192157E+06  0.191223E+06  0.000000E+00  0.000000E+00  0.144314E+04  0.190815E+06
  0.645626E+00  0.188362E+06  0.187446E+06  0.000000E+00  0.000000E+00  0.138254E+04  0.187046E+06
  0.653845E+00  0.184640E+06  0.183743E+06  0.000000E+00  0.000000E+00  0.132445E+04  0.183351E+06
  0.662169E+00  0.180988E+06  0.180108E+06  0.000000E+00  0.000000E+00  0.126872E+04  0.179723E+06
  0.711379E+00  0.161518E+06  0.160733E+06  0.000000E+00  0.000000E+00  0.993341E+03  0.160389E+06
  0.764246E+00  0.144058E+06  0.143358E+06  0.000000E+00  0.000000E+00  0.776603E+03  0.143050E+06
  0.821042E+00  0.128401E+06  0.127778E+06  0.000000E+00  0.000000E+00  0.606267E+03  0.127502E+06
  0.882059E+00  0.114375E+06  0.113819E+06  0.000000E+00  0.000000E+00  0.472632E+03  0.113574E+06
  0.947611E+00  0.101820E+06  0.101326E+06  0.000000E+00  0.000000E+00  0.367967E+03  0.101107E+06
  0.101803E+01  0.905931E+05  0.901531E+05  0.000000E+00  0.000000E+00  0.286124E+03  0.899579E+05
  0.109369E+01  0.805587E+05  0.801675E+05  0.000000E+00  0.000000E+00  0.222217E+03  0.799937E+05
  0.117497E+01  0.715970E+05  0.712494E+05  0.000000E+00  0.000000E+00  0.172385E+03  0.710947E+05
  0.126229E+01  0.636000E+05  0.632912E+05  0.000000E+00  0.000000E+00  0.133585E+03  0.631537E+05
  0.135610E+01  0.564676E+05  0.561935E+05  0.000000E+00  0.000000E+00  0.103410E+03  0.560713E+05
  0.145688E+01  0.501108E+05  0.498675E+05  0.000000E+00  0.000000E+00  0.799727E+02  0.497590E+05
  0.156515E+01  0.444489E+05  0.442331E+05  0.000000E+00  0.000000E+00  0.841639E+02  0.441369E+05
  0.168146E+01  0.394086E+05  0.392173E+05  0.000000E+00  0.000000E+00  0.651264E+02  0.391319E+05
  0.180642E+01  0.349246E+05  0.347551E+05  0.000000E+00  0.000000E+00  0.503452E+02  0.346794E+05
  0.194067E+01  0.309376E+05  0.307875E+05  0.000000E+00  0.000000E+00  0.388819E+02  0.307204E+05
  0.208490E+01  0.273945E+05  0.272615E+05  0.000000E+00  0.000000E+00  0.300017E+02  0.272021E+05
