  0.745045E-04  0.198040E+08  0.198040E+08  0.257061E+08  0.257050E+08  0.198031E+08  0.198040E+08
  0.829624E-04  0.198037E+08  0.198037E+08  0.255405E+08  0.255391E+08  0.198026E+08  0.198037E+08
  0.923803E-04  0.198034E+08  0.198034E+08  0.253366E+08  0.253349E+08  0.198019E+08  0.198034E+08
  0.102867E-03  0.198030E+08  0.198030E+08  0.250858E+08  0.250838E+08  0.198012E+08  0.198030E+08
  0.114545E-03  0.198025E+08  0.198025E+08  0.247780E+08  0.247755E+08  0.198002E+08  0.198025E+08
  0.127548E-03  0.198019E+08  0.198019E+08  0.244012E+08  0.243981E+08  0.197989E+08  0.198019E+08
  0.142028E-03  0.198012E+08  0.198012E+08  0.239413E+08  0.239375E+08  0.197974E+08  0.198012E+08
  0.158151E-03  0.198003E+08  0.198003E+08  0.233820E+08  0.233775E+08  0.197955E+08  0.198002E+08
  0.176104E-03  0.197991E+08  0.197991E+08  0.227052E+08  0.226998E+08  0.197932E+08  0.197991E+08
  0.196096E-03  0.197977E+08  0.197977E+08  0.218910E+08  0.218847E+08  0.197904E+08  0.197977E+08
  0.218356E-03  0.197960E+08  0.197960E+08  0.209187E+08  0.209114E+08  0.197868E+08  0.197959E+08
  0.243144E-03  0.197939E+08  0.197939E+08  0.197685E+08  0.197601E+08  0.197824E+08  0.197938E+08
  0.270746E-03  0.197912E+08  0.197912E+08  0.184236E+08  0.184141E+08  0.197770E+08  0.197912E+08
  0.301482E-03  0.197880E+08  0.197880E+08  0.168738E+08  0.168635E+08  0.197703E+08  0.197879E+08
  0.335706E-03  0.197841E+08  0.197840E+08  0.151211E+08  0.151102E+08  0.197620E+08  0.197839E+08
  0.373816E-03  0.197792E+08  0.197792E+08  0.131851E+08  0.131742E+08  0.197519E+08  0.197790E+08
  0.416252E-03  0.197733E+08  0.197732E+08  0.111107E+08  0.111005E+08  0.197393E+08  0.197730E+08
  0.463505E-03  0.197660E+08  0.197660E+08  0.897336E+07  0.896488E+07  0.197240E+08  0.197657E+08
  0.516122E-03  0.197572E+08  0.197572E+08  0.688168E+07  0.687588E+07  0.197051E+08  0.197569E+08
  0.574713E-03  0.197466E+08  0.197465E+08  0.497025E+07  0.496792E+07  0.196821E+08  0.197462E+08
  0.639955E-03  0.197337E+08  0.197337E+08  0.337952E+07  0.338084E+07  0.196541E+08  0.197332E+08
  0.712603E-03  0.197183E+08  0.197182E+08  0.221895E+07  0.222307E+07  0.196200E+08  0.197177E+08
  0.793498E-03  0.196998E+08  0.196998E+08  0.151962E+07  0.152451E+07  0.195788E+08  0.196991E+08
  0.883577E-03  0.196779E+08  0.196778E+08  0.119706E+07  0.120010E+07  0.195289E+08  0.196770E+08
  0.983881E-03  0.196519E+08  0.196518E+08  0.106092E+07  0.106040E+07  0.194689E+08  0.196507E+08
  0.109557E-02  0.196211E+08  0.196210E+08  0.902106E+06  0.898925E+06  0.193969E+08  0.196197E+08
  0.121994E-02  0.195850E+08  0.195848E+08  0.631897E+06  0.629548E+06  0.193114E+08  0.195832E+08
  0.135843E-02  0.195425E+08  0.195422E+08  0.352018E+06  0.353154E+06  0.192095E+08  0.195403E+08
  0.151264E-02  0.194927E+08  0.194924E+08  0.220675E+06  0.223072E+06  0.190889E+08  0.194901E+08
  0.168436E-02  0.194347E+08  0.194343E+08  0.212206E+06  0.211555E+06  0.189473E+08  0.194315E+08
  0.187557E-02  0.193671E+08  0.193667E+08  0.154472E+06  0.152725E+06  0.187821E+08  0.193634E+08
  0.208848E-02  0.192888E+08  0.192882E+08  0.638073E+05  0.652020E+05  0.185910E+08  0.192843E+08
  0.232557E-02  0.191983E+08  0.191976E+08  0.623040E+05  0.621166E+05  0.183720E+08  0.191930E+08
  0.258957E-02  0.190941E+08  0.190933E+08  0.403656E+05  0.383773E+05  0.181234E+08  0.190879E+08
  0.288354E-02  0.189748E+08  0.189737E+08  0.176575E+05  0.156466E+05  0.178438E+08  0.189675E+08
  0.321088E-02  0.188385E+08  0.188372E+08  0.199647E+05  0.150106E+05  0.175324E+08  0.188301E+08
  0.357538E-02  0.186837E+08  0.186822E+08  0.282660E+04  0.354945E+04  0.171882E+08  0.186741E+08
  0.398126E-02  0.185087E+08  0.185068E+08 -0.466272E+03 -0.689555E+03  0.168099E+08  0.184977E+08
  0.443322E-02  0.183117E+08  0.183093E+08  0.246235E+04  0.134197E+04  0.163957E+08  0.182993E+08
  0.448115E-02  0.182907E+08  0.182883E+08  0.176821E+04  0.751430E+03  0.163522E+08  0.182782E+08
  0.452959E-02  0.182695E+08  0.182671E+08  0.510682E+03 -0.278934E+03  0.163084E+08  0.182568E+08
  0.457856E-02  0.182481E+08  0.182456E+08 -0.108932E+04 -0.155730E+04  0.162641E+08  0.182352E+08
  0.462806E-02  0.182264E+08  0.182238E+08 -0.273317E+04 -0.283916E+04  0.162194E+08  0.182134E+08
  0.467809E-02  0.182044E+08  0.182018E+08 -0.410484E+04 -0.387903E+04  0.161744E+08  0.181913E+08
  0.472866E-02  0.181822E+08  0.181796E+08 -0.493831E+04 -0.448428E+04  0.161289E+08  0.181689E+08
  0.477978E-02  0.181598E+08  0.181571E+08 -0.507768E+04 -0.455898E+04  0.160831E+08  0.181463E+08
  0.483146E-02  0.181371E+08  0.181343E+08 -0.451580E+04 -0.412722E+04  0.160369E+08  0.181235E+08
  0.488369E-02  0.181142E+08  0.181113E+08 -0.340094E+04 -0.332923E+04  0.159902E+08  0.181004E+08
  0.493648E-02  0.180910E+08  0.180881E+08  0.000000E+00  0.000000E+00  0.159432E+08  0.180770E+08
  0.498985E-02  0.180675E+08  0.180646E+08  0.000000E+00  0.000000E+00  0.158957E+08  0.180534E+08
  0.504379E-02  0.180438E+08  0.180408E+08  0.000000E+00  0.000000E+00  0.158478E+08  0.180296E+08
  0.509832E-02  0.180199E+08  0.180168E+08  0.000000E+00  0.000000E+00  0.157996E+08  0.180054E+08
  0.515344E-02  0.179956E+08  0.179925E+08  0.000000E+00  0.000000E+00  0.157509E+08  0.179811E+08
  0.520915E-02  0.179712E+08  0.179680E+08  0.000000E+00  0.000000E+00  0.157017E+08  0.179564E+08
  0.526546E-02  0.179464E+08  0.179431E+08  0.000000E+00  0.000000E+00  0.156522E+08  0.179315E+08
  0.532239E-02  0.179214E+08  0.179180E+08  0.000000E+00  0.000000E+00  0.156023E+08  0.179063E+08
  0.537993E-02  0.178961E+08  0.178927E+08  0.000000E+00  0.000000E+00  0.155519E+08  0.178808E+08
  0.543809E-02  0.178705E+08  0.178671E+08  0.000000E+00  0.000000E+00  0.155011E+08  0.178551E+08
  0.549688E-02  0.178447E+08  0.178412E+08  0.000000E+00  0.000000E+00  0.154499E+08  0.178291E+08
  0.555630E-02  0.178186E+08  0.178150E+08  0.000000E+00  0.000000E+00  0.153983E+08  0.178028E+08
  0.561637E-02  0.177922E+08  0.177885E+08  0.000000E+00  0.000000E+00  0.153462E+08  0.177763E+08
  0.567709E-02  0.177656E+08  0.177618E+08  0.000000E+00  0.000000E+00  0.152937E+08  0.177495E+08
  0.573846E-02  0.177386E+08  0.177348E+08  0.000000E+00  0.000000E+00  0.152408E+08  0.177223E+08
  0.580050E-02  0.177114E+08  0.177075E+08  0.000000E+00  0.000000E+00  0.151874E+08  0.176950E+08
  0.586320E-02  0.176839E+08  0.176799E+08  0.000000E+00  0.000000E+00  0.151337E+08  0.176673E+08
  0.592659E-02  0.176561E+08  0.176520E+08  0.000000E+00  0.000000E+00  0.150795E+08  0.176393E+08
  0.599066E-02  0.176280E+08  0.176239E+08  0.000000E+00  0.000000E+00  0.150248E+08  0.176110E+08
  0.605542E-02  0.175997E+08  0.175954E+08  0.000000E+00  0.000000E+00  0.149698E+08  0.175825E+08
  0.612089E-02  0.175710E+08  0.175667E+08  0.000000E+00  0.000000E+00  0.149143E+08  0.175537E+08
  0.618706E-02  0.175421E+08  0.175376E+08  0.000000E+00  0.000000E+00  0.148584E+08  0.175245E+08
  0.625394E-02  0.175128E+08  0.175083E+08  0.000000E+00  0.000000E+00  0.148020E+08  0.174951E+08
  0.632155E-02  0.174833E+08  0.174787E+08  0.000000E+00  0.000000E+00  0.147453E+08  0.174654E+08
  0.638989E-02  0.174534E+08  0.174487E+08  0.000000E+00  0.000000E+00  0.146881E+08  0.174353E+08
  0.645897E-02  0.174233E+08  0.174185E+08  0.000000E+00  0.000000E+00  0.146304E+08  0.174050E+08
  0.652880E-02  0.173928E+08  0.173879E+08  0.000000E+00  0.000000E+00  0.145724E+08  0.173744E+08
  0.659938E-02  0.173621E+08  0.173571E+08  0.000000E+00  0.000000E+00  0.145139E+08  0.173434E+08
  0.667072E-02  0.173310E+08  0.173259E+08  0.000000E+00  0.000000E+00  0.144550E+08  0.173121E+08
  0.674284E-02  0.172996E+08  0.172944E+08  0.000000E+00  0.000000E+00  0.143957E+08  0.172806E+08
  0.681573E-02  0.172679E+08  0.172626E+08  0.000000E+00  0.000000E+00  0.143360E+08  0.172487E+08
  0.688942E-02  0.172359E+08  0.172305E+08  0.000000E+00  0.000000E+00  0.142759E+08  0.172165E+08
  0.696390E-02  0.172036E+08  0.171981E+08  0.000000E+00  0.000000E+00  0.142153E+08  0.171840E+08
  0.703918E-02  0.171710E+08  0.171653E+08  0.000000E+00  0.000000E+00  0.141543E+08  0.171512E+08
  0.711528E-02  0.171380E+08  0.171323E+08  0.000000E+00  0.000000E+00  0.140929E+08  0.171180E+08
  0.719220E-02  0.171047E+08  0.170989E+08  0.000000E+00  0.000000E+00  0.140311E+08  0.170845E+08
  0.726995E-02  0.170711E+08  0.170652E+08  0.000000E+00  0.000000E+00  0.139689E+08  0.170507E+08
  0.734855E-02  0.170372E+08  0.170311E+08  0.000000E+00  0.000000E+00  0.139063E+08  0.170166E+08
  0.742799E-02  0.170029E+08  0.169967E+08  0.000000E+00  0.000000E+00  0.138432E+08  0.169821E+08
  0.750829E-02  0.169683E+08  0.169620E+08  0.000000E+00  0.000000E+00  0.137798E+08  0.169473E+08
  0.758946E-02  0.169334E+08  0.169269E+08  0.000000E+00  0.000000E+00  0.137160E+08  0.169122E+08
  0.767151E-02  0.168981E+08  0.168915E+08  0.000000E+00  0.000000E+00  0.136517E+08  0.168767E+08
  0.775444E-02  0.168625E+08  0.168558E+08  0.000000E+00  0.000000E+00  0.135871E+08  0.168409E+08
  0.783828E-02  0.168266E+08  0.168197E+08  0.000000E+00  0.000000E+00  0.135221E+08  0.168048E+08
  0.792301E-02  0.167903E+08  0.167833E+08  0.000000E+00  0.000000E+00  0.134566E+08  0.167683E+08
  0.800867E-02  0.167537E+08  0.167465E+08  0.000000E+00  0.000000E+00  0.133908E+08  0.167315E+08
  0.809524E-02  0.167167E+08  0.167094E+08  0.000000E+00  0.000000E+00  0.133246E+08  0.166943E+08
  0.818276E-02  0.166794E+08  0.166720E+08  0.000000E+00  0.000000E+00  0.132580E+08  0.166567E+08
  0.827122E-02  0.166417E+08  0.166341E+08  0.000000E+00  0.000000E+00  0.131911E+08  0.166189E+08
  0.836064E-02  0.166037E+08  0.165960E+08  0.000000E+00  0.000000E+00  0.131237E+08  0.165806E+08
  0.845102E-02  0.165653E+08  0.165574E+08  0.000000E+00  0.000000E+00  0.130560E+08  0.165420E+08
  0.854239E-02  0.165266E+08  0.165185E+08  0.000000E+00  0.000000E+00  0.129879E+08  0.165031E+08
  0.863473E-02  0.164875E+08  0.164793E+08  0.000000E+00  0.000000E+00  0.129195E+08  0.164638E+08
  0.872808E-02  0.164480E+08  0.164396E+08  0.000000E+00  0.000000E+00  0.128506E+08  0.164241E+08
  0.882244E-02  0.164082E+08  0.163996E+08  0.000000E+00  0.000000E+00  0.127814E+08  0.163841E+08
  0.891782E-02  0.163680E+08  0.163593E+08  0.000000E+00  0.000000E+00  0.127119E+08  0.163437E+08
  0.901422E-02  0.163274E+08  0.163185E+08  0.000000E+00  0.000000E+00  0.126420E+08  0.163029E+08
  0.911167E-02  0.162865E+08  0.162774E+08  0.000000E+00  0.000000E+00  0.125717E+08  0.162617E+08
  0.921018E-02  0.162451E+08  0.162359E+08  0.000000E+00  0.000000E+00  0.125011E+08  0.162202E+08
  0.930975E-02  0.162035E+08  0.161941E+08  0.000000E+00  0.000000E+00  0.124301E+08  0.161783E+08
  0.941039E-02  0.161614E+08  0.161518E+08  0.000000E+00  0.000000E+00  0.123588E+08  0.161360E+08
  0.951212E-02  0.161189E+08  0.161092E+08  0.000000E+00  0.000000E+00  0.122871E+08  0.160934E+08
  0.961496E-02  0.160761E+08  0.160662E+08  0.000000E+00  0.000000E+00  0.122151E+08  0.160503E+08
  0.971890E-02  0.160329E+08  0.160228E+08  0.000000E+00  0.000000E+00  0.121428E+08  0.160069E+08
  0.982397E-02  0.159893E+08  0.159790E+08  0.000000E+00  0.000000E+00  0.120702E+08  0.159631E+08
  0.993017E-02  0.159453E+08  0.159348E+08  0.000000E+00  0.000000E+00  0.119972E+08  0.159189E+08
  0.100375E-01  0.159009E+08  0.158902E+08  0.000000E+00  0.000000E+00  0.119239E+08  0.158743E+08
  0.101460E-01  0.158561E+08  0.158452E+08  0.000000E+00  0.000000E+00  0.118503E+08  0.158293E+08
  0.102557E-01  0.158109E+08  0.157998E+08  0.000000E+00  0.000000E+00  0.117764E+08  0.157839E+08
  0.103666E-01  0.157654E+08  0.157540E+08  0.000000E+00  0.000000E+00  0.117022E+08  0.157381E+08
  0.104787E-01  0.157194E+08  0.157078E+08  0.000000E+00  0.000000E+00  0.116276E+08  0.156919E+08
  0.105919E-01  0.156730E+08  0.156612E+08  0.000000E+00  0.000000E+00  0.115528E+08  0.156453E+08
  0.107065E-01  0.156262E+08  0.156142E+08  0.000000E+00  0.000000E+00  0.114777E+08  0.155983E+08
  0.108222E-01  0.155790E+08  0.155668E+08  0.000000E+00  0.000000E+00  0.114023E+08  0.155509E+08
  0.109392E-01  0.155314E+08  0.155189E+08  0.000000E+00  0.000000E+00  0.113266E+08  0.155030E+08
  0.110575E-01  0.154834E+08  0.154707E+08  0.000000E+00  0.000000E+00  0.112506E+08  0.154548E+08
  0.111770E-01  0.154349E+08  0.154220E+08  0.000000E+00  0.000000E+00  0.111744E+08  0.154062E+08
  0.112978E-01  0.153861E+08  0.153729E+08  0.000000E+00  0.000000E+00  0.110979E+08  0.153571E+08
  0.114200E-01  0.153368E+08  0.153234E+08  0.000000E+00  0.000000E+00  0.110211E+08  0.153076E+08
  0.115434E-01  0.152871E+08  0.152734E+08  0.000000E+00  0.000000E+00  0.109441E+08  0.152577E+08
  0.116682E-01  0.152369E+08  0.152230E+08  0.000000E+00  0.000000E+00  0.108668E+08  0.152073E+08
  0.117944E-01  0.151864E+08  0.151722E+08  0.000000E+00  0.000000E+00  0.107893E+08  0.151566E+08
  0.119219E-01  0.151354E+08  0.151210E+08  0.000000E+00  0.000000E+00  0.107115E+08  0.151054E+08
  0.120507E-01  0.150840E+08  0.150693E+08  0.000000E+00  0.000000E+00  0.106335E+08  0.150537E+08
  0.121810E-01  0.150321E+08  0.150172E+08  0.000000E+00  0.000000E+00  0.105553E+08  0.150017E+08
  0.123127E-01  0.149798E+08  0.149646E+08  0.000000E+00  0.000000E+00  0.104768E+08  0.149492E+08
  0.124458E-01  0.149271E+08  0.149116E+08  0.000000E+00  0.000000E+00  0.103982E+08  0.148963E+08
  0.125804E-01  0.148739E+08  0.148581E+08  0.000000E+00  0.000000E+00  0.103193E+08  0.148429E+08
  0.127164E-01  0.148203E+08  0.148042E+08  0.000000E+00  0.000000E+00  0.102402E+08  0.147891E+08
  0.128538E-01  0.147663E+08  0.147499E+08  0.000000E+00  0.000000E+00  0.101610E+08  0.147348E+08
  0.129928E-01  0.147118E+08  0.146951E+08  0.000000E+00  0.000000E+00  0.100815E+08  0.146801E+08
  0.131333E-01  0.146568E+08  0.146399E+08  0.000000E+00  0.000000E+00  0.100018E+08  0.146250E+08
  0.132752E-01  0.146014E+08  0.145842E+08  0.000000E+00  0.000000E+00  0.992200E+07  0.145694E+08
  0.134188E-01  0.145456E+08  0.145280E+08  0.000000E+00  0.000000E+00  0.984201E+07  0.145133E+08
  0.135638E-01  0.144893E+08  0.144714E+08  0.000000E+00  0.000000E+00  0.976184E+07  0.144568E+08
  0.137105E-01  0.144325E+08  0.144143E+08  0.000000E+00  0.000000E+00  0.968152E+07  0.143999E+08
  0.138587E-01  0.143753E+08  0.143568E+08  0.000000E+00  0.000000E+00  0.960106E+07  0.143424E+08
  0.140085E-01  0.143176E+08  0.142988E+08  0.000000E+00  0.000000E+00  0.952044E+07  0.142846E+08
  0.141599E-01  0.142595E+08  0.142403E+08  0.000000E+00  0.000000E+00  0.943970E+07  0.142262E+08
  0.143130E-01  0.142009E+08  0.141814E+08  0.000000E+00  0.000000E+00  0.935882E+07  0.141675E+08
  0.144678E-01  0.141418E+08  0.141220E+08  0.000000E+00  0.000000E+00  0.927783E+07  0.141082E+08
  0.146242E-01  0.140823E+08  0.140621E+08  0.000000E+00  0.000000E+00  0.919673E+07  0.140485E+08
  0.147823E-01  0.140223E+08  0.140018E+08  0.000000E+00  0.000000E+00  0.911552E+07  0.139883E+08
  0.149421E-01  0.139618E+08  0.139410E+08  0.000000E+00  0.000000E+00  0.903421E+07  0.139277E+08
  0.151036E-01  0.139009E+08  0.138797E+08  0.000000E+00  0.000000E+00  0.895282E+07  0.138666E+08
  0.152669E-01  0.138395E+08  0.138179E+08  0.000000E+00  0.000000E+00  0.887135E+07  0.138050E+08
  0.154319E-01  0.137777E+08  0.137557E+08  0.000000E+00  0.000000E+00  0.878980E+07  0.137429E+08
  0.155988E-01  0.137153E+08  0.136930E+08  0.000000E+00  0.000000E+00  0.870819E+07  0.136804E+08
  0.157674E-01  0.136525E+08  0.136298E+08  0.000000E+00  0.000000E+00  0.862653E+07  0.136174E+08
  0.159378E-01  0.135892E+08  0.135662E+08  0.000000E+00  0.000000E+00  0.854482E+07  0.135540E+08
  0.161101E-01  0.135255E+08  0.135021E+08  0.000000E+00  0.000000E+00  0.846307E+07  0.134901E+08
  0.162843E-01  0.134613E+08  0.134375E+08  0.000000E+00  0.000000E+00  0.838129E+07  0.134257E+08
  0.164603E-01  0.133966E+08  0.133724E+08  0.000000E+00  0.000000E+00  0.829949E+07  0.133608E+08
  0.166383E-01  0.133314E+08  0.133068E+08  0.000000E+00  0.000000E+00  0.821768E+07  0.132955E+08
  0.168182E-01  0.132658E+08  0.132408E+08  0.000000E+00  0.000000E+00  0.813587E+07  0.132297E+08
  0.170000E-01  0.131997E+08  0.131743E+08  0.000000E+00  0.000000E+00  0.805407E+07  0.131635E+08
  0.171838E-01  0.131331E+08  0.131073E+08  0.000000E+00  0.000000E+00  0.797228E+07  0.130967E+08
  0.173695E-01  0.130661E+08  0.130399E+08  0.000000E+00  0.000000E+00  0.789051E+07  0.130295E+08
  0.175573E-01  0.129986E+08  0.129720E+08  0.000000E+00  0.000000E+00  0.780878E+07  0.129619E+08
  0.177471E-01  0.129306E+08  0.129036E+08  0.000000E+00  0.000000E+00  0.772709E+07  0.128938E+08
  0.179390E-01  0.128622E+08  0.128348E+08  0.000000E+00  0.000000E+00  0.764546E+07  0.128252E+08
  0.181329E-01  0.127933E+08  0.127654E+08  0.000000E+00  0.000000E+00  0.756389E+07  0.127561E+08
  0.183289E-01  0.127239E+08  0.126957E+08  0.000000E+00  0.000000E+00  0.748239E+07  0.126866E+08
  0.185271E-01  0.126541E+08  0.126254E+08  0.000000E+00  0.000000E+00  0.740098E+07  0.126167E+08
  0.187274E-01  0.125838E+08  0.125547E+08  0.000000E+00  0.000000E+00  0.731966E+07  0.125463E+08
  0.189298E-01  0.125131E+08  0.124836E+08  0.000000E+00  0.000000E+00  0.723844E+07  0.124754E+08
  0.191345E-01  0.124419E+08  0.124120E+08  0.000000E+00  0.000000E+00  0.715734E+07  0.124041E+08
  0.193413E-01  0.123703E+08  0.123399E+08  0.000000E+00  0.000000E+00  0.707636E+07  0.123324E+08
  0.195504E-01  0.122982E+08  0.122674E+08  0.000000E+00  0.000000E+00  0.699551E+07  0.122602E+08
  0.197618E-01  0.122257E+08  0.121945E+08  0.000000E+00  0.000000E+00  0.691481E+07  0.121876E+08
  0.199754E-01  0.121528E+08  0.121211E+08  0.000000E+00  0.000000E+00  0.683426E+07  0.121145E+08
  0.201914E-01  0.120794E+08  0.120473E+08  0.000000E+00  0.000000E+00  0.675388E+07  0.120410E+08
  0.204097E-01  0.120056E+08  0.119731E+08  0.000000E+00  0.000000E+00  0.667367E+07  0.119671E+08
  0.206303E-01  0.119314E+08  0.118984E+08  0.000000E+00  0.000000E+00  0.659366E+07  0.118928E+08
  0.208533E-01  0.118568E+08  0.118234E+08  0.000000E+00  0.000000E+00  0.651384E+07  0.118181E+08
  0.210788E-01  0.117818E+08  0.117479E+08  0.000000E+00  0.000000E+00  0.643423E+07  0.117430E+08
  0.213066E-01  0.117064E+08  0.116720E+08  0.000000E+00  0.000000E+00  0.635484E+07  0.116675E+08
  0.215370E-01  0.116305E+08  0.115958E+08  0.000000E+00  0.000000E+00  0.627569E+07  0.115915E+08
  0.217698E-01  0.115543E+08  0.115191E+08  0.000000E+00  0.000000E+00  0.619678E+07  0.115153E+08
  0.220052E-01  0.114778E+08  0.114421E+08  0.000000E+00  0.000000E+00  0.611813E+07  0.114386E+08
  0.222430E-01  0.114008E+08  0.113647E+08  0.000000E+00  0.000000E+00  0.603974E+07  0.113616E+08
  0.224835E-01  0.113235E+08  0.112870E+08  0.000000E+00  0.000000E+00  0.596163E+07  0.112842E+08
  0.227266E-01  0.112458E+08  0.112089E+08  0.000000E+00  0.000000E+00  0.588382E+07  0.112064E+08
  0.229723E-01  0.111678E+08  0.111304E+08  0.000000E+00  0.000000E+00  0.580630E+07  0.111284E+08
  0.232206E-01  0.110895E+08  0.110516E+08  0.000000E+00  0.000000E+00  0.572911E+07  0.110500E+08
  0.234716E-01  0.110108E+08  0.109725E+08  0.000000E+00  0.000000E+00  0.565223E+07  0.109712E+08
  0.237254E-01  0.109318E+08  0.108931E+08  0.000000E+00  0.000000E+00  0.557570E+07  0.108922E+08
  0.239819E-01  0.108525E+08  0.108134E+08  0.000000E+00  0.000000E+00  0.549952E+07  0.108129E+08
  0.242411E-01  0.107730E+08  0.107335E+08  0.000000E+00  0.000000E+00  0.542371E+07  0.107333E+08
  0.245032E-01  0.106931E+08  0.106532E+08  0.000000E+00  0.000000E+00  0.534827E+07  0.106534E+08
  0.247681E-01  0.106130E+08  0.105727E+08  0.000000E+00  0.000000E+00  0.527321E+07  0.105733E+08
  0.250359E-01  0.105327E+08  0.104920E+08  0.000000E+00  0.000000E+00  0.519856E+07  0.104929E+08
  0.253065E-01  0.104521E+08  0.104110E+08  0.000000E+00  0.000000E+00  0.512432E+07  0.104123E+08
  0.255801E-01  0.103713E+08  0.103298E+08  0.000000E+00  0.000000E+00  0.505051E+07  0.103315E+08
  0.258566E-01  0.102903E+08  0.102484E+08  0.000000E+00  0.000000E+00  0.497713E+07  0.102505E+08
  0.261362E-01  0.102092E+08  0.101669E+08  0.000000E+00  0.000000E+00  0.490420E+07  0.101693E+08
  0.264187E-01  0.101278E+08  0.100851E+08  0.000000E+00  0.000000E+00  0.483174E+07  0.100880E+08
  0.267043E-01  0.100463E+08  0.100033E+08  0.000000E+00  0.000000E+00  0.475974E+07  0.100065E+08
  0.269930E-01  0.996467E+07  0.992127E+07  0.000000E+00  0.000000E+00  0.468823E+07  0.992484E+07
  0.272848E-01  0.988292E+07  0.983917E+07  0.000000E+00  0.000000E+00  0.461722E+07  0.984310E+07
  0.275798E-01  0.980106E+07  0.975698E+07  0.000000E+00  0.000000E+00  0.454672E+07  0.976126E+07
  0.278779E-01  0.971914E+07  0.967473E+07  0.000000E+00  0.000000E+00  0.447674E+07  0.967936E+07
  0.281793E-01  0.963715E+07  0.959242E+07  0.000000E+00  0.000000E+00  0.440730E+07  0.959740E+07
  0.284840E-01  0.955512E+07  0.951010E+07  0.000000E+00  0.000000E+00  0.433840E+07  0.951541E+07
  0.287919E-01  0.947308E+07  0.942776E+07  0.000000E+00  0.000000E+00  0.427005E+07  0.943342E+07
  0.291032E-01  0.939105E+07  0.934545E+07  0.000000E+00  0.000000E+00  0.420228E+07  0.935143E+07
  0.294178E-01  0.930904E+07  0.926318E+07  0.000000E+00  0.000000E+00  0.413508E+07  0.926947E+07
  0.297358E-01  0.922709E+07  0.918097E+07  0.000000E+00  0.000000E+00  0.406848E+07  0.918757E+07
  0.300573E-01  0.914520E+07  0.909885E+07  0.000000E+00  0.000000E+00  0.400247E+07  0.910575E+07
  0.303822E-01  0.906342E+07  0.901684E+07  0.000000E+00  0.000000E+00  0.393709E+07  0.902404E+07
  0.307107E-01  0.898176E+07  0.893497E+07  0.000000E+00  0.000000E+00  0.387232E+07  0.894245E+07
  0.310427E-01  0.890024E+07  0.885326E+07  0.000000E+00  0.000000E+00  0.380819E+07  0.886102E+07
  0.313783E-01  0.881890E+07  0.877174E+07  0.000000E+00  0.000000E+00  0.374471E+07  0.877976E+07
  0.317175E-01  0.873775E+07  0.869044E+07  0.000000E+00  0.000000E+00  0.368188E+07  0.869870E+07
  0.320604E-01  0.865683E+07  0.860938E+07  0.000000E+00  0.000000E+00  0.361972E+07  0.861787E+07
  0.324070E-01  0.857616E+07  0.852858E+07  0.000000E+00  0.000000E+00  0.355823E+07  0.853730E+07
  0.327573E-01  0.849576E+07  0.844808E+07  0.000000E+00  0.000000E+00  0.349743E+07  0.845701E+07
  0.331114E-01  0.841566E+07  0.836791E+07  0.000000E+00  0.000000E+00  0.343732E+07  0.837703E+07
  0.334694E-01  0.833590E+07  0.828808E+07  0.000000E+00  0.000000E+00  0.337791E+07  0.829738E+07
  0.338312E-01  0.825649E+07  0.820863E+07  0.000000E+00  0.000000E+00  0.331921E+07  0.821810E+07
  0.341970E-01  0.817747E+07  0.812959E+07  0.000000E+00  0.000000E+00  0.326122E+07  0.813920E+07
  0.345667E-01  0.809885E+07  0.805098E+07  0.000000E+00  0.000000E+00  0.320396E+07  0.806073E+07
  0.349404E-01  0.802068E+07  0.797283E+07  0.000000E+00  0.000000E+00  0.314742E+07  0.798269E+07
  0.353181E-01  0.794297E+07  0.789517E+07  0.000000E+00  0.000000E+00  0.309163E+07  0.790513E+07
  0.356999E-01  0.786576E+07  0.781803E+07  0.000000E+00  0.000000E+00  0.303658E+07  0.782807E+07
  0.360858E-01  0.778907E+07  0.774143E+07  0.000000E+00  0.000000E+00  0.298227E+07  0.775153E+07
  0.364760E-01  0.771292E+07  0.766540E+07  0.000000E+00  0.000000E+00  0.292872E+07  0.767554E+07
  0.368703E-01  0.763734E+07  0.758996E+07  0.000000E+00  0.000000E+00  0.287593E+07  0.760012E+07
  0.372689E-01  0.756235E+07  0.751514E+07  0.000000E+00  0.000000E+00  0.282391E+07  0.752531E+07
  0.376718E-01  0.748800E+07  0.744098E+07  0.000000E+00  0.000000E+00  0.277266E+07  0.745113E+07
  0.380790E-01  0.741430E+07  0.736750E+07  0.000000E+00  0.000000E+00  0.272218E+07  0.737761E+07
  0.384907E-01  0.734128E+07  0.729473E+07  0.000000E+00  0.000000E+00  0.267247E+07  0.730478E+07
  0.389068E-01  0.726897E+07  0.722269E+07  0.000000E+00  0.000000E+00  0.262355E+07  0.723265E+07
  0.393274E-01  0.719738E+07  0.715140E+07  0.000000E+00  0.000000E+00  0.257541E+07  0.716126E+07
  0.397526E-01  0.712654E+07  0.708089E+07  0.000000E+00  0.000000E+00  0.252804E+07  0.709062E+07
  0.401823E-01  0.705647E+07  0.701116E+07  0.000000E+00  0.000000E+00  0.248145E+07  0.702075E+07
  0.406167E-01  0.698718E+07  0.694225E+07  0.000000E+00  0.000000E+00  0.243563E+07  0.695167E+07
  0.410558E-01  0.691870E+07  0.687416E+07  0.000000E+00  0.000000E+00  0.239058E+07  0.688339E+07
  0.414997E-01  0.685103E+07  0.680692E+07  0.000000E+00  0.000000E+00  0.234630E+07  0.681593E+07
  0.419483E-01  0.678419E+07  0.674054E+07  0.000000E+00  0.000000E+00  0.230279E+07  0.674931E+07
  0.424018E-01  0.671820E+07  0.667503E+07  0.000000E+00  0.000000E+00  0.226004E+07  0.668354E+07
  0.428602E-01  0.665308E+07  0.661041E+07  0.000000E+00  0.000000E+00  0.221806E+07  0.661864E+07
  0.433235E-01  0.658884E+07  0.654669E+07  0.000000E+00  0.000000E+00  0.217684E+07  0.655463E+07
  0.437919E-01  0.652549E+07  0.648389E+07  0.000000E+00  0.000000E+00  0.213637E+07  0.649151E+07
  0.442653E-01  0.646304E+07  0.642202E+07  0.000000E+00  0.000000E+00  0.209665E+07  0.642929E+07
  0.447439E-01  0.640149E+07  0.636107E+07  0.000000E+00  0.000000E+00  0.205767E+07  0.636797E+07
  0.452276E-01  0.634086E+07  0.630105E+07  0.000000E+00  0.000000E+00  0.201942E+07  0.630757E+07
  0.457165E-01  0.628113E+07  0.624197E+07  0.000000E+00  0.000000E+00  0.198189E+07  0.624809E+07
  0.462107E-01  0.622232E+07  0.618381E+07  0.000000E+00  0.000000E+00  0.194507E+07  0.618951E+07
  0.467103E-01  0.616441E+07  0.612658E+07  0.000000E+00  0.000000E+00  0.190896E+07  0.613184E+07
  0.472153E-01  0.610740E+07  0.607027E+07  0.000000E+00  0.000000E+00  0.187353E+07  0.607508E+07
  0.477257E-01  0.605129E+07  0.601488E+07  0.000000E+00  0.000000E+00  0.183878E+07  0.601922E+07
  0.482417E-01  0.599607E+07  0.596038E+07  0.000000E+00  0.000000E+00  0.180471E+07  0.596424E+07
  0.487632E-01  0.594172E+07  0.590678E+07  0.000000E+00  0.000000E+00  0.177129E+07  0.591014E+07
  0.492904E-01  0.588823E+07  0.585405E+07  0.000000E+00  0.000000E+00  0.173852E+07  0.585690E+07
  0.498232E-01  0.583558E+07  0.580217E+07  0.000000E+00  0.000000E+00  0.170638E+07  0.580450E+07
  0.503618E-01  0.578376E+07  0.575113E+07  0.000000E+00  0.000000E+00  0.167485E+07  0.575292E+07
  0.509063E-01  0.573273E+07  0.570088E+07  0.000000E+00  0.000000E+00  0.164392E+07  0.570213E+07
  0.514566E-01  0.568246E+07  0.565141E+07  0.000000E+00  0.000000E+00  0.161357E+07  0.565211E+07
  0.520129E-01  0.563293E+07  0.560268E+07  0.000000E+00  0.000000E+00  0.158379E+07  0.560283E+07
  0.525752E-01  0.558412E+07  0.555466E+07  0.000000E+00  0.000000E+00  0.155457E+07  0.555427E+07
  0.531436E-01  0.553598E+07  0.550733E+07  0.000000E+00  0.000000E+00  0.152588E+07  0.550638E+07
  0.537181E-01  0.548850E+07  0.546064E+07  0.000000E+00  0.000000E+00  0.149772E+07  0.545913E+07
  0.542988E-01  0.544162E+07  0.541456E+07  0.000000E+00  0.000000E+00  0.147006E+07  0.541250E+07
  0.548858E-01  0.539532E+07  0.536905E+07  0.000000E+00  0.000000E+00  0.144287E+07  0.536644E+07
  0.554792E-01  0.534955E+07  0.532406E+07  0.000000E+00  0.000000E+00  0.141616E+07  0.532091E+07
  0.560790E-01  0.530426E+07  0.527953E+07  0.000000E+00  0.000000E+00  0.138989E+07  0.527586E+07
  0.569691E-01  0.523869E+07  0.521507E+07  0.000000E+00  0.000000E+00  0.135221E+07  0.521063E+07
  0.578592E-01  0.517488E+07  0.515232E+07  0.000000E+00  0.000000E+00  0.131598E+07  0.514716E+07
  0.587494E-01  0.511263E+07  0.509108E+07  0.000000E+00  0.000000E+00  0.128107E+07  0.508524E+07
  0.596395E-01  0.505175E+07  0.503114E+07  0.000000E+00  0.000000E+00  0.124739E+07  0.502468E+07
  0.605297E-01  0.499206E+07  0.497233E+07  0.000000E+00  0.000000E+00  0.121485E+07  0.496529E+07
  0.614198E-01  0.493338E+07  0.491447E+07  0.000000E+00  0.000000E+00  0.118339E+07  0.490690E+07
  0.623099E-01  0.487554E+07  0.485738E+07  0.000000E+00  0.000000E+00  0.115292E+07  0.484935E+07
  0.632001E-01  0.481840E+07  0.480093E+07  0.000000E+00  0.000000E+00  0.112337E+07  0.479249E+07
  0.640902E-01  0.476182E+07  0.474497E+07  0.000000E+00  0.000000E+00  0.109466E+07  0.473619E+07
  0.649803E-01  0.470570E+07  0.468940E+07  0.000000E+00  0.000000E+00  0.106677E+07  0.468033E+07
  0.658705E-01  0.464994E+07  0.463412E+07  0.000000E+00  0.000000E+00  0.103964E+07  0.462482E+07
  0.667606E-01  0.459445E+07  0.457904E+07  0.000000E+00  0.000000E+00  0.101322E+07  0.456958E+07
  0.676508E-01  0.453916E+07  0.452410E+07  0.000000E+00  0.000000E+00  0.987475E+06  0.451453E+07
  0.685409E-01  0.448402E+07  0.446924E+07  0.000000E+00  0.000000E+00  0.962375E+06  0.445962E+07
  0.694310E-01  0.442898E+07  0.441442E+07  0.000000E+00  0.000000E+00  0.937892E+06  0.440481E+07
  0.703212E-01  0.437401E+07  0.435961E+07  0.000000E+00  0.000000E+00  0.913995E+06  0.435005E+07
  0.712113E-01  0.431909E+07  0.430479E+07  0.000000E+00  0.000000E+00  0.890662E+06  0.429535E+07
  0.721014E-01  0.426422E+07  0.424997E+07  0.000000E+00  0.000000E+00  0.867882E+06  0.424069E+07
  0.729916E-01  0.420940E+07  0.419515E+07  0.000000E+00  0.000000E+00  0.845639E+06  0.418608E+07
  0.738817E-01  0.415466E+07  0.414036E+07  0.000000E+00  0.000000E+00  0.823917E+06  0.413153E+07
  0.747719E-01  0.410002E+07  0.408562E+07  0.000000E+00  0.000000E+00  0.802708E+06  0.407708E+07
  0.756620E-01  0.404550E+07  0.403098E+07  0.000000E+00  0.000000E+00  0.782004E+06  0.402276E+07
  0.765521E-01  0.399115E+07  0.397648E+07  0.000000E+00  0.000000E+00  0.761796E+06  0.396860E+07
  0.774423E-01  0.393702E+07  0.392216E+07  0.000000E+00  0.000000E+00  0.742079E+06  0.391466E+07
  0.783324E-01  0.388316E+07  0.386808E+07  0.000000E+00  0.000000E+00  0.722849E+06  0.386098E+07
  0.792226E-01  0.382963E+07  0.381432E+07  0.000000E+00  0.000000E+00  0.704106E+06  0.380764E+07
  0.801127E-01  0.377649E+07  0.376094E+07  0.000000E+00  0.000000E+00  0.685845E+06  0.375468E+07
  0.810028E-01  0.372382E+07  0.370800E+07  0.000000E+00  0.000000E+00  0.668064E+06  0.370218E+07
  0.818930E-01  0.367167E+07  0.365559E+07  0.000000E+00  0.000000E+00  0.650762E+06  0.365021E+07
  0.827831E-01  0.362011E+07  0.360377E+07  0.000000E+00  0.000000E+00  0.633935E+06  0.359883E+07
  0.836732E-01  0.356922E+07  0.355261E+07  0.000000E+00  0.000000E+00  0.617582E+06  0.354811E+07
  0.845634E-01  0.351905E+07  0.350219E+07  0.000000E+00  0.000000E+00  0.601703E+06  0.349813E+07
  0.854535E-01  0.346968E+07  0.345258E+07  0.000000E+00  0.000000E+00  0.586297E+06  0.344893E+07
  0.863437E-01  0.342118E+07  0.340385E+07  0.000000E+00  0.000000E+00  0.571359E+06  0.340061E+07
  0.872338E-01  0.337360E+07  0.335606E+07  0.000000E+00  0.000000E+00  0.556884E+06  0.335320E+07
  0.881239E-01  0.332699E+07  0.330926E+07  0.000000E+00  0.000000E+00  0.542867E+06  0.330677E+07
  0.890141E-01  0.328141E+07  0.326350E+07  0.000000E+00  0.000000E+00  0.529304E+06  0.326136E+07
  0.899042E-01  0.323690E+07  0.321885E+07  0.000000E+00  0.000000E+00  0.516191E+06  0.321702E+07
  0.907943E-01  0.319351E+07  0.317534E+07  0.000000E+00  0.000000E+00  0.503523E+06  0.317381E+07
  0.916845E-01  0.315127E+07  0.313302E+07  0.000000E+00  0.000000E+00  0.491293E+06  0.313175E+07
  0.925746E-01  0.311024E+07  0.309192E+07  0.000000E+00  0.000000E+00  0.479491E+06  0.309089E+07
  0.934648E-01  0.307041E+07  0.305207E+07  0.000000E+00  0.000000E+00  0.468109E+06  0.305124E+07
  0.943549E-01  0.303182E+07  0.301349E+07  0.000000E+00  0.000000E+00  0.457138E+06  0.301282E+07
  0.952450E-01  0.299448E+07  0.297618E+07  0.000000E+00  0.000000E+00  0.446570E+06  0.297565E+07
  0.961352E-01  0.295838E+07  0.294016E+07  0.000000E+00  0.000000E+00  0.436395E+06  0.293973E+07
  0.970253E-01  0.292354E+07  0.290542E+07  0.000000E+00  0.000000E+00  0.426601E+06  0.290507E+07
  0.979154E-01  0.288995E+07  0.287196E+07  0.000000E+00  0.000000E+00  0.417173E+06  0.287164E+07
  0.988056E-01  0.285759E+07  0.283976E+07  0.000000E+00  0.000000E+00  0.408101E+06  0.283946E+07
  0.996957E-01  0.282644E+07  0.280881E+07  0.000000E+00  0.000000E+00  0.399375E+06  0.280848E+07
  0.100586E+00  0.279649E+07  0.277908E+07  0.000000E+00  0.000000E+00  0.390980E+06  0.277869E+07
  0.101476E+00  0.276769E+07  0.275053E+07  0.000000E+00  0.000000E+00  0.382904E+06  0.275007E+07
  0.102366E+00  0.274003E+07  0.272314E+07  0.000000E+00  0.000000E+00  0.375132E+06  0.272257E+07
  0.103256E+00  0.271345E+07  0.269686E+07  0.000000E+00  0.000000E+00  0.367649E+06  0.269616E+07
  0.104146E+00  0.268792E+07  0.267165E+07  0.000000E+00  0.000000E+00  0.360444E+06  0.267079E+07
  0.105037E+00  0.266338E+07  0.264744E+07  0.000000E+00  0.000000E+00  0.353503E+06  0.264641E+07
  0.105927E+00  0.263978E+07  0.262420E+07  0.000000E+00  0.000000E+00  0.346811E+06  0.262297E+07
  0.106817E+00  0.261707E+07  0.260185E+07  0.000000E+00  0.000000E+00  0.340352E+06  0.260042E+07
  0.107707E+00  0.259519E+07  0.258036E+07  0.000000E+00  0.000000E+00  0.334116E+06  0.257870E+07
  0.108597E+00  0.257409E+07  0.255965E+07  0.000000E+00  0.000000E+00  0.328089E+06  0.255776E+07
  0.109487E+00  0.255371E+07  0.253966E+07  0.000000E+00  0.000000E+00  0.322259E+06  0.253753E+07
  0.110377E+00  0.253398E+07  0.252033E+07  0.000000E+00  0.000000E+00  0.316612E+06  0.251795E+07
  0.111268E+00  0.251484E+07  0.250158E+07  0.000000E+00  0.000000E+00  0.311133E+06  0.249895E+07
  0.112158E+00  0.249622E+07  0.248337E+07  0.000000E+00  0.000000E+00  0.305813E+06  0.248048E+07
  0.113048E+00  0.247807E+07  0.246561E+07  0.000000E+00  0.000000E+00  0.300639E+06  0.246247E+07
  0.113938E+00  0.246033E+07  0.244826E+07  0.000000E+00  0.000000E+00  0.295604E+06  0.244488E+07
  0.114828E+00  0.244295E+07  0.243126E+07  0.000000E+00  0.000000E+00  0.290694E+06  0.242762E+07
  0.115718E+00  0.242585E+07  0.241453E+07  0.000000E+00  0.000000E+00  0.285900E+06  0.241066E+07
  0.116608E+00  0.240899E+07  0.239802E+07  0.000000E+00  0.000000E+00  0.281213E+06  0.239393E+07
  0.117498E+00  0.239230E+07  0.238168E+07  0.000000E+00  0.000000E+00  0.276624E+06  0.237737E+07
  0.118389E+00  0.237575E+07  0.236546E+07  0.000000E+00  0.000000E+00  0.272125E+06  0.236095E+07
  0.119279E+00  0.235928E+07  0.234930E+07  0.000000E+00  0.000000E+00  0.267708E+06  0.234460E+07
  0.120169E+00  0.234285E+07  0.233317E+07  0.000000E+00  0.000000E+00  0.263367E+06  0.232830E+07
  0.121059E+00  0.232643E+07  0.231702E+07  0.000000E+00  0.000000E+00  0.259097E+06  0.231199E+07
  0.121949E+00  0.230998E+07  0.230082E+07  0.000000E+00  0.000000E+00  0.254892E+06  0.229565E+07
  0.122839E+00  0.229346E+07  0.228453E+07  0.000000E+00  0.000000E+00  0.250748E+06  0.227925E+07
  0.123729E+00  0.227684E+07  0.226813E+07  0.000000E+00  0.000000E+00  0.246658E+06  0.226275E+07
  0.124620E+00  0.226012E+07  0.225158E+07  0.000000E+00  0.000000E+00  0.242620E+06  0.224613E+07
  0.125510E+00  0.224325E+07  0.223489E+07  0.000000E+00  0.000000E+00  0.238632E+06  0.222937E+07
  0.126400E+00  0.222623E+07  0.221801E+07  0.000000E+00  0.000000E+00  0.234691E+06  0.221246E+07
  0.127290E+00  0.220906E+07  0.220095E+07  0.000000E+00  0.000000E+00  0.230795E+06  0.219538E+07
  0.128180E+00  0.219171E+07  0.218370E+07  0.000000E+00  0.000000E+00  0.226941E+06  0.217813E+07
  0.129070E+00  0.217418E+07  0.216626E+07  0.000000E+00  0.000000E+00  0.223130E+06  0.216071E+07
  0.129960E+00  0.215649E+07  0.214862E+07  0.000000E+00  0.000000E+00  0.219359E+06  0.214311E+07
  0.130851E+00  0.213863E+07  0.213080E+07  0.000000E+00  0.000000E+00  0.215630E+06  0.212534E+07
  0.131741E+00  0.212060E+07  0.211279E+07  0.000000E+00  0.000000E+00  0.211942E+06  0.210741E+07
  0.132631E+00  0.210242E+07  0.209461E+07  0.000000E+00  0.000000E+00  0.208296E+06  0.208932E+07
  0.133521E+00  0.208411E+07  0.207628E+07  0.000000E+00  0.000000E+00  0.204692E+06  0.207110E+07
  0.134411E+00  0.206567E+07  0.205782E+07  0.000000E+00  0.000000E+00  0.201131E+06  0.205275E+07
  0.135301E+00  0.204713E+07  0.203923E+07  0.000000E+00  0.000000E+00  0.197614E+06  0.203430E+07
  0.136191E+00  0.202851E+07  0.202056E+07  0.000000E+00  0.000000E+00  0.194142E+06  0.201576E+07
  0.137082E+00  0.200984E+07  0.200181E+07  0.000000E+00  0.000000E+00  0.190718E+06  0.199717E+07
  0.137972E+00  0.199113E+07  0.198303E+07  0.000000E+00  0.000000E+00  0.187342E+06  0.197855E+07
  0.138862E+00  0.197241E+07  0.196423E+07  0.000000E+00  0.000000E+00  0.184016E+06  0.195992E+07
  0.139752E+00  0.195372E+07  0.194545E+07  0.000000E+00  0.000000E+00  0.180742E+06  0.194131E+07
  0.140642E+00  0.193509E+07  0.192672E+07  0.000000E+00  0.000000E+00  0.177522E+06  0.192276E+07
  0.141532E+00  0.191653E+07  0.190806E+07  0.000000E+00  0.000000E+00  0.174356E+06  0.190428E+07
  0.142422E+00  0.189809E+07  0.188951E+07  0.000000E+00  0.000000E+00  0.171248E+06  0.188592E+07
  0.143312E+00  0.187978E+07  0.187110E+07  0.000000E+00  0.000000E+00  0.168198E+06  0.186769E+07
  0.144203E+00  0.186163E+07  0.185286E+07  0.000000E+00  0.000000E+00  0.165207E+06  0.184962E+07
  0.145093E+00  0.184368E+07  0.183481E+07  0.000000E+00  0.000000E+00  0.162276E+06  0.183175E+07
  0.145983E+00  0.182595E+07  0.181699E+07  0.000000E+00  0.000000E+00  0.159408E+06  0.181410E+07
  0.146873E+00  0.180847E+07  0.179942E+07  0.000000E+00  0.000000E+00  0.156603E+06  0.179670E+07
  0.147763E+00  0.179125E+07  0.178213E+07  0.000000E+00  0.000000E+00  0.153862E+06  0.177956E+07
  0.148653E+00  0.177433E+07  0.176514E+07  0.000000E+00  0.000000E+00  0.151185E+06  0.176272E+07
  0.149543E+00  0.175773E+07  0.174847E+07  0.000000E+00  0.000000E+00  0.148572E+06  0.174619E+07
  0.150434E+00  0.174145E+07  0.173214E+07  0.000000E+00  0.000000E+00  0.146025E+06  0.173000E+07
  0.151324E+00  0.172553E+07  0.171617E+07  0.000000E+00  0.000000E+00  0.143543E+06  0.171415E+07
  0.152214E+00  0.170997E+07  0.170058E+07  0.000000E+00  0.000000E+00  0.141127E+06  0.169867E+07
  0.153104E+00  0.169480E+07  0.168538E+07  0.000000E+00  0.000000E+00  0.138776E+06  0.168357E+07
  0.153994E+00  0.168001E+07  0.167058E+07  0.000000E+00  0.000000E+00  0.136490E+06  0.166886E+07
  0.154884E+00  0.166562E+07  0.165619E+07  0.000000E+00  0.000000E+00  0.134267E+06  0.165455E+07
  0.155774E+00  0.165164E+07  0.164222E+07  0.000000E+00  0.000000E+00  0.132108E+06  0.164064E+07
  0.156665E+00  0.163807E+07  0.162867E+07  0.000000E+00  0.000000E+00  0.130011E+06  0.162714E+07
  0.157555E+00  0.162490E+07  0.161554E+07  0.000000E+00  0.000000E+00  0.127976E+06  0.161406E+07
  0.158445E+00  0.161215E+07  0.160284E+07  0.000000E+00  0.000000E+00  0.126000E+06  0.160138E+07
  0.159335E+00  0.159980E+07  0.159055E+07  0.000000E+00  0.000000E+00  0.124083E+06  0.158911E+07
  0.160225E+00  0.158786E+07  0.157867E+07  0.000000E+00  0.000000E+00  0.122222E+06  0.157723E+07
  0.161115E+00  0.157630E+07  0.156720E+07  0.000000E+00  0.000000E+00  0.120416E+06  0.156575E+07
  0.162005E+00  0.156513E+07  0.155612E+07  0.000000E+00  0.000000E+00  0.118664E+06  0.155466E+07
  0.162896E+00  0.155433E+07  0.154542E+07  0.000000E+00  0.000000E+00  0.116962E+06  0.154393E+07
  0.163786E+00  0.154389E+07  0.153509E+07  0.000000E+00  0.000000E+00  0.115310E+06  0.153356E+07
  0.164676E+00  0.153380E+07  0.152511E+07  0.000000E+00  0.000000E+00  0.113706E+06  0.152354E+07
  0.165566E+00  0.152403E+07  0.151547E+07  0.000000E+00  0.000000E+00  0.112146E+06  0.151384E+07
  0.166456E+00  0.151457E+07  0.150614E+07  0.000000E+00  0.000000E+00  0.110629E+06  0.150445E+07
  0.167346E+00  0.150540E+07  0.149712E+07  0.000000E+00  0.000000E+00  0.109152E+06  0.149535E+07
  0.168236E+00  0.149651E+07  0.148836E+07  0.000000E+00  0.000000E+00  0.107715E+06  0.148653E+07
  0.169126E+00  0.148787E+07  0.147987E+07  0.000000E+00  0.000000E+00  0.106314E+06  0.147796E+07
  0.170017E+00  0.147946E+07  0.147162E+07  0.000000E+00  0.000000E+00  0.104947E+06  0.146962E+07
  0.170907E+00  0.147126E+07  0.146357E+07  0.000000E+00  0.000000E+00  0.103613E+06  0.146149E+07
  0.171797E+00  0.146326E+07  0.145572E+07  0.000000E+00  0.000000E+00  0.102308E+06  0.145355E+07
  0.172687E+00  0.145542E+07  0.144804E+07  0.000000E+00  0.000000E+00  0.101031E+06  0.144577E+07
  0.173577E+00  0.144773E+07  0.144050E+07  0.000000E+00  0.000000E+00  0.997802E+05  0.143815E+07
  0.174467E+00  0.144016E+07  0.143308E+07  0.000000E+00  0.000000E+00  0.985537E+05  0.143064E+07
  0.175357E+00  0.143270E+07  0.142577E+07  0.000000E+00  0.000000E+00  0.973492E+05  0.142325E+07
  0.176248E+00  0.142533E+07  0.141855E+07  0.000000E+00  0.000000E+00  0.961652E+05  0.141594E+07
  0.177138E+00  0.141802E+07  0.141138E+07  0.000000E+00  0.000000E+00  0.949999E+05  0.140869E+07
  0.178028E+00  0.141076E+07  0.140426E+07  0.000000E+00  0.000000E+00  0.938518E+05  0.140149E+07
  0.178918E+00  0.140353E+07  0.139716E+07  0.000000E+00  0.000000E+00  0.927195E+05  0.139431E+07
  0.179808E+00  0.139631E+07  0.139007E+07  0.000000E+00  0.000000E+00  0.916016E+05  0.138715E+07
  0.180698E+00  0.138909E+07  0.138296E+07  0.000000E+00  0.000000E+00  0.904971E+05  0.137999E+07
  0.181588E+00  0.138185E+07  0.137584E+07  0.000000E+00  0.000000E+00  0.894046E+05  0.137280E+07
  0.182479E+00  0.137458E+07  0.136868E+07  0.000000E+00  0.000000E+00  0.883231E+05  0.136559E+07
  0.183369E+00  0.136727E+07  0.136147E+07  0.000000E+00  0.000000E+00  0.872518E+05  0.135833E+07
  0.184259E+00  0.135991E+07  0.135420E+07  0.000000E+00  0.000000E+00  0.861899E+05  0.135103E+07
  0.185149E+00  0.135249E+07  0.134686E+07  0.000000E+00  0.000000E+00  0.851369E+05  0.134366E+07
  0.186039E+00  0.134500E+07  0.133945E+07  0.000000E+00  0.000000E+00  0.840920E+05  0.133622E+07
  0.186929E+00  0.133744E+07  0.133196E+07  0.000000E+00  0.000000E+00  0.830548E+05  0.132872E+07
  0.187819E+00  0.132981E+07  0.132439E+07  0.000000E+00  0.000000E+00  0.820250E+05  0.132113E+07
  0.188710E+00  0.132210E+07  0.131673E+07  0.000000E+00  0.000000E+00  0.810026E+05  0.131347E+07
  0.189600E+00  0.131430E+07  0.130898E+07  0.000000E+00  0.000000E+00  0.799871E+05  0.130573E+07
  0.190490E+00  0.130643E+07  0.130114E+07  0.000000E+00  0.000000E+00  0.789785E+05  0.129790E+07
  0.191380E+00  0.129848E+07  0.129321E+07  0.000000E+00  0.000000E+00  0.779766E+05  0.129000E+07
  0.192270E+00  0.129045E+07  0.128521E+07  0.000000E+00  0.000000E+00  0.769819E+05  0.128202E+07
  0.193160E+00  0.128235E+07  0.127712E+07  0.000000E+00  0.000000E+00  0.759945E+05  0.127396E+07
  0.194050E+00  0.127418E+07  0.126896E+07  0.000000E+00  0.000000E+00  0.750145E+05  0.126584E+07
  0.194940E+00  0.126595E+07  0.126073E+07  0.000000E+00  0.000000E+00  0.740422E+05  0.125766E+07
  0.195831E+00  0.125767E+07  0.125245E+07  0.000000E+00  0.000000E+00  0.730778E+05  0.124942E+07
  0.196721E+00  0.124934E+07  0.124411E+07  0.000000E+00  0.000000E+00  0.721216E+05  0.124114E+07
  0.197611E+00  0.124097E+07  0.123573E+07  0.000000E+00  0.000000E+00  0.711741E+05  0.123281E+07
  0.198501E+00  0.123257E+07  0.122731E+07  0.000000E+00  0.000000E+00  0.702359E+05  0.122446E+07
  0.199391E+00  0.122416E+07  0.121887E+07  0.000000E+00  0.000000E+00  0.693074E+05  0.121609E+07
  0.200281E+00  0.121573E+07  0.121043E+07  0.000000E+00  0.000000E+00  0.683889E+05  0.120771E+07
  0.201171E+00  0.120731E+07  0.120198E+07  0.000000E+00  0.000000E+00  0.674809E+05  0.119933E+07
  0.202062E+00  0.119891E+07  0.119355E+07  0.000000E+00  0.000000E+00  0.665838E+05  0.119097E+07
  0.202952E+00  0.119052E+07  0.118513E+07  0.000000E+00  0.000000E+00  0.656983E+05  0.118263E+07
  0.203842E+00  0.118218E+07  0.117676E+07  0.000000E+00  0.000000E+00  0.648249E+05  0.117432E+07
  0.204732E+00  0.117388E+07  0.116843E+07  0.000000E+00  0.000000E+00  0.639637E+05  0.116607E+07
  0.205622E+00  0.116564E+07  0.116016E+07  0.000000E+00  0.000000E+00  0.631152E+05  0.115787E+07
  0.206512E+00  0.115746E+07  0.115195E+07  0.000000E+00  0.000000E+00  0.622799E+05  0.114974E+07
  0.207402E+00  0.114937E+07  0.114383E+07  0.000000E+00  0.000000E+00  0.614579E+05  0.114168E+07
  0.208293E+00  0.114136E+07  0.113580E+07  0.000000E+00  0.000000E+00  0.606498E+05  0.113372E+07
  0.209183E+00  0.113345E+07  0.112787E+07  0.000000E+00  0.000000E+00  0.598558E+05  0.112585E+07
  0.211846E+00  0.111046E+07  0.110481E+07  0.000000E+00  0.000000E+00  0.575668E+05  0.110297E+07
  0.214543E+00  0.108834E+07  0.108267E+07  0.000000E+00  0.000000E+00  0.553833E+05  0.108098E+07
  0.217274E+00  0.106728E+07  0.106163E+07  0.000000E+00  0.000000E+00  0.533116E+05  0.106004E+07
  0.220040E+00  0.104742E+07  0.104182E+07  0.000000E+00  0.000000E+00  0.513531E+05  0.104030E+07
  0.222841E+00  0.102879E+07  0.102329E+07  0.000000E+00  0.000000E+00  0.495065E+05  0.102179E+07
  0.225678E+00  0.101138E+07  0.100602E+07  0.000000E+00  0.000000E+00  0.477659E+05  0.100450E+07
  0.228551E+00  0.995082E+06  0.989889E+06  0.000000E+00  0.000000E+00  0.461222E+05  0.988320E+06
  0.231461E+00  0.979733E+06  0.974733E+06  0.000000E+00  0.000000E+00  0.445644E+05  0.973087E+06
  0.234407E+00  0.965117E+06  0.960325E+06  0.000000E+00  0.000000E+00  0.430792E+05  0.958586E+06
  0.237391E+00  0.950984E+06  0.946400E+06  0.000000E+00  0.000000E+00  0.416533E+05  0.944565E+06
  0.240414E+00  0.937072E+06  0.932687E+06  0.000000E+00  0.000000E+00  0.402729E+05  0.930762E+06
  0.243474E+00  0.923130E+06  0.918926E+06  0.000000E+00  0.000000E+00  0.389265E+05  0.916928E+06
  0.246574E+00  0.908947E+06  0.904895E+06  0.000000E+00  0.000000E+00  0.376046E+05  0.902849E+06
  0.249713E+00  0.894367E+06  0.890433E+06  0.000000E+00  0.000000E+00  0.363005E+05  0.888370E+06
  0.252892E+00  0.879298E+06  0.875448E+06  0.000000E+00  0.000000E+00  0.350111E+05  0.873401E+06
  0.256111E+00  0.863726E+06  0.859926E+06  0.000000E+00  0.000000E+00  0.337359E+05  0.857927E+06
  0.259372E+00  0.847713E+06  0.843933E+06  0.000000E+00  0.000000E+00  0.324780E+05  0.842009E+06
  0.262674E+00  0.831391E+06  0.827610E+06  0.000000E+00  0.000000E+00  0.312425E+05  0.825782E+06
  0.266018E+00  0.814943E+06  0.811149E+06  0.000000E+00  0.000000E+00  0.300363E+05  0.809428E+06
  0.269404E+00  0.798584E+06  0.794772E+06  0.000000E+00  0.000000E+00  0.288667E+05  0.793161E+06
  0.272834E+00  0.782529E+06  0.778708E+06  0.000000E+00  0.000000E+00  0.277405E+05  0.777199E+06
  0.276307E+00  0.766980E+06  0.763165E+06  0.000000E+00  0.000000E+00  0.266633E+05  0.761741E+06
  0.279825E+00  0.752096E+06  0.748308E+06  0.000000E+00  0.000000E+00  0.256390E+05  0.746949E+06
  0.283387E+00  0.737974E+06  0.734237E+06  0.000000E+00  0.000000E+00  0.246690E+05  0.732917E+06
  0.286995E+00  0.724639E+06  0.720977E+06  0.000000E+00  0.000000E+00  0.237517E+05  0.719672E+06
  0.290648E+00  0.712043E+06  0.708476E+06  0.000000E+00  0.000000E+00  0.228836E+05  0.707164E+06
  0.294348E+00  0.700077E+06  0.696620E+06  0.000000E+00  0.000000E+00  0.220592E+05  0.695285E+06
  0.298096E+00  0.688582E+06  0.685243E+06  0.000000E+00  0.000000E+00  0.212720E+05  0.683876E+06
  0.301891E+00  0.677374E+06  0.674151E+06  0.000000E+00  0.000000E+00  0.205149E+05  0.672751E+06
  0.305734E+00  0.666267E+06  0.663151E+06  0.000000E+00  0.000000E+00  0.197814E+05  0.661725E+06
  0.309626E+00  0.655103E+06  0.652079E+06  0.000000E+00  0.000000E+00  0.190662E+05  0.650641E+06
  0.313568E+00  0.643773E+06  0.640823E+06  0.000000E+00  0.000000E+00  0.183659E+05  0.639389E+06
  0.317560E+00  0.632225E+06  0.629328E+06  0.000000E+00  0.000000E+00  0.176789E+05  0.627918E+06
  0.321602E+00  0.620472E+06  0.617612E+06  0.000000E+00  0.000000E+00  0.170054E+05  0.616240E+06
  0.325696E+00  0.608591E+06  0.605755E+06  0.000000E+00  0.000000E+00  0.163475E+05  0.604433E+06
  0.329843E+00  0.596701E+06  0.593881E+06  0.000000E+00  0.000000E+00  0.157081E+05  0.592617E+06
  0.334042E+00  0.584936E+06  0.582133E+06  0.000000E+00  0.000000E+00  0.135610E+05  0.580915E+06
  0.338294E+00  0.573450E+06  0.570668E+06  0.000000E+00  0.000000E+00  0.130171E+05  0.569501E+06
  0.342601E+00  0.562351E+06  0.559600E+06  0.000000E+00  0.000000E+00  0.124981E+05  0.558473E+06
  0.346963E+00  0.551707E+06  0.549000E+06  0.000000E+00  0.000000E+00  0.120045E+05  0.547900E+06
  0.351380E+00  0.541532E+06  0.538880E+06  0.000000E+00  0.000000E+00  0.115357E+05  0.537794E+06
  0.355853E+00  0.531787E+06  0.529200E+06  0.000000E+00  0.000000E+00  0.110898E+05  0.528117E+06
  0.360383E+00  0.522388E+06  0.519870E+06  0.000000E+00  0.000000E+00  0.106642E+05  0.518785E+06
  0.364971E+00  0.513223E+06  0.510776E+06  0.000000E+00  0.000000E+00  0.102558E+05  0.509686E+06
  0.369617E+00  0.504179E+06  0.501798E+06  0.000000E+00  0.000000E+00  0.986194E+04  0.500707E+06
  0.374323E+00  0.495163E+06  0.492839E+06  0.000000E+00  0.000000E+00  0.948022E+04  0.491753E+06
  0.379088E+00  0.486114E+06  0.483838E+06  0.000000E+00  0.000000E+00  0.910924E+04  0.482766E+06
  0.383914E+00  0.477018E+06  0.474780E+06  0.000000E+00  0.000000E+00  0.874850E+04  0.473731E+06
  0.388801E+00  0.467907E+06  0.465701E+06  0.000000E+00  0.000000E+00  0.839837E+04  0.464680E+06
  0.393751E+00  0.458846E+06  0.456666E+06  0.000000E+00  0.000000E+00  0.805972E+04  0.455678E+06
  0.398764E+00  0.449913E+06  0.447760E+06  0.000000E+00  0.000000E+00  0.773362E+04  0.446804E+06
  0.403840E+00  0.441188E+06  0.439065E+06  0.000000E+00  0.000000E+00  0.742098E+04  0.438136E+06
  0.408981E+00  0.432725E+06  0.430636E+06  0.000000E+00  0.000000E+00  0.712224E+04  0.429729E+06
  0.414188E+00  0.424544E+06  0.422495E+06  0.000000E+00  0.000000E+00  0.683721E+04  0.421605E+06
  0.419461E+00  0.416633E+06  0.414629E+06  0.000000E+00  0.000000E+00  0.656516E+04  0.413748E+06
  0.424801E+00  0.408946E+06  0.406988E+06  0.000000E+00  0.000000E+00  0.630488E+04  0.406115E+06
  0.430209E+00  0.401421E+06  0.399510E+06  0.000000E+00  0.000000E+00  0.605500E+04  0.398643E+06
  0.435686E+00  0.394000E+06  0.392132E+06  0.000000E+00  0.000000E+00  0.581427E+04  0.391273E+06
  0.441232E+00  0.386636E+06  0.384806E+06  0.000000E+00  0.000000E+00  0.558175E+04  0.383960E+06
  0.446849E+00  0.379310E+06  0.377515E+06  0.000000E+00  0.000000E+00  0.535691E+04  0.376684E+06
  0.452538E+00  0.372033E+06  0.370268E+06  0.000000E+00  0.000000E+00  0.513969E+04  0.369456E+06
  0.458299E+00  0.364834E+06  0.363097E+06  0.000000E+00  0.000000E+00  0.493025E+04  0.362305E+06
  0.464133E+00  0.357754E+06  0.356044E+06  0.000000E+00  0.000000E+00  0.472891E+04  0.355273E+06
  0.470042E+00  0.350830E+06  0.349150E+06  0.000000E+00  0.000000E+00  0.453587E+04  0.348396E+06
  0.476026E+00  0.344084E+06  0.342435E+06  0.000000E+00  0.000000E+00  0.435111E+04  0.341695E+06
  0.482086E+00  0.337516E+06  0.335901E+06  0.000000E+00  0.000000E+00  0.417435E+04  0.335173E+06
  0.488223E+00  0.331109E+06  0.329528E+06  0.000000E+00  0.000000E+00  0.400505E+04  0.328811E+06
  0.494439E+00  0.324833E+06  0.323285E+06  0.000000E+00  0.000000E+00  0.384259E+04  0.322578E+06
  0.500733E+00  0.318657E+06  0.317142E+06  0.000000E+00  0.000000E+00  0.368638E+04  0.316445E+06
  0.507108E+00  0.312559E+06  0.311074E+06  0.000000E+00  0.000000E+00  0.353594E+04  0.310389E+06
  0.513564E+00  0.306533E+06  0.305076E+06  0.000000E+00  0.000000E+00  0.339103E+04  0.304404E+06
  0.520101E+00  0.300586E+06  0.299155E+06  0.000000E+00  0.000000E+00  0.325155E+04  0.298498E+06
  0.526723E+00  0.294735E+06  0.293329E+06  0.000000E+00  0.000000E+00  0.311748E+04  0.292686E+06
  0.533428E+00  0.288997E+06  0.287617E+06  0.000000E+00  0.000000E+00  0.298885E+04  0.286988E+06
  0.540219E+00  0.283384E+06  0.282031E+06  0.000000E+00  0.000000E+00  0.286556E+04  0.281414E+06
  0.547096E+00  0.277898E+06  0.276571E+06  0.000000E+00  0.000000E+00  0.274744E+04  0.275965E+06
  0.554061E+00  0.272527E+06  0.271228E+06  0.000000E+00  0.000000E+00  0.263420E+04  0.270631E+06
  0.561115E+00  0.267259E+06  0.265986E+06  0.000000E+00  0.000000E+00  0.252553E+04  0.265400E+06
  0.568258E+00  0.262078E+06  0.260831E+06  0.000000E+00  0.000000E+00  0.242114E+04  0.260255E+06
  0.575492E+00  0.256978E+06  0.255755E+06  0.000000E+00  0.000000E+00  0.232080E+04  0.255190E+06
  0.582819E+00  0.251957E+06  0.250757E+06  0.000000E+00  0.000000E+00  0.222438E+04  0.250203E+06
  0.590238E+00  0.247022E+06  0.245844E+06  0.000000E+00  0.000000E+00  0.213179E+04  0.245302E+06
  0.597752E+00  0.242178E+06  0.241024E+06  0.000000E+00  0.000000E+00  0.204295E+04  0.240492E+06
  0.605362E+00  0.237432E+06  0.236300E+06  0.000000E+00  0.000000E+00  0.195777E+04  0.235779E+06
  0.613069E+00  0.232783E+06  0.231673E+06  0.000000E+00  0.000000E+00  0.187612E+04  0.231161E+06
  0.620873E+00  0.228226E+06  0.227138E+06  0.000000E+00  0.000000E+00  0.179782E+04  0.226636E+06
  0.628777E+00  0.223753E+06  0.222687E+06  0.000000E+00  0.000000E+00  0.172271E+04  0.222193E+06
  0.675506E+00  0.199876E+06  0.198923E+06  0.000000E+00  0.000000E+00  0.135097E+04  0.198482E+06
  0.725707E+00  0.178436E+06  0.177586E+06  0.000000E+00  0.000000E+00  0.105784E+04  0.177190E+06
  0.779639E+00  0.159184E+06  0.158426E+06  0.000000E+00  0.000000E+00  0.827035E+03  0.158073E+06
  0.837579E+00  0.141915E+06  0.141240E+06  0.000000E+00  0.000000E+00  0.645639E+03  0.140924E+06
  0.899825E+00  0.126441E+06  0.125839E+06  0.000000E+00  0.000000E+00  0.503335E+03  0.125557E+06
  0.966697E+00  0.112587E+06  0.112051E+06  0.000000E+00  0.000000E+00  0.391881E+03  0.111800E+06
  0.103854E+01  0.100192E+06  0.997145E+05  0.000000E+00  0.000000E+00  0.304720E+03  0.994906E+05
  0.111572E+01  0.891103E+05  0.886859E+05  0.000000E+00  0.000000E+00  0.236661E+03  0.884865E+05
  0.119863E+01  0.792119E+05  0.788348E+05  0.000000E+00  0.000000E+00  0.183595E+03  0.786574E+05
  0.128771E+01  0.703752E+05  0.700401E+05  0.000000E+00  0.000000E+00  0.142272E+03  0.698823E+05
  0.138341E+01  0.624928E+05  0.621952E+05  0.000000E+00  0.000000E+00  0.110136E+03  0.620550E+05
  0.148622E+01  0.554657E+05  0.552016E+05  0.000000E+00  0.000000E+00  0.851752E+02  0.550771E+05
  0.159667E+01  0.492052E+05  0.489709E+05  0.000000E+00  0.000000E+00  0.897167E+02  0.488606E+05
  0.171533E+01  0.436312E+05  0.434235E+05  0.000000E+00  0.000000E+00  0.694212E+02  0.433256E+05
  0.184281E+01  0.386715E+05  0.384874E+05  0.000000E+00  0.000000E+00  0.536636E+02  0.384005E+05
  0.197976E+01  0.342606E+05  0.340975E+05  0.000000E+00  0.000000E+00  0.414436E+02  0.340205E+05
  0.212689E+01  0.303401E+05  0.301957E+05  0.000000E+00  0.000000E+00  0.319776E+02  0.301275E+05
