  0.745045E-04  0.203286E+08  0.203286E+08  0.263674E+08  0.263664E+08  0.203277E+08  0.203286E+08
  0.829624E-04  0.203283E+08  0.203283E+08  0.261929E+08  0.261915E+08  0.203271E+08  0.203282E+08
  0.923803E-04  0.203278E+08  0.203278E+08  0.259778E+08  0.259762E+08  0.203263E+08  0.203278E+08
  0.102867E-03  0.203273E+08  0.203273E+08  0.257135E+08  0.257115E+08  0.203254E+08  0.203273E+08
  0.114545E-03  0.203267E+08  0.203267E+08  0.253891E+08  0.253867E+08  0.203242E+08  0.203267E+08
  0.127548E-03  0.203260E+08  0.203260E+08  0.249921E+08  0.249892E+08  0.203228E+08  0.203259E+08
  0.142028E-03  0.203250E+08  0.203250E+08  0.245077E+08  0.245042E+08  0.203210E+08  0.203250E+08
  0.158151E-03  0.203238E+08  0.203238E+08  0.239191E+08  0.239148E+08  0.203188E+08  0.203238E+08
  0.176104E-03  0.203224E+08  0.203224E+08  0.232071E+08  0.232020E+08  0.203161E+08  0.203223E+08
  0.196096E-03  0.203206E+08  0.203206E+08  0.223514E+08  0.223454E+08  0.203128E+08  0.203205E+08
  0.218356E-03  0.203183E+08  0.203183E+08  0.213306E+08  0.213236E+08  0.203086E+08  0.203183E+08
  0.243144E-03  0.203156E+08  0.203156E+08  0.201245E+08  0.201165E+08  0.203035E+08  0.203155E+08
  0.270746E-03  0.203122E+08  0.203122E+08  0.187164E+08  0.187075E+08  0.202971E+08  0.203121E+08
  0.301482E-03  0.203081E+08  0.203080E+08  0.170973E+08  0.170875E+08  0.202893E+08  0.203079E+08
  0.335706E-03  0.203030E+08  0.203029E+08  0.152707E+08  0.152605E+08  0.202797E+08  0.203028E+08
  0.373816E-03  0.202967E+08  0.202967E+08  0.132599E+08  0.132497E+08  0.202679E+08  0.202965E+08
  0.416252E-03  0.202891E+08  0.202891E+08  0.111143E+08  0.111050E+08  0.202533E+08  0.202889E+08
  0.463505E-03  0.202798E+08  0.202798E+08  0.891608E+07  0.890837E+07  0.202355E+08  0.202795E+08
  0.516122E-03  0.202685E+08  0.202685E+08  0.678056E+07  0.677547E+07  0.202136E+08  0.202682E+08
  0.574713E-03  0.202549E+08  0.202549E+08  0.484856E+07  0.484678E+07  0.201870E+08  0.202545E+08
  0.639955E-03  0.202385E+08  0.202385E+08  0.326317E+07  0.326476E+07  0.201546E+08  0.202380E+08
  0.712603E-03  0.202189E+08  0.202188E+08  0.213004E+07  0.213408E+07  0.201154E+08  0.202182E+08
  0.793498E-03  0.201954E+08  0.201954E+08  0.146832E+07  0.147281E+07  0.200679E+08  0.201946E+08
  0.883577E-03  0.201676E+08  0.201675E+08  0.117591E+07  0.117842E+07  0.200107E+08  0.201666E+08
  0.983881E-03  0.201347E+08  0.201346E+08  0.104785E+07  0.104698E+07  0.199420E+08  0.201335E+08
  0.109557E-02  0.200960E+08  0.200959E+08  0.875563E+06  0.872487E+06  0.198600E+08  0.200945E+08
  0.121994E-02  0.200506E+08  0.200504E+08  0.590338E+06  0.588454E+06  0.197628E+08  0.200487E+08
  0.135843E-02  0.199974E+08  0.199971E+08  0.316056E+06  0.317456E+06  0.196472E+08  0.199951E+08
  0.151264E-02  0.199353E+08  0.199350E+08  0.205266E+06  0.207335E+06  0.195109E+08  0.199325E+08
  0.168436E-02  0.198632E+08  0.198628E+08  0.202277E+06  0.201306E+06  0.193513E+08  0.198598E+08
  0.187557E-02  0.197795E+08  0.197791E+08  0.134287E+06  0.132902E+06  0.191656E+08  0.197755E+08
  0.208848E-02  0.196830E+08  0.196824E+08  0.502943E+05  0.517591E+05  0.189515E+08  0.196781E+08
  0.232557E-02  0.195718E+08  0.195712E+08  0.570818E+05  0.563788E+05  0.187067E+08  0.195661E+08
  0.258957E-02  0.194445E+08  0.194437E+08  0.285392E+05  0.265622E+05  0.184295E+08  0.194378E+08
  0.288354E-02  0.192993E+08  0.192983E+08  0.148963E+05  0.118279E+05  0.181186E+08  0.192915E+08
  0.321088E-02  0.191343E+08  0.191331E+08  0.123915E+05  0.744294E+04  0.177732E+08  0.191253E+08
  0.357538E-02  0.189479E+08  0.189464E+08  0.652253E+03  0.131531E+04  0.173923E+08  0.189375E+08
  0.398126E-02  0.187381E+08  0.187363E+08 -0.527966E+04 -0.545047E+04  0.169750E+08  0.187264E+08
  0.443322E-02  0.185034E+08  0.185012E+08 -0.761458E+03 -0.177563E+04  0.165195E+08  0.184901E+08
  0.493648E-02  0.182419E+08  0.182392E+08  0.000000E+00  0.000000E+00  0.160237E+08  0.182271E+08
  0.498985E-02  0.182142E+08  0.182115E+08  0.000000E+00  0.000000E+00  0.159718E+08  0.181992E+08
  0.504379E-02  0.181863E+08  0.181834E+08  0.000000E+00  0.000000E+00  0.159195E+08  0.181711E+08
  0.509832E-02  0.181580E+08  0.181551E+08  0.000000E+00  0.000000E+00  0.158668E+08  0.181427E+08
  0.515344E-02  0.181295E+08  0.181265E+08  0.000000E+00  0.000000E+00  0.158137E+08  0.181140E+08
  0.520915E-02  0.181006E+08  0.180976E+08  0.000000E+00  0.000000E+00  0.157601E+08  0.180850E+08
  0.526546E-02  0.180715E+08  0.180684E+08  0.000000E+00  0.000000E+00  0.157061E+08  0.180557E+08
  0.532239E-02  0.180421E+08  0.180389E+08  0.000000E+00  0.000000E+00  0.156516E+08  0.180261E+08
  0.537993E-02  0.180124E+08  0.180092E+08  0.000000E+00  0.000000E+00  0.155968E+08  0.179962E+08
  0.543809E-02  0.179824E+08  0.179791E+08  0.000000E+00  0.000000E+00  0.155415E+08  0.179660E+08
  0.549688E-02  0.179521E+08  0.179487E+08  0.000000E+00  0.000000E+00  0.154857E+08  0.179355E+08
  0.555630E-02  0.179214E+08  0.179180E+08  0.000000E+00  0.000000E+00  0.154296E+08  0.179047E+08
  0.561637E-02  0.178905E+08  0.178870E+08  0.000000E+00  0.000000E+00  0.153730E+08  0.178736E+08
  0.567709E-02  0.178593E+08  0.178557E+08  0.000000E+00  0.000000E+00  0.153159E+08  0.178422E+08
  0.573846E-02  0.178278E+08  0.178241E+08  0.000000E+00  0.000000E+00  0.152585E+08  0.178105E+08
  0.580050E-02  0.177959E+08  0.177922E+08  0.000000E+00  0.000000E+00  0.152006E+08  0.177785E+08
  0.586320E-02  0.177638E+08  0.177600E+08  0.000000E+00  0.000000E+00  0.151422E+08  0.177462E+08
  0.592659E-02  0.177313E+08  0.177275E+08  0.000000E+00  0.000000E+00  0.150835E+08  0.177135E+08
  0.599066E-02  0.176986E+08  0.176946E+08  0.000000E+00  0.000000E+00  0.150243E+08  0.176806E+08
  0.605542E-02  0.176655E+08  0.176615E+08  0.000000E+00  0.000000E+00  0.149646E+08  0.176473E+08
  0.612089E-02  0.176321E+08  0.176280E+08  0.000000E+00  0.000000E+00  0.149046E+08  0.176137E+08
  0.618706E-02  0.175984E+08  0.175942E+08  0.000000E+00  0.000000E+00  0.148441E+08  0.175798E+08
  0.625394E-02  0.175644E+08  0.175601E+08  0.000000E+00  0.000000E+00  0.147832E+08  0.175456E+08
  0.632155E-02  0.175300E+08  0.175256E+08  0.000000E+00  0.000000E+00  0.147218E+08  0.175110E+08
  0.638989E-02  0.174953E+08  0.174909E+08  0.000000E+00  0.000000E+00  0.146600E+08  0.174762E+08
  0.645897E-02  0.174603E+08  0.174558E+08  0.000000E+00  0.000000E+00  0.145978E+08  0.174410E+08
  0.652880E-02  0.174250E+08  0.174204E+08  0.000000E+00  0.000000E+00  0.145352E+08  0.174055E+08
  0.659938E-02  0.173893E+08  0.173846E+08  0.000000E+00  0.000000E+00  0.144722E+08  0.173696E+08
  0.667072E-02  0.173534E+08  0.173485E+08  0.000000E+00  0.000000E+00  0.144087E+08  0.173334E+08
  0.674284E-02  0.173170E+08  0.173121E+08  0.000000E+00  0.000000E+00  0.143449E+08  0.172969E+08
  0.681573E-02  0.172804E+08  0.172754E+08  0.000000E+00  0.000000E+00  0.142806E+08  0.172601E+08
  0.688942E-02  0.172434E+08  0.172383E+08  0.000000E+00  0.000000E+00  0.142159E+08  0.172229E+08
  0.696390E-02  0.172061E+08  0.172009E+08  0.000000E+00  0.000000E+00  0.141508E+08  0.171854E+08
  0.703918E-02  0.171684E+08  0.171631E+08  0.000000E+00  0.000000E+00  0.140853E+08  0.171476E+08
  0.711528E-02  0.171304E+08  0.171250E+08  0.000000E+00  0.000000E+00  0.140193E+08  0.171094E+08
  0.719220E-02  0.170921E+08  0.170866E+08  0.000000E+00  0.000000E+00  0.139530E+08  0.170708E+08
  0.726995E-02  0.170534E+08  0.170478E+08  0.000000E+00  0.000000E+00  0.138863E+08  0.170320E+08
  0.734855E-02  0.170144E+08  0.170087E+08  0.000000E+00  0.000000E+00  0.138192E+08  0.169927E+08
  0.742799E-02  0.169751E+08  0.169692E+08  0.000000E+00  0.000000E+00  0.137517E+08  0.169532E+08
  0.750829E-02  0.169353E+08  0.169293E+08  0.000000E+00  0.000000E+00  0.136838E+08  0.169132E+08
  0.758946E-02  0.168953E+08  0.168892E+08  0.000000E+00  0.000000E+00  0.136155E+08  0.168730E+08
  0.767151E-02  0.168549E+08  0.168486E+08  0.000000E+00  0.000000E+00  0.135468E+08  0.168324E+08
  0.775444E-02  0.168141E+08  0.168077E+08  0.000000E+00  0.000000E+00  0.134778E+08  0.167914E+08
  0.783828E-02  0.167730E+08  0.167665E+08  0.000000E+00  0.000000E+00  0.134083E+08  0.167501E+08
  0.792301E-02  0.167315E+08  0.167249E+08  0.000000E+00  0.000000E+00  0.133385E+08  0.167084E+08
  0.800867E-02  0.166897E+08  0.166829E+08  0.000000E+00  0.000000E+00  0.132683E+08  0.166664E+08
  0.809524E-02  0.166475E+08  0.166406E+08  0.000000E+00  0.000000E+00  0.131978E+08  0.166240E+08
  0.818276E-02  0.166050E+08  0.165979E+08  0.000000E+00  0.000000E+00  0.131269E+08  0.165812E+08
  0.827122E-02  0.165621E+08  0.165549E+08  0.000000E+00  0.000000E+00  0.130556E+08  0.165381E+08
  0.836064E-02  0.165188E+08  0.165115E+08  0.000000E+00  0.000000E+00  0.129840E+08  0.164947E+08
  0.845102E-02  0.164752E+08  0.164677E+08  0.000000E+00  0.000000E+00  0.129120E+08  0.164508E+08
  0.854239E-02  0.164312E+08  0.164236E+08  0.000000E+00  0.000000E+00  0.128397E+08  0.164066E+08
  0.863473E-02  0.163868E+08  0.163791E+08  0.000000E+00  0.000000E+00  0.127670E+08  0.163620E+08
  0.872808E-02  0.163421E+08  0.163342E+08  0.000000E+00  0.000000E+00  0.126940E+08  0.163171E+08
  0.882244E-02  0.162970E+08  0.162889E+08  0.000000E+00  0.000000E+00  0.126206E+08  0.162718E+08
  0.891782E-02  0.162515E+08  0.162433E+08  0.000000E+00  0.000000E+00  0.125470E+08  0.162261E+08
  0.901422E-02  0.162056E+08  0.161973E+08  0.000000E+00  0.000000E+00  0.124729E+08  0.161800E+08
  0.911167E-02  0.161594E+08  0.161509E+08  0.000000E+00  0.000000E+00  0.123986E+08  0.161336E+08
  0.921018E-02  0.161128E+08  0.161041E+08  0.000000E+00  0.000000E+00  0.123239E+08  0.160868E+08
  0.930975E-02  0.160658E+08  0.160570E+08  0.000000E+00  0.000000E+00  0.122490E+08  0.160396E+08
  0.941039E-02  0.160185E+08  0.160094E+08  0.000000E+00  0.000000E+00  0.121737E+08  0.159920E+08
  0.951212E-02  0.159707E+08  0.159615E+08  0.000000E+00  0.000000E+00  0.120981E+08  0.159441E+08
  0.961496E-02  0.159226E+08  0.159132E+08  0.000000E+00  0.000000E+00  0.120222E+08  0.158957E+08
  0.971890E-02  0.158741E+08  0.158645E+08  0.000000E+00  0.000000E+00  0.119460E+08  0.158470E+08
  0.982397E-02  0.158252E+08  0.158154E+08  0.000000E+00  0.000000E+00  0.118695E+08  0.157979E+08
  0.993017E-02  0.157759E+08  0.157660E+08  0.000000E+00  0.000000E+00  0.117928E+08  0.157484E+08
  0.100375E-01  0.157262E+08  0.157161E+08  0.000000E+00  0.000000E+00  0.117157E+08  0.156985E+08
  0.101460E-01  0.156762E+08  0.156658E+08  0.000000E+00  0.000000E+00  0.116384E+08  0.156483E+08
  0.102557E-01  0.156257E+08  0.156152E+08  0.000000E+00  0.000000E+00  0.115608E+08  0.155976E+08
  0.103666E-01  0.155748E+08  0.155641E+08  0.000000E+00  0.000000E+00  0.114830E+08  0.155465E+08
  0.104787E-01  0.155236E+08  0.155127E+08  0.000000E+00  0.000000E+00  0.114048E+08  0.154951E+08
  0.105919E-01  0.154720E+08  0.154608E+08  0.000000E+00  0.000000E+00  0.113265E+08  0.154432E+08
  0.107065E-01  0.154199E+08  0.154086E+08  0.000000E+00  0.000000E+00  0.112478E+08  0.153910E+08
  0.108222E-01  0.153675E+08  0.153559E+08  0.000000E+00  0.000000E+00  0.111690E+08  0.153384E+08
  0.109392E-01  0.153147E+08  0.153029E+08  0.000000E+00  0.000000E+00  0.110899E+08  0.152853E+08
  0.110575E-01  0.152614E+08  0.152494E+08  0.000000E+00  0.000000E+00  0.110106E+08  0.152319E+08
  0.111770E-01  0.152078E+08  0.151955E+08  0.000000E+00  0.000000E+00  0.109310E+08  0.151780E+08
  0.112978E-01  0.151537E+08  0.151413E+08  0.000000E+00  0.000000E+00  0.108512E+08  0.151238E+08
  0.114200E-01  0.150993E+08  0.150866E+08  0.000000E+00  0.000000E+00  0.107712E+08  0.150691E+08
  0.115434E-01  0.150444E+08  0.150315E+08  0.000000E+00  0.000000E+00  0.106911E+08  0.150140E+08
  0.116682E-01  0.149891E+08  0.149760E+08  0.000000E+00  0.000000E+00  0.106107E+08  0.149586E+08
  0.117944E-01  0.149335E+08  0.149201E+08  0.000000E+00  0.000000E+00  0.105301E+08  0.149027E+08
  0.119219E-01  0.148774E+08  0.148637E+08  0.000000E+00  0.000000E+00  0.104493E+08  0.148464E+08
  0.120507E-01  0.148209E+08  0.148070E+08  0.000000E+00  0.000000E+00  0.103684E+08  0.147897E+08
  0.121810E-01  0.147640E+08  0.147498E+08  0.000000E+00  0.000000E+00  0.102872E+08  0.147326E+08
  0.123127E-01  0.147066E+08  0.146922E+08  0.000000E+00  0.000000E+00  0.102059E+08  0.146751E+08
  0.124458E-01  0.146489E+08  0.146342E+08  0.000000E+00  0.000000E+00  0.101245E+08  0.146171E+08
  0.125804E-01  0.145907E+08  0.145758E+08  0.000000E+00  0.000000E+00  0.100429E+08  0.145588E+08
  0.127164E-01  0.145321E+08  0.145169E+08  0.000000E+00  0.000000E+00  0.996114E+07  0.145000E+08
  0.128538E-01  0.144731E+08  0.144577E+08  0.000000E+00  0.000000E+00  0.987925E+07  0.144408E+08
  0.129928E-01  0.144137E+08  0.143980E+08  0.000000E+00  0.000000E+00  0.979723E+07  0.143812E+08
  0.131333E-01  0.143539E+08  0.143378E+08  0.000000E+00  0.000000E+00  0.971509E+07  0.143212E+08
  0.132752E-01  0.142936E+08  0.142773E+08  0.000000E+00  0.000000E+00  0.963283E+07  0.142607E+08
  0.134188E-01  0.142329E+08  0.142163E+08  0.000000E+00  0.000000E+00  0.955046E+07  0.141999E+08
  0.135638E-01  0.141718E+08  0.141549E+08  0.000000E+00  0.000000E+00  0.946799E+07  0.141386E+08
  0.137105E-01  0.141103E+08  0.140931E+08  0.000000E+00  0.000000E+00  0.938542E+07  0.140769E+08
  0.138587E-01  0.140484E+08  0.140308E+08  0.000000E+00  0.000000E+00  0.930277E+07  0.140147E+08
  0.140085E-01  0.139860E+08  0.139682E+08  0.000000E+00  0.000000E+00  0.922004E+07  0.139522E+08
  0.141599E-01  0.139232E+08  0.139050E+08  0.000000E+00  0.000000E+00  0.913725E+07  0.138892E+08
  0.143130E-01  0.138600E+08  0.138415E+08  0.000000E+00  0.000000E+00  0.905438E+07  0.138258E+08
  0.144678E-01  0.137963E+08  0.137775E+08  0.000000E+00  0.000000E+00  0.897147E+07  0.137619E+08
  0.146242E-01  0.137322E+08  0.137131E+08  0.000000E+00  0.000000E+00  0.888851E+07  0.136977E+08
  0.147823E-01  0.136677E+08  0.136483E+08  0.000000E+00  0.000000E+00  0.880551E+07  0.136330E+08
  0.149421E-01  0.136028E+08  0.135830E+08  0.000000E+00  0.000000E+00  0.872248E+07  0.135679E+08
  0.151036E-01  0.135374E+08  0.135173E+08  0.000000E+00  0.000000E+00  0.863943E+07  0.135024E+08
  0.152669E-01  0.134716E+08  0.134512E+08  0.000000E+00  0.000000E+00  0.855637E+07  0.134364E+08
  0.154319E-01  0.134054E+08  0.133846E+08  0.000000E+00  0.000000E+00  0.847330E+07  0.133701E+08
  0.155988E-01  0.133388E+08  0.133177E+08  0.000000E+00  0.000000E+00  0.839024E+07  0.133033E+08
  0.157674E-01  0.132717E+08  0.132502E+08  0.000000E+00  0.000000E+00  0.830719E+07  0.132360E+08
  0.159378E-01  0.132042E+08  0.131824E+08  0.000000E+00  0.000000E+00  0.822417E+07  0.131684E+08
  0.161101E-01  0.131363E+08  0.131141E+08  0.000000E+00  0.000000E+00  0.814117E+07  0.131003E+08
  0.162843E-01  0.130680E+08  0.130454E+08  0.000000E+00  0.000000E+00  0.805822E+07  0.130318E+08
  0.164603E-01  0.129992E+08  0.129763E+08  0.000000E+00  0.000000E+00  0.797531E+07  0.129629E+08
  0.166383E-01  0.129301E+08  0.129068E+08  0.000000E+00  0.000000E+00  0.789247E+07  0.128936E+08
  0.168182E-01  0.128605E+08  0.128368E+08  0.000000E+00  0.000000E+00  0.780969E+07  0.128239E+08
  0.170000E-01  0.127905E+08  0.127664E+08  0.000000E+00  0.000000E+00  0.772698E+07  0.127537E+08
  0.171838E-01  0.127200E+08  0.126956E+08  0.000000E+00  0.000000E+00  0.764436E+07  0.126831E+08
  0.173695E-01  0.126492E+08  0.126243E+08  0.000000E+00  0.000000E+00  0.756184E+07  0.126121E+08
  0.175573E-01  0.125779E+08  0.125527E+08  0.000000E+00  0.000000E+00  0.747942E+07  0.125407E+08
  0.177471E-01  0.125062E+08  0.124806E+08  0.000000E+00  0.000000E+00  0.739711E+07  0.124689E+08
  0.179390E-01  0.124342E+08  0.124082E+08  0.000000E+00  0.000000E+00  0.731493E+07  0.123967E+08
  0.181329E-01  0.123617E+08  0.123353E+08  0.000000E+00  0.000000E+00  0.723288E+07  0.123241E+08
  0.183289E-01  0.122888E+08  0.122620E+08  0.000000E+00  0.000000E+00  0.715097E+07  0.122511E+08
  0.185271E-01  0.122155E+08  0.121883E+08  0.000000E+00  0.000000E+00  0.706922E+07  0.121777E+08
  0.187274E-01  0.121418E+08  0.121142E+08  0.000000E+00  0.000000E+00  0.698762E+07  0.121039E+08
  0.189298E-01  0.120677E+08  0.120397E+08  0.000000E+00  0.000000E+00  0.690620E+07  0.120297E+08
  0.191345E-01  0.119933E+08  0.119648E+08  0.000000E+00  0.000000E+00  0.682496E+07  0.119551E+08
  0.193413E-01  0.119184E+08  0.118896E+08  0.000000E+00  0.000000E+00  0.674391E+07  0.118802E+08
  0.195504E-01  0.118432E+08  0.118139E+08  0.000000E+00  0.000000E+00  0.666306E+07  0.118048E+08
  0.197618E-01  0.117676E+08  0.117379E+08  0.000000E+00  0.000000E+00  0.658242E+07  0.117291E+08
  0.199754E-01  0.116916E+08  0.116615E+08  0.000000E+00  0.000000E+00  0.650201E+07  0.116531E+08
  0.201914E-01  0.116152E+08  0.115847E+08  0.000000E+00  0.000000E+00  0.642183E+07  0.115766E+08
  0.204097E-01  0.115385E+08  0.115076E+08  0.000000E+00  0.000000E+00  0.634188E+07  0.114998E+08
  0.206303E-01  0.114615E+08  0.114301E+08  0.000000E+00  0.000000E+00  0.626220E+07  0.114227E+08
  0.208533E-01  0.113841E+08  0.113522E+08  0.000000E+00  0.000000E+00  0.618277E+07  0.113452E+08
  0.210788E-01  0.113063E+08  0.112740E+08  0.000000E+00  0.000000E+00  0.610362E+07  0.112673E+08
  0.213066E-01  0.112282E+08  0.111955E+08  0.000000E+00  0.000000E+00  0.602476E+07  0.111892E+08
  0.215370E-01  0.111498E+08  0.111167E+08  0.000000E+00  0.000000E+00  0.594618E+07  0.111107E+08
  0.217698E-01  0.110710E+08  0.110375E+08  0.000000E+00  0.000000E+00  0.586792E+07  0.110319E+08
  0.220052E-01  0.109920E+08  0.109580E+08  0.000000E+00  0.000000E+00  0.578997E+07  0.109528E+08
  0.222430E-01  0.109126E+08  0.108782E+08  0.000000E+00  0.000000E+00  0.571235E+07  0.108733E+08
  0.224835E-01  0.108330E+08  0.107981E+08  0.000000E+00  0.000000E+00  0.563507E+07  0.107936E+08
  0.227266E-01  0.107530E+08  0.107178E+08  0.000000E+00  0.000000E+00  0.555813E+07  0.107136E+08
  0.229723E-01  0.106728E+08  0.106371E+08  0.000000E+00  0.000000E+00  0.548156E+07  0.106334E+08
  0.232206E-01  0.105923E+08  0.105562E+08  0.000000E+00  0.000000E+00  0.540536E+07  0.105528E+08
  0.234716E-01  0.105116E+08  0.104751E+08  0.000000E+00  0.000000E+00  0.532954E+07  0.104721E+08
  0.237254E-01  0.104306E+08  0.103936E+08  0.000000E+00  0.000000E+00  0.525411E+07  0.103910E+08
  0.239819E-01  0.103494E+08  0.103120E+08  0.000000E+00  0.000000E+00  0.517909E+07  0.103098E+08
  0.242411E-01  0.102679E+08  0.102301E+08  0.000000E+00  0.000000E+00  0.510449E+07  0.102283E+08
  0.245032E-01  0.101863E+08  0.101481E+08  0.000000E+00  0.000000E+00  0.503031E+07  0.101466E+08
  0.247681E-01  0.101044E+08  0.100658E+08  0.000000E+00  0.000000E+00  0.495657E+07  0.100648E+08
  0.250359E-01  0.100224E+08  0.998337E+07  0.000000E+00  0.000000E+00  0.488328E+07  0.998274E+07
  0.253065E-01  0.994015E+07  0.990077E+07  0.000000E+00  0.000000E+00  0.481046E+07  0.990053E+07
  0.255801E-01  0.985779E+07  0.981801E+07  0.000000E+00  0.000000E+00  0.473810E+07  0.981816E+07
  0.258566E-01  0.977528E+07  0.973512E+07  0.000000E+00  0.000000E+00  0.466622E+07  0.973567E+07
  0.261362E-01  0.969265E+07  0.965211E+07  0.000000E+00  0.000000E+00  0.459484E+07  0.965305E+07
  0.264187E-01  0.960991E+07  0.956900E+07  0.000000E+00  0.000000E+00  0.452396E+07  0.957033E+07
  0.267043E-01  0.952708E+07  0.948580E+07  0.000000E+00  0.000000E+00  0.445360E+07  0.948752E+07
  0.269930E-01  0.944417E+07  0.940253E+07  0.000000E+00  0.000000E+00  0.438376E+07  0.940464E+07
  0.272848E-01  0.936120E+07  0.931921E+07  0.000000E+00  0.000000E+00  0.431446E+07  0.932170E+07
  0.275798E-01  0.927820E+07  0.923586E+07  0.000000E+00  0.000000E+00  0.424571E+07  0.923873E+07
  0.278779E-01  0.919516E+07  0.915250E+07  0.000000E+00  0.000000E+00  0.417751E+07  0.915574E+07
  0.281793E-01  0.911213E+07  0.906914E+07  0.000000E+00  0.000000E+00  0.410988E+07  0.907276E+07
  0.284840E-01  0.902912E+07  0.898581E+07  0.000000E+00  0.000000E+00  0.404283E+07  0.898980E+07
  0.287919E-01  0.894614E+07  0.890253E+07  0.000000E+00  0.000000E+00  0.397637E+07  0.890688E+07
  0.291032E-01  0.886322E+07  0.881932E+07  0.000000E+00  0.000000E+00  0.391051E+07  0.882402E+07
  0.294178E-01  0.878037E+07  0.873619E+07  0.000000E+00  0.000000E+00  0.384525E+07  0.874125E+07
  0.297358E-01  0.869763E+07  0.865318E+07  0.000000E+00  0.000000E+00  0.378062E+07  0.865858E+07
  0.300573E-01  0.861501E+07  0.857031E+07  0.000000E+00  0.000000E+00  0.371661E+07  0.857604E+07
  0.303822E-01  0.853254E+07  0.848759E+07  0.000000E+00  0.000000E+00  0.365324E+07  0.849365E+07
  0.307107E-01  0.845023E+07  0.840506E+07  0.000000E+00  0.000000E+00  0.359052E+07  0.841144E+07
  0.310427E-01  0.836812E+07  0.832273E+07  0.000000E+00  0.000000E+00  0.352846E+07  0.832942E+07
  0.313783E-01  0.828622E+07  0.824064E+07  0.000000E+00  0.000000E+00  0.346707E+07  0.824762E+07
  0.317175E-01  0.820456E+07  0.815879E+07  0.000000E+00  0.000000E+00  0.340635E+07  0.816607E+07
  0.320604E-01  0.812316E+07  0.807724E+07  0.000000E+00  0.000000E+00  0.334631E+07  0.808479E+07
  0.324070E-01  0.804206E+07  0.799598E+07  0.000000E+00  0.000000E+00  0.328696E+07  0.800380E+07
  0.327573E-01  0.796127E+07  0.791506E+07  0.000000E+00  0.000000E+00  0.322832E+07  0.792314E+07
  0.331114E-01  0.788082E+07  0.783450E+07  0.000000E+00  0.000000E+00  0.317038E+07  0.784281E+07
  0.334694E-01  0.780074E+07  0.775432E+07  0.000000E+00  0.000000E+00  0.311316E+07  0.776286E+07
  0.338312E-01  0.772105E+07  0.767456E+07  0.000000E+00  0.000000E+00  0.305665E+07  0.768331E+07
  0.341970E-01  0.764177E+07  0.759523E+07  0.000000E+00  0.000000E+00  0.300087E+07  0.760419E+07
  0.345667E-01  0.756295E+07  0.751637E+07  0.000000E+00  0.000000E+00  0.294583E+07  0.752551E+07
  0.349404E-01  0.748459E+07  0.743800E+07  0.000000E+00  0.000000E+00  0.289152E+07  0.744731E+07
  0.353181E-01  0.740673E+07  0.736016E+07  0.000000E+00  0.000000E+00  0.283796E+07  0.736961E+07
  0.356999E-01  0.732940E+07  0.728285E+07  0.000000E+00  0.000000E+00  0.278514E+07  0.729244E+07
  0.360858E-01  0.725262E+07  0.720612E+07  0.000000E+00  0.000000E+00  0.273309E+07  0.721582E+07
  0.364760E-01  0.717641E+07  0.712999E+07  0.000000E+00  0.000000E+00  0.268179E+07  0.713979E+07
  0.368703E-01  0.710081E+07  0.705449E+07  0.000000E+00  0.000000E+00  0.263126E+07  0.706437E+07
  0.372689E-01  0.702582E+07  0.697963E+07  0.000000E+00  0.000000E+00  0.258149E+07  0.698956E+07
  0.376718E-01  0.695148E+07  0.690544E+07  0.000000E+00  0.000000E+00  0.253249E+07  0.691542E+07
  0.380790E-01  0.687783E+07  0.683196E+07  0.000000E+00  0.000000E+00  0.248427E+07  0.684196E+07
  0.384907E-01  0.680488E+07  0.675921E+07  0.000000E+00  0.000000E+00  0.243683E+07  0.676921E+07
  0.389068E-01  0.673267E+07  0.668722E+07  0.000000E+00  0.000000E+00  0.239016E+07  0.669720E+07
  0.393274E-01  0.666122E+07  0.661602E+07  0.000000E+00  0.000000E+00  0.234428E+07  0.662595E+07
  0.397526E-01  0.659054E+07  0.654561E+07  0.000000E+00  0.000000E+00  0.229917E+07  0.655548E+07
  0.401823E-01  0.652066E+07  0.647603E+07  0.000000E+00  0.000000E+00  0.225484E+07  0.648582E+07
  0.406167E-01  0.645160E+07  0.640729E+07  0.000000E+00  0.000000E+00  0.221127E+07  0.641697E+07
  0.410558E-01  0.638337E+07  0.633941E+07  0.000000E+00  0.000000E+00  0.216848E+07  0.634896E+07
  0.414997E-01  0.631599E+07  0.627241E+07  0.000000E+00  0.000000E+00  0.212646E+07  0.628180E+07
  0.419483E-01  0.624947E+07  0.620629E+07  0.000000E+00  0.000000E+00  0.208520E+07  0.621552E+07
  0.424018E-01  0.618384E+07  0.614108E+07  0.000000E+00  0.000000E+00  0.204471E+07  0.615011E+07
  0.428602E-01  0.611910E+07  0.607680E+07  0.000000E+00  0.000000E+00  0.200498E+07  0.608561E+07
  0.433235E-01  0.605528E+07  0.601345E+07  0.000000E+00  0.000000E+00  0.196600E+07  0.602203E+07
  0.437919E-01  0.599238E+07  0.595106E+07  0.000000E+00  0.000000E+00  0.192778E+07  0.595937E+07
  0.442653E-01  0.593043E+07  0.588963E+07  0.000000E+00  0.000000E+00  0.189030E+07  0.589766E+07
  0.447439E-01  0.586943E+07  0.582918E+07  0.000000E+00  0.000000E+00  0.185356E+07  0.583691E+07
  0.452276E-01  0.580938E+07  0.576971E+07  0.000000E+00  0.000000E+00  0.181755E+07  0.577711E+07
  0.457165E-01  0.575030E+07  0.571122E+07  0.000000E+00  0.000000E+00  0.178226E+07  0.571827E+07
  0.462107E-01  0.569218E+07  0.565372E+07  0.000000E+00  0.000000E+00  0.174768E+07  0.566040E+07
  0.467103E-01  0.563502E+07  0.559720E+07  0.000000E+00  0.000000E+00  0.171381E+07  0.560350E+07
  0.472153E-01  0.557882E+07  0.554166E+07  0.000000E+00  0.000000E+00  0.168062E+07  0.554756E+07
  0.477257E-01  0.552358E+07  0.548710E+07  0.000000E+00  0.000000E+00  0.164812E+07  0.549257E+07
  0.482417E-01  0.546930E+07  0.543351E+07  0.000000E+00  0.000000E+00  0.161629E+07  0.543855E+07
  0.487632E-01  0.541596E+07  0.538088E+07  0.000000E+00  0.000000E+00  0.158513E+07  0.538547E+07
  0.492904E-01  0.536356E+07  0.532921E+07  0.000000E+00  0.000000E+00  0.155461E+07  0.533332E+07
  0.498232E-01  0.531208E+07  0.527848E+07  0.000000E+00  0.000000E+00  0.152472E+07  0.528210E+07
  0.503618E-01  0.526151E+07  0.522866E+07  0.000000E+00  0.000000E+00  0.149545E+07  0.523179E+07
  0.509063E-01  0.521182E+07  0.517974E+07  0.000000E+00  0.000000E+00  0.146679E+07  0.518236E+07
  0.514566E-01  0.516300E+07  0.513170E+07  0.000000E+00  0.000000E+00  0.143871E+07  0.513380E+07
  0.520129E-01  0.511501E+07  0.508449E+07  0.000000E+00  0.000000E+00  0.141122E+07  0.508607E+07
  0.525752E-01  0.506784E+07  0.503811E+07  0.000000E+00  0.000000E+00  0.138428E+07  0.503915E+07
  0.531436E-01  0.502144E+07  0.499252E+07  0.000000E+00  0.000000E+00  0.135790E+07  0.499302E+07
  0.537181E-01  0.497581E+07  0.494768E+07  0.000000E+00  0.000000E+00  0.133203E+07  0.494764E+07
  0.542988E-01  0.493090E+07  0.490358E+07  0.000000E+00  0.000000E+00  0.130668E+07  0.490299E+07
  0.548858E-01  0.488669E+07  0.486017E+07  0.000000E+00  0.000000E+00  0.128182E+07  0.485903E+07
  0.554792E-01  0.484313E+07  0.481741E+07  0.000000E+00  0.000000E+00  0.125743E+07  0.481572E+07
  0.560790E-01  0.480019E+07  0.477526E+07  0.000000E+00  0.000000E+00  0.123351E+07  0.477303E+07
  0.566852E-01  0.475781E+07  0.473367E+07  0.000000E+00  0.000000E+00  0.121004E+07  0.473090E+07
  0.572980E-01  0.471596E+07  0.469259E+07  0.000000E+00  0.000000E+00  0.118700E+07  0.468929E+07
  0.579175E-01  0.467458E+07  0.465198E+07  0.000000E+00  0.000000E+00  0.116437E+07  0.464815E+07
  0.588076E-01  0.461659E+07  0.459505E+07  0.000000E+00  0.000000E+00  0.113293E+07  0.459051E+07
  0.596977E-01  0.456017E+07  0.453965E+07  0.000000E+00  0.000000E+00  0.110267E+07  0.453442E+07
  0.605879E-01  0.450514E+07  0.448557E+07  0.000000E+00  0.000000E+00  0.107353E+07  0.447971E+07
  0.614780E-01  0.445131E+07  0.443266E+07  0.000000E+00  0.000000E+00  0.104542E+07  0.442620E+07
  0.623681E-01  0.439853E+07  0.438072E+07  0.000000E+00  0.000000E+00  0.101826E+07  0.437371E+07
  0.632583E-01  0.434661E+07  0.432960E+07  0.000000E+00  0.000000E+00  0.991976E+06  0.432209E+07
  0.641484E-01  0.429543E+07  0.427913E+07  0.000000E+00  0.000000E+00  0.966505E+06  0.427119E+07
  0.650386E-01  0.424483E+07  0.422920E+07  0.000000E+00  0.000000E+00  0.941801E+06  0.422087E+07
  0.659287E-01  0.419472E+07  0.417969E+07  0.000000E+00  0.000000E+00  0.917805E+06  0.417102E+07
  0.668188E-01  0.414500E+07  0.413049E+07  0.000000E+00  0.000000E+00  0.894468E+06  0.412155E+07
  0.677090E-01  0.409556E+07  0.408153E+07  0.000000E+00  0.000000E+00  0.871757E+06  0.407237E+07
  0.685991E-01  0.404635E+07  0.403271E+07  0.000000E+00  0.000000E+00  0.849639E+06  0.402339E+07
  0.694892E-01  0.399728E+07  0.398399E+07  0.000000E+00  0.000000E+00  0.828076E+06  0.397456E+07
  0.703794E-01  0.394830E+07  0.393529E+07  0.000000E+00  0.000000E+00  0.807037E+06  0.392581E+07
  0.712695E-01  0.389939E+07  0.388660E+07  0.000000E+00  0.000000E+00  0.786502E+06  0.387712E+07
  0.721597E-01  0.385051E+07  0.383788E+07  0.000000E+00  0.000000E+00  0.766455E+06  0.382844E+07
  0.730498E-01  0.380164E+07  0.378912E+07  0.000000E+00  0.000000E+00  0.746872E+06  0.377978E+07
  0.739399E-01  0.375278E+07  0.374032E+07  0.000000E+00  0.000000E+00  0.727740E+06  0.373113E+07
  0.748301E-01  0.370393E+07  0.369149E+07  0.000000E+00  0.000000E+00  0.709048E+06  0.368248E+07
  0.757202E-01  0.365511E+07  0.364264E+07  0.000000E+00  0.000000E+00  0.690787E+06  0.363385E+07
  0.766104E-01  0.360634E+07  0.359379E+07  0.000000E+00  0.000000E+00  0.672943E+06  0.358527E+07
  0.775005E-01  0.355764E+07  0.354498E+07  0.000000E+00  0.000000E+00  0.655513E+06  0.353676E+07
  0.783906E-01  0.350905E+07  0.349625E+07  0.000000E+00  0.000000E+00  0.638493E+06  0.348835E+07
  0.792808E-01  0.346061E+07  0.344764E+07  0.000000E+00  0.000000E+00  0.621877E+06  0.344008E+07
  0.801709E-01  0.341236E+07  0.339919E+07  0.000000E+00  0.000000E+00  0.605662E+06  0.339202E+07
  0.810610E-01  0.336437E+07  0.335098E+07  0.000000E+00  0.000000E+00  0.589846E+06  0.334420E+07
  0.819512E-01  0.331668E+07  0.330307E+07  0.000000E+00  0.000000E+00  0.574427E+06  0.329668E+07
  0.828413E-01  0.326936E+07  0.325550E+07  0.000000E+00  0.000000E+00  0.559403E+06  0.324953E+07
  0.837315E-01  0.322246E+07  0.320834E+07  0.000000E+00  0.000000E+00  0.544774E+06  0.320280E+07
  0.846216E-01  0.317604E+07  0.316167E+07  0.000000E+00  0.000000E+00  0.530541E+06  0.315655E+07
  0.855117E-01  0.313016E+07  0.311554E+07  0.000000E+00  0.000000E+00  0.516701E+06  0.311084E+07
  0.864019E-01  0.308490E+07  0.307002E+07  0.000000E+00  0.000000E+00  0.503253E+06  0.306575E+07
  0.872920E-01  0.304031E+07  0.302518E+07  0.000000E+00  0.000000E+00  0.490195E+06  0.302132E+07
  0.881821E-01  0.299644E+07  0.298107E+07  0.000000E+00  0.000000E+00  0.477524E+06  0.297762E+07
  0.890723E-01  0.295335E+07  0.293776E+07  0.000000E+00  0.000000E+00  0.465240E+06  0.293469E+07
  0.899624E-01  0.291109E+07  0.289529E+07  0.000000E+00  0.000000E+00  0.453340E+06  0.289260E+07
  0.908526E-01  0.286971E+07  0.285372E+07  0.000000E+00  0.000000E+00  0.441821E+06  0.285138E+07
  0.917427E-01  0.282926E+07  0.281310E+07  0.000000E+00  0.000000E+00  0.430677E+06  0.281109E+07
  0.926328E-01  0.278979E+07  0.277348E+07  0.000000E+00  0.000000E+00  0.419905E+06  0.277178E+07
  0.935230E-01  0.275132E+07  0.273490E+07  0.000000E+00  0.000000E+00  0.409499E+06  0.273348E+07
  0.944131E-01  0.271391E+07  0.269738E+07  0.000000E+00  0.000000E+00  0.399457E+06  0.269623E+07
  0.953033E-01  0.267756E+07  0.266097E+07  0.000000E+00  0.000000E+00  0.389772E+06  0.266004E+07
  0.961934E-01  0.264230E+07  0.262567E+07  0.000000E+00  0.000000E+00  0.380435E+06  0.262495E+07
  0.970835E-01  0.260816E+07  0.259152E+07  0.000000E+00  0.000000E+00  0.371439E+06  0.259096E+07
  0.979737E-01  0.257513E+07  0.255851E+07  0.000000E+00  0.000000E+00  0.362775E+06  0.255810E+07
  0.988638E-01  0.254324E+07  0.252666E+07  0.000000E+00  0.000000E+00  0.354436E+06  0.252637E+07
  0.997539E-01  0.251247E+07  0.249597E+07  0.000000E+00  0.000000E+00  0.346414E+06  0.249576E+07
  0.100644E+00  0.248282E+07  0.246643E+07  0.000000E+00  0.000000E+00  0.338700E+06  0.246627E+07
  0.101534E+00  0.245429E+07  0.243803E+07  0.000000E+00  0.000000E+00  0.331281E+06  0.243789E+07
  0.102424E+00  0.242685E+07  0.241076E+07  0.000000E+00  0.000000E+00  0.324147E+06  0.241062E+07
  0.103314E+00  0.240049E+07  0.238459E+07  0.000000E+00  0.000000E+00  0.317290E+06  0.238442E+07
  0.104205E+00  0.237519E+07  0.235951E+07  0.000000E+00  0.000000E+00  0.310698E+06  0.235927E+07
  0.105095E+00  0.235092E+07  0.233547E+07  0.000000E+00  0.000000E+00  0.304362E+06  0.233515E+07
  0.105985E+00  0.232763E+07  0.231244E+07  0.000000E+00  0.000000E+00  0.298266E+06  0.231201E+07
  0.106875E+00  0.230529E+07  0.229038E+07  0.000000E+00  0.000000E+00  0.292400E+06  0.228982E+07
  0.107765E+00  0.228386E+07  0.226924E+07  0.000000E+00  0.000000E+00  0.286755E+06  0.226854E+07
  0.108655E+00  0.226329E+07  0.224900E+07  0.000000E+00  0.000000E+00  0.281320E+06  0.224813E+07
  0.109545E+00  0.224356E+07  0.222959E+07  0.000000E+00  0.000000E+00  0.276083E+06  0.222854E+07
  0.110436E+00  0.222459E+07  0.221097E+07  0.000000E+00  0.000000E+00  0.271032E+06  0.220972E+07
  0.111326E+00  0.220635E+07  0.219308E+07  0.000000E+00  0.000000E+00  0.266155E+06  0.219162E+07
  0.112216E+00  0.218878E+07  0.217586E+07  0.000000E+00  0.000000E+00  0.261442E+06  0.217419E+07
  0.113106E+00  0.217182E+07  0.215926E+07  0.000000E+00  0.000000E+00  0.256884E+06  0.215737E+07
  0.113996E+00  0.215541E+07  0.214322E+07  0.000000E+00  0.000000E+00  0.252469E+06  0.214110E+07
  0.114886E+00  0.213952E+07  0.212770E+07  0.000000E+00  0.000000E+00  0.248187E+06  0.212534E+07
  0.115776E+00  0.212409E+07  0.211264E+07  0.000000E+00  0.000000E+00  0.244031E+06  0.211005E+07
  0.116667E+00  0.210906E+07  0.209797E+07  0.000000E+00  0.000000E+00  0.239990E+06  0.209514E+07
  0.117557E+00  0.209438E+07  0.208364E+07  0.000000E+00  0.000000E+00  0.236055E+06  0.208058E+07
  0.118447E+00  0.207998E+07  0.206960E+07  0.000000E+00  0.000000E+00  0.232216E+06  0.206631E+07
  0.119337E+00  0.206582E+07  0.205578E+07  0.000000E+00  0.000000E+00  0.228466E+06  0.205228E+07
  0.120227E+00  0.205186E+07  0.204215E+07  0.000000E+00  0.000000E+00  0.224799E+06  0.203844E+07
  0.121117E+00  0.203805E+07  0.202865E+07  0.000000E+00  0.000000E+00  0.221208E+06  0.202474E+07
  0.122007E+00  0.202434E+07  0.201525E+07  0.000000E+00  0.000000E+00  0.217686E+06  0.201114E+07
  0.122898E+00  0.201069E+07  0.200189E+07  0.000000E+00  0.000000E+00  0.214227E+06  0.199761E+07
  0.123788E+00  0.199708E+07  0.198855E+07  0.000000E+00  0.000000E+00  0.210825E+06  0.198411E+07
  0.124678E+00  0.198346E+07  0.197518E+07  0.000000E+00  0.000000E+00  0.207477E+06  0.197059E+07
  0.125568E+00  0.196980E+07  0.196176E+07  0.000000E+00  0.000000E+00  0.204178E+06  0.195704E+07
  0.126458E+00  0.195607E+07  0.194826E+07  0.000000E+00  0.000000E+00  0.200924E+06  0.194342E+07
  0.127348E+00  0.194226E+07  0.193464E+07  0.000000E+00  0.000000E+00  0.197712E+06  0.192970E+07
  0.128238E+00  0.192833E+07  0.192089E+07  0.000000E+00  0.000000E+00  0.194538E+06  0.191588E+07
  0.129128E+00  0.191428E+07  0.190700E+07  0.000000E+00  0.000000E+00  0.191401E+06  0.190192E+07
  0.130019E+00  0.190008E+07  0.189294E+07  0.000000E+00  0.000000E+00  0.188297E+06  0.188781E+07
  0.130909E+00  0.188573E+07  0.187870E+07  0.000000E+00  0.000000E+00  0.185226E+06  0.187355E+07
  0.131799E+00  0.187121E+07  0.186429E+07  0.000000E+00  0.000000E+00  0.182186E+06  0.185913E+07
  0.132689E+00  0.185652E+07  0.184968E+07  0.000000E+00  0.000000E+00  0.179177E+06  0.184453E+07
  0.133579E+00  0.184167E+07  0.183489E+07  0.000000E+00  0.000000E+00  0.176197E+06  0.182976E+07
  0.134469E+00  0.182664E+07  0.181991E+07  0.000000E+00  0.000000E+00  0.173246E+06  0.181482E+07
  0.135359E+00  0.181145E+07  0.180474E+07  0.000000E+00  0.000000E+00  0.170324E+06  0.179971E+07
  0.136250E+00  0.179610E+07  0.178941E+07  0.000000E+00  0.000000E+00  0.167432E+06  0.178445E+07
  0.137140E+00  0.178061E+07  0.177391E+07  0.000000E+00  0.000000E+00  0.164570E+06  0.176904E+07
  0.138030E+00  0.176499E+07  0.175827E+07  0.000000E+00  0.000000E+00  0.161739E+06  0.175349E+07
  0.138920E+00  0.174925E+07  0.174250E+07  0.000000E+00  0.000000E+00  0.158940E+06  0.173783E+07
  0.139810E+00  0.173341E+07  0.172661E+07  0.000000E+00  0.000000E+00  0.156173E+06  0.172207E+07
  0.140700E+00  0.171749E+07  0.171064E+07  0.000000E+00  0.000000E+00  0.153440E+06  0.170623E+07
  0.141590E+00  0.170152E+07  0.169460E+07  0.000000E+00  0.000000E+00  0.150743E+06  0.169034E+07
  0.142481E+00  0.168551E+07  0.167852E+07  0.000000E+00  0.000000E+00  0.148084E+06  0.167441E+07
  0.143371E+00  0.166950E+07  0.166243E+07  0.000000E+00  0.000000E+00  0.145462E+06  0.165846E+07
  0.144261E+00  0.165350E+07  0.164634E+07  0.000000E+00  0.000000E+00  0.142880E+06  0.164253E+07
  0.145151E+00  0.163753E+07  0.163028E+07  0.000000E+00  0.000000E+00  0.140339E+06  0.162664E+07
  0.146041E+00  0.162162E+07  0.161428E+07  0.000000E+00  0.000000E+00  0.137840E+06  0.161081E+07
  0.146931E+00  0.160580E+07  0.159837E+07  0.000000E+00  0.000000E+00  0.135385E+06  0.159506E+07
  0.147821E+00  0.159009E+07  0.158256E+07  0.000000E+00  0.000000E+00  0.132975E+06  0.157942E+07
  0.148712E+00  0.157452E+07  0.156690E+07  0.000000E+00  0.000000E+00  0.130610E+06  0.156391E+07
  0.149602E+00  0.155910E+07  0.155139E+07  0.000000E+00  0.000000E+00  0.128292E+06  0.154857E+07
  0.150492E+00  0.154386E+07  0.153606E+07  0.000000E+00  0.000000E+00  0.126023E+06  0.153340E+07
  0.151382E+00  0.152883E+07  0.152095E+07  0.000000E+00  0.000000E+00  0.123802E+06  0.151844E+07
  0.152272E+00  0.151402E+07  0.150606E+07  0.000000E+00  0.000000E+00  0.121632E+06  0.150370E+07
  0.153162E+00  0.149945E+07  0.149142E+07  0.000000E+00  0.000000E+00  0.119511E+06  0.148920E+07
  0.154052E+00  0.148515E+07  0.147705E+07  0.000000E+00  0.000000E+00  0.117441E+06  0.147497E+07
  0.154942E+00  0.147113E+07  0.146298E+07  0.000000E+00  0.000000E+00  0.115422E+06  0.146102E+07
  0.155833E+00  0.145741E+07  0.144920E+07  0.000000E+00  0.000000E+00  0.113455E+06  0.144736E+07
  0.156723E+00  0.144400E+07  0.143575E+07  0.000000E+00  0.000000E+00  0.111539E+06  0.143402E+07
  0.157613E+00  0.143091E+07  0.142264E+07  0.000000E+00  0.000000E+00  0.109674E+06  0.142100E+07
  0.158503E+00  0.141816E+07  0.140986E+07  0.000000E+00  0.000000E+00  0.107861E+06  0.140832E+07
  0.159393E+00  0.140575E+07  0.139744E+07  0.000000E+00  0.000000E+00  0.106099E+06  0.139597E+07
  0.160283E+00  0.139368E+07  0.138538E+07  0.000000E+00  0.000000E+00  0.104386E+06  0.138398E+07
  0.161173E+00  0.138197E+07  0.137368E+07  0.000000E+00  0.000000E+00  0.102724E+06  0.137234E+07
  0.162064E+00  0.137062E+07  0.136235E+07  0.000000E+00  0.000000E+00  0.101110E+06  0.136105E+07
  0.162954E+00  0.135962E+07  0.135138E+07  0.000000E+00  0.000000E+00  0.995432E+05  0.135011E+07
  0.163844E+00  0.134897E+07  0.134077E+07  0.000000E+00  0.000000E+00  0.980236E+05  0.133953E+07
  0.164734E+00  0.133867E+07  0.133052E+07  0.000000E+00  0.000000E+00  0.965493E+05  0.132930E+07
  0.165624E+00  0.132871E+07  0.132063E+07  0.000000E+00  0.000000E+00  0.951190E+05  0.131940E+07
  0.166514E+00  0.131909E+07  0.131108E+07  0.000000E+00  0.000000E+00  0.937314E+05  0.130985E+07
  0.167404E+00  0.130980E+07  0.130187E+07  0.000000E+00  0.000000E+00  0.923852E+05  0.130062E+07
  0.168295E+00  0.130083E+07  0.129299E+07  0.000000E+00  0.000000E+00  0.910792E+05  0.129171E+07
  0.169185E+00  0.129216E+07  0.128442E+07  0.000000E+00  0.000000E+00  0.898115E+05  0.128311E+07
  0.170075E+00  0.128379E+07  0.127615E+07  0.000000E+00  0.000000E+00  0.885803E+05  0.127480E+07
  0.170965E+00  0.127570E+07  0.126817E+07  0.000000E+00  0.000000E+00  0.873840E+05  0.126678E+07
  0.171855E+00  0.126789E+07  0.126047E+07  0.000000E+00  0.000000E+00  0.862213E+05  0.125902E+07
  0.172745E+00  0.126032E+07  0.125303E+07  0.000000E+00  0.000000E+00  0.850906E+05  0.125152E+07
  0.173635E+00  0.125299E+07  0.124582E+07  0.000000E+00  0.000000E+00  0.839901E+05  0.124425E+07
  0.174526E+00  0.124588E+07  0.123884E+07  0.000000E+00  0.000000E+00  0.829179E+05  0.123720E+07
  0.175416E+00  0.123897E+07  0.123207E+07  0.000000E+00  0.000000E+00  0.818722E+05  0.123035E+07
  0.176306E+00  0.123225E+07  0.122548E+07  0.000000E+00  0.000000E+00  0.808516E+05  0.122368E+07
  0.177196E+00  0.122569E+07  0.121905E+07  0.000000E+00  0.000000E+00  0.798542E+05  0.121718E+07
  0.178086E+00  0.121928E+07  0.121278E+07  0.000000E+00  0.000000E+00  0.788786E+05  0.121083E+07
  0.178976E+00  0.121300E+07  0.120664E+07  0.000000E+00  0.000000E+00  0.779233E+05  0.120461E+07
  0.179866E+00  0.120683E+07  0.120060E+07  0.000000E+00  0.000000E+00  0.769868E+05  0.119849E+07
  0.180756E+00  0.120075E+07  0.119466E+07  0.000000E+00  0.000000E+00  0.760674E+05  0.119247E+07
  0.181647E+00  0.119475E+07  0.118879E+07  0.000000E+00  0.000000E+00  0.751636E+05  0.118653E+07
  0.182537E+00  0.118881E+07  0.118298E+07  0.000000E+00  0.000000E+00  0.742743E+05  0.118064E+07
  0.183427E+00  0.118292E+07  0.117720E+07  0.000000E+00  0.000000E+00  0.733985E+05  0.117479E+07
  0.184317E+00  0.117705E+07  0.117146E+07  0.000000E+00  0.000000E+00  0.725347E+05  0.116898E+07
  0.185207E+00  0.117119E+07  0.116572E+07  0.000000E+00  0.000000E+00  0.716819E+05  0.116317E+07
  0.186097E+00  0.116534E+07  0.115998E+07  0.000000E+00  0.000000E+00  0.708391E+05  0.115737E+07
  0.186987E+00  0.115948E+07  0.115422E+07  0.000000E+00  0.000000E+00  0.700055E+05  0.115156E+07
  0.187878E+00  0.115359E+07  0.114843E+07  0.000000E+00  0.000000E+00  0.691805E+05  0.114572E+07
  0.188768E+00  0.114767E+07  0.114261E+07  0.000000E+00  0.000000E+00  0.683631E+05  0.113985E+07
  0.189658E+00  0.114172E+07  0.113674E+07  0.000000E+00  0.000000E+00  0.675527E+05  0.113394E+07
  0.190548E+00  0.113571E+07  0.113081E+07  0.000000E+00  0.000000E+00  0.667486E+05  0.112798E+07
  0.191438E+00  0.112965E+07  0.112482E+07  0.000000E+00  0.000000E+00  0.659506E+05  0.112196E+07
  0.192328E+00  0.112352E+07  0.111876E+07  0.000000E+00  0.000000E+00  0.651581E+05  0.111588E+07
  0.193218E+00  0.111733E+07  0.111263E+07  0.000000E+00  0.000000E+00  0.643710E+05  0.110974E+07
  0.194109E+00  0.111107E+07  0.110642E+07  0.000000E+00  0.000000E+00  0.635889E+05  0.110352E+07
  0.194999E+00  0.110473E+07  0.110013E+07  0.000000E+00  0.000000E+00  0.628114E+05  0.109723E+07
  0.195889E+00  0.109833E+07  0.109376E+07  0.000000E+00  0.000000E+00  0.620386E+05  0.109086E+07
  0.196779E+00  0.109185E+07  0.108731E+07  0.000000E+00  0.000000E+00  0.612705E+05  0.108442E+07
  0.197669E+00  0.108529E+07  0.108079E+07  0.000000E+00  0.000000E+00  0.605072E+05  0.107791E+07
  0.198559E+00  0.107867E+07  0.107418E+07  0.000000E+00  0.000000E+00  0.597486E+05  0.107133E+07
  0.199449E+00  0.107198E+07  0.106750E+07  0.000000E+00  0.000000E+00  0.589948E+05  0.106468E+07
  0.200340E+00  0.106523E+07  0.106076E+07  0.000000E+00  0.000000E+00  0.582458E+05  0.105797E+07
  0.201230E+00  0.105841E+07  0.105395E+07  0.000000E+00  0.000000E+00  0.575022E+05  0.105120E+07
  0.202120E+00  0.105155E+07  0.104708E+07  0.000000E+00  0.000000E+00  0.567643E+05  0.104437E+07
  0.203010E+00  0.104464E+07  0.104017E+07  0.000000E+00  0.000000E+00  0.560323E+05  0.103750E+07
  0.203900E+00  0.103770E+07  0.103321E+07  0.000000E+00  0.000000E+00  0.553065E+05  0.103060E+07
  0.204790E+00  0.103073E+07  0.102622E+07  0.000000E+00  0.000000E+00  0.545872E+05  0.102366E+07
  0.205680E+00  0.102373E+07  0.101921E+07  0.000000E+00  0.000000E+00  0.538747E+05  0.101670E+07
  0.206570E+00  0.101672E+07  0.101218E+07  0.000000E+00  0.000000E+00  0.531694E+05  0.100973E+07
  0.207461E+00  0.100970E+07  0.100514E+07  0.000000E+00  0.000000E+00  0.524716E+05  0.100275E+07
  0.208351E+00  0.100269E+07  0.998107E+06  0.000000E+00  0.000000E+00  0.517818E+05  0.995781E+06
  0.209241E+00  0.995697E+06  0.991084E+06  0.000000E+00  0.000000E+00  0.511003E+05  0.988821E+06
  0.210131E+00  0.988722E+06  0.984082E+06  0.000000E+00  0.000000E+00  0.504275E+05  0.981882E+06
  0.211021E+00  0.981778E+06  0.977110E+06  0.000000E+00  0.000000E+00  0.497637E+05  0.974975E+06
  0.211911E+00  0.974874E+06  0.970179E+06  0.000000E+00  0.000000E+00  0.491092E+05  0.968107E+06
  0.212801E+00  0.968018E+06  0.963296E+06  0.000000E+00  0.000000E+00  0.484641E+05  0.961288E+06
  0.213692E+00  0.961220E+06  0.956472E+06  0.000000E+00  0.000000E+00  0.478289E+05  0.954526E+06
  0.214582E+00  0.954488E+06  0.949714E+06  0.000000E+00  0.000000E+00  0.472040E+05  0.947829E+06
  0.215472E+00  0.947830E+06  0.943033E+06  0.000000E+00  0.000000E+00  0.465895E+05  0.941206E+06
  0.216362E+00  0.941254E+06  0.936435E+06  0.000000E+00  0.000000E+00  0.459857E+05  0.934666E+06
  0.217252E+00  0.934768E+06  0.929929E+06  0.000000E+00  0.000000E+00  0.453927E+05  0.928215E+06
  0.220018E+00  0.915255E+06  0.910373E+06  0.000000E+00  0.000000E+00  0.436210E+05  0.908810E+06
  0.222819E+00  0.896604E+06  0.891709E+06  0.000000E+00  0.000000E+00  0.419378E+05  0.890268E+06
  0.225655E+00  0.878962E+06  0.874089E+06  0.000000E+00  0.000000E+00  0.403468E+05  0.872733E+06
  0.228528E+00  0.862411E+06  0.857600E+06  0.000000E+00  0.000000E+00  0.388479E+05  0.856290E+06
  0.231437E+00  0.846971E+06  0.842257E+06  0.000000E+00  0.000000E+00  0.374384E+05  0.840957E+06
  0.234384E+00  0.832597E+06  0.828014E+06  0.000000E+00  0.000000E+00  0.361128E+05  0.826689E+06
  0.237368E+00  0.819180E+06  0.814756E+06  0.000000E+00  0.000000E+00  0.348630E+05  0.813376E+06
  0.240389E+00  0.806551E+06  0.802304E+06  0.000000E+00  0.000000E+00  0.336789E+05  0.800850E+06
  0.243450E+00  0.794499E+06  0.790437E+06  0.000000E+00  0.000000E+00  0.325490E+05  0.788898E+06
  0.246549E+00  0.782790E+06  0.778912E+06  0.000000E+00  0.000000E+00  0.314622E+05  0.777288E+06
  0.249688E+00  0.771195E+06  0.767489E+06  0.000000E+00  0.000000E+00  0.304077E+05  0.765788E+06
  0.252866E+00  0.759505E+06  0.755951E+06  0.000000E+00  0.000000E+00  0.293769E+05  0.754192E+06
  0.256086E+00  0.747545E+06  0.744116E+06  0.000000E+00  0.000000E+00  0.283624E+05  0.742323E+06
  0.259346E+00  0.735189E+06  0.731855E+06  0.000000E+00  0.000000E+00  0.273597E+05  0.730056E+06
  0.262647E+00  0.722378E+06  0.719108E+06  0.000000E+00  0.000000E+00  0.263670E+05  0.717332E+06
  0.265991E+00  0.709128E+06  0.705894E+06  0.000000E+00  0.000000E+00  0.253852E+05  0.704168E+06
  0.269377E+00  0.695519E+06  0.692295E+06  0.000000E+00  0.000000E+00  0.244175E+05  0.690642E+06
  0.272806E+00  0.681682E+06  0.678452E+06  0.000000E+00  0.000000E+00  0.234686E+05  0.676888E+06
  0.276279E+00  0.667784E+06  0.664540E+06  0.000000E+00  0.000000E+00  0.225441E+05  0.663072E+06
  0.279797E+00  0.654018E+06  0.650760E+06  0.000000E+00  0.000000E+00  0.216499E+05  0.649388E+06
  0.283359E+00  0.640579E+06  0.637315E+06  0.000000E+00  0.000000E+00  0.207919E+05  0.636029E+06
  0.286966E+00  0.627632E+06  0.624378E+06  0.000000E+00  0.000000E+00  0.199737E+05  0.623163E+06
  0.290619E+00  0.615295E+06  0.612070E+06  0.000000E+00  0.000000E+00  0.191978E+05  0.610906E+06
  0.294319E+00  0.603632E+06  0.600458E+06  0.000000E+00  0.000000E+00  0.184646E+05  0.599322E+06
  0.298066E+00  0.592650E+06  0.589546E+06  0.000000E+00  0.000000E+00  0.177724E+05  0.588418E+06
  0.301860E+00  0.582290E+06  0.579273E+06  0.000000E+00  0.000000E+00  0.171179E+05  0.578135E+06
  0.305703E+00  0.572438E+06  0.569519E+06  0.000000E+00  0.000000E+00  0.164963E+05  0.568359E+06
  0.309595E+00  0.562946E+06  0.560128E+06  0.000000E+00  0.000000E+00  0.159020E+05  0.558940E+06
  0.313536E+00  0.553652E+06  0.550934E+06  0.000000E+00  0.000000E+00  0.153296E+05  0.549720E+06
  0.317528E+00  0.544407E+06  0.541778E+06  0.000000E+00  0.000000E+00  0.147742E+05  0.540545E+06
  0.321570E+00  0.535080E+06  0.532526E+06  0.000000E+00  0.000000E+00  0.142320E+05  0.531287E+06
  0.325664E+00  0.525587E+06  0.523093E+06  0.000000E+00  0.000000E+00  0.137005E+05  0.521862E+06
  0.329810E+00  0.515907E+06  0.513455E+06  0.000000E+00  0.000000E+00  0.131792E+05  0.512248E+06
  0.334008E+00  0.506068E+06  0.503645E+06  0.000000E+00  0.000000E+00  0.126686E+05  0.502474E+06
  0.338261E+00  0.496137E+06  0.493732E+06  0.000000E+00  0.000000E+00  0.109174E+05  0.492599E+06
  0.342567E+00  0.486234E+06  0.483844E+06  0.000000E+00  0.000000E+00  0.104751E+05  0.482761E+06
  0.346928E+00  0.476481E+06  0.474106E+06  0.000000E+00  0.000000E+00  0.100493E+05  0.473070E+06
  0.351344E+00  0.466989E+06  0.464635E+06  0.000000E+00  0.000000E+00  0.964180E+04  0.463641E+06
  0.355817E+00  0.457843E+06  0.455519E+06  0.000000E+00  0.000000E+00  0.925361E+04  0.454557E+06
  0.360347E+00  0.449091E+06  0.446807E+06  0.000000E+00  0.000000E+00  0.888497E+04  0.445866E+06
  0.364934E+00  0.440734E+06  0.438500E+06  0.000000E+00  0.000000E+00  0.853510E+04  0.437568E+06
  0.369580E+00  0.432724E+06  0.430546E+06  0.000000E+00  0.000000E+00  0.820232E+04  0.429617E+06
  0.374285E+00  0.424981E+06  0.422863E+06  0.000000E+00  0.000000E+00  0.788447E+04  0.421932E+06
  0.379050E+00  0.417415E+06  0.415356E+06  0.000000E+00  0.000000E+00  0.757932E+04  0.414423E+06
  0.383876E+00  0.409931E+06  0.407927E+06  0.000000E+00  0.000000E+00  0.728473E+04  0.406994E+06
  0.388763E+00  0.402454E+06  0.400497E+06  0.000000E+00  0.000000E+00  0.699910E+04  0.399571E+06
  0.393712E+00  0.394948E+06  0.393031E+06  0.000000E+00  0.000000E+00  0.672156E+04  0.392119E+06
  0.398724E+00  0.387412E+06  0.385526E+06  0.000000E+00  0.000000E+00  0.645190E+04  0.384634E+06
  0.403800E+00  0.379875E+06  0.378014E+06  0.000000E+00  0.000000E+00  0.619045E+04  0.377149E+06
  0.408941E+00  0.372398E+06  0.370561E+06  0.000000E+00  0.000000E+00  0.593798E+04  0.369723E+06
  0.414147E+00  0.365048E+06  0.363235E+06  0.000000E+00  0.000000E+00  0.569527E+04  0.362423E+06
  0.419419E+00  0.357883E+06  0.356096E+06  0.000000E+00  0.000000E+00  0.546288E+04  0.355307E+06
  0.424758E+00  0.350943E+06  0.349187E+06  0.000000E+00  0.000000E+00  0.524105E+04  0.348415E+06
  0.430166E+00  0.344238E+06  0.342517E+06  0.000000E+00  0.000000E+00  0.502952E+04  0.341758E+06
  0.435642E+00  0.337748E+06  0.336065E+06  0.000000E+00  0.000000E+00  0.482760E+04  0.335315E+06
  0.441188E+00  0.331435E+06  0.329792E+06  0.000000E+00  0.000000E+00  0.463438E+04  0.329049E+06
  0.446805E+00  0.325247E+06  0.323643E+06  0.000000E+00  0.000000E+00  0.444882E+04  0.322906E+06
  0.452493E+00  0.319136E+06  0.317568E+06  0.000000E+00  0.000000E+00  0.427003E+04  0.316839E+06
  0.458253E+00  0.313073E+06  0.311537E+06  0.000000E+00  0.000000E+00  0.409738E+04  0.310820E+06
  0.464087E+00  0.307046E+06  0.305538E+06  0.000000E+00  0.000000E+00  0.393054E+04  0.304835E+06
  0.469995E+00  0.301066E+06  0.299584E+06  0.000000E+00  0.000000E+00  0.376951E+04  0.298897E+06
  0.475978E+00  0.295162E+06  0.293704E+06  0.000000E+00  0.000000E+00  0.361444E+04  0.293034E+06
  0.482038E+00  0.289364E+06  0.287930E+06  0.000000E+00  0.000000E+00  0.346551E+04  0.287277E+06
  0.488174E+00  0.283701E+06  0.282293E+06  0.000000E+00  0.000000E+00  0.332285E+04  0.281654E+06
  0.494389E+00  0.278185E+06  0.276804E+06  0.000000E+00  0.000000E+00  0.318638E+04  0.276177E+06
  0.500683E+00  0.272814E+06  0.271461E+06  0.000000E+00  0.000000E+00  0.305582E+04  0.270845E+06
  0.507057E+00  0.267571E+06  0.266247E+06  0.000000E+00  0.000000E+00  0.293079E+04  0.265640E+06
  0.513512E+00  0.262431E+06  0.261135E+06  0.000000E+00  0.000000E+00  0.281080E+04  0.260537E+06
  0.520049E+00  0.257373E+06  0.256104E+06  0.000000E+00  0.000000E+00  0.269546E+04  0.255515E+06
  0.526670E+00  0.252379E+06  0.251136E+06  0.000000E+00  0.000000E+00  0.258442E+04  0.250557E+06
  0.533375E+00  0.247449E+06  0.246229E+06  0.000000E+00  0.000000E+00  0.247754E+04  0.245662E+06
  0.540165E+00  0.242589E+06  0.241391E+06  0.000000E+00  0.000000E+00  0.237474E+04  0.240836E+06
  0.547042E+00  0.237812E+06  0.236636E+06  0.000000E+00  0.000000E+00  0.227602E+04  0.236093E+06
  0.554006E+00  0.233131E+06  0.231978E+06  0.000000E+00  0.000000E+00  0.218136E+04  0.231446E+06
  0.561059E+00  0.228554E+06  0.227423E+06  0.000000E+00  0.000000E+00  0.209066E+04  0.226901E+06
  0.568201E+00  0.224079E+06  0.222971E+06  0.000000E+00  0.000000E+00  0.200379E+04  0.222459E+06
  0.575435E+00  0.219698E+06  0.218612E+06  0.000000E+00  0.000000E+00  0.192052E+04  0.218109E+06
  0.582760E+00  0.215399E+06  0.214336E+06  0.000000E+00  0.000000E+00  0.184063E+04  0.213842E+06
  0.590179E+00  0.211173E+06  0.210131E+06  0.000000E+00  0.000000E+00  0.176391E+04  0.209646E+06
  0.597692E+00  0.207015E+06  0.205993E+06  0.000000E+00  0.000000E+00  0.169022E+04  0.205517E+06
  0.605301E+00  0.202924E+06  0.201922E+06  0.000000E+00  0.000000E+00  0.161943E+04  0.201455E+06
  0.613007E+00  0.198906E+06  0.197923E+06  0.000000E+00  0.000000E+00  0.155150E+04  0.197466E+06
  0.620811E+00  0.194964E+06  0.194001E+06  0.000000E+00  0.000000E+00  0.148636E+04  0.193553E+06
  0.628715E+00  0.191103E+06  0.190159E+06  0.000000E+00  0.000000E+00  0.142393E+04  0.189719E+06
  0.636718E+00  0.187320E+06  0.186395E+06  0.000000E+00  0.000000E+00  0.136409E+04  0.185964E+06
  0.644824E+00  0.183613E+06  0.182706E+06  0.000000E+00  0.000000E+00  0.130673E+04  0.182283E+06
  0.653033E+00  0.179974E+06  0.179086E+06  0.000000E+00  0.000000E+00  0.125172E+04  0.178671E+06
  0.701564E+00  0.160578E+06  0.159785E+06  0.000000E+00  0.000000E+00  0.979856E+03  0.159414E+06
  0.753702E+00  0.143189E+06  0.142482E+06  0.000000E+00  0.000000E+00  0.765934E+03  0.142151E+06
  0.809714E+00  0.127601E+06  0.126972E+06  0.000000E+00  0.000000E+00  0.597844E+03  0.126675E+06
  0.869890E+00  0.113640E+06  0.113079E+06  0.000000E+00  0.000000E+00  0.465994E+03  0.112815E+06
  0.934537E+00  0.101147E+06  0.100648E+06  0.000000E+00  0.000000E+00  0.362746E+03  0.100412E+06
  0.100399E+01  0.899771E+05  0.895331E+05  0.000000E+00  0.000000E+00  0.282024E+03  0.893232E+05
  0.107860E+01  0.799968E+05  0.796021E+05  0.000000E+00  0.000000E+00  0.219003E+03  0.794152E+05
  0.115876E+01  0.710853E+05  0.707346E+05  0.000000E+00  0.000000E+00  0.169870E+03  0.705684E+05
  0.124487E+01  0.631349E+05  0.628235E+05  0.000000E+00  0.000000E+00  0.131619E+03  0.626757E+05
  0.133739E+01  0.560457E+05  0.557692E+05  0.000000E+00  0.000000E+00  0.101876E+03  0.556379E+05
  0.143678E+01  0.497286E+05  0.494833E+05  0.000000E+00  0.000000E+00  0.787769E+02  0.493667E+05
  0.154355E+01  0.441032E+05  0.438856E+05  0.000000E+00  0.000000E+00  0.828983E+02  0.437823E+05
  0.165827E+01  0.390963E+05  0.389035E+05  0.000000E+00  0.000000E+00  0.641403E+02  0.388119E+05
  0.178150E+01  0.346430E+05  0.344722E+05  0.000000E+00  0.000000E+00  0.495780E+02  0.343909E+05
  0.191390E+01  0.306839E+05  0.305326E+05  0.000000E+00  0.000000E+00  0.382856E+02  0.304606E+05
  0.205613E+01  0.271663E+05  0.270323E+05  0.000000E+00  0.000000E+00  0.295388E+02  0.269685E+05
