  0.745045E-04  0.198016E+08  0.198016E+08  0.257040E+08  0.257030E+08  0.198010E+08  0.198016E+08
  0.829624E-04  0.198013E+08  0.198013E+08  0.255387E+08  0.255374E+08  0.198005E+08  0.198013E+08
  0.923803E-04  0.198009E+08  0.198009E+08  0.253350E+08  0.253334E+08  0.197999E+08  0.198009E+08
  0.102867E-03  0.198005E+08  0.198005E+08  0.250845E+08  0.250826E+08  0.197992E+08  0.198005E+08
  0.114545E-03  0.197999E+08  0.197999E+08  0.247770E+08  0.247747E+08  0.197982E+08  0.197999E+08
  0.127548E-03  0.197992E+08  0.197992E+08  0.244006E+08  0.243978E+08  0.197971E+08  0.197992E+08
  0.142028E-03  0.197983E+08  0.197983E+08  0.239412E+08  0.239377E+08  0.197957E+08  0.197983E+08
  0.158151E-03  0.197973E+08  0.197973E+08  0.233825E+08  0.233784E+08  0.197939E+08  0.197972E+08
  0.176104E-03  0.197959E+08  0.197959E+08  0.227063E+08  0.227014E+08  0.197918E+08  0.197959E+08
  0.196096E-03  0.197943E+08  0.197943E+08  0.218929E+08  0.218871E+08  0.197891E+08  0.197942E+08
  0.218356E-03  0.197922E+08  0.197922E+08  0.209215E+08  0.209148E+08  0.197858E+08  0.197922E+08
  0.243144E-03  0.197897E+08  0.197897E+08  0.197723E+08  0.197645E+08  0.197817E+08  0.197897E+08
  0.270746E-03  0.197866E+08  0.197866E+08  0.184283E+08  0.184196E+08  0.197766E+08  0.197866E+08
  0.301482E-03  0.197828E+08  0.197828E+08  0.168795E+08  0.168700E+08  0.197704E+08  0.197828E+08
  0.335706E-03  0.197782E+08  0.197782E+08  0.151276E+08  0.151176E+08  0.197627E+08  0.197781E+08
  0.373816E-03  0.197725E+08  0.197725E+08  0.131922E+08  0.131822E+08  0.197533E+08  0.197723E+08
  0.416252E-03  0.197655E+08  0.197655E+08  0.111178E+08  0.111085E+08  0.197417E+08  0.197653E+08
  0.463505E-03  0.197570E+08  0.197570E+08  0.898007E+07  0.897226E+07  0.197274E+08  0.197568E+08
  0.516122E-03  0.197467E+08  0.197466E+08  0.688718E+07  0.688182E+07  0.197100E+08  0.197464E+08
  0.574713E-03  0.197342E+08  0.197341E+08  0.497379E+07  0.497161E+07  0.196888E+08  0.197338E+08
  0.639955E-03  0.197191E+08  0.197191E+08  0.338054E+07  0.338171E+07  0.196631E+08  0.197187E+08
  0.712603E-03  0.197011E+08  0.197010E+08  0.221741E+07  0.222116E+07  0.196318E+08  0.197006E+08
  0.793498E-03  0.196796E+08  0.196795E+08  0.151622E+07  0.152071E+07  0.195941E+08  0.196789E+08
  0.883577E-03  0.196540E+08  0.196539E+08  0.119323E+07  0.119605E+07  0.195487E+08  0.196532E+08
  0.983881E-03  0.196237E+08  0.196236E+08  0.105828E+07  0.105784E+07  0.194941E+08  0.196227E+08
  0.109557E-02  0.195881E+08  0.195879E+08  0.901409E+06  0.898506E+06  0.194289E+08  0.195868E+08
  0.121994E-02  0.195462E+08  0.195460E+08  0.632261E+06  0.630081E+06  0.193512E+08  0.195446E+08
  0.135843E-02  0.194971E+08  0.194969E+08  0.351661E+06  0.352669E+06  0.192588E+08  0.194952E+08
  0.151264E-02  0.194398E+08  0.194396E+08  0.219140E+06  0.221349E+06  0.191502E+08  0.194376E+08
  0.168436E-02  0.193731E+08  0.193728E+08  0.211163E+06  0.210601E+06  0.190219E+08  0.193704E+08
  0.187557E-02  0.192957E+08  0.192953E+08  0.154661E+06  0.153039E+06  0.188718E+08  0.192924E+08
  0.208848E-02  0.192062E+08  0.192057E+08  0.634492E+05  0.646956E+05  0.186973E+08  0.192022E+08
  0.232557E-02  0.191031E+08  0.191024E+08  0.616777E+05  0.614879E+05  0.184959E+08  0.190983E+08
  0.258957E-02  0.189846E+08  0.189839E+08  0.406980E+05  0.386463E+05  0.182654E+08  0.189790E+08
  0.288354E-02  0.188492E+08  0.188483E+08  0.174564E+05  0.151225E+05  0.180039E+08  0.188426E+08
  0.321088E-02  0.186950E+08  0.186939E+08  0.204878E+05  0.152574E+05  0.177099E+08  0.186873E+08
  0.357538E-02  0.185203E+08  0.185189E+08  0.272163E+04  0.323030E+04  0.173821E+08  0.185114E+08
  0.398126E-02  0.183233E+08  0.183216E+08 -0.360477E+03 -0.525278E+03  0.170194E+08  0.183130E+08
  0.443322E-02  0.181022E+08  0.181001E+08  0.254449E+04  0.142254E+04  0.166204E+08  0.180905E+08
  0.493648E-02  0.178553E+08  0.178527E+08  0.000000E+00  0.000000E+00  0.161837E+08  0.178421E+08
  0.498985E-02  0.178291E+08  0.178265E+08  0.000000E+00  0.000000E+00  0.161378E+08  0.178158E+08
  0.504379E-02  0.178027E+08  0.178000E+08  0.000000E+00  0.000000E+00  0.160916E+08  0.177892E+08
  0.509832E-02  0.177760E+08  0.177732E+08  0.000000E+00  0.000000E+00  0.160450E+08  0.177623E+08
  0.515344E-02  0.177490E+08  0.177461E+08  0.000000E+00  0.000000E+00  0.159980E+08  0.177351E+08
  0.520915E-02  0.177217E+08  0.177188E+08  0.000000E+00  0.000000E+00  0.159505E+08  0.177077E+08
  0.526546E-02  0.176941E+08  0.176912E+08  0.000000E+00  0.000000E+00  0.159027E+08  0.176799E+08
  0.532239E-02  0.176663E+08  0.176632E+08  0.000000E+00  0.000000E+00  0.158545E+08  0.176519E+08
  0.537993E-02  0.176381E+08  0.176350E+08  0.000000E+00  0.000000E+00  0.158058E+08  0.176236E+08
  0.543809E-02  0.176097E+08  0.176065E+08  0.000000E+00  0.000000E+00  0.157567E+08  0.175950E+08
  0.549688E-02  0.175810E+08  0.175778E+08  0.000000E+00  0.000000E+00  0.157072E+08  0.175661E+08
  0.555630E-02  0.175520E+08  0.175487E+08  0.000000E+00  0.000000E+00  0.156573E+08  0.175369E+08
  0.561637E-02  0.175227E+08  0.175193E+08  0.000000E+00  0.000000E+00  0.156070E+08  0.175075E+08
  0.567709E-02  0.174931E+08  0.174897E+08  0.000000E+00  0.000000E+00  0.155563E+08  0.174777E+08
  0.573846E-02  0.174632E+08  0.174597E+08  0.000000E+00  0.000000E+00  0.155051E+08  0.174476E+08
  0.580050E-02  0.174330E+08  0.174294E+08  0.000000E+00  0.000000E+00  0.154535E+08  0.174173E+08
  0.586320E-02  0.174025E+08  0.173989E+08  0.000000E+00  0.000000E+00  0.154015E+08  0.173866E+08
  0.592659E-02  0.173717E+08  0.173680E+08  0.000000E+00  0.000000E+00  0.153491E+08  0.173557E+08
  0.599066E-02  0.173406E+08  0.173369E+08  0.000000E+00  0.000000E+00  0.152963E+08  0.173244E+08
  0.605542E-02  0.173092E+08  0.173054E+08  0.000000E+00  0.000000E+00  0.152430E+08  0.172928E+08
  0.612089E-02  0.172775E+08  0.172736E+08  0.000000E+00  0.000000E+00  0.151893E+08  0.172609E+08
  0.618706E-02  0.172455E+08  0.172415E+08  0.000000E+00  0.000000E+00  0.151352E+08  0.172287E+08
  0.625394E-02  0.172132E+08  0.172091E+08  0.000000E+00  0.000000E+00  0.150806E+08  0.171962E+08
  0.632155E-02  0.171806E+08  0.171764E+08  0.000000E+00  0.000000E+00  0.150256E+08  0.171634E+08
  0.638989E-02  0.171477E+08  0.171434E+08  0.000000E+00  0.000000E+00  0.149702E+08  0.171303E+08
  0.645897E-02  0.171144E+08  0.171101E+08  0.000000E+00  0.000000E+00  0.149144E+08  0.170969E+08
  0.652880E-02  0.170808E+08  0.170764E+08  0.000000E+00  0.000000E+00  0.148581E+08  0.170631E+08
  0.659938E-02  0.170470E+08  0.170424E+08  0.000000E+00  0.000000E+00  0.148014E+08  0.170291E+08
  0.667072E-02  0.170128E+08  0.170082E+08  0.000000E+00  0.000000E+00  0.147443E+08  0.169947E+08
  0.674284E-02  0.169782E+08  0.169735E+08  0.000000E+00  0.000000E+00  0.146868E+08  0.169600E+08
  0.681573E-02  0.169434E+08  0.169386E+08  0.000000E+00  0.000000E+00  0.146288E+08  0.169249E+08
  0.688942E-02  0.169082E+08  0.169033E+08  0.000000E+00  0.000000E+00  0.145704E+08  0.168896E+08
  0.696390E-02  0.168728E+08  0.168678E+08  0.000000E+00  0.000000E+00  0.145116E+08  0.168539E+08
  0.703918E-02  0.168369E+08  0.168318E+08  0.000000E+00  0.000000E+00  0.144523E+08  0.168179E+08
  0.711528E-02  0.168008E+08  0.167956E+08  0.000000E+00  0.000000E+00  0.143926E+08  0.167815E+08
  0.719220E-02  0.167643E+08  0.167590E+08  0.000000E+00  0.000000E+00  0.143325E+08  0.167449E+08
  0.726995E-02  0.167275E+08  0.167221E+08  0.000000E+00  0.000000E+00  0.142720E+08  0.167079E+08
  0.734855E-02  0.166904E+08  0.166849E+08  0.000000E+00  0.000000E+00  0.142111E+08  0.166705E+08
  0.742799E-02  0.166529E+08  0.166473E+08  0.000000E+00  0.000000E+00  0.141498E+08  0.166329E+08
  0.750829E-02  0.166151E+08  0.166094E+08  0.000000E+00  0.000000E+00  0.140880E+08  0.165948E+08
  0.758946E-02  0.165770E+08  0.165711E+08  0.000000E+00  0.000000E+00  0.140258E+08  0.165565E+08
  0.767151E-02  0.165385E+08  0.165325E+08  0.000000E+00  0.000000E+00  0.139632E+08  0.165178E+08
  0.775444E-02  0.164996E+08  0.164936E+08  0.000000E+00  0.000000E+00  0.139002E+08  0.164788E+08
  0.783828E-02  0.164605E+08  0.164543E+08  0.000000E+00  0.000000E+00  0.138368E+08  0.164394E+08
  0.792301E-02  0.164210E+08  0.164146E+08  0.000000E+00  0.000000E+00  0.137730E+08  0.163997E+08
  0.800867E-02  0.163811E+08  0.163746E+08  0.000000E+00  0.000000E+00  0.137088E+08  0.163596E+08
  0.809524E-02  0.163409E+08  0.163343E+08  0.000000E+00  0.000000E+00  0.136441E+08  0.163192E+08
  0.818276E-02  0.163004E+08  0.162936E+08  0.000000E+00  0.000000E+00  0.135791E+08  0.162785E+08
  0.827122E-02  0.162595E+08  0.162526E+08  0.000000E+00  0.000000E+00  0.135137E+08  0.162374E+08
  0.836064E-02  0.162182E+08  0.162112E+08  0.000000E+00  0.000000E+00  0.134479E+08  0.161959E+08
  0.845102E-02  0.161766E+08  0.161695E+08  0.000000E+00  0.000000E+00  0.133817E+08  0.161541E+08
  0.854239E-02  0.161346E+08  0.161274E+08  0.000000E+00  0.000000E+00  0.133151E+08  0.161119E+08
  0.863473E-02  0.160923E+08  0.160849E+08  0.000000E+00  0.000000E+00  0.132481E+08  0.160694E+08
  0.872808E-02  0.160496E+08  0.160421E+08  0.000000E+00  0.000000E+00  0.131807E+08  0.160265E+08
  0.882244E-02  0.160066E+08  0.159989E+08  0.000000E+00  0.000000E+00  0.131130E+08  0.159832E+08
  0.891782E-02  0.159632E+08  0.159554E+08  0.000000E+00  0.000000E+00  0.130448E+08  0.159396E+08
  0.901422E-02  0.159194E+08  0.159114E+08  0.000000E+00  0.000000E+00  0.129763E+08  0.158957E+08
  0.911167E-02  0.158753E+08  0.158672E+08  0.000000E+00  0.000000E+00  0.129074E+08  0.158513E+08
  0.921018E-02  0.158308E+08  0.158225E+08  0.000000E+00  0.000000E+00  0.128382E+08  0.158066E+08
  0.930975E-02  0.157860E+08  0.157775E+08  0.000000E+00  0.000000E+00  0.127686E+08  0.157615E+08
  0.941039E-02  0.157408E+08  0.157321E+08  0.000000E+00  0.000000E+00  0.126986E+08  0.157161E+08
  0.951212E-02  0.156952E+08  0.156863E+08  0.000000E+00  0.000000E+00  0.126282E+08  0.156703E+08
  0.961496E-02  0.156492E+08  0.156402E+08  0.000000E+00  0.000000E+00  0.125575E+08  0.156241E+08
  0.971890E-02  0.156029E+08  0.155937E+08  0.000000E+00  0.000000E+00  0.124865E+08  0.155776E+08
  0.982397E-02  0.155561E+08  0.155468E+08  0.000000E+00  0.000000E+00  0.124151E+08  0.155306E+08
  0.993017E-02  0.155091E+08  0.154995E+08  0.000000E+00  0.000000E+00  0.123433E+08  0.154833E+08
  0.100375E-01  0.154616E+08  0.154519E+08  0.000000E+00  0.000000E+00  0.122713E+08  0.154356E+08
  0.101460E-01  0.154137E+08  0.154039E+08  0.000000E+00  0.000000E+00  0.121988E+08  0.153876E+08
  0.102557E-01  0.153655E+08  0.153554E+08  0.000000E+00  0.000000E+00  0.121261E+08  0.153391E+08
  0.103666E-01  0.153169E+08  0.153066E+08  0.000000E+00  0.000000E+00  0.120530E+08  0.152903E+08
  0.104787E-01  0.152679E+08  0.152575E+08  0.000000E+00  0.000000E+00  0.119796E+08  0.152411E+08
  0.105919E-01  0.152185E+08  0.152079E+08  0.000000E+00  0.000000E+00  0.119058E+08  0.151915E+08
  0.107065E-01  0.151688E+08  0.151579E+08  0.000000E+00  0.000000E+00  0.118318E+08  0.151415E+08
  0.108222E-01  0.151186E+08  0.151076E+08  0.000000E+00  0.000000E+00  0.117574E+08  0.150912E+08
  0.109392E-01  0.150681E+08  0.150568E+08  0.000000E+00  0.000000E+00  0.116828E+08  0.150404E+08
  0.110575E-01  0.150172E+08  0.150057E+08  0.000000E+00  0.000000E+00  0.116078E+08  0.149892E+08
  0.111770E-01  0.149658E+08  0.149541E+08  0.000000E+00  0.000000E+00  0.115325E+08  0.149377E+08
  0.112978E-01  0.149141E+08  0.149022E+08  0.000000E+00  0.000000E+00  0.114570E+08  0.148858E+08
  0.114200E-01  0.148620E+08  0.148499E+08  0.000000E+00  0.000000E+00  0.113811E+08  0.148334E+08
  0.115434E-01  0.148095E+08  0.147971E+08  0.000000E+00  0.000000E+00  0.113050E+08  0.147807E+08
  0.116682E-01  0.147566E+08  0.147440E+08  0.000000E+00  0.000000E+00  0.112285E+08  0.147276E+08
  0.117944E-01  0.147033E+08  0.146904E+08  0.000000E+00  0.000000E+00  0.111519E+08  0.146741E+08
  0.119219E-01  0.146496E+08  0.146365E+08  0.000000E+00  0.000000E+00  0.110749E+08  0.146202E+08
  0.120507E-01  0.145955E+08  0.145822E+08  0.000000E+00  0.000000E+00  0.109977E+08  0.145659E+08
  0.121810E-01  0.145410E+08  0.145274E+08  0.000000E+00  0.000000E+00  0.109202E+08  0.145111E+08
  0.123127E-01  0.144861E+08  0.144723E+08  0.000000E+00  0.000000E+00  0.108425E+08  0.144560E+08
  0.124458E-01  0.144308E+08  0.144167E+08  0.000000E+00  0.000000E+00  0.107645E+08  0.144005E+08
  0.125804E-01  0.143750E+08  0.143607E+08  0.000000E+00  0.000000E+00  0.106863E+08  0.143446E+08
  0.127164E-01  0.143189E+08  0.143043E+08  0.000000E+00  0.000000E+00  0.106078E+08  0.142882E+08
  0.128538E-01  0.142624E+08  0.142475E+08  0.000000E+00  0.000000E+00  0.105292E+08  0.142315E+08
  0.129928E-01  0.142054E+08  0.141903E+08  0.000000E+00  0.000000E+00  0.104503E+08  0.141743E+08
  0.131333E-01  0.141481E+08  0.141327E+08  0.000000E+00  0.000000E+00  0.103711E+08  0.141168E+08
  0.132752E-01  0.140903E+08  0.140747E+08  0.000000E+00  0.000000E+00  0.102918E+08  0.140588E+08
  0.134188E-01  0.140322E+08  0.140162E+08  0.000000E+00  0.000000E+00  0.102123E+08  0.140004E+08
  0.135638E-01  0.139736E+08  0.139574E+08  0.000000E+00  0.000000E+00  0.101326E+08  0.139416E+08
  0.137105E-01  0.139146E+08  0.138981E+08  0.000000E+00  0.000000E+00  0.100527E+08  0.138824E+08
  0.138587E-01  0.138552E+08  0.138384E+08  0.000000E+00  0.000000E+00  0.997255E+07  0.138228E+08
  0.140085E-01  0.137954E+08  0.137783E+08  0.000000E+00  0.000000E+00  0.989228E+07  0.137628E+08
  0.141599E-01  0.137351E+08  0.137177E+08  0.000000E+00  0.000000E+00  0.981183E+07  0.137024E+08
  0.143130E-01  0.136745E+08  0.136568E+08  0.000000E+00  0.000000E+00  0.973123E+07  0.136415E+08
  0.144678E-01  0.136134E+08  0.135954E+08  0.000000E+00  0.000000E+00  0.965046E+07  0.135802E+08
  0.146242E-01  0.135519E+08  0.135336E+08  0.000000E+00  0.000000E+00  0.956955E+07  0.135186E+08
  0.147823E-01  0.134900E+08  0.134714E+08  0.000000E+00  0.000000E+00  0.948850E+07  0.134565E+08
  0.149421E-01  0.134277E+08  0.134087E+08  0.000000E+00  0.000000E+00  0.940732E+07  0.133940E+08
  0.151036E-01  0.133650E+08  0.133457E+08  0.000000E+00  0.000000E+00  0.932600E+07  0.133310E+08
  0.152669E-01  0.133018E+08  0.132822E+08  0.000000E+00  0.000000E+00  0.924458E+07  0.132677E+08
  0.154319E-01  0.132382E+08  0.132183E+08  0.000000E+00  0.000000E+00  0.916304E+07  0.132039E+08
  0.155988E-01  0.131743E+08  0.131540E+08  0.000000E+00  0.000000E+00  0.908139E+07  0.131398E+08
  0.157674E-01  0.131099E+08  0.130892E+08  0.000000E+00  0.000000E+00  0.899966E+07  0.130752E+08
  0.159378E-01  0.130450E+08  0.130241E+08  0.000000E+00  0.000000E+00  0.891784E+07  0.130102E+08
  0.161101E-01  0.129798E+08  0.129585E+08  0.000000E+00  0.000000E+00  0.883594E+07  0.129448E+08
  0.162843E-01  0.129142E+08  0.128925E+08  0.000000E+00  0.000000E+00  0.875397E+07  0.128789E+08
  0.164603E-01  0.128481E+08  0.128261E+08  0.000000E+00  0.000000E+00  0.867194E+07  0.128127E+08
  0.166383E-01  0.127816E+08  0.127593E+08  0.000000E+00  0.000000E+00  0.858985E+07  0.127461E+08
  0.168182E-01  0.127148E+08  0.126920E+08  0.000000E+00  0.000000E+00  0.850773E+07  0.126790E+08
  0.170000E-01  0.126475E+08  0.126244E+08  0.000000E+00  0.000000E+00  0.842557E+07  0.126115E+08
  0.171838E-01  0.125798E+08  0.125563E+08  0.000000E+00  0.000000E+00  0.834338E+07  0.125437E+08
  0.173695E-01  0.125117E+08  0.124878E+08  0.000000E+00  0.000000E+00  0.826118E+07  0.124754E+08
  0.175573E-01  0.124431E+08  0.124189E+08  0.000000E+00  0.000000E+00  0.817896E+07  0.124067E+08
  0.177471E-01  0.123742E+08  0.123496E+08  0.000000E+00  0.000000E+00  0.809675E+07  0.123376E+08
  0.179390E-01  0.123049E+08  0.122799E+08  0.000000E+00  0.000000E+00  0.801456E+07  0.122682E+08
  0.181329E-01  0.122352E+08  0.122098E+08  0.000000E+00  0.000000E+00  0.793238E+07  0.121983E+08
  0.183289E-01  0.121651E+08  0.121393E+08  0.000000E+00  0.000000E+00  0.785023E+07  0.121280E+08
  0.185271E-01  0.120945E+08  0.120684E+08  0.000000E+00  0.000000E+00  0.776812E+07  0.120573E+08
  0.187274E-01  0.120236E+08  0.119971E+08  0.000000E+00  0.000000E+00  0.768606E+07  0.119863E+08
  0.189298E-01  0.119523E+08  0.119254E+08  0.000000E+00  0.000000E+00  0.760406E+07  0.119149E+08
  0.191345E-01  0.118807E+08  0.118533E+08  0.000000E+00  0.000000E+00  0.752213E+07  0.118430E+08
  0.193413E-01  0.118086E+08  0.117808E+08  0.000000E+00  0.000000E+00  0.744028E+07  0.117708E+08
  0.195504E-01  0.117362E+08  0.117080E+08  0.000000E+00  0.000000E+00  0.735852E+07  0.116983E+08
  0.197618E-01  0.116633E+08  0.116348E+08  0.000000E+00  0.000000E+00  0.727686E+07  0.116253E+08
  0.199754E-01  0.115902E+08  0.115612E+08  0.000000E+00  0.000000E+00  0.719531E+07  0.115520E+08
  0.201914E-01  0.115166E+08  0.114872E+08  0.000000E+00  0.000000E+00  0.711388E+07  0.114783E+08
  0.204097E-01  0.114427E+08  0.114129E+08  0.000000E+00  0.000000E+00  0.703258E+07  0.114043E+08
  0.206303E-01  0.113684E+08  0.113382E+08  0.000000E+00  0.000000E+00  0.695143E+07  0.113299E+08
  0.208533E-01  0.112938E+08  0.112632E+08  0.000000E+00  0.000000E+00  0.687043E+07  0.112552E+08
  0.210788E-01  0.112189E+08  0.111878E+08  0.000000E+00  0.000000E+00  0.678959E+07  0.111801E+08
  0.213066E-01  0.111436E+08  0.111121E+08  0.000000E+00  0.000000E+00  0.670893E+07  0.111047E+08
  0.215370E-01  0.110680E+08  0.110361E+08  0.000000E+00  0.000000E+00  0.662845E+07  0.110290E+08
  0.217698E-01  0.109920E+08  0.109597E+08  0.000000E+00  0.000000E+00  0.654818E+07  0.109530E+08
  0.220052E-01  0.109158E+08  0.108830E+08  0.000000E+00  0.000000E+00  0.646811E+07  0.108766E+08
  0.222430E-01  0.108392E+08  0.108060E+08  0.000000E+00  0.000000E+00  0.638826E+07  0.108000E+08
  0.224835E-01  0.107623E+08  0.107287E+08  0.000000E+00  0.000000E+00  0.630865E+07  0.107230E+08
  0.227266E-01  0.106851E+08  0.106512E+08  0.000000E+00  0.000000E+00  0.622928E+07  0.106458E+08
  0.229723E-01  0.106077E+08  0.105733E+08  0.000000E+00  0.000000E+00  0.615016E+07  0.105682E+08
  0.232206E-01  0.105300E+08  0.104952E+08  0.000000E+00  0.000000E+00  0.607131E+07  0.104904E+08
  0.234716E-01  0.104520E+08  0.104168E+08  0.000000E+00  0.000000E+00  0.599275E+07  0.104124E+08
  0.237254E-01  0.103737E+08  0.103381E+08  0.000000E+00  0.000000E+00  0.591447E+07  0.103341E+08
  0.239819E-01  0.102952E+08  0.102592E+08  0.000000E+00  0.000000E+00  0.583650E+07  0.102555E+08
  0.242411E-01  0.102165E+08  0.101801E+08  0.000000E+00  0.000000E+00  0.575884E+07  0.101767E+08
  0.245032E-01  0.101376E+08  0.101007E+08  0.000000E+00  0.000000E+00  0.568151E+07  0.100977E+08
  0.247681E-01  0.100584E+08  0.100212E+08  0.000000E+00  0.000000E+00  0.560452E+07  0.100185E+08
  0.250359E-01  0.997906E+07  0.994141E+07  0.000000E+00  0.000000E+00  0.552789E+07  0.993914E+07
  0.253065E-01  0.989952E+07  0.986148E+07  0.000000E+00  0.000000E+00  0.545162E+07  0.985956E+07
  0.255801E-01  0.981980E+07  0.978138E+07  0.000000E+00  0.000000E+00  0.537573E+07  0.977982E+07
  0.258566E-01  0.973993E+07  0.970113E+07  0.000000E+00  0.000000E+00  0.530023E+07  0.969993E+07
  0.261362E-01  0.965992E+07  0.962074E+07  0.000000E+00  0.000000E+00  0.522513E+07  0.961989E+07
  0.264187E-01  0.957977E+07  0.954022E+07  0.000000E+00  0.000000E+00  0.515045E+07  0.953973E+07
  0.267043E-01  0.949951E+07  0.945960E+07  0.000000E+00  0.000000E+00  0.507620E+07  0.945946E+07
  0.269930E-01  0.941916E+07  0.937888E+07  0.000000E+00  0.000000E+00  0.500239E+07  0.937910E+07
  0.272848E-01  0.933872E+07  0.929809E+07  0.000000E+00  0.000000E+00  0.492903E+07  0.929866E+07
  0.275798E-01  0.925821E+07  0.921724E+07  0.000000E+00  0.000000E+00  0.485614E+07  0.921816E+07
  0.278779E-01  0.917766E+07  0.913636E+07  0.000000E+00  0.000000E+00  0.478373E+07  0.913762E+07
  0.281793E-01  0.909707E+07  0.905545E+07  0.000000E+00  0.000000E+00  0.471182E+07  0.905705E+07
  0.284840E-01  0.901648E+07  0.897454E+07  0.000000E+00  0.000000E+00  0.464040E+07  0.897647E+07
  0.287919E-01  0.893589E+07  0.889364E+07  0.000000E+00  0.000000E+00  0.456951E+07  0.889591E+07
  0.291032E-01  0.885532E+07  0.881278E+07  0.000000E+00  0.000000E+00  0.449914E+07  0.881538E+07
  0.294178E-01  0.877480E+07  0.873198E+07  0.000000E+00  0.000000E+00  0.442932E+07  0.873490E+07
  0.297358E-01  0.869435E+07  0.865126E+07  0.000000E+00  0.000000E+00  0.436005E+07  0.865449E+07
  0.300573E-01  0.861399E+07  0.857063E+07  0.000000E+00  0.000000E+00  0.429135E+07  0.857418E+07
  0.303822E-01  0.853373E+07  0.849013E+07  0.000000E+00  0.000000E+00  0.422322E+07  0.849397E+07
  0.307107E-01  0.845360E+07  0.840976E+07  0.000000E+00  0.000000E+00  0.415568E+07  0.841391E+07
  0.310427E-01  0.837363E+07  0.832957E+07  0.000000E+00  0.000000E+00  0.408875E+07  0.833400E+07
  0.313783E-01  0.829382E+07  0.824956E+07  0.000000E+00  0.000000E+00  0.402243E+07  0.825427E+07
  0.317175E-01  0.821422E+07  0.816976E+07  0.000000E+00  0.000000E+00  0.395673E+07  0.817474E+07
  0.320604E-01  0.813483E+07  0.809020E+07  0.000000E+00  0.000000E+00  0.389167E+07  0.809543E+07
  0.324070E-01  0.805569E+07  0.801090E+07  0.000000E+00  0.000000E+00  0.382726E+07  0.801638E+07
  0.327573E-01  0.797682E+07  0.793188E+07  0.000000E+00  0.000000E+00  0.376350E+07  0.793760E+07
  0.331114E-01  0.789824E+07  0.785317E+07  0.000000E+00  0.000000E+00  0.370041E+07  0.785912E+07
  0.334694E-01  0.781997E+07  0.777480E+07  0.000000E+00  0.000000E+00  0.363799E+07  0.778096E+07
  0.338312E-01  0.774205E+07  0.769678E+07  0.000000E+00  0.000000E+00  0.357627E+07  0.770314E+07
  0.341970E-01  0.766449E+07  0.761915E+07  0.000000E+00  0.000000E+00  0.351524E+07  0.762570E+07
  0.345667E-01  0.758732E+07  0.754194E+07  0.000000E+00  0.000000E+00  0.345492E+07  0.754866E+07
  0.349404E-01  0.751057E+07  0.746515E+07  0.000000E+00  0.000000E+00  0.339532E+07  0.747203E+07
  0.353181E-01  0.743426E+07  0.738883E+07  0.000000E+00  0.000000E+00  0.333644E+07  0.739586E+07
  0.356999E-01  0.735842E+07  0.731300E+07  0.000000E+00  0.000000E+00  0.327829E+07  0.732015E+07
  0.360858E-01  0.728307E+07  0.723768E+07  0.000000E+00  0.000000E+00  0.322088E+07  0.724494E+07
  0.364760E-01  0.720824E+07  0.716290E+07  0.000000E+00  0.000000E+00  0.316423E+07  0.717026E+07
  0.368703E-01  0.713395E+07  0.708869E+07  0.000000E+00  0.000000E+00  0.310832E+07  0.709612E+07
  0.372689E-01  0.706023E+07  0.701507E+07  0.000000E+00  0.000000E+00  0.305318E+07  0.702256E+07
  0.376718E-01  0.698709E+07  0.694205E+07  0.000000E+00  0.000000E+00  0.299879E+07  0.694958E+07
  0.380790E-01  0.691456E+07  0.686967E+07  0.000000E+00  0.000000E+00  0.294518E+07  0.687722E+07
  0.384907E-01  0.684268E+07  0.679795E+07  0.000000E+00  0.000000E+00  0.289234E+07  0.680551E+07
  0.389068E-01  0.677146E+07  0.672693E+07  0.000000E+00  0.000000E+00  0.284028E+07  0.673447E+07
  0.393274E-01  0.670094E+07  0.665662E+07  0.000000E+00  0.000000E+00  0.278901E+07  0.666413E+07
  0.397526E-01  0.663113E+07  0.658706E+07  0.000000E+00  0.000000E+00  0.273853E+07  0.659450E+07
  0.401823E-01  0.656206E+07  0.651825E+07  0.000000E+00  0.000000E+00  0.268883E+07  0.652562E+07
  0.406167E-01  0.649374E+07  0.645022E+07  0.000000E+00  0.000000E+00  0.263993E+07  0.645750E+07
  0.410558E-01  0.642619E+07  0.638299E+07  0.000000E+00  0.000000E+00  0.259182E+07  0.639014E+07
  0.414997E-01  0.635943E+07  0.631657E+07  0.000000E+00  0.000000E+00  0.254450E+07  0.632359E+07
  0.419483E-01  0.629347E+07  0.625098E+07  0.000000E+00  0.000000E+00  0.249797E+07  0.625783E+07
  0.424018E-01  0.622833E+07  0.618623E+07  0.000000E+00  0.000000E+00  0.245223E+07  0.619290E+07
  0.428602E-01  0.616403E+07  0.612234E+07  0.000000E+00  0.000000E+00  0.240728E+07  0.612881E+07
  0.433235E-01  0.610057E+07  0.605933E+07  0.000000E+00  0.000000E+00  0.236312E+07  0.606557E+07
  0.437919E-01  0.603798E+07  0.599721E+07  0.000000E+00  0.000000E+00  0.231974E+07  0.600320E+07
  0.442653E-01  0.597627E+07  0.593598E+07  0.000000E+00  0.000000E+00  0.227714E+07  0.594172E+07
  0.447439E-01  0.591545E+07  0.587568E+07  0.000000E+00  0.000000E+00  0.223531E+07  0.588112E+07
  0.452276E-01  0.585553E+07  0.581629E+07  0.000000E+00  0.000000E+00  0.219425E+07  0.582143E+07
  0.457165E-01  0.579652E+07  0.575784E+07  0.000000E+00  0.000000E+00  0.215396E+07  0.576264E+07
  0.462107E-01  0.573842E+07  0.570031E+07  0.000000E+00  0.000000E+00  0.211442E+07  0.570477E+07
  0.467103E-01  0.568123E+07  0.564372E+07  0.000000E+00  0.000000E+00  0.207562E+07  0.564782E+07
  0.472153E-01  0.562495E+07  0.558807E+07  0.000000E+00  0.000000E+00  0.203756E+07  0.559177E+07
  0.477257E-01  0.556958E+07  0.553334E+07  0.000000E+00  0.000000E+00  0.200024E+07  0.553664E+07
  0.482417E-01  0.551512E+07  0.547954E+07  0.000000E+00  0.000000E+00  0.196363E+07  0.548242E+07
  0.487632E-01  0.546157E+07  0.542666E+07  0.000000E+00  0.000000E+00  0.192774E+07  0.542910E+07
  0.492904E-01  0.540890E+07  0.537469E+07  0.000000E+00  0.000000E+00  0.189254E+07  0.537668E+07
  0.498232E-01  0.535713E+07  0.532362E+07  0.000000E+00  0.000000E+00  0.185803E+07  0.532515E+07
  0.503618E-01  0.530623E+07  0.527345E+07  0.000000E+00  0.000000E+00  0.182420E+07  0.527449E+07
  0.509063E-01  0.525619E+07  0.522414E+07  0.000000E+00  0.000000E+00  0.179102E+07  0.522470E+07
  0.514566E-01  0.520699E+07  0.517568E+07  0.000000E+00  0.000000E+00  0.175848E+07  0.517574E+07
  0.520129E-01  0.515860E+07  0.512805E+07  0.000000E+00  0.000000E+00  0.172657E+07  0.512759E+07
  0.525752E-01  0.511101E+07  0.508122E+07  0.000000E+00  0.000000E+00  0.169527E+07  0.508024E+07
  0.531436E-01  0.506419E+07  0.503517E+07  0.000000E+00  0.000000E+00  0.166457E+07  0.503366E+07
  0.537181E-01  0.501810E+07  0.498986E+07  0.000000E+00  0.000000E+00  0.163444E+07  0.498782E+07
  0.542988E-01  0.497274E+07  0.494526E+07  0.000000E+00  0.000000E+00  0.160488E+07  0.494269E+07
  0.548858E-01  0.492806E+07  0.490136E+07  0.000000E+00  0.000000E+00  0.157587E+07  0.489825E+07
  0.554792E-01  0.488403E+07  0.485812E+07  0.000000E+00  0.000000E+00  0.154739E+07  0.485447E+07
  0.560790E-01  0.484063E+07  0.481548E+07  0.000000E+00  0.000000E+00  0.151942E+07  0.481130E+07
  0.566852E-01  0.479781E+07  0.477343E+07  0.000000E+00  0.000000E+00  0.149194E+07  0.476872E+07
  0.572980E-01  0.475553E+07  0.473191E+07  0.000000E+00  0.000000E+00  0.146494E+07  0.472667E+07
  0.579175E-01  0.471373E+07  0.469087E+07  0.000000E+00  0.000000E+00  0.143839E+07  0.468511E+07
  0.585436E-01  0.467239E+07  0.465026E+07  0.000000E+00  0.000000E+00  0.141228E+07  0.464399E+07
  0.594337E-01  0.461502E+07  0.459391E+07  0.000000E+00  0.000000E+00  0.137634E+07  0.458695E+07
  0.603239E-01  0.455916E+07  0.453902E+07  0.000000E+00  0.000000E+00  0.134170E+07  0.453140E+07
  0.612140E-01  0.450462E+07  0.448540E+07  0.000000E+00  0.000000E+00  0.130824E+07  0.447716E+07
  0.621041E-01  0.445125E+07  0.443289E+07  0.000000E+00  0.000000E+00  0.127589E+07  0.442409E+07
  0.629943E-01  0.439889E+07  0.438134E+07  0.000000E+00  0.000000E+00  0.124457E+07  0.437201E+07
  0.638844E-01  0.434739E+07  0.433059E+07  0.000000E+00  0.000000E+00  0.121421E+07  0.432079E+07
  0.647746E-01  0.429661E+07  0.428050E+07  0.000000E+00  0.000000E+00  0.118474E+07  0.427027E+07
  0.656647E-01  0.424642E+07  0.423095E+07  0.000000E+00  0.000000E+00  0.115610E+07  0.422035E+07
  0.665548E-01  0.419673E+07  0.418182E+07  0.000000E+00  0.000000E+00  0.112822E+07  0.417092E+07
  0.674450E-01  0.414744E+07  0.413304E+07  0.000000E+00  0.000000E+00  0.110106E+07  0.412187E+07
  0.683351E-01  0.409847E+07  0.408452E+07  0.000000E+00  0.000000E+00  0.107460E+07  0.407314E+07
  0.692252E-01  0.404974E+07  0.403618E+07  0.000000E+00  0.000000E+00  0.104878E+07  0.402465E+07
  0.701154E-01  0.400120E+07  0.398797E+07  0.000000E+00  0.000000E+00  0.102356E+07  0.397634E+07
  0.710055E-01  0.395280E+07  0.393983E+07  0.000000E+00  0.000000E+00  0.998920E+06  0.392816E+07
  0.718957E-01  0.390449E+07  0.389173E+07  0.000000E+00  0.000000E+00  0.974832E+06  0.388007E+07
  0.727858E-01  0.385625E+07  0.384365E+07  0.000000E+00  0.000000E+00  0.951279E+06  0.383204E+07
  0.736759E-01  0.380807E+07  0.379558E+07  0.000000E+00  0.000000E+00  0.928242E+06  0.378407E+07
  0.745661E-01  0.375993E+07  0.374750E+07  0.000000E+00  0.000000E+00  0.905698E+06  0.373614E+07
  0.754562E-01  0.371185E+07  0.369943E+07  0.000000E+00  0.000000E+00  0.883638E+06  0.368826E+07
  0.763463E-01  0.366383E+07  0.365139E+07  0.000000E+00  0.000000E+00  0.862055E+06  0.364044E+07
  0.772365E-01  0.361590E+07  0.360338E+07  0.000000E+00  0.000000E+00  0.840941E+06  0.359270E+07
  0.781266E-01  0.356807E+07  0.355545E+07  0.000000E+00  0.000000E+00  0.820286E+06  0.354506E+07
  0.790168E-01  0.352037E+07  0.350761E+07  0.000000E+00  0.000000E+00  0.800083E+06  0.349755E+07
  0.799069E-01  0.347284E+07  0.345992E+07  0.000000E+00  0.000000E+00  0.780330E+06  0.345022E+07
  0.807970E-01  0.342553E+07  0.341243E+07  0.000000E+00  0.000000E+00  0.761028E+06  0.340309E+07
  0.816872E-01  0.337848E+07  0.336517E+07  0.000000E+00  0.000000E+00  0.742172E+06  0.335622E+07
  0.825773E-01  0.333174E+07  0.331821E+07  0.000000E+00  0.000000E+00  0.723762E+06  0.330967E+07
  0.834674E-01  0.328537E+07  0.327161E+07  0.000000E+00  0.000000E+00  0.705799E+06  0.326348E+07
  0.843576E-01  0.323942E+07  0.322542E+07  0.000000E+00  0.000000E+00  0.688283E+06  0.321771E+07
  0.852477E-01  0.319394E+07  0.317969E+07  0.000000E+00  0.000000E+00  0.671212E+06  0.317241E+07
  0.861379E-01  0.314900E+07  0.313450E+07  0.000000E+00  0.000000E+00  0.654584E+06  0.312764E+07
  0.870280E-01  0.310464E+07  0.308989E+07  0.000000E+00  0.000000E+00  0.638402E+06  0.308346E+07
  0.879181E-01  0.306092E+07  0.304594E+07  0.000000E+00  0.000000E+00  0.622667E+06  0.303992E+07
  0.888083E-01  0.301790E+07  0.300270E+07  0.000000E+00  0.000000E+00  0.607377E+06  0.299709E+07
  0.896984E-01  0.297563E+07  0.296021E+07  0.000000E+00  0.000000E+00  0.592529E+06  0.295499E+07
  0.905886E-01  0.293416E+07  0.291853E+07  0.000000E+00  0.000000E+00  0.578122E+06  0.291369E+07
  0.914787E-01  0.289351E+07  0.287770E+07  0.000000E+00  0.000000E+00  0.564152E+06  0.287322E+07
  0.923688E-01  0.285375E+07  0.283778E+07  0.000000E+00  0.000000E+00  0.550615E+06  0.283364E+07
  0.932590E-01  0.281492E+07  0.279880E+07  0.000000E+00  0.000000E+00  0.537508E+06  0.279498E+07
  0.941491E-01  0.277704E+07  0.276081E+07  0.000000E+00  0.000000E+00  0.524828E+06  0.275728E+07
  0.950392E-01  0.274016E+07  0.272383E+07  0.000000E+00  0.000000E+00  0.512570E+06  0.272057E+07
  0.959294E-01  0.270430E+07  0.268790E+07  0.000000E+00  0.000000E+00  0.500727E+06  0.268488E+07
  0.968195E-01  0.266947E+07  0.265303E+07  0.000000E+00  0.000000E+00  0.489291E+06  0.265023E+07
  0.977097E-01  0.263569E+07  0.261924E+07  0.000000E+00  0.000000E+00  0.478255E+06  0.261662E+07
  0.985998E-01  0.260298E+07  0.258654E+07  0.000000E+00  0.000000E+00  0.467608E+06  0.258408E+07
  0.994899E-01  0.257134E+07  0.255494E+07  0.000000E+00  0.000000E+00  0.457343E+06  0.255261E+07
  0.100380E+00  0.254078E+07  0.252445E+07  0.000000E+00  0.000000E+00  0.447451E+06  0.252222E+07
  0.101270E+00  0.251128E+07  0.249505E+07  0.000000E+00  0.000000E+00  0.437922E+06  0.249288E+07
  0.102160E+00  0.248284E+07  0.246673E+07  0.000000E+00  0.000000E+00  0.428744E+06  0.246461E+07
  0.103050E+00  0.245544E+07  0.243949E+07  0.000000E+00  0.000000E+00  0.419907E+06  0.243738E+07
  0.103941E+00  0.242908E+07  0.241331E+07  0.000000E+00  0.000000E+00  0.411397E+06  0.241119E+07
  0.104831E+00  0.240373E+07  0.238816E+07  0.000000E+00  0.000000E+00  0.403203E+06  0.238600E+07
  0.105721E+00  0.237936E+07  0.236401E+07  0.000000E+00  0.000000E+00  0.395312E+06  0.236179E+07
  0.106611E+00  0.235594E+07  0.234084E+07  0.000000E+00  0.000000E+00  0.387713E+06  0.233852E+07
  0.107501E+00  0.233343E+07  0.231860E+07  0.000000E+00  0.000000E+00  0.380392E+06  0.231617E+07
  0.108391E+00  0.231180E+07  0.229725E+07  0.000000E+00  0.000000E+00  0.373337E+06  0.229470E+07
  0.109281E+00  0.229101E+07  0.227676E+07  0.000000E+00  0.000000E+00  0.366533E+06  0.227406E+07
  0.110172E+00  0.227101E+07  0.225708E+07  0.000000E+00  0.000000E+00  0.359967E+06  0.225422E+07
  0.111062E+00  0.225178E+07  0.223817E+07  0.000000E+00  0.000000E+00  0.353627E+06  0.223513E+07
  0.111952E+00  0.223325E+07  0.221998E+07  0.000000E+00  0.000000E+00  0.347502E+06  0.221675E+07
  0.112842E+00  0.221537E+07  0.220245E+07  0.000000E+00  0.000000E+00  0.341578E+06  0.219902E+07
  0.113732E+00  0.219810E+07  0.218553E+07  0.000000E+00  0.000000E+00  0.335841E+06  0.218189E+07
  0.114622E+00  0.218139E+07  0.216917E+07  0.000000E+00  0.000000E+00  0.330280E+06  0.216532E+07
  0.115512E+00  0.216518E+07  0.215331E+07  0.000000E+00  0.000000E+00  0.324882E+06  0.214925E+07
  0.116403E+00  0.214943E+07  0.213792E+07  0.000000E+00  0.000000E+00  0.319639E+06  0.213363E+07
  0.117293E+00  0.213410E+07  0.212294E+07  0.000000E+00  0.000000E+00  0.314539E+06  0.211843E+07
  0.118183E+00  0.211912E+07  0.210831E+07  0.000000E+00  0.000000E+00  0.309570E+06  0.210358E+07
  0.119073E+00  0.210445E+07  0.209398E+07  0.000000E+00  0.000000E+00  0.304723E+06  0.208904E+07
  0.119963E+00  0.209003E+07  0.207990E+07  0.000000E+00  0.000000E+00  0.299985E+06  0.207475E+07
  0.120853E+00  0.207583E+07  0.206602E+07  0.000000E+00  0.000000E+00  0.295350E+06  0.206067E+07
  0.121743E+00  0.206179E+07  0.205230E+07  0.000000E+00  0.000000E+00  0.290809E+06  0.204675E+07
  0.122634E+00  0.204788E+07  0.203869E+07  0.000000E+00  0.000000E+00  0.286356E+06  0.203296E+07
  0.123524E+00  0.203406E+07  0.202516E+07  0.000000E+00  0.000000E+00  0.281982E+06  0.201926E+07
  0.124414E+00  0.202030E+07  0.201166E+07  0.000000E+00  0.000000E+00  0.277680E+06  0.200561E+07
  0.125304E+00  0.200655E+07  0.199817E+07  0.000000E+00  0.000000E+00  0.273445E+06  0.199198E+07
  0.126194E+00  0.199280E+07  0.198466E+07  0.000000E+00  0.000000E+00  0.269270E+06  0.197833E+07
  0.127084E+00  0.197900E+07  0.197108E+07  0.000000E+00  0.000000E+00  0.265153E+06  0.196465E+07
  0.127974E+00  0.196515E+07  0.195743E+07  0.000000E+00  0.000000E+00  0.261088E+06  0.195090E+07
  0.128864E+00  0.195121E+07  0.194368E+07  0.000000E+00  0.000000E+00  0.257070E+06  0.193706E+07
  0.129755E+00  0.193717E+07  0.192980E+07  0.000000E+00  0.000000E+00  0.253098E+06  0.192312E+07
  0.130645E+00  0.192301E+07  0.191579E+07  0.000000E+00  0.000000E+00  0.249169E+06  0.190907E+07
  0.131535E+00  0.190872E+07  0.190162E+07  0.000000E+00  0.000000E+00  0.245280E+06  0.189488E+07
  0.132425E+00  0.189429E+07  0.188731E+07  0.000000E+00  0.000000E+00  0.241429E+06  0.188055E+07
  0.133315E+00  0.187972E+07  0.187282E+07  0.000000E+00  0.000000E+00  0.237615E+06  0.186608E+07
  0.134205E+00  0.186501E+07  0.185818E+07  0.000000E+00  0.000000E+00  0.233837E+06  0.185145E+07
  0.135095E+00  0.185014E+07  0.184336E+07  0.000000E+00  0.000000E+00  0.230094E+06  0.183668E+07
  0.135986E+00  0.183512E+07  0.182838E+07  0.000000E+00  0.000000E+00  0.226387E+06  0.182175E+07
  0.136876E+00  0.181997E+07  0.181325E+07  0.000000E+00  0.000000E+00  0.222715E+06  0.180669E+07
  0.137766E+00  0.180468E+07  0.179796E+07  0.000000E+00  0.000000E+00  0.219079E+06  0.179149E+07
  0.138656E+00  0.178927E+07  0.178254E+07  0.000000E+00  0.000000E+00  0.215479E+06  0.177617E+07
  0.139546E+00  0.177375E+07  0.176700E+07  0.000000E+00  0.000000E+00  0.211917E+06  0.176074E+07
  0.140436E+00  0.175813E+07  0.175135E+07  0.000000E+00  0.000000E+00  0.208393E+06  0.174521E+07
  0.141326E+00  0.174244E+07  0.173561E+07  0.000000E+00  0.000000E+00  0.204910E+06  0.172960E+07
  0.142217E+00  0.172669E+07  0.171981E+07  0.000000E+00  0.000000E+00  0.201469E+06  0.171394E+07
  0.143107E+00  0.171091E+07  0.170396E+07  0.000000E+00  0.000000E+00  0.198071E+06  0.169824E+07
  0.143997E+00  0.169511E+07  0.168808E+07  0.000000E+00  0.000000E+00  0.194720E+06  0.168253E+07
  0.144887E+00  0.167931E+07  0.167221E+07  0.000000E+00  0.000000E+00  0.191415E+06  0.166682E+07
  0.145777E+00  0.166355E+07  0.165636E+07  0.000000E+00  0.000000E+00  0.188158E+06  0.165113E+07
  0.146667E+00  0.164783E+07  0.164056E+07  0.000000E+00  0.000000E+00  0.184951E+06  0.163550E+07
  0.147557E+00  0.163219E+07  0.162483E+07  0.000000E+00  0.000000E+00  0.181797E+06  0.161994E+07
  0.148448E+00  0.161664E+07  0.160919E+07  0.000000E+00  0.000000E+00  0.178697E+06  0.160447E+07
  0.149338E+00  0.160121E+07  0.159367E+07  0.000000E+00  0.000000E+00  0.175652E+06  0.158912E+07
  0.150228E+00  0.158592E+07  0.157829E+07  0.000000E+00  0.000000E+00  0.172663E+06  0.157391E+07
  0.151118E+00  0.157079E+07  0.156308E+07  0.000000E+00  0.000000E+00  0.169733E+06  0.155887E+07
  0.152008E+00  0.155585E+07  0.154805E+07  0.000000E+00  0.000000E+00  0.166861E+06  0.154400E+07
  0.152898E+00  0.154111E+07  0.153323E+07  0.000000E+00  0.000000E+00  0.164049E+06  0.152934E+07
  0.153788E+00  0.152659E+07  0.151863E+07  0.000000E+00  0.000000E+00  0.161298E+06  0.151490E+07
  0.154678E+00  0.151230E+07  0.150429E+07  0.000000E+00  0.000000E+00  0.158609E+06  0.150069E+07
  0.155569E+00  0.149828E+07  0.149020E+07  0.000000E+00  0.000000E+00  0.155983E+06  0.148675E+07
  0.156459E+00  0.148453E+07  0.147640E+07  0.000000E+00  0.000000E+00  0.153420E+06  0.147307E+07
  0.157349E+00  0.147107E+07  0.146289E+07  0.000000E+00  0.000000E+00  0.150920E+06  0.145969E+07
  0.158239E+00  0.145790E+07  0.144969E+07  0.000000E+00  0.000000E+00  0.148483E+06  0.144660E+07
  0.159129E+00  0.144505E+07  0.143682E+07  0.000000E+00  0.000000E+00  0.146110E+06  0.143383E+07
  0.160019E+00  0.143252E+07  0.142427E+07  0.000000E+00  0.000000E+00  0.143800E+06  0.142138E+07
  0.160909E+00  0.142032E+07  0.141206E+07  0.000000E+00  0.000000E+00  0.141552E+06  0.140925E+07
  0.161800E+00  0.140845E+07  0.140020E+07  0.000000E+00  0.000000E+00  0.139366E+06  0.139745E+07
  0.162690E+00  0.139692E+07  0.138868E+07  0.000000E+00  0.000000E+00  0.137241E+06  0.138600E+07
  0.163580E+00  0.138572E+07  0.137751E+07  0.000000E+00  0.000000E+00  0.135176E+06  0.137487E+07
  0.164470E+00  0.137487E+07  0.136668E+07  0.000000E+00  0.000000E+00  0.133171E+06  0.136409E+07
  0.165360E+00  0.136434E+07  0.135620E+07  0.000000E+00  0.000000E+00  0.131223E+06  0.135364E+07
  0.166250E+00  0.135415E+07  0.134607E+07  0.000000E+00  0.000000E+00  0.129331E+06  0.134352E+07
  0.167140E+00  0.134429E+07  0.133626E+07  0.000000E+00  0.000000E+00  0.127493E+06  0.133373E+07
  0.168031E+00  0.133474E+07  0.132679E+07  0.000000E+00  0.000000E+00  0.125709E+06  0.132425E+07
  0.168921E+00  0.132551E+07  0.131763E+07  0.000000E+00  0.000000E+00  0.123975E+06  0.131509E+07
  0.169811E+00  0.131657E+07  0.130879E+07  0.000000E+00  0.000000E+00  0.122291E+06  0.130622E+07
  0.170701E+00  0.130793E+07  0.130024E+07  0.000000E+00  0.000000E+00  0.120655E+06  0.129765E+07
  0.171591E+00  0.129957E+07  0.129198E+07  0.000000E+00  0.000000E+00  0.119064E+06  0.128935E+07
  0.172481E+00  0.129148E+07  0.128400E+07  0.000000E+00  0.000000E+00  0.117517E+06  0.128133E+07
  0.173371E+00  0.128364E+07  0.127627E+07  0.000000E+00  0.000000E+00  0.116011E+06  0.127355E+07
  0.174262E+00  0.127604E+07  0.126879E+07  0.000000E+00  0.000000E+00  0.114545E+06  0.126602E+07
  0.175152E+00  0.126867E+07  0.126154E+07  0.000000E+00  0.000000E+00  0.113116E+06  0.125871E+07
  0.176042E+00  0.126150E+07  0.125450E+07  0.000000E+00  0.000000E+00  0.111723E+06  0.125161E+07
  0.176932E+00  0.125453E+07  0.124766E+07  0.000000E+00  0.000000E+00  0.110363E+06  0.124470E+07
  0.177822E+00  0.124773E+07  0.124099E+07  0.000000E+00  0.000000E+00  0.109035E+06  0.123796E+07
  0.178712E+00  0.124109E+07  0.123448E+07  0.000000E+00  0.000000E+00  0.107735E+06  0.123139E+07
  0.179602E+00  0.123460E+07  0.122812E+07  0.000000E+00  0.000000E+00  0.106463E+06  0.122495E+07
  0.180492E+00  0.122823E+07  0.122188E+07  0.000000E+00  0.000000E+00  0.105216E+06  0.121864E+07
  0.181383E+00  0.122196E+07  0.121575E+07  0.000000E+00  0.000000E+00  0.103993E+06  0.121244E+07
  0.182273E+00  0.121579E+07  0.120971E+07  0.000000E+00  0.000000E+00  0.102792E+06  0.120632E+07
  0.183163E+00  0.120970E+07  0.120374E+07  0.000000E+00  0.000000E+00  0.101610E+06  0.120029E+07
  0.184053E+00  0.120366E+07  0.119783E+07  0.000000E+00  0.000000E+00  0.100447E+06  0.119431E+07
  0.184943E+00  0.119767E+07  0.119196E+07  0.000000E+00  0.000000E+00  0.993005E+05  0.118837E+07
  0.185833E+00  0.119171E+07  0.118612E+07  0.000000E+00  0.000000E+00  0.981695E+05  0.118246E+07
  0.186723E+00  0.118576E+07  0.118029E+07  0.000000E+00  0.000000E+00  0.970524E+05  0.117658E+07
  0.187614E+00  0.117983E+07  0.117446E+07  0.000000E+00  0.000000E+00  0.959481E+05  0.117069E+07
  0.188504E+00  0.117388E+07  0.116862E+07  0.000000E+00  0.000000E+00  0.948556E+05  0.116480E+07
  0.189394E+00  0.116792E+07  0.116275E+07  0.000000E+00  0.000000E+00  0.937740E+05  0.115889E+07
  0.190284E+00  0.116194E+07  0.115686E+07  0.000000E+00  0.000000E+00  0.927024E+05  0.115296E+07
  0.191174E+00  0.115592E+07  0.115092E+07  0.000000E+00  0.000000E+00  0.916397E+05  0.114699E+07
  0.192064E+00  0.114985E+07  0.114494E+07  0.000000E+00  0.000000E+00  0.905852E+05  0.114098E+07
  0.192954E+00  0.114374E+07  0.113890E+07  0.000000E+00  0.000000E+00  0.895383E+05  0.113492E+07
  0.193845E+00  0.113758E+07  0.113280E+07  0.000000E+00  0.000000E+00  0.884987E+05  0.112880E+07
  0.194735E+00  0.113136E+07  0.112664E+07  0.000000E+00  0.000000E+00  0.874659E+05  0.112263E+07
  0.195625E+00  0.112507E+07  0.112040E+07  0.000000E+00  0.000000E+00  0.864396E+05  0.111639E+07
  0.196515E+00  0.111872E+07  0.111410E+07  0.000000E+00  0.000000E+00  0.854195E+05  0.111009E+07
  0.197405E+00  0.111231E+07  0.110772E+07  0.000000E+00  0.000000E+00  0.844054E+05  0.110372E+07
  0.198295E+00  0.110583E+07  0.110128E+07  0.000000E+00  0.000000E+00  0.833974E+05  0.109729E+07
  0.199185E+00  0.109929E+07  0.109476E+07  0.000000E+00  0.000000E+00  0.823953E+05  0.109079E+07
  0.200076E+00  0.109268E+07  0.108817E+07  0.000000E+00  0.000000E+00  0.813992E+05  0.108423E+07
  0.200966E+00  0.108601E+07  0.108152E+07  0.000000E+00  0.000000E+00  0.804093E+05  0.107761E+07
  0.201856E+00  0.107929E+07  0.107480E+07  0.000000E+00  0.000000E+00  0.794259E+05  0.107093E+07
  0.202746E+00  0.107251E+07  0.106803E+07  0.000000E+00  0.000000E+00  0.784492E+05  0.106420E+07
  0.203636E+00  0.106569E+07  0.106121E+07  0.000000E+00  0.000000E+00  0.774795E+05  0.105742E+07
  0.204526E+00  0.105883E+07  0.105434E+07  0.000000E+00  0.000000E+00  0.765171E+05  0.105061E+07
  0.205416E+00  0.105193E+07  0.104743E+07  0.000000E+00  0.000000E+00  0.755625E+05  0.104375E+07
  0.206306E+00  0.104501E+07  0.104050E+07  0.000000E+00  0.000000E+00  0.746162E+05  0.103687E+07
  0.207197E+00  0.103806E+07  0.103354E+07  0.000000E+00  0.000000E+00  0.736787E+05  0.102998E+07
  0.208087E+00  0.103111E+07  0.102657E+07  0.000000E+00  0.000000E+00  0.727501E+05  0.102307E+07
  0.208977E+00  0.102415E+07  0.101959E+07  0.000000E+00  0.000000E+00  0.718310E+05  0.101615E+07
  0.209867E+00  0.101720E+07  0.101261E+07  0.000000E+00  0.000000E+00  0.709219E+05  0.100924E+07
  0.210757E+00  0.101026E+07  0.100565E+07  0.000000E+00  0.000000E+00  0.700232E+05  0.100235E+07
  0.211647E+00  0.100335E+07  0.998709E+06  0.000000E+00  0.000000E+00  0.691355E+05  0.995473E+06
  0.212537E+00  0.996461E+06  0.991796E+06  0.000000E+00  0.000000E+00  0.682592E+05  0.988628E+06
  0.213428E+00  0.989612E+06  0.984921E+06  0.000000E+00  0.000000E+00  0.673946E+05  0.981821E+06
  0.214318E+00  0.982810E+06  0.978092E+06  0.000000E+00  0.000000E+00  0.665420E+05  0.975060E+06
  0.215208E+00  0.976061E+06  0.971319E+06  0.000000E+00  0.000000E+00  0.657019E+05  0.968353E+06
  0.216098E+00  0.969375E+06  0.964608E+06  0.000000E+00  0.000000E+00  0.648746E+05  0.961708E+06
  0.216988E+00  0.962759E+06  0.957969E+06  0.000000E+00  0.000000E+00  0.640605E+05  0.955132E+06
  0.217878E+00  0.956219E+06  0.951408E+06  0.000000E+00  0.000000E+00  0.632599E+05  0.948634E+06
  0.218768E+00  0.949764E+06  0.944933E+06  0.000000E+00  0.000000E+00  0.624731E+05  0.942219E+06
  0.219659E+00  0.943399E+06  0.938552E+06  0.000000E+00  0.000000E+00  0.617003E+05  0.935894E+06
  0.222455E+00  0.924056E+06  0.919174E+06  0.000000E+00  0.000000E+00  0.593649E+05  0.916677E+06
  0.225287E+00  0.905583E+06  0.900697E+06  0.000000E+00  0.000000E+00  0.571451E+05  0.898327E+06
  0.228155E+00  0.888107E+06  0.883253E+06  0.000000E+00  0.000000E+00  0.550444E+05  0.880974E+06
  0.231059E+00  0.871695E+06  0.866910E+06  0.000000E+00  0.000000E+00  0.530629E+05  0.864683E+06
  0.234001E+00  0.856348E+06  0.851668E+06  0.000000E+00  0.000000E+00  0.511958E+05  0.849456E+06
  0.236980E+00  0.842011E+06  0.837467E+06  0.000000E+00  0.000000E+00  0.494354E+05  0.835236E+06
  0.239997E+00  0.828568E+06  0.824184E+06  0.000000E+00  0.000000E+00  0.477712E+05  0.821908E+06
  0.243052E+00  0.815846E+06  0.811640E+06  0.000000E+00  0.000000E+00  0.461894E+05  0.809299E+06
  0.246146E+00  0.803639E+06  0.799616E+06  0.000000E+00  0.000000E+00  0.446754E+05  0.797202E+06
  0.249280E+00  0.791722E+06  0.787878E+06  0.000000E+00  0.000000E+00  0.432146E+05  0.785393E+06
  0.252453E+00  0.779876E+06  0.776199E+06  0.000000E+00  0.000000E+00  0.417937E+05  0.773653E+06
  0.255667E+00  0.767910E+06  0.764377E+06  0.000000E+00  0.000000E+00  0.404016E+05  0.761790E+06
  0.258922E+00  0.755667E+06  0.752251E+06  0.000000E+00  0.000000E+00  0.390298E+05  0.749648E+06
  0.262218E+00  0.743040E+06  0.739711E+06  0.000000E+00  0.000000E+00  0.376729E+05  0.737121E+06
  0.265557E+00  0.729985E+06  0.726713E+06  0.000000E+00  0.000000E+00  0.363295E+05  0.724164E+06
  0.268937E+00  0.716531E+06  0.713290E+06  0.000000E+00  0.000000E+00  0.350012E+05  0.710808E+06
  0.272361E+00  0.702769E+06  0.699535E+06  0.000000E+00  0.000000E+00  0.336929E+05  0.697143E+06
  0.275828E+00  0.688833E+06  0.685592E+06  0.000000E+00  0.000000E+00  0.324110E+05  0.683303E+06
  0.279340E+00  0.674890E+06  0.671635E+06  0.000000E+00  0.000000E+00  0.311633E+05  0.669454E+06
  0.282896E+00  0.661122E+06  0.657856E+06  0.000000E+00  0.000000E+00  0.299572E+05  0.655782E+06
  0.286497E+00  0.647714E+06  0.644447E+06  0.000000E+00  0.000000E+00  0.287999E+05  0.642467E+06
  0.290145E+00  0.634816E+06  0.631563E+06  0.000000E+00  0.000000E+00  0.276964E+05  0.629662E+06
  0.293838E+00  0.622530E+06  0.619311E+06  0.000000E+00  0.000000E+00  0.266492E+05  0.617467E+06
  0.297579E+00  0.610903E+06  0.607739E+06  0.000000E+00  0.000000E+00  0.256581E+05  0.605930E+06
  0.301367E+00  0.599926E+06  0.596836E+06  0.000000E+00  0.000000E+00  0.247207E+05  0.595041E+06
  0.305204E+00  0.589534E+06  0.586533E+06  0.000000E+00  0.000000E+00  0.238322E+05  0.584736E+06
  0.309089E+00  0.579608E+06  0.576706E+06  0.000000E+00  0.000000E+00  0.229858E+05  0.574895E+06
  0.313024E+00  0.570000E+06  0.567198E+06  0.000000E+00  0.000000E+00  0.221744E+05  0.565369E+06
  0.317009E+00  0.560556E+06  0.557851E+06  0.000000E+00  0.000000E+00  0.213907E+05  0.556007E+06
  0.321045E+00  0.551137E+06  0.548518E+06  0.000000E+00  0.000000E+00  0.206288E+05  0.546668E+06
  0.325132E+00  0.541628E+06  0.539080E+06  0.000000E+00  0.000000E+00  0.198838E+05  0.537237E+06
  0.329271E+00  0.531959E+06  0.529466E+06  0.000000E+00  0.000000E+00  0.191531E+05  0.527644E+06
  0.333463E+00  0.522119E+06  0.519665E+06  0.000000E+00  0.000000E+00  0.184361E+05  0.517881E+06
  0.337708E+00  0.512149E+06  0.509722E+06  0.000000E+00  0.000000E+00  0.177343E+05  0.507986E+06
  0.342007E+00  0.502118E+06  0.499708E+06  0.000000E+00  0.000000E+00  0.155032E+05  0.498017E+06
  0.346361E+00  0.492151E+06  0.489756E+06  0.000000E+00  0.000000E+00  0.148876E+05  0.488124E+06
  0.350771E+00  0.482360E+06  0.479982E+06  0.000000E+00  0.000000E+00  0.142951E+05  0.478406E+06
  0.355236E+00  0.472849E+06  0.470494E+06  0.000000E+00  0.000000E+00  0.137280E+05  0.468967E+06
  0.359758E+00  0.463690E+06  0.461367E+06  0.000000E+00  0.000000E+00  0.131876E+05  0.459879E+06
  0.364338E+00  0.454919E+06  0.452638E+06  0.000000E+00  0.000000E+00  0.126737E+05  0.451178E+06
  0.368977E+00  0.446527E+06  0.444297E+06  0.000000E+00  0.000000E+00  0.121851E+05  0.442854E+06
  0.373674E+00  0.438459E+06  0.436287E+06  0.000000E+00  0.000000E+00  0.117195E+05  0.434854E+06
  0.378431E+00  0.430635E+06  0.428523E+06  0.000000E+00  0.000000E+00  0.112736E+05  0.427096E+06
  0.383249E+00  0.422967E+06  0.420913E+06  0.000000E+00  0.000000E+00  0.108447E+05  0.419492E+06
  0.388128E+00  0.415366E+06  0.413365E+06  0.000000E+00  0.000000E+00  0.104298E+05  0.411954E+06
  0.393069E+00  0.407768E+06  0.405812E+06  0.000000E+00  0.000000E+00  0.100271E+05  0.404418E+06
  0.398073E+00  0.400146E+06  0.398227E+06  0.000000E+00  0.000000E+00  0.963546E+04  0.396857E+06
  0.403140E+00  0.392506E+06  0.390617E+06  0.000000E+00  0.000000E+00  0.925493E+04  0.389277E+06
  0.408273E+00  0.384883E+06  0.383019E+06  0.000000E+00  0.000000E+00  0.888604E+04  0.381714E+06
  0.413470E+00  0.377338E+06  0.375498E+06  0.000000E+00  0.000000E+00  0.852991E+04  0.374228E+06
  0.418734E+00  0.369936E+06  0.368120E+06  0.000000E+00  0.000000E+00  0.818757E+04  0.366884E+06
  0.424065E+00  0.362727E+06  0.360939E+06  0.000000E+00  0.000000E+00  0.785968E+04  0.359731E+06
  0.429463E+00  0.355744E+06  0.353989E+06  0.000000E+00  0.000000E+00  0.754645E+04  0.352805E+06
  0.434931E+00  0.348992E+06  0.347272E+06  0.000000E+00  0.000000E+00  0.724739E+04  0.346108E+06
  0.440467E+00  0.342444E+06  0.340763E+06  0.000000E+00  0.000000E+00  0.696145E+04  0.339614E+06
  0.446075E+00  0.336061E+06  0.334420E+06  0.000000E+00  0.000000E+00  0.668735E+04  0.333284E+06
  0.451754E+00  0.329793E+06  0.328190E+06  0.000000E+00  0.000000E+00  0.642370E+04  0.327068E+06
  0.457505E+00  0.323597E+06  0.322028E+06  0.000000E+00  0.000000E+00  0.616930E+04  0.320922E+06
  0.463329E+00  0.317448E+06  0.315911E+06  0.000000E+00  0.000000E+00  0.592345E+04  0.314823E+06
  0.469227E+00  0.311339E+06  0.309830E+06  0.000000E+00  0.000000E+00  0.568576E+04  0.308764E+06
  0.475201E+00  0.305287E+06  0.303803E+06  0.000000E+00  0.000000E+00  0.545628E+04  0.302761E+06
  0.481251E+00  0.299320E+06  0.297861E+06  0.000000E+00  0.000000E+00  0.523528E+04  0.296842E+06
  0.487377E+00  0.293467E+06  0.292032E+06  0.000000E+00  0.000000E+00  0.502298E+04  0.291035E+06
  0.493582E+00  0.287753E+06  0.286343E+06  0.000000E+00  0.000000E+00  0.481952E+04  0.285367E+06
  0.499865E+00  0.282185E+06  0.280803E+06  0.000000E+00  0.000000E+00  0.462471E+04  0.279845E+06
  0.506229E+00  0.276759E+06  0.275405E+06  0.000000E+00  0.000000E+00  0.443813E+04  0.274463E+06
  0.512673E+00  0.271456E+06  0.270131E+06  0.000000E+00  0.000000E+00  0.425922E+04  0.269204E+06
  0.519200E+00  0.266251E+06  0.264955E+06  0.000000E+00  0.000000E+00  0.408731E+04  0.264042E+06
  0.525810E+00  0.261125E+06  0.259856E+06  0.000000E+00  0.000000E+00  0.392188E+04  0.258958E+06
  0.532504E+00  0.256065E+06  0.254820E+06  0.000000E+00  0.000000E+00  0.376251E+04  0.253940E+06
  0.539283E+00  0.251072E+06  0.249850E+06  0.000000E+00  0.000000E+00  0.360902E+04  0.248987E+06
  0.546148E+00  0.246153E+06  0.244953E+06  0.000000E+00  0.000000E+00  0.346134E+04  0.244108E+06
  0.553101E+00  0.241321E+06  0.240143E+06  0.000000E+00  0.000000E+00  0.331946E+04  0.239315E+06
  0.560142E+00  0.236589E+06  0.235434E+06  0.000000E+00  0.000000E+00  0.318334E+04  0.234622E+06
  0.567273E+00  0.231960E+06  0.230827E+06  0.000000E+00  0.000000E+00  0.305284E+04  0.230031E+06
  0.574495E+00  0.227433E+06  0.226323E+06  0.000000E+00  0.000000E+00  0.292773E+04  0.225542E+06
  0.581809E+00  0.222998E+06  0.221910E+06  0.000000E+00  0.000000E+00  0.280768E+04  0.221142E+06
  0.589215E+00  0.218644E+06  0.217579E+06  0.000000E+00  0.000000E+00  0.269239E+04  0.216825E+06
  0.596716E+00  0.214362E+06  0.213318E+06  0.000000E+00  0.000000E+00  0.258159E+04  0.212578E+06
  0.604313E+00  0.210149E+06  0.209125E+06  0.000000E+00  0.000000E+00  0.247509E+04  0.208399E+06
  0.612006E+00  0.206005E+06  0.205001E+06  0.000000E+00  0.000000E+00  0.237275E+04  0.204290E+06
  0.619797E+00  0.201937E+06  0.200952E+06  0.000000E+00  0.000000E+00  0.227448E+04  0.200255E+06
  0.627688E+00  0.197947E+06  0.196981E+06  0.000000E+00  0.000000E+00  0.218019E+04  0.196298E+06
  0.635678E+00  0.194038E+06  0.193092E+06  0.000000E+00  0.000000E+00  0.208976E+04  0.192421E+06
  0.643771E+00  0.190208E+06  0.189280E+06  0.000000E+00  0.000000E+00  0.200303E+04  0.188622E+06
  0.651967E+00  0.186452E+06  0.185543E+06  0.000000E+00  0.000000E+00  0.191983E+04  0.184898E+06
  0.660267E+00  0.182765E+06  0.181875E+06  0.000000E+00  0.000000E+00  0.183997E+04  0.181241E+06
  0.709335E+00  0.163112E+06  0.162317E+06  0.000000E+00  0.000000E+00  0.144452E+04  0.161750E+06
  0.762050E+00  0.145486E+06  0.144777E+06  0.000000E+00  0.000000E+00  0.113227E+04  0.144270E+06
  0.818683E+00  0.129680E+06  0.129049E+06  0.000000E+00  0.000000E+00  0.886093E+03  0.128596E+06
  0.879525E+00  0.115519E+06  0.114957E+06  0.000000E+00  0.000000E+00  0.692381E+03  0.114553E+06
  0.944888E+00  0.102844E+06  0.102343E+06  0.000000E+00  0.000000E+00  0.540237E+03  0.101982E+06
  0.101511E+01  0.915073E+05  0.910617E+05  0.000000E+00  0.000000E+00  0.420949E+03  0.907406E+05
  0.109055E+01  0.813748E+05  0.809786E+05  0.000000E+00  0.000000E+00  0.327566E+03  0.806926E+05
  0.117159E+01  0.723251E+05  0.719730E+05  0.000000E+00  0.000000E+00  0.254578E+03  0.717185E+05
  0.125866E+01  0.642491E+05  0.639363E+05  0.000000E+00  0.000000E+00  0.197619E+03  0.637100E+05
  0.135220E+01  0.570459E+05  0.567682E+05  0.000000E+00  0.000000E+00  0.153229E+03  0.565671E+05
  0.145269E+01  0.506257E+05  0.503793E+05  0.000000E+00  0.000000E+00  0.118681E+03  0.502006E+05
  0.156065E+01  0.449071E+05  0.446885E+05  0.000000E+00  0.000000E+00  0.124129E+03  0.445302E+05
  0.167663E+01  0.398161E+05  0.396223E+05  0.000000E+00  0.000000E+00  0.962230E+02  0.394818E+05
  0.180123E+01  0.352868E+05  0.351150E+05  0.000000E+00  0.000000E+00  0.745091E+02  0.349905E+05
  0.193510E+01  0.312594E+05  0.311072E+05  0.000000E+00  0.000000E+00  0.576347E+02  0.309968E+05
  0.207891E+01  0.276802E+05  0.275454E+05  0.000000E+00  0.000000E+00  0.445375E+02  0.274476E+05
