  0.745045E-04  0.196165E+08  0.196165E+08  0.254769E+08  0.254759E+08  0.196156E+08  0.196165E+08
  0.829624E-04  0.196159E+08  0.196159E+08  0.253158E+08  0.253145E+08  0.196148E+08  0.196159E+08
  0.923803E-04  0.196152E+08  0.196152E+08  0.251173E+08  0.251158E+08  0.196138E+08  0.196152E+08
  0.102867E-03  0.196144E+08  0.196144E+08  0.248733E+08  0.248714E+08  0.196125E+08  0.196143E+08
  0.114545E-03  0.196133E+08  0.196133E+08  0.245737E+08  0.245714E+08  0.196110E+08  0.196133E+08
  0.127548E-03  0.196120E+08  0.196120E+08  0.242068E+08  0.242040E+08  0.196090E+08  0.196120E+08
  0.142028E-03  0.196103E+08  0.196103E+08  0.237588E+08  0.237554E+08  0.196067E+08  0.196103E+08
  0.158151E-03  0.196083E+08  0.196083E+08  0.232140E+08  0.232099E+08  0.196037E+08  0.196083E+08
  0.176104E-03  0.196059E+08  0.196058E+08  0.225543E+08  0.225495E+08  0.196001E+08  0.196058E+08
  0.196096E-03  0.196028E+08  0.196028E+08  0.217604E+08  0.217547E+08  0.195956E+08  0.196027E+08
  0.218356E-03  0.195990E+08  0.195990E+08  0.208118E+08  0.208051E+08  0.195900E+08  0.195990E+08
  0.243144E-03  0.195944E+08  0.195944E+08  0.196886E+08  0.196809E+08  0.195831E+08  0.195943E+08
  0.270746E-03  0.195887E+08  0.195887E+08  0.183739E+08  0.183653E+08  0.195747E+08  0.195886E+08
  0.301482E-03  0.195818E+08  0.195818E+08  0.168571E+08  0.168477E+08  0.195644E+08  0.195817E+08
  0.335706E-03  0.195733E+08  0.195733E+08  0.151389E+08  0.151289E+08  0.195517E+08  0.195732E+08
  0.373816E-03  0.195630E+08  0.195630E+08  0.132371E+08  0.132271E+08  0.195362E+08  0.195629E+08
  0.416252E-03  0.195506E+08  0.195506E+08  0.111939E+08  0.111845E+08  0.195173E+08  0.195504E+08
  0.463505E-03  0.195356E+08  0.195356E+08  0.908138E+07  0.907344E+07  0.194944E+08  0.195353E+08
  0.516122E-03  0.195177E+08  0.195177E+08  0.700443E+07  0.699888E+07  0.194666E+08  0.195174E+08
  0.574713E-03  0.194964E+08  0.194964E+08  0.509453E+07  0.509212E+07  0.194332E+08  0.194960E+08
  0.639955E-03  0.194714E+08  0.194714E+08  0.349102E+07  0.349198E+07  0.193933E+08  0.194709E+08
  0.712603E-03  0.194422E+08  0.194421E+08  0.230593E+07  0.230956E+07  0.193458E+08  0.194416E+08
  0.793498E-03  0.194085E+08  0.194084E+08  0.157737E+07  0.158188E+07  0.192896E+08  0.194077E+08
  0.883577E-03  0.193699E+08  0.193698E+08  0.123101E+07  0.123400E+07  0.192236E+08  0.193689E+08
  0.983881E-03  0.193262E+08  0.193260E+08  0.108479E+07  0.108458E+07  0.191466E+08  0.193250E+08
  0.109557E-02  0.192770E+08  0.192769E+08  0.929166E+06  0.926347E+06  0.190570E+08  0.192756E+08
  0.121994E-02  0.192221E+08  0.192220E+08  0.663691E+06  0.661353E+06  0.189537E+08  0.192204E+08
  0.135843E-02  0.191610E+08  0.191607E+08  0.377076E+06  0.377874E+06  0.188341E+08  0.191589E+08
  0.151264E-02  0.190928E+08  0.190925E+08  0.230780E+06  0.233051E+06  0.186964E+08  0.190902E+08
  0.168436E-02  0.190166E+08  0.190162E+08  0.217304E+06  0.216963E+06  0.185381E+08  0.190135E+08
  0.187557E-02  0.189312E+08  0.189308E+08  0.165515E+06  0.163788E+06  0.183569E+08  0.189275E+08
  0.208848E-02  0.188351E+08  0.188347E+08  0.708859E+05  0.719894E+05  0.181502E+08  0.188308E+08
  0.232557E-02  0.187270E+08  0.187264E+08  0.634129E+05  0.634825E+05  0.179159E+08  0.187218E+08
  0.258957E-02  0.186050E+08  0.186042E+08  0.463254E+05  0.442188E+05  0.176522E+08  0.185989E+08
  0.288354E-02  0.184674E+08  0.184664E+08  0.184677E+05  0.163935E+05  0.173577E+08  0.184603E+08
  0.321088E-02  0.183124E+08  0.183112E+08  0.238389E+05  0.184323E+05  0.170314E+08  0.183042E+08
  0.357538E-02  0.181382E+08  0.181368E+08  0.342740E+04  0.370223E+04  0.166724E+08  0.181288E+08
  0.398126E-02  0.179430E+08  0.179413E+08  0.193539E+04  0.169811E+04  0.162797E+08  0.179323E+08
  0.443322E-02  0.177250E+08  0.177229E+08  0.354157E+04  0.228913E+04  0.158515E+08  0.177129E+08
  0.493648E-02  0.174826E+08  0.174800E+08  0.000000E+00  0.000000E+00  0.153858E+08  0.174690E+08
  0.498985E-02  0.174569E+08  0.174542E+08  0.000000E+00  0.000000E+00  0.153371E+08  0.174432E+08
  0.504379E-02  0.174310E+08  0.174283E+08  0.000000E+00  0.000000E+00  0.152880E+08  0.174171E+08
  0.509832E-02  0.174048E+08  0.174020E+08  0.000000E+00  0.000000E+00  0.152385E+08  0.173907E+08
  0.515344E-02  0.173783E+08  0.173755E+08  0.000000E+00  0.000000E+00  0.151886E+08  0.173641E+08
  0.520915E-02  0.173516E+08  0.173487E+08  0.000000E+00  0.000000E+00  0.151382E+08  0.173372E+08
  0.526546E-02  0.173246E+08  0.173216E+08  0.000000E+00  0.000000E+00  0.150875E+08  0.173101E+08
  0.532239E-02  0.172973E+08  0.172943E+08  0.000000E+00  0.000000E+00  0.150364E+08  0.172827E+08
  0.537993E-02  0.172698E+08  0.172667E+08  0.000000E+00  0.000000E+00  0.149849E+08  0.172550E+08
  0.543809E-02  0.172420E+08  0.172388E+08  0.000000E+00  0.000000E+00  0.149329E+08  0.172270E+08
  0.549688E-02  0.172139E+08  0.172107E+08  0.000000E+00  0.000000E+00  0.148806E+08  0.171987E+08
  0.555630E-02  0.171855E+08  0.171822E+08  0.000000E+00  0.000000E+00  0.148278E+08  0.171702E+08
  0.561637E-02  0.171568E+08  0.171535E+08  0.000000E+00  0.000000E+00  0.147746E+08  0.171413E+08
  0.567709E-02  0.171279E+08  0.171245E+08  0.000000E+00  0.000000E+00  0.147211E+08  0.171122E+08
  0.573846E-02  0.170986E+08  0.170952E+08  0.000000E+00  0.000000E+00  0.146671E+08  0.170828E+08
  0.580050E-02  0.170691E+08  0.170656E+08  0.000000E+00  0.000000E+00  0.146127E+08  0.170532E+08
  0.586320E-02  0.170393E+08  0.170357E+08  0.000000E+00  0.000000E+00  0.145579E+08  0.170232E+08
  0.592659E-02  0.170092E+08  0.170056E+08  0.000000E+00  0.000000E+00  0.145026E+08  0.169929E+08
  0.599066E-02  0.169789E+08  0.169751E+08  0.000000E+00  0.000000E+00  0.144470E+08  0.169624E+08
  0.605542E-02  0.169482E+08  0.169444E+08  0.000000E+00  0.000000E+00  0.143910E+08  0.169315E+08
  0.612089E-02  0.169172E+08  0.169133E+08  0.000000E+00  0.000000E+00  0.143345E+08  0.169004E+08
  0.618706E-02  0.168860E+08  0.168820E+08  0.000000E+00  0.000000E+00  0.142776E+08  0.168690E+08
  0.625394E-02  0.168544E+08  0.168503E+08  0.000000E+00  0.000000E+00  0.142204E+08  0.168372E+08
  0.632155E-02  0.168225E+08  0.168184E+08  0.000000E+00  0.000000E+00  0.141627E+08  0.168052E+08
  0.638989E-02  0.167904E+08  0.167861E+08  0.000000E+00  0.000000E+00  0.141046E+08  0.167728E+08
  0.645897E-02  0.167579E+08  0.167536E+08  0.000000E+00  0.000000E+00  0.140461E+08  0.167402E+08
  0.652880E-02  0.167251E+08  0.167207E+08  0.000000E+00  0.000000E+00  0.139872E+08  0.167073E+08
  0.659938E-02  0.166921E+08  0.166876E+08  0.000000E+00  0.000000E+00  0.139279E+08  0.166740E+08
  0.667072E-02  0.166587E+08  0.166541E+08  0.000000E+00  0.000000E+00  0.138682E+08  0.166404E+08
  0.674284E-02  0.166250E+08  0.166203E+08  0.000000E+00  0.000000E+00  0.138082E+08  0.166066E+08
  0.681573E-02  0.165910E+08  0.165862E+08  0.000000E+00  0.000000E+00  0.137477E+08  0.165724E+08
  0.688942E-02  0.165567E+08  0.165518E+08  0.000000E+00  0.000000E+00  0.136868E+08  0.165379E+08
  0.696390E-02  0.165220E+08  0.165171E+08  0.000000E+00  0.000000E+00  0.136255E+08  0.165031E+08
  0.703918E-02  0.164871E+08  0.164820E+08  0.000000E+00  0.000000E+00  0.135638E+08  0.164679E+08
  0.711528E-02  0.164518E+08  0.164466E+08  0.000000E+00  0.000000E+00  0.135018E+08  0.164325E+08
  0.719220E-02  0.164162E+08  0.164110E+08  0.000000E+00  0.000000E+00  0.134393E+08  0.163967E+08
  0.726995E-02  0.163803E+08  0.163749E+08  0.000000E+00  0.000000E+00  0.133765E+08  0.163606E+08
  0.734855E-02  0.163441E+08  0.163386E+08  0.000000E+00  0.000000E+00  0.133133E+08  0.163242E+08
  0.742799E-02  0.163076E+08  0.163019E+08  0.000000E+00  0.000000E+00  0.132497E+08  0.162875E+08
  0.750829E-02  0.162707E+08  0.162649E+08  0.000000E+00  0.000000E+00  0.131857E+08  0.162504E+08
  0.758946E-02  0.162335E+08  0.162276E+08  0.000000E+00  0.000000E+00  0.131214E+08  0.162130E+08
  0.767151E-02  0.161959E+08  0.161900E+08  0.000000E+00  0.000000E+00  0.130567E+08  0.161753E+08
  0.775444E-02  0.161581E+08  0.161520E+08  0.000000E+00  0.000000E+00  0.129916E+08  0.161372E+08
  0.783828E-02  0.161199E+08  0.161137E+08  0.000000E+00  0.000000E+00  0.129262E+08  0.160989E+08
  0.792301E-02  0.160813E+08  0.160750E+08  0.000000E+00  0.000000E+00  0.128604E+08  0.160601E+08
  0.800867E-02  0.160425E+08  0.160360E+08  0.000000E+00  0.000000E+00  0.127942E+08  0.160211E+08
  0.809524E-02  0.160033E+08  0.159967E+08  0.000000E+00  0.000000E+00  0.127277E+08  0.159817E+08
  0.818276E-02  0.159637E+08  0.159570E+08  0.000000E+00  0.000000E+00  0.126608E+08  0.159420E+08
  0.827122E-02  0.159239E+08  0.159170E+08  0.000000E+00  0.000000E+00  0.125936E+08  0.159019E+08
  0.836064E-02  0.158836E+08  0.158767E+08  0.000000E+00  0.000000E+00  0.125260E+08  0.158615E+08
  0.845102E-02  0.158431E+08  0.158359E+08  0.000000E+00  0.000000E+00  0.124581E+08  0.158207E+08
  0.854239E-02  0.158021E+08  0.157949E+08  0.000000E+00  0.000000E+00  0.123899E+08  0.157796E+08
  0.863473E-02  0.157609E+08  0.157535E+08  0.000000E+00  0.000000E+00  0.123213E+08  0.157381E+08
  0.872808E-02  0.157193E+08  0.157117E+08  0.000000E+00  0.000000E+00  0.122524E+08  0.156963E+08
  0.882244E-02  0.156773E+08  0.156696E+08  0.000000E+00  0.000000E+00  0.121831E+08  0.156542E+08
  0.891782E-02  0.156350E+08  0.156272E+08  0.000000E+00  0.000000E+00  0.121136E+08  0.156117E+08
  0.901422E-02  0.155923E+08  0.155844E+08  0.000000E+00  0.000000E+00  0.120437E+08  0.155688E+08
  0.911167E-02  0.155493E+08  0.155412E+08  0.000000E+00  0.000000E+00  0.119735E+08  0.155256E+08
  0.921018E-02  0.155060E+08  0.154976E+08  0.000000E+00  0.000000E+00  0.119029E+08  0.154820E+08
  0.930975E-02  0.154622E+08  0.154538E+08  0.000000E+00  0.000000E+00  0.118321E+08  0.154381E+08
  0.941039E-02  0.154181E+08  0.154095E+08  0.000000E+00  0.000000E+00  0.117610E+08  0.153938E+08
  0.951212E-02  0.153737E+08  0.153649E+08  0.000000E+00  0.000000E+00  0.116895E+08  0.153492E+08
  0.961496E-02  0.153289E+08  0.153199E+08  0.000000E+00  0.000000E+00  0.116178E+08  0.153042E+08
  0.971890E-02  0.152837E+08  0.152745E+08  0.000000E+00  0.000000E+00  0.115458E+08  0.152588E+08
  0.982397E-02  0.152381E+08  0.152288E+08  0.000000E+00  0.000000E+00  0.114735E+08  0.152130E+08
  0.993017E-02  0.151922E+08  0.151827E+08  0.000000E+00  0.000000E+00  0.114009E+08  0.151669E+08
  0.100375E-01  0.151459E+08  0.151363E+08  0.000000E+00  0.000000E+00  0.113280E+08  0.151205E+08
  0.101460E-01  0.150993E+08  0.150894E+08  0.000000E+00  0.000000E+00  0.112549E+08  0.150736E+08
  0.102557E-01  0.150523E+08  0.150422E+08  0.000000E+00  0.000000E+00  0.111815E+08  0.150264E+08
  0.103666E-01  0.150049E+08  0.149946E+08  0.000000E+00  0.000000E+00  0.111078E+08  0.149788E+08
  0.104787E-01  0.149571E+08  0.149467E+08  0.000000E+00  0.000000E+00  0.110339E+08  0.149309E+08
  0.105919E-01  0.149090E+08  0.148983E+08  0.000000E+00  0.000000E+00  0.109597E+08  0.148825E+08
  0.107065E-01  0.148604E+08  0.148496E+08  0.000000E+00  0.000000E+00  0.108853E+08  0.148338E+08
  0.108222E-01  0.148115E+08  0.148005E+08  0.000000E+00  0.000000E+00  0.108106E+08  0.147847E+08
  0.109392E-01  0.147623E+08  0.147510E+08  0.000000E+00  0.000000E+00  0.107357E+08  0.147352E+08
  0.110575E-01  0.147126E+08  0.147011E+08  0.000000E+00  0.000000E+00  0.106606E+08  0.146854E+08
  0.111770E-01  0.146625E+08  0.146509E+08  0.000000E+00  0.000000E+00  0.105852E+08  0.146351E+08
  0.112978E-01  0.146121E+08  0.146002E+08  0.000000E+00  0.000000E+00  0.105096E+08  0.145845E+08
  0.114200E-01  0.145613E+08  0.145492E+08  0.000000E+00  0.000000E+00  0.104339E+08  0.145335E+08
  0.115434E-01  0.145101E+08  0.144977E+08  0.000000E+00  0.000000E+00  0.103579E+08  0.144821E+08
  0.116682E-01  0.144585E+08  0.144459E+08  0.000000E+00  0.000000E+00  0.102816E+08  0.144303E+08
  0.117944E-01  0.144065E+08  0.143937E+08  0.000000E+00  0.000000E+00  0.102052E+08  0.143781E+08
  0.119219E-01  0.143541E+08  0.143411E+08  0.000000E+00  0.000000E+00  0.101287E+08  0.143256E+08
  0.120507E-01  0.143014E+08  0.142881E+08  0.000000E+00  0.000000E+00  0.100519E+08  0.142726E+08
  0.121810E-01  0.142482E+08  0.142347E+08  0.000000E+00  0.000000E+00  0.997492E+07  0.142193E+08
  0.123127E-01  0.141947E+08  0.141809E+08  0.000000E+00  0.000000E+00  0.989779E+07  0.141655E+08
  0.124458E-01  0.141407E+08  0.141267E+08  0.000000E+00  0.000000E+00  0.982050E+07  0.141114E+08
  0.125804E-01  0.140864E+08  0.140721E+08  0.000000E+00  0.000000E+00  0.974305E+07  0.140569E+08
  0.127164E-01  0.140316E+08  0.140171E+08  0.000000E+00  0.000000E+00  0.966544E+07  0.140019E+08
  0.128538E-01  0.139765E+08  0.139616E+08  0.000000E+00  0.000000E+00  0.958770E+07  0.139466E+08
  0.129928E-01  0.139209E+08  0.139058E+08  0.000000E+00  0.000000E+00  0.950981E+07  0.138909E+08
  0.131333E-01  0.138650E+08  0.138496E+08  0.000000E+00  0.000000E+00  0.943178E+07  0.138348E+08
  0.132752E-01  0.138086E+08  0.137930E+08  0.000000E+00  0.000000E+00  0.935364E+07  0.137782E+08
  0.134188E-01  0.137519E+08  0.137359E+08  0.000000E+00  0.000000E+00  0.927537E+07  0.137213E+08
  0.135638E-01  0.136947E+08  0.136785E+08  0.000000E+00  0.000000E+00  0.919700E+07  0.136640E+08
  0.137105E-01  0.136371E+08  0.136207E+08  0.000000E+00  0.000000E+00  0.911852E+07  0.136062E+08
  0.138587E-01  0.135792E+08  0.135624E+08  0.000000E+00  0.000000E+00  0.903994E+07  0.135481E+08
  0.140085E-01  0.135208E+08  0.135037E+08  0.000000E+00  0.000000E+00  0.896128E+07  0.134895E+08
  0.141599E-01  0.134620E+08  0.134446E+08  0.000000E+00  0.000000E+00  0.888253E+07  0.134306E+08
  0.143130E-01  0.134028E+08  0.133851E+08  0.000000E+00  0.000000E+00  0.880370E+07  0.133712E+08
  0.144678E-01  0.133432E+08  0.133252E+08  0.000000E+00  0.000000E+00  0.872481E+07  0.133114E+08
  0.146242E-01  0.132832E+08  0.132649E+08  0.000000E+00  0.000000E+00  0.864586E+07  0.132513E+08
  0.147823E-01  0.132228E+08  0.132042E+08  0.000000E+00  0.000000E+00  0.856686E+07  0.131907E+08
  0.149421E-01  0.131620E+08  0.131430E+08  0.000000E+00  0.000000E+00  0.848782E+07  0.131297E+08
  0.151036E-01  0.131007E+08  0.130815E+08  0.000000E+00  0.000000E+00  0.840874E+07  0.130683E+08
  0.152669E-01  0.130391E+08  0.130195E+08  0.000000E+00  0.000000E+00  0.832963E+07  0.130065E+08
  0.154319E-01  0.129771E+08  0.129571E+08  0.000000E+00  0.000000E+00  0.825050E+07  0.129443E+08
  0.155988E-01  0.129146E+08  0.128943E+08  0.000000E+00  0.000000E+00  0.817136E+07  0.128817E+08
  0.157674E-01  0.128517E+08  0.128311E+08  0.000000E+00  0.000000E+00  0.809221E+07  0.128186E+08
  0.159378E-01  0.127884E+08  0.127675E+08  0.000000E+00  0.000000E+00  0.801307E+07  0.127552E+08
  0.161101E-01  0.127248E+08  0.127035E+08  0.000000E+00  0.000000E+00  0.793395E+07  0.126914E+08
  0.162843E-01  0.126607E+08  0.126390E+08  0.000000E+00  0.000000E+00  0.785484E+07  0.126271E+08
  0.164603E-01  0.125962E+08  0.125742E+08  0.000000E+00  0.000000E+00  0.777576E+07  0.125625E+08
  0.166383E-01  0.125313E+08  0.125089E+08  0.000000E+00  0.000000E+00  0.769673E+07  0.124974E+08
  0.168182E-01  0.124659E+08  0.124432E+08  0.000000E+00  0.000000E+00  0.761774E+07  0.124320E+08
  0.170000E-01  0.124002E+08  0.123772E+08  0.000000E+00  0.000000E+00  0.753880E+07  0.123661E+08
  0.171838E-01  0.123341E+08  0.123107E+08  0.000000E+00  0.000000E+00  0.745993E+07  0.122999E+08
  0.173695E-01  0.122676E+08  0.122438E+08  0.000000E+00  0.000000E+00  0.738113E+07  0.122332E+08
  0.175573E-01  0.122007E+08  0.121765E+08  0.000000E+00  0.000000E+00  0.730241E+07  0.121662E+08
  0.177471E-01  0.121334E+08  0.121088E+08  0.000000E+00  0.000000E+00  0.722379E+07  0.120987E+08
  0.179390E-01  0.120656E+08  0.120407E+08  0.000000E+00  0.000000E+00  0.714526E+07  0.120309E+08
  0.181329E-01  0.119975E+08  0.119722E+08  0.000000E+00  0.000000E+00  0.706685E+07  0.119627E+08
  0.183289E-01  0.119290E+08  0.119033E+08  0.000000E+00  0.000000E+00  0.698855E+07  0.118940E+08
  0.185271E-01  0.118601E+08  0.118340E+08  0.000000E+00  0.000000E+00  0.691037E+07  0.118250E+08
  0.187274E-01  0.117909E+08  0.117644E+08  0.000000E+00  0.000000E+00  0.683234E+07  0.117556E+08
  0.189298E-01  0.117212E+08  0.116943E+08  0.000000E+00  0.000000E+00  0.675444E+07  0.116859E+08
  0.191345E-01  0.116512E+08  0.116239E+08  0.000000E+00  0.000000E+00  0.667671E+07  0.116157E+08
  0.193413E-01  0.115808E+08  0.115531E+08  0.000000E+00  0.000000E+00  0.659914E+07  0.115452E+08
  0.195504E-01  0.115100E+08  0.114819E+08  0.000000E+00  0.000000E+00  0.652174E+07  0.114743E+08
  0.197618E-01  0.114388E+08  0.114103E+08  0.000000E+00  0.000000E+00  0.644452E+07  0.114031E+08
  0.199754E-01  0.113673E+08  0.113384E+08  0.000000E+00  0.000000E+00  0.636750E+07  0.113314E+08
  0.201914E-01  0.112954E+08  0.112661E+08  0.000000E+00  0.000000E+00  0.629068E+07  0.112595E+08
  0.204097E-01  0.112232E+08  0.111934E+08  0.000000E+00  0.000000E+00  0.621407E+07  0.111871E+08
  0.206303E-01  0.111506E+08  0.111204E+08  0.000000E+00  0.000000E+00  0.613768E+07  0.111145E+08
  0.208533E-01  0.110777E+08  0.110471E+08  0.000000E+00  0.000000E+00  0.606153E+07  0.110415E+08
  0.210788E-01  0.110044E+08  0.109734E+08  0.000000E+00  0.000000E+00  0.598562E+07  0.109681E+08
  0.213066E-01  0.109308E+08  0.108994E+08  0.000000E+00  0.000000E+00  0.590996E+07  0.108944E+08
  0.215370E-01  0.108569E+08  0.108250E+08  0.000000E+00  0.000000E+00  0.583456E+07  0.108204E+08
  0.217698E-01  0.107826E+08  0.107504E+08  0.000000E+00  0.000000E+00  0.575943E+07  0.107461E+08
  0.220052E-01  0.107081E+08  0.106754E+08  0.000000E+00  0.000000E+00  0.568459E+07  0.106715E+08
  0.222430E-01  0.106332E+08  0.106001E+08  0.000000E+00  0.000000E+00  0.561004E+07  0.105965E+08
  0.224835E-01  0.105580E+08  0.105245E+08  0.000000E+00  0.000000E+00  0.553579E+07  0.105213E+08
  0.227266E-01  0.104826E+08  0.104486E+08  0.000000E+00  0.000000E+00  0.546186E+07  0.104458E+08
  0.229723E-01  0.104068E+08  0.103725E+08  0.000000E+00  0.000000E+00  0.538825E+07  0.103700E+08
  0.232206E-01  0.103308E+08  0.102961E+08  0.000000E+00  0.000000E+00  0.531497E+07  0.102940E+08
  0.234716E-01  0.102546E+08  0.102194E+08  0.000000E+00  0.000000E+00  0.524204E+07  0.102176E+08
  0.237254E-01  0.101780E+08  0.101424E+08  0.000000E+00  0.000000E+00  0.516947E+07  0.101411E+08
  0.239819E-01  0.101013E+08  0.100653E+08  0.000000E+00  0.000000E+00  0.509726E+07  0.100643E+08
  0.242411E-01  0.100243E+08  0.998786E+07  0.000000E+00  0.000000E+00  0.502543E+07  0.998724E+07
  0.245032E-01  0.994703E+07  0.991024E+07  0.000000E+00  0.000000E+00  0.495398E+07  0.990999E+07
  0.247681E-01  0.986960E+07  0.983240E+07  0.000000E+00  0.000000E+00  0.488294E+07  0.983254E+07
  0.250359E-01  0.979197E+07  0.975438E+07  0.000000E+00  0.000000E+00  0.481230E+07  0.975489E+07
  0.253065E-01  0.971415E+07  0.967617E+07  0.000000E+00  0.000000E+00  0.474208E+07  0.967707E+07
  0.255801E-01  0.963617E+07  0.959780E+07  0.000000E+00  0.000000E+00  0.467230E+07  0.959907E+07
  0.258566E-01  0.955802E+07  0.951927E+07  0.000000E+00  0.000000E+00  0.460295E+07  0.952092E+07
  0.261362E-01  0.947973E+07  0.944060E+07  0.000000E+00  0.000000E+00  0.453405E+07  0.944263E+07
  0.264187E-01  0.940131E+07  0.936181E+07  0.000000E+00  0.000000E+00  0.446562E+07  0.936421E+07
  0.267043E-01  0.932277E+07  0.928291E+07  0.000000E+00  0.000000E+00  0.439765E+07  0.928569E+07
  0.269930E-01  0.924413E+07  0.920392E+07  0.000000E+00  0.000000E+00  0.433017E+07  0.920706E+07
  0.272848E-01  0.916541E+07  0.912484E+07  0.000000E+00  0.000000E+00  0.426318E+07  0.912836E+07
  0.275798E-01  0.908662E+07  0.904571E+07  0.000000E+00  0.000000E+00  0.419670E+07  0.904960E+07
  0.278779E-01  0.900778E+07  0.896654E+07  0.000000E+00  0.000000E+00  0.413072E+07  0.897079E+07
  0.281793E-01  0.892891E+07  0.888734E+07  0.000000E+00  0.000000E+00  0.406527E+07  0.889195E+07
  0.284840E-01  0.885002E+07  0.880814E+07  0.000000E+00  0.000000E+00  0.400035E+07  0.881310E+07
  0.287919E-01  0.877113E+07  0.872894E+07  0.000000E+00  0.000000E+00  0.393598E+07  0.873425E+07
  0.291032E-01  0.869226E+07  0.864978E+07  0.000000E+00  0.000000E+00  0.387216E+07  0.865544E+07
  0.294178E-01  0.861344E+07  0.857067E+07  0.000000E+00  0.000000E+00  0.380890E+07  0.857667E+07
  0.297358E-01  0.853468E+07  0.849164E+07  0.000000E+00  0.000000E+00  0.374621E+07  0.849796E+07
  0.300573E-01  0.845599E+07  0.841269E+07  0.000000E+00  0.000000E+00  0.368410E+07  0.841934E+07
  0.303822E-01  0.837741E+07  0.833386E+07  0.000000E+00  0.000000E+00  0.362259E+07  0.834083E+07
  0.307107E-01  0.829896E+07  0.825517E+07  0.000000E+00  0.000000E+00  0.356167E+07  0.826245E+07
  0.310427E-01  0.822064E+07  0.817664E+07  0.000000E+00  0.000000E+00  0.350137E+07  0.818421E+07
  0.313783E-01  0.814250E+07  0.809828E+07  0.000000E+00  0.000000E+00  0.344168E+07  0.810615E+07
  0.317175E-01  0.806454E+07  0.802013E+07  0.000000E+00  0.000000E+00  0.338262E+07  0.802828E+07
  0.320604E-01  0.798679E+07  0.794221E+07  0.000000E+00  0.000000E+00  0.332420E+07  0.795063E+07
  0.324070E-01  0.790928E+07  0.786454E+07  0.000000E+00  0.000000E+00  0.326642E+07  0.787322E+07
  0.327573E-01  0.783203E+07  0.778714E+07  0.000000E+00  0.000000E+00  0.320929E+07  0.779607E+07
  0.331114E-01  0.775506E+07  0.771005E+07  0.000000E+00  0.000000E+00  0.315282E+07  0.771921E+07
  0.334694E-01  0.767840E+07  0.763328E+07  0.000000E+00  0.000000E+00  0.309702E+07  0.764266E+07
  0.338312E-01  0.760206E+07  0.755685E+07  0.000000E+00  0.000000E+00  0.304189E+07  0.756645E+07
  0.341970E-01  0.752609E+07  0.748080E+07  0.000000E+00  0.000000E+00  0.298744E+07  0.749060E+07
  0.345667E-01  0.745049E+07  0.740515E+07  0.000000E+00  0.000000E+00  0.293367E+07  0.741513E+07
  0.349404E-01  0.737529E+07  0.732992E+07  0.000000E+00  0.000000E+00  0.288060E+07  0.734007E+07
  0.353181E-01  0.730053E+07  0.725515E+07  0.000000E+00  0.000000E+00  0.282822E+07  0.726544E+07
  0.356999E-01  0.722622E+07  0.718085E+07  0.000000E+00  0.000000E+00  0.277655E+07  0.719127E+07
  0.360858E-01  0.715238E+07  0.710704E+07  0.000000E+00  0.000000E+00  0.272558E+07  0.711759E+07
  0.364760E-01  0.707906E+07  0.703377E+07  0.000000E+00  0.000000E+00  0.267533E+07  0.704441E+07
  0.368703E-01  0.700626E+07  0.696104E+07  0.000000E+00  0.000000E+00  0.262579E+07  0.697177E+07
  0.372689E-01  0.693401E+07  0.688889E+07  0.000000E+00  0.000000E+00  0.257698E+07  0.689968E+07
  0.376718E-01  0.686232E+07  0.681733E+07  0.000000E+00  0.000000E+00  0.252889E+07  0.682817E+07
  0.380790E-01  0.679124E+07  0.674639E+07  0.000000E+00  0.000000E+00  0.248153E+07  0.675726E+07
  0.384907E-01  0.672078E+07  0.667610E+07  0.000000E+00  0.000000E+00  0.243490E+07  0.668697E+07
  0.389068E-01  0.665098E+07  0.660648E+07  0.000000E+00  0.000000E+00  0.238901E+07  0.661735E+07
  0.393274E-01  0.658184E+07  0.653757E+07  0.000000E+00  0.000000E+00  0.234385E+07  0.654840E+07
  0.397526E-01  0.651341E+07  0.646937E+07  0.000000E+00  0.000000E+00  0.229944E+07  0.648015E+07
  0.401823E-01  0.644569E+07  0.640192E+07  0.000000E+00  0.000000E+00  0.225575E+07  0.641263E+07
  0.406167E-01  0.637871E+07  0.633523E+07  0.000000E+00  0.000000E+00  0.221281E+07  0.634584E+07
  0.410558E-01  0.631248E+07  0.626932E+07  0.000000E+00  0.000000E+00  0.217059E+07  0.627981E+07
  0.414997E-01  0.624702E+07  0.620420E+07  0.000000E+00  0.000000E+00  0.212911E+07  0.621456E+07
  0.419483E-01  0.618235E+07  0.613989E+07  0.000000E+00  0.000000E+00  0.208835E+07  0.615009E+07
  0.424018E-01  0.611847E+07  0.607640E+07  0.000000E+00  0.000000E+00  0.204832E+07  0.608642E+07
  0.428602E-01  0.605541E+07  0.601376E+07  0.000000E+00  0.000000E+00  0.200901E+07  0.602357E+07
  0.433235E-01  0.599318E+07  0.595197E+07  0.000000E+00  0.000000E+00  0.197042E+07  0.596156E+07
  0.437919E-01  0.593180E+07  0.589104E+07  0.000000E+00  0.000000E+00  0.193255E+07  0.590039E+07
  0.442653E-01  0.587127E+07  0.583100E+07  0.000000E+00  0.000000E+00  0.189539E+07  0.584009E+07
  0.447439E-01  0.581161E+07  0.577186E+07  0.000000E+00  0.000000E+00  0.185895E+07  0.578066E+07
  0.452276E-01  0.575284E+07  0.571362E+07  0.000000E+00  0.000000E+00  0.182320E+07  0.572211E+07
  0.457165E-01  0.569495E+07  0.565628E+07  0.000000E+00  0.000000E+00  0.178815E+07  0.566445E+07
  0.462107E-01  0.563795E+07  0.559986E+07  0.000000E+00  0.000000E+00  0.175378E+07  0.560768E+07
  0.467103E-01  0.558184E+07  0.554435E+07  0.000000E+00  0.000000E+00  0.172009E+07  0.555180E+07
  0.472153E-01  0.552662E+07  0.548976E+07  0.000000E+00  0.000000E+00  0.168706E+07  0.549682E+07
  0.477257E-01  0.547230E+07  0.543607E+07  0.000000E+00  0.000000E+00  0.165470E+07  0.544274E+07
  0.482417E-01  0.541886E+07  0.538329E+07  0.000000E+00  0.000000E+00  0.162298E+07  0.538954E+07
  0.487632E-01  0.536631E+07  0.533141E+07  0.000000E+00  0.000000E+00  0.159190E+07  0.533722E+07
  0.492904E-01  0.531463E+07  0.528043E+07  0.000000E+00  0.000000E+00  0.156146E+07  0.528578E+07
  0.498232E-01  0.526383E+07  0.523032E+07  0.000000E+00  0.000000E+00  0.153163E+07  0.523522E+07
  0.503618E-01  0.521387E+07  0.518109E+07  0.000000E+00  0.000000E+00  0.150241E+07  0.518551E+07
  0.509063E-01  0.516476E+07  0.513271E+07  0.000000E+00  0.000000E+00  0.147377E+07  0.513664E+07
  0.514566E-01  0.511647E+07  0.508517E+07  0.000000E+00  0.000000E+00  0.144572E+07  0.508859E+07
  0.520129E-01  0.506898E+07  0.503843E+07  0.000000E+00  0.000000E+00  0.141822E+07  0.504134E+07
  0.525752E-01  0.502226E+07  0.499248E+07  0.000000E+00  0.000000E+00  0.139128E+07  0.499486E+07
  0.531436E-01  0.497630E+07  0.494728E+07  0.000000E+00  0.000000E+00  0.136488E+07  0.494914E+07
  0.537181E-01  0.493107E+07  0.490282E+07  0.000000E+00  0.000000E+00  0.133899E+07  0.490415E+07
  0.542988E-01  0.488653E+07  0.485906E+07  0.000000E+00  0.000000E+00  0.131362E+07  0.485985E+07
  0.548858E-01  0.484267E+07  0.481597E+07  0.000000E+00  0.000000E+00  0.128873E+07  0.481623E+07
  0.554792E-01  0.479945E+07  0.477353E+07  0.000000E+00  0.000000E+00  0.126432E+07  0.477325E+07
  0.560790E-01  0.475684E+07  0.473169E+07  0.000000E+00  0.000000E+00  0.124036E+07  0.473088E+07
  0.566852E-01  0.471481E+07  0.469042E+07  0.000000E+00  0.000000E+00  0.121684E+07  0.468907E+07
  0.572980E-01  0.467329E+07  0.464967E+07  0.000000E+00  0.000000E+00  0.119376E+07  0.464779E+07
  0.579175E-01  0.463226E+07  0.460939E+07  0.000000E+00  0.000000E+00  0.117110E+07  0.460700E+07
  0.585436E-01  0.459167E+07  0.456954E+07  0.000000E+00  0.000000E+00  0.114883E+07  0.456663E+07
  0.594337E-01  0.453535E+07  0.451423E+07  0.000000E+00  0.000000E+00  0.111821E+07  0.451063E+07
  0.603239E-01  0.448051E+07  0.446035E+07  0.000000E+00  0.000000E+00  0.108872E+07  0.445609E+07
  0.612140E-01  0.442697E+07  0.440773E+07  0.000000E+00  0.000000E+00  0.106029E+07  0.440285E+07
  0.621041E-01  0.437457E+07  0.435620E+07  0.000000E+00  0.000000E+00  0.103286E+07  0.435075E+07
  0.629943E-01  0.432317E+07  0.430561E+07  0.000000E+00  0.000000E+00  0.100634E+07  0.429963E+07
  0.638844E-01  0.427261E+07  0.425580E+07  0.000000E+00  0.000000E+00  0.980665E+06  0.424934E+07
  0.647746E-01  0.422276E+07  0.420664E+07  0.000000E+00  0.000000E+00  0.955775E+06  0.419975E+07
  0.656647E-01  0.417350E+07  0.415801E+07  0.000000E+00  0.000000E+00  0.931628E+06  0.415075E+07
  0.665548E-01  0.412472E+07  0.410980E+07  0.000000E+00  0.000000E+00  0.908175E+06  0.410222E+07
  0.674450E-01  0.407634E+07  0.406193E+07  0.000000E+00  0.000000E+00  0.885365E+06  0.405407E+07
  0.683351E-01  0.402827E+07  0.401431E+07  0.000000E+00  0.000000E+00  0.863161E+06  0.400624E+07
  0.692252E-01  0.398045E+07  0.396688E+07  0.000000E+00  0.000000E+00  0.841537E+06  0.395864E+07
  0.701154E-01  0.393281E+07  0.391957E+07  0.000000E+00  0.000000E+00  0.820461E+06  0.391122E+07
  0.710055E-01  0.388530E+07  0.387233E+07  0.000000E+00  0.000000E+00  0.799899E+06  0.386392E+07
  0.718957E-01  0.383789E+07  0.382513E+07  0.000000E+00  0.000000E+00  0.779830E+06  0.381671E+07
  0.727858E-01  0.379055E+07  0.377795E+07  0.000000E+00  0.000000E+00  0.760238E+06  0.376957E+07
  0.736759E-01  0.374326E+07  0.373077E+07  0.000000E+00  0.000000E+00  0.741106E+06  0.372248E+07
  0.745661E-01  0.369603E+07  0.368359E+07  0.000000E+00  0.000000E+00  0.722415E+06  0.367543E+07
  0.754562E-01  0.364884E+07  0.363642E+07  0.000000E+00  0.000000E+00  0.704156E+06  0.362843E+07
  0.763463E-01  0.360172E+07  0.358927E+07  0.000000E+00  0.000000E+00  0.686319E+06  0.358148E+07
  0.772365E-01  0.355467E+07  0.354216E+07  0.000000E+00  0.000000E+00  0.668893E+06  0.353461E+07
  0.781266E-01  0.350773E+07  0.349511E+07  0.000000E+00  0.000000E+00  0.651870E+06  0.348784E+07
  0.790168E-01  0.346092E+07  0.344817E+07  0.000000E+00  0.000000E+00  0.635247E+06  0.344120E+07
  0.799069E-01  0.341427E+07  0.340136E+07  0.000000E+00  0.000000E+00  0.619019E+06  0.339472E+07
  0.807970E-01  0.336784E+07  0.335474E+07  0.000000E+00  0.000000E+00  0.603181E+06  0.334845E+07
  0.816872E-01  0.332166E+07  0.330836E+07  0.000000E+00  0.000000E+00  0.587731E+06  0.330243E+07
  0.825773E-01  0.327579E+07  0.326226E+07  0.000000E+00  0.000000E+00  0.572666E+06  0.325672E+07
  0.834674E-01  0.323027E+07  0.321652E+07  0.000000E+00  0.000000E+00  0.557985E+06  0.321136E+07
  0.843576E-01  0.318516E+07  0.317117E+07  0.000000E+00  0.000000E+00  0.543684E+06  0.316641E+07
  0.852477E-01  0.314052E+07  0.312628E+07  0.000000E+00  0.000000E+00  0.529764E+06  0.312192E+07
  0.861379E-01  0.309639E+07  0.308191E+07  0.000000E+00  0.000000E+00  0.516226E+06  0.307795E+07
  0.870280E-01  0.305284E+07  0.303811E+07  0.000000E+00  0.000000E+00  0.503064E+06  0.303455E+07
  0.879181E-01  0.300992E+07  0.299495E+07  0.000000E+00  0.000000E+00  0.490279E+06  0.299178E+07
  0.888083E-01  0.296768E+07  0.295248E+07  0.000000E+00  0.000000E+00  0.477866E+06  0.294970E+07
  0.896984E-01  0.292617E+07  0.291076E+07  0.000000E+00  0.000000E+00  0.465823E+06  0.290834E+07
  0.905886E-01  0.288544E+07  0.286983E+07  0.000000E+00  0.000000E+00  0.454148E+06  0.286776E+07
  0.914787E-01  0.284552E+07  0.282973E+07  0.000000E+00  0.000000E+00  0.442839E+06  0.282800E+07
  0.923688E-01  0.280647E+07  0.279051E+07  0.000000E+00  0.000000E+00  0.431891E+06  0.278910E+07
  0.932590E-01  0.276832E+07  0.275222E+07  0.000000E+00  0.000000E+00  0.421300E+06  0.275110E+07
  0.941491E-01  0.273112E+07  0.271489E+07  0.000000E+00  0.000000E+00  0.411059E+06  0.271404E+07
  0.950392E-01  0.269489E+07  0.267856E+07  0.000000E+00  0.000000E+00  0.401165E+06  0.267796E+07
  0.959294E-01  0.265965E+07  0.264326E+07  0.000000E+00  0.000000E+00  0.391612E+06  0.264287E+07
  0.968195E-01  0.262543E+07  0.260899E+07  0.000000E+00  0.000000E+00  0.382396E+06  0.260880E+07
  0.977097E-01  0.259223E+07  0.257579E+07  0.000000E+00  0.000000E+00  0.373508E+06  0.257576E+07
  0.985998E-01  0.256008E+07  0.254365E+07  0.000000E+00  0.000000E+00  0.364938E+06  0.254376E+07
  0.994899E-01  0.252898E+07  0.251259E+07  0.000000E+00  0.000000E+00  0.356678E+06  0.251281E+07
  0.100380E+00  0.249894E+07  0.248262E+07  0.000000E+00  0.000000E+00  0.348723E+06  0.248291E+07
  0.101270E+00  0.246994E+07  0.245371E+07  0.000000E+00  0.000000E+00  0.341064E+06  0.245406E+07
  0.102160E+00  0.244198E+07  0.242588E+07  0.000000E+00  0.000000E+00  0.333691E+06  0.242625E+07
  0.103050E+00  0.241504E+07  0.239909E+07  0.000000E+00  0.000000E+00  0.326594E+06  0.239946E+07
  0.103941E+00  0.238912E+07  0.237334E+07  0.000000E+00  0.000000E+00  0.319762E+06  0.237369E+07
  0.104831E+00  0.236418E+07  0.234861E+07  0.000000E+00  0.000000E+00  0.313187E+06  0.234890E+07
  0.105721E+00  0.234021E+07  0.232486E+07  0.000000E+00  0.000000E+00  0.306858E+06  0.232507E+07
  0.106611E+00  0.231718E+07  0.230207E+07  0.000000E+00  0.000000E+00  0.300766E+06  0.230218E+07
  0.107501E+00  0.229504E+07  0.228020E+07  0.000000E+00  0.000000E+00  0.294898E+06  0.228018E+07
  0.108391E+00  0.227376E+07  0.225920E+07  0.000000E+00  0.000000E+00  0.289243E+06  0.225905E+07
  0.109281E+00  0.225330E+07  0.223905E+07  0.000000E+00  0.000000E+00  0.283791E+06  0.223873E+07
  0.110172E+00  0.223363E+07  0.221969E+07  0.000000E+00  0.000000E+00  0.278534E+06  0.221920E+07
  0.111062E+00  0.221470E+07  0.220109E+07  0.000000E+00  0.000000E+00  0.273462E+06  0.220041E+07
  0.111952E+00  0.219647E+07  0.218319E+07  0.000000E+00  0.000000E+00  0.268561E+06  0.218231E+07
  0.112842E+00  0.217888E+07  0.216594E+07  0.000000E+00  0.000000E+00  0.263822E+06  0.216485E+07
  0.113732E+00  0.216188E+07  0.214930E+07  0.000000E+00  0.000000E+00  0.259234E+06  0.214799E+07
  0.114622E+00  0.214544E+07  0.213321E+07  0.000000E+00  0.000000E+00  0.254790E+06  0.213167E+07
  0.115512E+00  0.212949E+07  0.211761E+07  0.000000E+00  0.000000E+00  0.250479E+06  0.211585E+07
  0.116403E+00  0.211399E+07  0.210247E+07  0.000000E+00  0.000000E+00  0.246293E+06  0.210049E+07
  0.117293E+00  0.209891E+07  0.208774E+07  0.000000E+00  0.000000E+00  0.242222E+06  0.208552E+07
  0.118183E+00  0.208417E+07  0.207335E+07  0.000000E+00  0.000000E+00  0.238260E+06  0.207091E+07
  0.119073E+00  0.206974E+07  0.205926E+07  0.000000E+00  0.000000E+00  0.234396E+06  0.205659E+07
  0.119963E+00  0.205555E+07  0.204541E+07  0.000000E+00  0.000000E+00  0.230624E+06  0.204253E+07
  0.120853E+00  0.204158E+07  0.203177E+07  0.000000E+00  0.000000E+00  0.226934E+06  0.202867E+07
  0.121743E+00  0.202778E+07  0.201828E+07  0.000000E+00  0.000000E+00  0.223322E+06  0.201498E+07
  0.122634E+00  0.201410E+07  0.200490E+07  0.000000E+00  0.000000E+00  0.219783E+06  0.200141E+07
  0.123524E+00  0.200052E+07  0.199160E+07  0.000000E+00  0.000000E+00  0.216310E+06  0.198793E+07
  0.124414E+00  0.198698E+07  0.197834E+07  0.000000E+00  0.000000E+00  0.212897E+06  0.197451E+07
  0.125304E+00  0.197347E+07  0.196508E+07  0.000000E+00  0.000000E+00  0.209539E+06  0.196110E+07
  0.126194E+00  0.195995E+07  0.195180E+07  0.000000E+00  0.000000E+00  0.206233E+06  0.194768E+07
  0.127084E+00  0.194640E+07  0.193847E+07  0.000000E+00  0.000000E+00  0.202975E+06  0.193422E+07
  0.127974E+00  0.193278E+07  0.192506E+07  0.000000E+00  0.000000E+00  0.199761E+06  0.192071E+07
  0.128864E+00  0.191909E+07  0.191155E+07  0.000000E+00  0.000000E+00  0.196588E+06  0.190711E+07
  0.129755E+00  0.190530E+07  0.189792E+07  0.000000E+00  0.000000E+00  0.193454E+06  0.189340E+07
  0.130645E+00  0.189139E+07  0.188416E+07  0.000000E+00  0.000000E+00  0.190357E+06  0.187959E+07
  0.131535E+00  0.187735E+07  0.187025E+07  0.000000E+00  0.000000E+00  0.187294E+06  0.186564E+07
  0.132425E+00  0.186319E+07  0.185619E+07  0.000000E+00  0.000000E+00  0.184263E+06  0.185156E+07
  0.133315E+00  0.184888E+07  0.184197E+07  0.000000E+00  0.000000E+00  0.181266E+06  0.183734E+07
  0.134205E+00  0.183442E+07  0.182759E+07  0.000000E+00  0.000000E+00  0.178300E+06  0.182296E+07
  0.135095E+00  0.181982E+07  0.181304E+07  0.000000E+00  0.000000E+00  0.175364E+06  0.180845E+07
  0.135986E+00  0.180508E+07  0.179833E+07  0.000000E+00  0.000000E+00  0.172458E+06  0.179378E+07
  0.136876E+00  0.179019E+07  0.178347E+07  0.000000E+00  0.000000E+00  0.169582E+06  0.177898E+07
  0.137766E+00  0.177518E+07  0.176846E+07  0.000000E+00  0.000000E+00  0.166737E+06  0.176404E+07
  0.138656E+00  0.176005E+07  0.175332E+07  0.000000E+00  0.000000E+00  0.163923E+06  0.174898E+07
  0.139546E+00  0.174481E+07  0.173806E+07  0.000000E+00  0.000000E+00  0.161141E+06  0.173382E+07
  0.140436E+00  0.172947E+07  0.172269E+07  0.000000E+00  0.000000E+00  0.158391E+06  0.171856E+07
  0.141326E+00  0.171406E+07  0.170724E+07  0.000000E+00  0.000000E+00  0.155676E+06  0.170322E+07
  0.142217E+00  0.169860E+07  0.169172E+07  0.000000E+00  0.000000E+00  0.152994E+06  0.168783E+07
  0.143107E+00  0.168310E+07  0.167615E+07  0.000000E+00  0.000000E+00  0.150348E+06  0.167240E+07
  0.143997E+00  0.166758E+07  0.166056E+07  0.000000E+00  0.000000E+00  0.147740E+06  0.165695E+07
  0.144887E+00  0.165207E+07  0.164497E+07  0.000000E+00  0.000000E+00  0.145171E+06  0.164151E+07
  0.145777E+00  0.163658E+07  0.162940E+07  0.000000E+00  0.000000E+00  0.142640E+06  0.162609E+07
  0.146667E+00  0.162115E+07  0.161388E+07  0.000000E+00  0.000000E+00  0.140151E+06  0.161072E+07
  0.147557E+00  0.160578E+07  0.159842E+07  0.000000E+00  0.000000E+00  0.137703E+06  0.159542E+07
  0.148448E+00  0.159050E+07  0.158305E+07  0.000000E+00  0.000000E+00  0.135298E+06  0.158021E+07
  0.149338E+00  0.157534E+07  0.156780E+07  0.000000E+00  0.000000E+00  0.132938E+06  0.156512E+07
  0.150228E+00  0.156032E+07  0.155269E+07  0.000000E+00  0.000000E+00  0.130622E+06  0.155016E+07
  0.151118E+00  0.154545E+07  0.153774E+07  0.000000E+00  0.000000E+00  0.128353E+06  0.153536E+07
  0.152008E+00  0.153077E+07  0.152297E+07  0.000000E+00  0.000000E+00  0.126130E+06  0.152074E+07
  0.152898E+00  0.151628E+07  0.150840E+07  0.000000E+00  0.000000E+00  0.123954E+06  0.150632E+07
  0.153788E+00  0.150200E+07  0.149406E+07  0.000000E+00  0.000000E+00  0.121827E+06  0.149211E+07
  0.154678E+00  0.148796E+07  0.147995E+07  0.000000E+00  0.000000E+00  0.119749E+06  0.147813E+07
  0.155569E+00  0.147418E+07  0.146610E+07  0.000000E+00  0.000000E+00  0.117719E+06  0.146441E+07
  0.156459E+00  0.146066E+07  0.145253E+07  0.000000E+00  0.000000E+00  0.115739E+06  0.145095E+07
  0.157349E+00  0.144742E+07  0.143924E+07  0.000000E+00  0.000000E+00  0.113808E+06  0.143778E+07
  0.158239E+00  0.143447E+07  0.142626E+07  0.000000E+00  0.000000E+00  0.111926E+06  0.142490E+07
  0.159129E+00  0.142183E+07  0.141360E+07  0.000000E+00  0.000000E+00  0.110095E+06  0.141232E+07
  0.160019E+00  0.140951E+07  0.140126E+07  0.000000E+00  0.000000E+00  0.108312E+06  0.140006E+07
  0.160909E+00  0.139750E+07  0.138924E+07  0.000000E+00  0.000000E+00  0.106578E+06  0.138812E+07
  0.161800E+00  0.138582E+07  0.137757E+07  0.000000E+00  0.000000E+00  0.104892E+06  0.137650E+07
  0.162690E+00  0.137448E+07  0.136623E+07  0.000000E+00  0.000000E+00  0.103253E+06  0.136522E+07
  0.163580E+00  0.136346E+07  0.135524E+07  0.000000E+00  0.000000E+00  0.101661E+06  0.135426E+07
  0.164470E+00  0.135277E+07  0.134459E+07  0.000000E+00  0.000000E+00  0.100114E+06  0.134364E+07
  0.165360E+00  0.134241E+07  0.133427E+07  0.000000E+00  0.000000E+00  0.986127E+05  0.133335E+07
  0.166250E+00  0.133238E+07  0.132429E+07  0.000000E+00  0.000000E+00  0.971544E+05  0.132338E+07
  0.167140E+00  0.132267E+07  0.131464E+07  0.000000E+00  0.000000E+00  0.957385E+05  0.131372E+07
  0.168031E+00  0.131327E+07  0.130531E+07  0.000000E+00  0.000000E+00  0.943633E+05  0.130439E+07
  0.168921E+00  0.130418E+07  0.129630E+07  0.000000E+00  0.000000E+00  0.930276E+05  0.129535E+07
  0.169811E+00  0.129538E+07  0.128759E+07  0.000000E+00  0.000000E+00  0.917302E+05  0.128662E+07
  0.170701E+00  0.128687E+07  0.127917E+07  0.000000E+00  0.000000E+00  0.904698E+05  0.127817E+07
  0.171591E+00  0.127864E+07  0.127104E+07  0.000000E+00  0.000000E+00  0.892448E+05  0.126999E+07
  0.172481E+00  0.127066E+07  0.126318E+07  0.000000E+00  0.000000E+00  0.880533E+05  0.126208E+07
  0.173371E+00  0.126294E+07  0.125557E+07  0.000000E+00  0.000000E+00  0.868937E+05  0.125442E+07
  0.174262E+00  0.125546E+07  0.124820E+07  0.000000E+00  0.000000E+00  0.857649E+05  0.124699E+07
  0.175152E+00  0.124820E+07  0.124106E+07  0.000000E+00  0.000000E+00  0.846653E+05  0.123979E+07
  0.176042E+00  0.124114E+07  0.123413E+07  0.000000E+00  0.000000E+00  0.835933E+05  0.123279E+07
  0.176932E+00  0.123427E+07  0.122739E+07  0.000000E+00  0.000000E+00  0.825471E+05  0.122598E+07
  0.177822E+00  0.122758E+07  0.122083E+07  0.000000E+00  0.000000E+00  0.815252E+05  0.121934E+07
  0.178712E+00  0.122104E+07  0.121442E+07  0.000000E+00  0.000000E+00  0.805260E+05  0.121286E+07
  0.179602E+00  0.121464E+07  0.120816E+07  0.000000E+00  0.000000E+00  0.795481E+05  0.120651E+07
  0.180492E+00  0.120837E+07  0.120202E+07  0.000000E+00  0.000000E+00  0.785899E+05  0.120029E+07
  0.181383E+00  0.120221E+07  0.119599E+07  0.000000E+00  0.000000E+00  0.776502E+05  0.119418E+07
  0.182273E+00  0.119613E+07  0.119004E+07  0.000000E+00  0.000000E+00  0.767276E+05  0.118816E+07
  0.183163E+00  0.119013E+07  0.118417E+07  0.000000E+00  0.000000E+00  0.758208E+05  0.118221E+07
  0.184053E+00  0.118419E+07  0.117835E+07  0.000000E+00  0.000000E+00  0.749283E+05  0.117632E+07
  0.184943E+00  0.117830E+07  0.117258E+07  0.000000E+00  0.000000E+00  0.740491E+05  0.117048E+07
  0.185833E+00  0.117243E+07  0.116683E+07  0.000000E+00  0.000000E+00  0.731822E+05  0.116466E+07
  0.186723E+00  0.116659E+07  0.116110E+07  0.000000E+00  0.000000E+00  0.723266E+05  0.115887E+07
  0.187614E+00  0.116075E+07  0.115537E+07  0.000000E+00  0.000000E+00  0.714812E+05  0.115308E+07
  0.188504E+00  0.115490E+07  0.114963E+07  0.000000E+00  0.000000E+00  0.706452E+05  0.114728E+07
  0.189394E+00  0.114904E+07  0.114386E+07  0.000000E+00  0.000000E+00  0.698179E+05  0.114146E+07
  0.190284E+00  0.114316E+07  0.113807E+07  0.000000E+00  0.000000E+00  0.689987E+05  0.113563E+07
  0.191174E+00  0.113724E+07  0.113224E+07  0.000000E+00  0.000000E+00  0.681870E+05  0.112975E+07
  0.192064E+00  0.113128E+07  0.112636E+07  0.000000E+00  0.000000E+00  0.673821E+05  0.112384E+07
  0.192954E+00  0.112528E+07  0.112043E+07  0.000000E+00  0.000000E+00  0.665834E+05  0.111788E+07
  0.193845E+00  0.111922E+07  0.111444E+07  0.000000E+00  0.000000E+00  0.657908E+05  0.111187E+07
  0.194735E+00  0.111311E+07  0.110838E+07  0.000000E+00  0.000000E+00  0.650038E+05  0.110579E+07
  0.195625E+00  0.110693E+07  0.110226E+07  0.000000E+00  0.000000E+00  0.642223E+05  0.109966E+07
  0.196515E+00  0.110070E+07  0.109607E+07  0.000000E+00  0.000000E+00  0.634460E+05  0.109347E+07
  0.197405E+00  0.109439E+07  0.108981E+07  0.000000E+00  0.000000E+00  0.626748E+05  0.108721E+07
  0.198295E+00  0.108803E+07  0.108347E+07  0.000000E+00  0.000000E+00  0.619086E+05  0.108088E+07
  0.199185E+00  0.108160E+07  0.107707E+07  0.000000E+00  0.000000E+00  0.611473E+05  0.107449E+07
  0.200076E+00  0.107511E+07  0.107060E+07  0.000000E+00  0.000000E+00  0.603911E+05  0.106804E+07
  0.200966E+00  0.106856E+07  0.106407E+07  0.000000E+00  0.000000E+00  0.596401E+05  0.106153E+07
  0.201856E+00  0.106196E+07  0.105747E+07  0.000000E+00  0.000000E+00  0.588945E+05  0.105497E+07
  0.202746E+00  0.105530E+07  0.105082E+07  0.000000E+00  0.000000E+00  0.581541E+05  0.104835E+07
  0.203636E+00  0.104860E+07  0.104412E+07  0.000000E+00  0.000000E+00  0.574194E+05  0.104169E+07
  0.204526E+00  0.104186E+07  0.103737E+07  0.000000E+00  0.000000E+00  0.566907E+05  0.103498E+07
  0.205416E+00  0.103509E+07  0.103059E+07  0.000000E+00  0.000000E+00  0.559683E+05  0.102824E+07
  0.206306E+00  0.102829E+07  0.102378E+07  0.000000E+00  0.000000E+00  0.552526E+05  0.102148E+07
  0.207197E+00  0.102147E+07  0.101694E+07  0.000000E+00  0.000000E+00  0.545437E+05  0.101469E+07
  0.208087E+00  0.101463E+07  0.101009E+07  0.000000E+00  0.000000E+00  0.538419E+05  0.100790E+07
  0.208977E+00  0.100780E+07  0.100323E+07  0.000000E+00  0.000000E+00  0.531476E+05  0.100110E+07
  0.209867E+00  0.100097E+07  0.996380E+06  0.000000E+00  0.000000E+00  0.524611E+05  0.994303E+06
  0.210757E+00  0.994150E+06  0.989537E+06  0.000000E+00  0.000000E+00  0.517827E+05  0.987519E+06
  0.211647E+00  0.987352E+06  0.982714E+06  0.000000E+00  0.000000E+00  0.511128E+05  0.980756E+06
  0.212537E+00  0.980583E+06  0.975919E+06  0.000000E+00  0.000000E+00  0.504517E+05  0.974021E+06
  0.213428E+00  0.973851E+06  0.969161E+06  0.000000E+00  0.000000E+00  0.497997E+05  0.967323E+06
  0.214318E+00  0.967164E+06  0.962448E+06  0.000000E+00  0.000000E+00  0.491570E+05  0.960670E+06
  0.215208E+00  0.960530E+06  0.955788E+06  0.000000E+00  0.000000E+00  0.485240E+05  0.954070E+06
  0.216098E+00  0.953956E+06  0.949190E+06  0.000000E+00  0.000000E+00  0.479006E+05  0.947529E+06
  0.216988E+00  0.947449E+06  0.942661E+06  0.000000E+00  0.000000E+00  0.472873E+05  0.941056E+06
  0.217878E+00  0.941018E+06  0.936208E+06  0.000000E+00  0.000000E+00  0.466843E+05  0.934659E+06
  0.218768E+00  0.934669E+06  0.929840E+06  0.000000E+00  0.000000E+00  0.460920E+05  0.928343E+06
  0.219659E+00  0.928408E+06  0.923562E+06  0.000000E+00  0.000000E+00  0.455102E+05  0.922115E+06
  0.222455E+00  0.909378E+06  0.904496E+06  0.000000E+00  0.000000E+00  0.437528E+05  0.903188E+06
  0.225287E+00  0.891197E+06  0.886311E+06  0.000000E+00  0.000000E+00  0.420830E+05  0.885110E+06
  0.228155E+00  0.873992E+06  0.869137E+06  0.000000E+00  0.000000E+00  0.405037E+05  0.868008E+06
  0.231059E+00  0.857831E+06  0.853043E+06  0.000000E+00  0.000000E+00  0.390141E+05  0.851949E+06
  0.234001E+00  0.842715E+06  0.838032E+06  0.000000E+00  0.000000E+00  0.376111E+05  0.836936E+06
  0.236980E+00  0.828592E+06  0.824044E+06  0.000000E+00  0.000000E+00  0.362888E+05  0.822914E+06
  0.239997E+00  0.815349E+06  0.810962E+06  0.000000E+00  0.000000E+00  0.350392E+05  0.809771E+06
  0.243052E+00  0.802820E+06  0.798609E+06  0.000000E+00  0.000000E+00  0.338521E+05  0.797341E+06
  0.246146E+00  0.790801E+06  0.786773E+06  0.000000E+00  0.000000E+00  0.327168E+05  0.785418E+06
  0.249280E+00  0.779072E+06  0.775223E+06  0.000000E+00  0.000000E+00  0.316227E+05  0.773783E+06
  0.252453E+00  0.767418E+06  0.763736E+06  0.000000E+00  0.000000E+00  0.305595E+05  0.762222E+06
  0.255667E+00  0.755651E+06  0.752114E+06  0.000000E+00  0.000000E+00  0.295194E+05  0.750544E+06
  0.258922E+00  0.743616E+06  0.740197E+06  0.000000E+00  0.000000E+00  0.284959E+05  0.738596E+06
  0.262218E+00  0.731206E+06  0.727875E+06  0.000000E+00  0.000000E+00  0.274851E+05  0.726272E+06
  0.265557E+00  0.718378E+06  0.715104E+06  0.000000E+00  0.000000E+00  0.264857E+05  0.713527E+06
  0.268937E+00  0.705158E+06  0.701915E+06  0.000000E+00  0.000000E+00  0.254988E+05  0.700388E+06
  0.272361E+00  0.691632E+06  0.688398E+06  0.000000E+00  0.000000E+00  0.245280E+05  0.686943E+06
  0.275828E+00  0.677933E+06  0.674692E+06  0.000000E+00  0.000000E+00  0.235779E+05  0.673323E+06
  0.279340E+00  0.664223E+06  0.660968E+06  0.000000E+00  0.000000E+00  0.226538E+05  0.659691E+06
  0.282896E+00  0.650681E+06  0.647415E+06  0.000000E+00  0.000000E+00  0.217612E+05  0.646227E+06
  0.286497E+00  0.637489E+06  0.634221E+06  0.000000E+00  0.000000E+00  0.209054E+05  0.633112E+06
  0.290145E+00  0.624794E+06  0.621540E+06  0.000000E+00  0.000000E+00  0.200896E+05  0.620493E+06
  0.293838E+00  0.612697E+06  0.609477E+06  0.000000E+00  0.000000E+00  0.193159E+05  0.608473E+06
  0.297579E+00  0.601247E+06  0.598081E+06  0.000000E+00  0.000000E+00  0.185839E+05  0.597099E+06
  0.301367E+00  0.590436E+06  0.587344E+06  0.000000E+00  0.000000E+00  0.178918E+05  0.586363E+06
  0.305204E+00  0.580201E+06  0.577198E+06  0.000000E+00  0.000000E+00  0.172361E+05  0.576202E+06
  0.309089E+00  0.570427E+06  0.567522E+06  0.000000E+00  0.000000E+00  0.166121E+05  0.566500E+06
  0.313024E+00  0.560969E+06  0.558164E+06  0.000000E+00  0.000000E+00  0.160142E+05  0.557113E+06
  0.317009E+00  0.551676E+06  0.548968E+06  0.000000E+00  0.000000E+00  0.154374E+05  0.547890E+06
  0.321045E+00  0.542411E+06  0.539789E+06  0.000000E+00  0.000000E+00  0.148771E+05  0.538693E+06
  0.325132E+00  0.533060E+06  0.530510E+06  0.000000E+00  0.000000E+00  0.143301E+05  0.529409E+06
  0.329271E+00  0.523554E+06  0.521059E+06  0.000000E+00  0.000000E+00  0.137941E+05  0.519967E+06
  0.333463E+00  0.513880E+06  0.511425E+06  0.000000E+00  0.000000E+00  0.132689E+05  0.510357E+06
  0.337708E+00  0.504077E+06  0.501649E+06  0.000000E+00  0.000000E+00  0.127552E+05  0.500617E+06
  0.342007E+00  0.494216E+06  0.491805E+06  0.000000E+00  0.000000E+00  0.110006E+05  0.490809E+06
  0.346361E+00  0.484412E+06  0.482016E+06  0.000000E+00  0.000000E+00  0.105566E+05  0.481066E+06
  0.350771E+00  0.474778E+06  0.472398E+06  0.000000E+00  0.000000E+00  0.101296E+05  0.471492E+06
  0.355236E+00  0.465417E+06  0.463060E+06  0.000000E+00  0.000000E+00  0.972117E+04  0.462191E+06
  0.359758E+00  0.456400E+06  0.454075E+06  0.000000E+00  0.000000E+00  0.933211E+04  0.453233E+06
  0.364338E+00  0.447764E+06  0.445481E+06  0.000000E+00  0.000000E+00  0.896238E+04  0.444655E+06
  0.368977E+00  0.439500E+06  0.437269E+06  0.000000E+00  0.000000E+00  0.861108E+04  0.436449E+06
  0.373674E+00  0.431557E+06  0.429383E+06  0.000000E+00  0.000000E+00  0.827645E+04  0.428563E+06
  0.378431E+00  0.423856E+06  0.421741E+06  0.000000E+00  0.000000E+00  0.795634E+04  0.420917E+06
  0.383249E+00  0.416309E+06  0.414253E+06  0.000000E+00  0.000000E+00  0.764862E+04  0.413425E+06
  0.388128E+00  0.408831E+06  0.406828E+06  0.000000E+00  0.000000E+00  0.735131E+04  0.406000E+06
  0.393069E+00  0.401357E+06  0.399400E+06  0.000000E+00  0.000000E+00  0.706295E+04  0.398578E+06
  0.398073E+00  0.393860E+06  0.391940E+06  0.000000E+00  0.000000E+00  0.678286E+04  0.391133E+06
  0.403140E+00  0.386345E+06  0.384456E+06  0.000000E+00  0.000000E+00  0.651094E+04  0.383668E+06
  0.408273E+00  0.378846E+06  0.376982E+06  0.000000E+00  0.000000E+00  0.624755E+04  0.376218E+06
  0.413470E+00  0.371423E+06  0.369582E+06  0.000000E+00  0.000000E+00  0.599345E+04  0.368844E+06
  0.418734E+00  0.364138E+06  0.362322E+06  0.000000E+00  0.000000E+00  0.574935E+04  0.361607E+06
  0.424065E+00  0.357042E+06  0.355253E+06  0.000000E+00  0.000000E+00  0.551570E+04  0.354558E+06
  0.429463E+00  0.350169E+06  0.348412E+06  0.000000E+00  0.000000E+00  0.529262E+04  0.347732E+06
  0.434931E+00  0.343522E+06  0.341800E+06  0.000000E+00  0.000000E+00  0.507977E+04  0.341130E+06
  0.440467E+00  0.337076E+06  0.335393E+06  0.000000E+00  0.000000E+00  0.487639E+04  0.334729E+06
  0.446075E+00  0.330793E+06  0.329150E+06  0.000000E+00  0.000000E+00  0.468158E+04  0.328491E+06
  0.451754E+00  0.324625E+06  0.323020E+06  0.000000E+00  0.000000E+00  0.449434E+04  0.322366E+06
  0.457505E+00  0.318527E+06  0.316958E+06  0.000000E+00  0.000000E+00  0.431384E+04  0.316311E+06
  0.463329E+00  0.312477E+06  0.310939E+06  0.000000E+00  0.000000E+00  0.413953E+04  0.310303E+06
  0.469227E+00  0.306467E+06  0.304957E+06  0.000000E+00  0.000000E+00  0.397115E+04  0.304334E+06
  0.475201E+00  0.300512E+06  0.299027E+06  0.000000E+00  0.000000E+00  0.380870E+04  0.298420E+06
  0.481251E+00  0.294641E+06  0.293180E+06  0.000000E+00  0.000000E+00  0.365236E+04  0.292587E+06
  0.487377E+00  0.288880E+06  0.287443E+06  0.000000E+00  0.000000E+00  0.350227E+04  0.286865E+06
  0.493582E+00  0.283255E+06  0.281844E+06  0.000000E+00  0.000000E+00  0.335851E+04  0.281279E+06
  0.499865E+00  0.277775E+06  0.276391E+06  0.000000E+00  0.000000E+00  0.322095E+04  0.275837E+06
  0.506229E+00  0.272433E+06  0.271078E+06  0.000000E+00  0.000000E+00  0.308929E+04  0.270532E+06
  0.512673E+00  0.267214E+06  0.265888E+06  0.000000E+00  0.000000E+00  0.296312E+04  0.265349E+06
  0.519200E+00  0.262091E+06  0.260793E+06  0.000000E+00  0.000000E+00  0.284198E+04  0.260263E+06
  0.525810E+00  0.257047E+06  0.255776E+06  0.000000E+00  0.000000E+00  0.272548E+04  0.255253E+06
  0.532504E+00  0.252068E+06  0.250821E+06  0.000000E+00  0.000000E+00  0.261334E+04  0.250308E+06
  0.539283E+00  0.247153E+06  0.245930E+06  0.000000E+00  0.000000E+00  0.250540E+04  0.245428E+06
  0.546148E+00  0.242312E+06  0.241112E+06  0.000000E+00  0.000000E+00  0.240162E+04  0.240620E+06
  0.553101E+00  0.237556E+06  0.236378E+06  0.000000E+00  0.000000E+00  0.230198E+04  0.235897E+06
  0.560142E+00  0.232899E+06  0.231743E+06  0.000000E+00  0.000000E+00  0.220644E+04  0.231271E+06
  0.567273E+00  0.228343E+06  0.227209E+06  0.000000E+00  0.000000E+00  0.211489E+04  0.226747E+06
  0.574495E+00  0.223887E+06  0.222776E+06  0.000000E+00  0.000000E+00  0.202718E+04  0.222322E+06
  0.581809E+00  0.219521E+06  0.218433E+06  0.000000E+00  0.000000E+00  0.194307E+04  0.217987E+06
  0.589215E+00  0.215236E+06  0.214170E+06  0.000000E+00  0.000000E+00  0.186236E+04  0.213731E+06
  0.596716E+00  0.211021E+06  0.209977E+06  0.000000E+00  0.000000E+00  0.178483E+04  0.209546E+06
  0.604313E+00  0.206875E+06  0.205851E+06  0.000000E+00  0.000000E+00  0.171036E+04  0.205428E+06
  0.612006E+00  0.202797E+06  0.201792E+06  0.000000E+00  0.000000E+00  0.163883E+04  0.201378E+06
  0.619797E+00  0.198793E+06  0.197808E+06  0.000000E+00  0.000000E+00  0.157021E+04  0.197402E+06
  0.627688E+00  0.194866E+06  0.193900E+06  0.000000E+00  0.000000E+00  0.150439E+04  0.193502E+06
  0.635678E+00  0.191018E+06  0.190071E+06  0.000000E+00  0.000000E+00  0.144130E+04  0.189681E+06
  0.643771E+00  0.187248E+06  0.186320E+06  0.000000E+00  0.000000E+00  0.138083E+04  0.185937E+06
  0.651967E+00  0.183551E+06  0.182642E+06  0.000000E+00  0.000000E+00  0.132285E+04  0.182266E+06
  0.660267E+00  0.179922E+06  0.179031E+06  0.000000E+00  0.000000E+00  0.126724E+04  0.178662E+06
  0.709335E+00  0.160578E+06  0.159782E+06  0.000000E+00  0.000000E+00  0.992348E+03  0.159453E+06
  0.762050E+00  0.143228E+06  0.142519E+06  0.000000E+00  0.000000E+00  0.775950E+03  0.142224E+06
  0.818683E+00  0.127670E+06  0.127038E+06  0.000000E+00  0.000000E+00  0.605848E+03  0.126774E+06
  0.879525E+00  0.113730E+06  0.113167E+06  0.000000E+00  0.000000E+00  0.472370E+03  0.112932E+06
  0.944888E+00  0.101252E+06  0.100751E+06  0.000000E+00  0.000000E+00  0.367811E+03  0.100541E+06
  0.101511E+01  0.900928E+05  0.896467E+05  0.000000E+00  0.000000E+00  0.286037E+03  0.894599E+05
  0.109055E+01  0.801184E+05  0.797218E+05  0.000000E+00  0.000000E+00  0.222174E+03  0.795554E+05
  0.117159E+01  0.712096E+05  0.708571E+05  0.000000E+00  0.000000E+00  0.172371E+03  0.707090E+05
  0.125866E+01  0.632593E+05  0.629462E+05  0.000000E+00  0.000000E+00  0.133587E+03  0.628145E+05
  0.135220E+01  0.561681E+05  0.558900E+05  0.000000E+00  0.000000E+00  0.103421E+03  0.557730E+05
  0.145269E+01  0.498477E+05  0.496010E+05  0.000000E+00  0.000000E+00  0.799886E+02  0.494970E+05
  0.156065E+01  0.442160E+05  0.439972E+05  0.000000E+00  0.000000E+00  0.841766E+02  0.439050E+05
  0.167663E+01  0.392037E+05  0.390097E+05  0.000000E+00  0.000000E+00  0.651419E+02  0.389280E+05
  0.180123E+01  0.347445E+05  0.345725E+05  0.000000E+00  0.000000E+00  0.503612E+02  0.345000E+05
  0.193510E+01  0.307792E+05  0.306269E+05  0.000000E+00  0.000000E+00  0.388972E+02  0.305627E+05
  0.207891E+01  0.272553E+05  0.271204E+05  0.000000E+00  0.000000E+00  0.300155E+02  0.270635E+05
