    0.10000E-03    0.43753E+03
    0.10202E-03    0.44602E+03
    0.10408E-03    0.45468E+03
    0.10618E-03    0.46351E+03
    0.10833E-03    0.47251E+03
    0.11052E-03    0.48168E+03
    0.11275E-03    0.49103E+03
    0.11503E-03    0.50056E+03
    0.11735E-03    0.51028E+03
    0.11972E-03    0.52018E+03
    0.12214E-03    0.53028E+03
    0.12461E-03    0.54057E+03
    0.12712E-03    0.55106E+03
    0.12969E-03    0.56176E+03
    0.13231E-03    0.57266E+03
    0.13499E-03    0.58377E+03
    0.13771E-03    0.59510E+03
    0.14049E-03    0.60664E+03
    0.14333E-03    0.61841E+03
    0.14623E-03    0.63041E+03
    0.14918E-03    0.64263E+03
    0.15220E-03    0.65510E+03
    0.15527E-03    0.66780E+03
    0.15841E-03    0.68075E+03
    0.16161E-03    0.69395E+03
    0.16487E-03    0.70741E+03
    0.16820E-03    0.72112E+03
    0.17160E-03    0.73510E+03
    0.17507E-03    0.74935E+03
    0.17860E-03    0.76387E+03
    0.18221E-03    0.77867E+03
    0.18589E-03    0.79376E+03
    0.18965E-03    0.80914E+03
    0.19348E-03    0.82481E+03
    0.19739E-03    0.84079E+03
    0.20138E-03    0.85707E+03
    0.20544E-03    0.87367E+03
    0.20959E-03    0.89058E+03
    0.21383E-03    0.90782E+03
    0.21815E-03    0.92540E+03
    0.22255E-03    0.94330E+03
    0.22705E-03    0.96156E+03
    0.23164E-03    0.98016E+03
    0.23632E-03    0.99912E+03
    0.24109E-03    0.10184E+04
    0.24596E-03    0.10381E+04
    0.25093E-03    0.10582E+04
    0.25600E-03    0.10786E+04
    0.26117E-03    0.10995E+04
    0.26645E-03    0.11207E+04
    0.27183E-03    0.11424E+04
    0.27732E-03    0.11644E+04
    0.28292E-03    0.11869E+04
    0.28864E-03    0.12098E+04
    0.29447E-03    0.12332E+04
    0.30042E-03    0.12570E+04
    0.30649E-03    0.12812E+04
    0.31268E-03    0.13059E+04
    0.31899E-03    0.13311E+04
    0.32544E-03    0.13567E+04
    0.33201E-03    0.13828E+04
    0.33872E-03    0.14095E+04
    0.34556E-03    0.14366E+04
    0.35254E-03    0.14642E+04
    0.35966E-03    0.14924E+04
    0.36693E-03    0.15211E+04
    0.37434E-03    0.15503E+04
    0.38190E-03    0.15801E+04
    0.38962E-03    0.16104E+04
    0.39749E-03    0.16413E+04
    0.40552E-03    0.16728E+04
    0.41371E-03    0.17049E+04
    0.42207E-03    0.17376E+04
    0.43060E-03    0.17709E+04
    0.43929E-03    0.18048E+04
    0.44817E-03    0.18393E+04
    0.45722E-03    0.18745E+04
    0.46646E-03    0.19103E+04
    0.47588E-03    0.19468E+04
    0.48550E-03    0.19840E+04
    0.49530E-03    0.20219E+04
    0.50531E-03    0.20604E+04
    0.51552E-03    0.20997E+04
    0.52593E-03    0.21397E+04
    0.53656E-03    0.21804E+04
    0.54739E-03    0.22219E+04
    0.55845E-03    0.22642E+04
    0.56973E-03    0.23072E+04
    0.58124E-03    0.23510E+04
    0.59299E-03    0.23956E+04
    0.60496E-03    0.24410E+04
    0.61719E-03    0.24872E+04
    0.62965E-03    0.25343E+04
    0.64237E-03    0.25822E+04
    0.65535E-03    0.26310E+04
    0.66859E-03    0.26807E+04
    0.68210E-03    0.27312E+04
    0.69588E-03    0.27827E+04
    0.70993E-03    0.28351E+04
    0.72427E-03    0.28885E+04
    0.73891E-03    0.29427E+04
    0.75383E-03    0.29980E+04
    0.76906E-03    0.30543E+04
    0.78460E-03    0.31115E+04
    0.80045E-03    0.31698E+04
    0.81662E-03    0.32291E+04
    0.83311E-03    0.32894E+04
    0.84994E-03    0.33509E+04
    0.86711E-03    0.34134E+04
    0.88463E-03    0.34770E+04
    0.90250E-03    0.35417E+04
    0.92073E-03    0.36076E+04
    0.93933E-03    0.36746E+04
    0.95831E-03    0.37428E+04
    0.97767E-03    0.38121E+04
    0.99742E-03    0.38827E+04
    0.10176E-02    0.39545E+04
    0.10381E-02    0.40276E+04
    0.10591E-02    0.41019E+04
    0.10805E-02    0.41775E+04
    0.11023E-02    0.42545E+04
    0.11246E-02    0.43327E+04
    0.11473E-02    0.44123E+04
    0.11705E-02    0.44932E+04
    0.11941E-02    0.45756E+04
    0.12182E-02    0.46593E+04
    0.12429E-02    0.47444E+04
    0.12680E-02    0.48310E+04
    0.12936E-02    0.49191E+04
    0.13197E-02    0.50086E+04
    0.13464E-02    0.50996E+04
    0.13736E-02    0.51922E+04
    0.14013E-02    0.52863E+04
    0.14296E-02    0.53819E+04
    0.14585E-02    0.54791E+04
    0.14880E-02    0.55779E+04
    0.15180E-02    0.56784E+04
    0.15487E-02    0.57804E+04
    0.15800E-02    0.58842E+04
    0.16119E-02    0.59895E+04
    0.16445E-02    0.60966E+04
    0.16777E-02    0.62054E+04
    0.17116E-02    0.63159E+04
    0.17462E-02    0.64281E+04
    0.17814E-02    0.65421E+04
    0.18174E-02    0.66579E+04
    0.18541E-02    0.67754E+04
    0.18916E-02    0.68947E+04
    0.19298E-02    0.70159E+04
    0.19688E-02    0.71389E+04
    0.20086E-02    0.72637E+04
    0.20491E-02    0.73903E+04
    0.20905E-02    0.75189E+04
    0.21328E-02    0.76493E+04
    0.21758E-02    0.77816E+04
    0.22198E-02    0.79158E+04
    0.22646E-02    0.80519E+04
    0.23104E-02    0.81899E+04
    0.23571E-02    0.83298E+04
    0.24047E-02    0.84716E+04
    0.24533E-02    0.86154E+04
    0.25028E-02    0.87611E+04
    0.25534E-02    0.89088E+04
    0.26050E-02    0.90583E+04
    0.26576E-02    0.92099E+04
    0.27113E-02    0.93633E+04
    0.27660E-02    0.95187E+04
    0.28219E-02    0.96761E+04
    0.28789E-02    0.98353E+04
    0.29371E-02    0.99965E+04
    0.29964E-02    0.10160E+05
    0.30569E-02    0.10324E+05
    0.31187E-02    0.10491E+05
    0.31817E-02    0.10660E+05
    0.32460E-02    0.10831E+05
    0.33115E-02    0.11004E+05
    0.33784E-02    0.11178E+05
    0.34467E-02    0.11354E+05
    0.35163E-02    0.11532E+05
    0.35874E-02    0.11712E+05
    0.36598E-02    0.11893E+05
    0.37338E-02    0.12075E+05
    0.38092E-02    0.12260E+05
    0.38861E-02    0.12447E+05
    0.39646E-02    0.12636E+05
    0.40447E-02    0.12828E+05
    0.41264E-02    0.13022E+05
    0.42098E-02    0.13216E+05
    0.42948E-02    0.13411E+05
    0.43816E-02    0.13604E+05
    0.44701E-02    0.13795E+05
    0.45604E-02    0.13984E+05
    0.46525E-02    0.14175E+05
    0.47465E-02    0.14372E+05
    0.48424E-02    0.14581E+05
    0.49402E-02    0.14804E+05
    0.50400E-02    0.14960E+05
    0.51419E-02    0.15162E+05
    0.52457E-02    0.15366E+05
    0.53517E-02    0.15571E+05
    0.54598E-02    0.15777E+05
    0.55701E-02    0.15984E+05
    0.56826E-02    0.16191E+05
    0.57974E-02    0.16398E+05
    0.59145E-02    0.16606E+05
    0.60340E-02    0.16814E+05
    0.61559E-02    0.17023E+05
    0.62803E-02    0.17231E+05
    0.64072E-02    0.17439E+05
    0.65366E-02    0.17647E+05
    0.66686E-02    0.17855E+05
    0.68033E-02    0.18062E+05
    0.69408E-02    0.18269E+05
    0.70810E-02    0.18475E+05
    0.72240E-02    0.18681E+05
    0.73700E-02    0.18885E+05
    0.75189E-02    0.19088E+05
    0.76708E-02    0.19290E+05
    0.78257E-02    0.19491E+05
    0.79838E-02    0.19690E+05
    0.81451E-02    0.19887E+05
    0.83096E-02    0.20082E+05
    0.84775E-02    0.20276E+05
    0.86488E-02    0.20467E+05
    0.88235E-02    0.20656E+05
    0.90017E-02    0.20842E+05
    0.91836E-02    0.21025E+05
    0.93691E-02    0.21205E+05
    0.95583E-02    0.21383E+05
    0.97514E-02    0.21556E+05
    0.99484E-02    0.21726E+05
    0.10149E-01    0.21893E+05
    0.10354E-01    0.22055E+05
    0.10564E-01    0.22213E+05
    0.10777E-01    0.22367E+05
    0.10995E-01    0.22516E+05
    0.11217E-01    0.22660E+05
    0.11443E-01    0.22798E+05
    0.11675E-01    0.22932E+05
    0.11910E-01    0.23060E+05
    0.12151E-01    0.23181E+05
    0.12397E-01    0.23297E+05
    0.12647E-01    0.23406E+05
    0.12902E-01    0.23509E+05
    0.13163E-01    0.23605E+05
    0.13429E-01    0.23693E+05
    0.13700E-01    0.23774E+05
    0.13977E-01    0.23848E+05
    0.14259E-01    0.23913E+05
    0.14547E-01    0.23970E+05
    0.14841E-01    0.24019E+05
    0.15141E-01    0.24059E+05
    0.15447E-01    0.24091E+05
    0.15759E-01    0.24113E+05
    0.16077E-01    0.24125E+05
    0.16402E-01    0.24128E+05
    0.16734E-01    0.24121E+05
    0.17072E-01    0.24105E+05
    0.17416E-01    0.24078E+05
    0.17768E-01    0.24040E+05
    0.18127E-01    0.23992E+05
    0.18493E-01    0.23933E+05
    0.18867E-01    0.23863E+05
    0.19248E-01    0.23782E+05
    0.19637E-01    0.23690E+05
    0.20034E-01    0.23587E+05
    0.20438E-01    0.23473E+05
    0.20851E-01    0.23347E+05
    0.21272E-01    0.23210E+05
    0.21702E-01    0.23061E+05
    0.22141E-01    0.22902E+05
    0.22588E-01    0.22731E+05
    0.23044E-01    0.22549E+05
    0.23510E-01    0.22357E+05
    0.23985E-01    0.22153E+05
    0.24469E-01    0.21939E+05
    0.24964E-01    0.21715E+05
    0.25468E-01    0.21481E+05
    0.25982E-01    0.21238E+05
    0.26507E-01    0.20985E+05
    0.27043E-01    0.20723E+05
    0.27589E-01    0.20454E+05
    0.28146E-01    0.20176E+05
    0.28715E-01    0.19892E+05
    0.29295E-01    0.19600E+05
    0.29887E-01    0.19303E+05
    0.30490E-01    0.19001E+05
    0.31106E-01    0.18694E+05
    0.31735E-01    0.18383E+05
    0.32376E-01    0.18069E+05
    0.33030E-01    0.17753E+05
    0.33697E-01    0.17435E+05
    0.34378E-01    0.17117E+05
    0.35072E-01    0.16798E+05
    0.35781E-01    0.16481E+05
    0.36504E-01    0.16166E+05
    0.37241E-01    0.15854E+05
    0.37993E-01    0.15545E+05
    0.38761E-01    0.15241E+05
    0.39544E-01    0.14941E+05
    0.40343E-01    0.14648E+05
    0.41158E-01    0.14362E+05
    0.41989E-01    0.14082E+05
    0.42838E-01    0.13811E+05
    0.43703E-01    0.13548E+05
    0.44586E-01    0.13293E+05
    0.45486E-01    0.13048E+05
    0.46405E-01    0.12812E+05
    0.47343E-01    0.12586E+05
    0.48299E-01    0.12370E+05
    0.49275E-01    0.12163E+05
    0.50270E-01    0.11966E+05
    0.51286E-01    0.11778E+05
    0.52322E-01    0.11598E+05
    0.53379E-01    0.11427E+05
    0.54457E-01    0.11263E+05
    0.55557E-01    0.11107E+05
    0.56680E-01    0.10956E+05
    0.57825E-01    0.10809E+05
    0.58993E-01    0.10667E+05
    0.60184E-01    0.10526E+05
    0.61400E-01    0.10387E+05
    0.62641E-01    0.10247E+05
    0.63906E-01    0.10105E+05
    0.65197E-01    0.99606E+04
    0.66514E-01    0.98110E+04
    0.67858E-01    0.96556E+04
    0.69229E-01    0.94931E+04
    0.70627E-01    0.93225E+04
    0.72054E-01    0.91431E+04
    0.73510E-01    0.89542E+04
    0.74994E-01    0.87558E+04
    0.76509E-01    0.85478E+04
    0.78055E-01    0.83309E+04
    0.79632E-01    0.81058E+04
    0.81241E-01    0.78737E+04
    0.82882E-01    0.76362E+04
    0.84556E-01    0.73951E+04
    0.86264E-01    0.71526E+04
    0.88007E-01    0.69110E+04
    0.89785E-01    0.66728E+04
    0.91598E-01    0.64402E+04
    0.93449E-01    0.62156E+04
    0.95337E-01    0.60013E+04
    0.97263E-01    0.57993E+04
    0.99227E-01    0.56110E+04
    0.10123E+00    0.54377E+04
    0.10328E+00    0.52801E+04
    0.10536E+00    0.51384E+04
    0.10749E+00    0.50124E+04
    0.10966E+00    0.49010E+04
    0.11188E+00    0.48030E+04
    0.11414E+00    0.47163E+04
    0.11644E+00    0.46386E+04
    0.11880E+00    0.45673E+04
    0.12120E+00    0.44990E+04
    0.12365E+00    0.44308E+04
    0.12614E+00    0.43595E+04
    0.12869E+00    0.42826E+04
    0.13129E+00    0.41978E+04
    0.13394E+00    0.41035E+04
    0.13665E+00    0.39991E+04
    0.13941E+00    0.38850E+04
    0.14223E+00    0.37626E+04
    0.14510E+00    0.36342E+04
    0.14803E+00    0.35028E+04
    0.15102E+00    0.33718E+04
    0.15407E+00    0.32446E+04
    0.15718E+00    0.31245E+04
    0.16036E+00    0.30143E+04
    0.16360E+00    0.29158E+04
    0.16690E+00    0.28300E+04
    0.17028E+00    0.27567E+04
    0.17371E+00    0.26948E+04
    0.17722E+00    0.26423E+04
    0.18080E+00    0.25963E+04
    0.18446E+00    0.25534E+04
    0.18818E+00    0.25103E+04
    0.19198E+00    0.24640E+04
    0.19586E+00    0.24121E+04
    0.19982E+00    0.23534E+04
    0.20386E+00    0.22881E+04
    0.20797E+00    0.22176E+04
    0.21218E+00    0.21445E+04
    0.21646E+00    0.20717E+04
    0.22083E+00    0.20023E+04
    0.22530E+00    0.19388E+04
    0.22985E+00    0.18828E+04
    0.23449E+00    0.18346E+04
    0.23923E+00    0.17934E+04
    0.24406E+00    0.17575E+04
    0.24899E+00    0.17243E+04
    0.25402E+00    0.16913E+04
    0.25915E+00    0.16565E+04
    0.26439E+00    0.16184E+04
    0.26973E+00    0.15770E+04
    0.27518E+00    0.15335E+04
    0.28074E+00    0.14895E+04
    0.28641E+00    0.14472E+04
    0.29219E+00    0.14082E+04
    0.29810E+00    0.13733E+04
    0.30412E+00    0.13424E+04
    0.31026E+00    0.13144E+04
    0.31653E+00    0.12879E+04
    0.32292E+00    0.12615E+04
    0.32945E+00    0.12340E+04
    0.33610E+00    0.12053E+04
    0.34289E+00    0.11760E+04
    0.34982E+00    0.11471E+04
    0.35689E+00    0.11197E+04
    0.36409E+00    0.10943E+04
    0.37145E+00    0.10708E+04
    0.37895E+00    0.10489E+04
    0.38661E+00    0.10276E+04
    0.39442E+00    0.10063E+04
    0.40239E+00    0.98478E+03
    0.41052E+00    0.96328E+03
    0.41881E+00    0.94228E+03
    0.42727E+00    0.92220E+03
    0.43590E+00    0.90320E+03
    0.44471E+00    0.88509E+03
    0.45369E+00    0.86752E+03
    0.46286E+00    0.85021E+03
    0.47221E+00    0.83305E+03
    0.48174E+00    0.81619E+03
    0.49148E+00    0.79982E+03
    0.50141E+00    0.78404E+03
    0.51153E+00    0.76882E+03
    0.52187E+00    0.75400E+03
    0.53241E+00    0.73947E+03
    0.54317E+00    0.72520E+03
    0.55414E+00    0.71124E+03
    0.56533E+00    0.69765E+03
    0.57675E+00    0.68444E+03
    0.58840E+00    0.67155E+03
    0.60029E+00    0.65893E+03
    0.61242E+00    0.64655E+03
    0.62479E+00    0.63444E+03
    0.63741E+00    0.62260E+03
    0.65029E+00    0.61102E+03
    0.66342E+00    0.59968E+03
    0.67683E+00    0.58856E+03
    0.69050E+00    0.57765E+03
    0.70445E+00    0.56696E+03
    0.71868E+00    0.55646E+03
    0.73320E+00    0.54616E+03
    0.74801E+00    0.53605E+03
    0.76312E+00    0.52612E+03
    0.77854E+00    0.51636E+03
    0.79426E+00    0.50676E+03
    0.81031E+00    0.49732E+03
    0.82668E+00    0.48803E+03
    0.84338E+00    0.47889E+03
    0.86041E+00    0.46990E+03
    0.87780E+00    0.46104E+03
    0.89553E+00    0.45231E+03
    0.91362E+00    0.44370E+03
    0.93208E+00    0.43523E+03
    0.95091E+00    0.42687E+03
    0.97011E+00    0.41862E+03
    0.98971E+00    0.41049E+03
    0.10097E+01    0.40247E+03
    0.10301E+01    0.39456E+03
    0.10509E+01    0.38674E+03
    0.10721E+01    0.37903E+03
    0.10938E+01    0.37142E+03
    0.11159E+01    0.36390E+03
    0.11384E+01    0.35647E+03
    0.11614E+01    0.34914E+03
    0.11849E+01    0.34190E+03
    0.12088E+01    0.33475E+03
    0.12333E+01    0.32768E+03
    0.12582E+01    0.32070E+03
    0.12836E+01    0.31381E+03
    0.13095E+01    0.30700E+03
    0.13360E+01    0.30028E+03
    0.13630E+01    0.29363E+03
    0.13905E+01    0.28707E+03
    0.14186E+01    0.28059E+03
    0.14472E+01    0.27420E+03
    0.14765E+01    0.26788E+03
    0.15063E+01    0.26165E+03
    0.15367E+01    0.25550E+03
    0.15678E+01    0.24942E+03
    0.15994E+01    0.24343E+03
    0.16318E+01    0.23753E+03
    0.16647E+01    0.23170E+03
    0.16984E+01    0.22595E+03
    0.17327E+01    0.22029E+03
    0.17677E+01    0.21471E+03
    0.18034E+01    0.20921E+03
    0.18398E+01    0.20380E+03
    0.18770E+01    0.19848E+03
    0.19149E+01    0.19323E+03
    0.19536E+01    0.18805E+03
    0.19930E+01    0.18296E+03
    0.20333E+01    0.17796E+03
    0.20744E+01    0.17308E+03
