  0.745045E-04  0.199725E+08  0.199725E+08  0.259143E+08  0.259132E+08  0.199716E+08  0.199725E+08
  0.829624E-04  0.199724E+08  0.199724E+08  0.257450E+08  0.257438E+08  0.199713E+08  0.199724E+08
  0.923803E-04  0.199723E+08  0.199723E+08  0.255366E+08  0.255351E+08  0.199708E+08  0.199723E+08
  0.102867E-03  0.199721E+08  0.199721E+08  0.252804E+08  0.252784E+08  0.199703E+08  0.199721E+08
  0.114545E-03  0.199720E+08  0.199720E+08  0.249659E+08  0.249635E+08  0.199696E+08  0.199720E+08
  0.127548E-03  0.199717E+08  0.199717E+08  0.245809E+08  0.245780E+08  0.199688E+08  0.199717E+08
  0.142028E-03  0.199715E+08  0.199715E+08  0.241110E+08  0.241076E+08  0.199677E+08  0.199715E+08
  0.158151E-03  0.199711E+08  0.199711E+08  0.235399E+08  0.235357E+08  0.199664E+08  0.199711E+08
  0.176104E-03  0.199707E+08  0.199707E+08  0.228489E+08  0.228440E+08  0.199648E+08  0.199707E+08
  0.196096E-03  0.199702E+08  0.199702E+08  0.220179E+08  0.220121E+08  0.199629E+08  0.199702E+08
  0.218356E-03  0.199696E+08  0.199695E+08  0.210261E+08  0.210193E+08  0.199604E+08  0.199695E+08
  0.243144E-03  0.199687E+08  0.199687E+08  0.198534E+08  0.198456E+08  0.199573E+08  0.199687E+08
  0.270746E-03  0.199677E+08  0.199677E+08  0.184831E+08  0.184744E+08  0.199535E+08  0.199676E+08
  0.301482E-03  0.199664E+08  0.199664E+08  0.169055E+08  0.168960E+08  0.199487E+08  0.199663E+08
  0.335706E-03  0.199648E+08  0.199648E+08  0.151234E+08  0.151134E+08  0.199428E+08  0.199647E+08
  0.373816E-03  0.199627E+08  0.199627E+08  0.131578E+08  0.131478E+08  0.199355E+08  0.199626E+08
  0.416252E-03  0.199601E+08  0.199601E+08  0.110556E+08  0.110463E+08  0.199263E+08  0.199599E+08
  0.463505E-03  0.199568E+08  0.199568E+08  0.889506E+07  0.888737E+07  0.199149E+08  0.199565E+08
  0.516122E-03  0.199525E+08  0.199525E+08  0.678777E+07  0.678258E+07  0.199006E+08  0.199522E+08
  0.574713E-03  0.199471E+08  0.199470E+08  0.487099E+07  0.486901E+07  0.198829E+08  0.199466E+08
  0.639955E-03  0.199400E+08  0.199400E+08  0.328641E+07  0.328776E+07  0.198607E+08  0.199395E+08
  0.712603E-03  0.199309E+08  0.199309E+08  0.214207E+07  0.214592E+07  0.198330E+08  0.199303E+08
  0.793498E-03  0.199192E+08  0.199191E+08  0.146411E+07  0.146856E+07  0.197985E+08  0.199184E+08
  0.883577E-03  0.199040E+08  0.199039E+08  0.116050E+07  0.116315E+07  0.197555E+08  0.199031E+08
  0.983881E-03  0.198845E+08  0.198844E+08  0.103423E+07  0.103360E+07  0.197021E+08  0.198833E+08
  0.109557E-02  0.198596E+08  0.198594E+08  0.875560E+06  0.872599E+06  0.196360E+08  0.198581E+08
  0.121994E-02  0.198280E+08  0.198278E+08  0.603350E+06  0.601318E+06  0.195553E+08  0.198263E+08
  0.135843E-02  0.197885E+08  0.197883E+08  0.328670E+06  0.329850E+06  0.194565E+08  0.197864E+08
  0.151264E-02  0.197397E+08  0.197394E+08  0.208332E+06  0.210466E+06  0.193370E+08  0.197371E+08
  0.168436E-02  0.196803E+08  0.196799E+08  0.204628E+06  0.203881E+06  0.191942E+08  0.196772E+08
  0.187557E-02  0.196088E+08  0.196084E+08  0.144184E+06  0.142675E+06  0.190253E+08  0.196051E+08
  0.208848E-02  0.195240E+08  0.195235E+08  0.567481E+05  0.580945E+05  0.188279E+08  0.195196E+08
  0.232557E-02  0.194243E+08  0.194237E+08  0.595496E+05  0.591315E+05  0.185999E+08  0.194191E+08
  0.258957E-02  0.193082E+08  0.193075E+08  0.353663E+05  0.333727E+05  0.183396E+08  0.193020E+08
  0.288354E-02  0.191741E+08  0.191732E+08  0.164854E+05  0.138834E+05  0.180456E+08  0.191669E+08
  0.321088E-02  0.190204E+08  0.190192E+08  0.171839E+05  0.121425E+05  0.177172E+08  0.190120E+08
  0.357538E-02  0.188453E+08  0.188439E+08  0.208821E+04  0.272214E+04  0.173534E+08  0.188357E+08
  0.398126E-02  0.186473E+08  0.186456E+08 -0.236825E+04 -0.248034E+04  0.169534E+08  0.186364E+08
  0.443322E-02  0.184246E+08  0.184225E+08  0.136625E+04  0.376026E+03  0.165154E+08  0.184123E+08
  0.493648E-02  0.181757E+08  0.181731E+08  0.000000E+00  0.000000E+00  0.160375E+08  0.181619E+08
  0.498985E-02  0.181493E+08  0.181466E+08  0.000000E+00  0.000000E+00  0.159875E+08  0.181353E+08
  0.504379E-02  0.181226E+08  0.181199E+08  0.000000E+00  0.000000E+00  0.159370E+08  0.181085E+08
  0.509832E-02  0.180956E+08  0.180929E+08  0.000000E+00  0.000000E+00  0.158860E+08  0.180813E+08
  0.515344E-02  0.180684E+08  0.180655E+08  0.000000E+00  0.000000E+00  0.158347E+08  0.180539E+08
  0.520915E-02  0.180408E+08  0.180380E+08  0.000000E+00  0.000000E+00  0.157829E+08  0.180262E+08
  0.526546E-02  0.180130E+08  0.180101E+08  0.000000E+00  0.000000E+00  0.157307E+08  0.179982E+08
  0.532239E-02  0.179849E+08  0.179819E+08  0.000000E+00  0.000000E+00  0.156781E+08  0.179699E+08
  0.537993E-02  0.179565E+08  0.179534E+08  0.000000E+00  0.000000E+00  0.156251E+08  0.179414E+08
  0.543809E-02  0.179278E+08  0.179247E+08  0.000000E+00  0.000000E+00  0.155716E+08  0.179125E+08
  0.549688E-02  0.178988E+08  0.178956E+08  0.000000E+00  0.000000E+00  0.155177E+08  0.178834E+08
  0.555630E-02  0.178695E+08  0.178662E+08  0.000000E+00  0.000000E+00  0.154633E+08  0.178539E+08
  0.561637E-02  0.178399E+08  0.178366E+08  0.000000E+00  0.000000E+00  0.154085E+08  0.178241E+08
  0.567709E-02  0.178100E+08  0.178066E+08  0.000000E+00  0.000000E+00  0.153533E+08  0.177941E+08
  0.573846E-02  0.177799E+08  0.177764E+08  0.000000E+00  0.000000E+00  0.152976E+08  0.177637E+08
  0.580050E-02  0.177494E+08  0.177458E+08  0.000000E+00  0.000000E+00  0.152416E+08  0.177331E+08
  0.586320E-02  0.177186E+08  0.177150E+08  0.000000E+00  0.000000E+00  0.151850E+08  0.177021E+08
  0.592659E-02  0.176875E+08  0.176838E+08  0.000000E+00  0.000000E+00  0.151281E+08  0.176708E+08
  0.599066E-02  0.176561E+08  0.176523E+08  0.000000E+00  0.000000E+00  0.150707E+08  0.176393E+08
  0.605542E-02  0.176244E+08  0.176205E+08  0.000000E+00  0.000000E+00  0.150129E+08  0.176074E+08
  0.612089E-02  0.175923E+08  0.175884E+08  0.000000E+00  0.000000E+00  0.149546E+08  0.175752E+08
  0.618706E-02  0.175600E+08  0.175560E+08  0.000000E+00  0.000000E+00  0.148959E+08  0.175426E+08
  0.625394E-02  0.175274E+08  0.175233E+08  0.000000E+00  0.000000E+00  0.148368E+08  0.175098E+08
  0.632155E-02  0.174944E+08  0.174902E+08  0.000000E+00  0.000000E+00  0.147772E+08  0.174767E+08
  0.638989E-02  0.174611E+08  0.174568E+08  0.000000E+00  0.000000E+00  0.147173E+08  0.174432E+08
  0.645897E-02  0.174275E+08  0.174232E+08  0.000000E+00  0.000000E+00  0.146569E+08  0.174094E+08
  0.652880E-02  0.173936E+08  0.173891E+08  0.000000E+00  0.000000E+00  0.145960E+08  0.173753E+08
  0.659938E-02  0.173593E+08  0.173548E+08  0.000000E+00  0.000000E+00  0.145348E+08  0.173409E+08
  0.667072E-02  0.173248E+08  0.173201E+08  0.000000E+00  0.000000E+00  0.144731E+08  0.173061E+08
  0.674284E-02  0.172899E+08  0.172852E+08  0.000000E+00  0.000000E+00  0.144110E+08  0.172710E+08
  0.681573E-02  0.172546E+08  0.172498E+08  0.000000E+00  0.000000E+00  0.143485E+08  0.172356E+08
  0.688942E-02  0.172191E+08  0.172142E+08  0.000000E+00  0.000000E+00  0.142855E+08  0.171999E+08
  0.696390E-02  0.171832E+08  0.171782E+08  0.000000E+00  0.000000E+00  0.142222E+08  0.171638E+08
  0.703918E-02  0.171470E+08  0.171419E+08  0.000000E+00  0.000000E+00  0.141584E+08  0.171274E+08
  0.711528E-02  0.171104E+08  0.171052E+08  0.000000E+00  0.000000E+00  0.140942E+08  0.170907E+08
  0.719220E-02  0.170736E+08  0.170683E+08  0.000000E+00  0.000000E+00  0.140296E+08  0.170536E+08
  0.726995E-02  0.170363E+08  0.170309E+08  0.000000E+00  0.000000E+00  0.139646E+08  0.170162E+08
  0.734855E-02  0.169988E+08  0.169933E+08  0.000000E+00  0.000000E+00  0.138992E+08  0.169784E+08
  0.742799E-02  0.169609E+08  0.169552E+08  0.000000E+00  0.000000E+00  0.138334E+08  0.169404E+08
  0.750829E-02  0.169226E+08  0.169169E+08  0.000000E+00  0.000000E+00  0.137672E+08  0.169019E+08
  0.758946E-02  0.168840E+08  0.168782E+08  0.000000E+00  0.000000E+00  0.137006E+08  0.168631E+08
  0.767151E-02  0.168451E+08  0.168391E+08  0.000000E+00  0.000000E+00  0.136337E+08  0.168240E+08
  0.775444E-02  0.168058E+08  0.167997E+08  0.000000E+00  0.000000E+00  0.135663E+08  0.167845E+08
  0.783828E-02  0.167662E+08  0.167600E+08  0.000000E+00  0.000000E+00  0.134985E+08  0.167447E+08
  0.792301E-02  0.167262E+08  0.167199E+08  0.000000E+00  0.000000E+00  0.134304E+08  0.167045E+08
  0.800867E-02  0.166859E+08  0.166794E+08  0.000000E+00  0.000000E+00  0.133618E+08  0.166640E+08
  0.809524E-02  0.166452E+08  0.166386E+08  0.000000E+00  0.000000E+00  0.132929E+08  0.166231E+08
  0.818276E-02  0.166042E+08  0.165975E+08  0.000000E+00  0.000000E+00  0.132237E+08  0.165819E+08
  0.827122E-02  0.165628E+08  0.165559E+08  0.000000E+00  0.000000E+00  0.131540E+08  0.165403E+08
  0.836064E-02  0.165210E+08  0.165140E+08  0.000000E+00  0.000000E+00  0.130840E+08  0.164984E+08
  0.845102E-02  0.164789E+08  0.164718E+08  0.000000E+00  0.000000E+00  0.130136E+08  0.164560E+08
  0.854239E-02  0.164364E+08  0.164292E+08  0.000000E+00  0.000000E+00  0.129429E+08  0.164134E+08
  0.863473E-02  0.163936E+08  0.163862E+08  0.000000E+00  0.000000E+00  0.128718E+08  0.163703E+08
  0.872808E-02  0.163504E+08  0.163429E+08  0.000000E+00  0.000000E+00  0.128003E+08  0.163269E+08
  0.882244E-02  0.163068E+08  0.162991E+08  0.000000E+00  0.000000E+00  0.127285E+08  0.162832E+08
  0.891782E-02  0.162629E+08  0.162551E+08  0.000000E+00  0.000000E+00  0.126564E+08  0.162390E+08
  0.901422E-02  0.162186E+08  0.162106E+08  0.000000E+00  0.000000E+00  0.125839E+08  0.161945E+08
  0.911167E-02  0.161739E+08  0.161658E+08  0.000000E+00  0.000000E+00  0.125111E+08  0.161497E+08
  0.921018E-02  0.161289E+08  0.161206E+08  0.000000E+00  0.000000E+00  0.124379E+08  0.161044E+08
  0.930975E-02  0.160835E+08  0.160750E+08  0.000000E+00  0.000000E+00  0.123644E+08  0.160588E+08
  0.941039E-02  0.160377E+08  0.160290E+08  0.000000E+00  0.000000E+00  0.122906E+08  0.160128E+08
  0.951212E-02  0.159915E+08  0.159827E+08  0.000000E+00  0.000000E+00  0.122165E+08  0.159664E+08
  0.961496E-02  0.159449E+08  0.159359E+08  0.000000E+00  0.000000E+00  0.121420E+08  0.159197E+08
  0.971890E-02  0.158980E+08  0.158888E+08  0.000000E+00  0.000000E+00  0.120673E+08  0.158725E+08
  0.982397E-02  0.158507E+08  0.158413E+08  0.000000E+00  0.000000E+00  0.119922E+08  0.158250E+08
  0.993017E-02  0.158030E+08  0.157935E+08  0.000000E+00  0.000000E+00  0.119168E+08  0.157771E+08
  0.100375E-01  0.157549E+08  0.157452E+08  0.000000E+00  0.000000E+00  0.118412E+08  0.157288E+08
  0.101460E-01  0.157064E+08  0.156965E+08  0.000000E+00  0.000000E+00  0.117652E+08  0.156801E+08
  0.102557E-01  0.156576E+08  0.156475E+08  0.000000E+00  0.000000E+00  0.116890E+08  0.156311E+08
  0.103666E-01  0.156083E+08  0.155980E+08  0.000000E+00  0.000000E+00  0.116125E+08  0.155816E+08
  0.104787E-01  0.155587E+08  0.155482E+08  0.000000E+00  0.000000E+00  0.115357E+08  0.155318E+08
  0.105919E-01  0.155086E+08  0.154980E+08  0.000000E+00  0.000000E+00  0.114586E+08  0.154815E+08
  0.107065E-01  0.154582E+08  0.154473E+08  0.000000E+00  0.000000E+00  0.113813E+08  0.154309E+08
  0.108222E-01  0.154074E+08  0.153963E+08  0.000000E+00  0.000000E+00  0.113037E+08  0.153799E+08
  0.109392E-01  0.153562E+08  0.153449E+08  0.000000E+00  0.000000E+00  0.112259E+08  0.153285E+08
  0.110575E-01  0.153045E+08  0.152931E+08  0.000000E+00  0.000000E+00  0.111478E+08  0.152767E+08
  0.111770E-01  0.152525E+08  0.152408E+08  0.000000E+00  0.000000E+00  0.110694E+08  0.152244E+08
  0.112978E-01  0.152001E+08  0.151882E+08  0.000000E+00  0.000000E+00  0.109909E+08  0.151718E+08
  0.114200E-01  0.151473E+08  0.151351E+08  0.000000E+00  0.000000E+00  0.109121E+08  0.151188E+08
  0.115434E-01  0.150940E+08  0.150817E+08  0.000000E+00  0.000000E+00  0.108330E+08  0.150654E+08
  0.116682E-01  0.150404E+08  0.150278E+08  0.000000E+00  0.000000E+00  0.107538E+08  0.150115E+08
  0.117944E-01  0.149864E+08  0.149735E+08  0.000000E+00  0.000000E+00  0.106743E+08  0.149573E+08
  0.119219E-01  0.149319E+08  0.149189E+08  0.000000E+00  0.000000E+00  0.105947E+08  0.149027E+08
  0.120507E-01  0.148771E+08  0.148638E+08  0.000000E+00  0.000000E+00  0.105148E+08  0.148476E+08
  0.121810E-01  0.148218E+08  0.148082E+08  0.000000E+00  0.000000E+00  0.104347E+08  0.147921E+08
  0.123127E-01  0.147661E+08  0.147523E+08  0.000000E+00  0.000000E+00  0.103545E+08  0.147363E+08
  0.124458E-01  0.147100E+08  0.146960E+08  0.000000E+00  0.000000E+00  0.102741E+08  0.146800E+08
  0.125804E-01  0.146535E+08  0.146392E+08  0.000000E+00  0.000000E+00  0.101935E+08  0.146233E+08
  0.127164E-01  0.145966E+08  0.145820E+08  0.000000E+00  0.000000E+00  0.101127E+08  0.145662E+08
  0.128538E-01  0.145392E+08  0.145244E+08  0.000000E+00  0.000000E+00  0.100318E+08  0.145086E+08
  0.129928E-01  0.144815E+08  0.144664E+08  0.000000E+00  0.000000E+00  0.995070E+07  0.144507E+08
  0.131333E-01  0.144233E+08  0.144079E+08  0.000000E+00  0.000000E+00  0.986947E+07  0.143923E+08
  0.132752E-01  0.143647E+08  0.143491E+08  0.000000E+00  0.000000E+00  0.978811E+07  0.143336E+08
  0.134188E-01  0.143057E+08  0.142898E+08  0.000000E+00  0.000000E+00  0.970661E+07  0.142744E+08
  0.135638E-01  0.142463E+08  0.142300E+08  0.000000E+00  0.000000E+00  0.962499E+07  0.142147E+08
  0.137105E-01  0.141864E+08  0.141699E+08  0.000000E+00  0.000000E+00  0.954326E+07  0.141547E+08
  0.138587E-01  0.141261E+08  0.141093E+08  0.000000E+00  0.000000E+00  0.946141E+07  0.140942E+08
  0.140085E-01  0.140654E+08  0.140483E+08  0.000000E+00  0.000000E+00  0.937947E+07  0.140333E+08
  0.141599E-01  0.140043E+08  0.139869E+08  0.000000E+00  0.000000E+00  0.929743E+07  0.139720E+08
  0.143130E-01  0.139427E+08  0.139250E+08  0.000000E+00  0.000000E+00  0.921530E+07  0.139103E+08
  0.144678E-01  0.138807E+08  0.138627E+08  0.000000E+00  0.000000E+00  0.913310E+07  0.138481E+08
  0.146242E-01  0.138183E+08  0.138000E+08  0.000000E+00  0.000000E+00  0.905083E+07  0.137856E+08
  0.147823E-01  0.137555E+08  0.137369E+08  0.000000E+00  0.000000E+00  0.896850E+07  0.137226E+08
  0.149421E-01  0.136922E+08  0.136733E+08  0.000000E+00  0.000000E+00  0.888611E+07  0.136591E+08
  0.151036E-01  0.136286E+08  0.136093E+08  0.000000E+00  0.000000E+00  0.880367E+07  0.135953E+08
  0.152669E-01  0.135645E+08  0.135449E+08  0.000000E+00  0.000000E+00  0.872120E+07  0.135310E+08
  0.154319E-01  0.134999E+08  0.134800E+08  0.000000E+00  0.000000E+00  0.863870E+07  0.134663E+08
  0.155988E-01  0.134350E+08  0.134147E+08  0.000000E+00  0.000000E+00  0.855619E+07  0.134012E+08
  0.157674E-01  0.133696E+08  0.133490E+08  0.000000E+00  0.000000E+00  0.847366E+07  0.133356E+08
  0.159378E-01  0.133037E+08  0.132828E+08  0.000000E+00  0.000000E+00  0.839112E+07  0.132697E+08
  0.161101E-01  0.132375E+08  0.132162E+08  0.000000E+00  0.000000E+00  0.830859E+07  0.132033E+08
  0.162843E-01  0.131708E+08  0.131492E+08  0.000000E+00  0.000000E+00  0.822608E+07  0.131364E+08
  0.164603E-01  0.131037E+08  0.130817E+08  0.000000E+00  0.000000E+00  0.814359E+07  0.130692E+08
  0.166383E-01  0.130362E+08  0.130139E+08  0.000000E+00  0.000000E+00  0.806113E+07  0.130015E+08
  0.168182E-01  0.129683E+08  0.129456E+08  0.000000E+00  0.000000E+00  0.797872E+07  0.129335E+08
  0.170000E-01  0.128999E+08  0.128769E+08  0.000000E+00  0.000000E+00  0.789635E+07  0.128650E+08
  0.171838E-01  0.128312E+08  0.128077E+08  0.000000E+00  0.000000E+00  0.781404E+07  0.127960E+08
  0.173695E-01  0.127620E+08  0.127381E+08  0.000000E+00  0.000000E+00  0.773181E+07  0.127267E+08
  0.175573E-01  0.126924E+08  0.126682E+08  0.000000E+00  0.000000E+00  0.764965E+07  0.126570E+08
  0.177471E-01  0.126223E+08  0.125978E+08  0.000000E+00  0.000000E+00  0.756757E+07  0.125868E+08
  0.179390E-01  0.125519E+08  0.125269E+08  0.000000E+00  0.000000E+00  0.748560E+07  0.125162E+08
  0.181329E-01  0.124811E+08  0.124557E+08  0.000000E+00  0.000000E+00  0.740373E+07  0.124453E+08
  0.183289E-01  0.124098E+08  0.123841E+08  0.000000E+00  0.000000E+00  0.732198E+07  0.123739E+08
  0.185271E-01  0.123382E+08  0.123120E+08  0.000000E+00  0.000000E+00  0.724035E+07  0.123021E+08
  0.187274E-01  0.122661E+08  0.122396E+08  0.000000E+00  0.000000E+00  0.715885E+07  0.122299E+08
  0.189298E-01  0.121936E+08  0.121667E+08  0.000000E+00  0.000000E+00  0.707750E+07  0.121573E+08
  0.191345E-01  0.121208E+08  0.120934E+08  0.000000E+00  0.000000E+00  0.699631E+07  0.120844E+08
  0.193413E-01  0.120475E+08  0.120198E+08  0.000000E+00  0.000000E+00  0.691528E+07  0.120110E+08
  0.195504E-01  0.119739E+08  0.119458E+08  0.000000E+00  0.000000E+00  0.683443E+07  0.119373E+08
  0.197618E-01  0.118999E+08  0.118713E+08  0.000000E+00  0.000000E+00  0.675376E+07  0.118632E+08
  0.199754E-01  0.118255E+08  0.117965E+08  0.000000E+00  0.000000E+00  0.667328E+07  0.117886E+08
  0.201914E-01  0.117507E+08  0.117213E+08  0.000000E+00  0.000000E+00  0.659301E+07  0.117138E+08
  0.204097E-01  0.116756E+08  0.116458E+08  0.000000E+00  0.000000E+00  0.651295E+07  0.116385E+08
  0.206303E-01  0.116001E+08  0.115699E+08  0.000000E+00  0.000000E+00  0.643312E+07  0.115629E+08
  0.208533E-01  0.115242E+08  0.114936E+08  0.000000E+00  0.000000E+00  0.635353E+07  0.114870E+08
  0.210788E-01  0.114480E+08  0.114169E+08  0.000000E+00  0.000000E+00  0.627418E+07  0.114107E+08
  0.213066E-01  0.113714E+08  0.113399E+08  0.000000E+00  0.000000E+00  0.619509E+07  0.113340E+08
  0.215370E-01  0.112945E+08  0.112626E+08  0.000000E+00  0.000000E+00  0.611626E+07  0.112570E+08
  0.217698E-01  0.112172E+08  0.111850E+08  0.000000E+00  0.000000E+00  0.603772E+07  0.111797E+08
  0.220052E-01  0.111397E+08  0.111070E+08  0.000000E+00  0.000000E+00  0.595946E+07  0.111021E+08
  0.222430E-01  0.110618E+08  0.110287E+08  0.000000E+00  0.000000E+00  0.588151E+07  0.110241E+08
  0.224835E-01  0.109836E+08  0.109501E+08  0.000000E+00  0.000000E+00  0.580386E+07  0.109459E+08
  0.227266E-01  0.109051E+08  0.108711E+08  0.000000E+00  0.000000E+00  0.572654E+07  0.108673E+08
  0.229723E-01  0.108263E+08  0.107919E+08  0.000000E+00  0.000000E+00  0.564955E+07  0.107885E+08
  0.232206E-01  0.107472E+08  0.107124E+08  0.000000E+00  0.000000E+00  0.557290E+07  0.107094E+08
  0.234716E-01  0.106679E+08  0.106327E+08  0.000000E+00  0.000000E+00  0.549661E+07  0.106300E+08
  0.237254E-01  0.105883E+08  0.105527E+08  0.000000E+00  0.000000E+00  0.542069E+07  0.105503E+08
  0.239819E-01  0.105084E+08  0.104724E+08  0.000000E+00  0.000000E+00  0.534514E+07  0.104704E+08
  0.242411E-01  0.104283E+08  0.103919E+08  0.000000E+00  0.000000E+00  0.526998E+07  0.103903E+08
  0.245032E-01  0.103480E+08  0.103111E+08  0.000000E+00  0.000000E+00  0.519523E+07  0.103099E+08
  0.247681E-01  0.102674E+08  0.102302E+08  0.000000E+00  0.000000E+00  0.512088E+07  0.102293E+08
  0.250359E-01  0.101866E+08  0.101490E+08  0.000000E+00  0.000000E+00  0.504696E+07  0.101486E+08
  0.253065E-01  0.101057E+08  0.100677E+08  0.000000E+00  0.000000E+00  0.497346E+07  0.100676E+08
  0.255801E-01  0.100246E+08  0.998615E+07  0.000000E+00  0.000000E+00  0.490042E+07  0.998644E+07
  0.258566E-01  0.994325E+07  0.990447E+07  0.000000E+00  0.000000E+00  0.482783E+07  0.990514E+07
  0.261362E-01  0.986180E+07  0.982264E+07  0.000000E+00  0.000000E+00  0.475571E+07  0.982369E+07
  0.264187E-01  0.978022E+07  0.974069E+07  0.000000E+00  0.000000E+00  0.468406E+07  0.974211E+07
  0.267043E-01  0.969851E+07  0.965862E+07  0.000000E+00  0.000000E+00  0.461290E+07  0.966042E+07
  0.269930E-01  0.961670E+07  0.957645E+07  0.000000E+00  0.000000E+00  0.454225E+07  0.957862E+07
  0.272848E-01  0.953480E+07  0.949420E+07  0.000000E+00  0.000000E+00  0.447210E+07  0.949674E+07
  0.275798E-01  0.945283E+07  0.941189E+07  0.000000E+00  0.000000E+00  0.440248E+07  0.941480E+07
  0.278779E-01  0.937081E+07  0.932954E+07  0.000000E+00  0.000000E+00  0.433339E+07  0.933281E+07
  0.281793E-01  0.928876E+07  0.924716E+07  0.000000E+00  0.000000E+00  0.426484E+07  0.925078E+07
  0.284840E-01  0.920668E+07  0.916477E+07  0.000000E+00  0.000000E+00  0.419685E+07  0.916875E+07
  0.287919E-01  0.912461E+07  0.908239E+07  0.000000E+00  0.000000E+00  0.412942E+07  0.908673E+07
  0.291032E-01  0.904256E+07  0.900005E+07  0.000000E+00  0.000000E+00  0.406256E+07  0.900473E+07
  0.294178E-01  0.896056E+07  0.891776E+07  0.000000E+00  0.000000E+00  0.399629E+07  0.892278E+07
  0.297358E-01  0.887862E+07  0.883554E+07  0.000000E+00  0.000000E+00  0.393062E+07  0.884090E+07
  0.300573E-01  0.879676E+07  0.875342E+07  0.000000E+00  0.000000E+00  0.386555E+07  0.875910E+07
  0.303822E-01  0.871501E+07  0.867143E+07  0.000000E+00  0.000000E+00  0.380110E+07  0.867742E+07
  0.307107E-01  0.863338E+07  0.858957E+07  0.000000E+00  0.000000E+00  0.373727E+07  0.859588E+07
  0.310427E-01  0.855191E+07  0.850787E+07  0.000000E+00  0.000000E+00  0.367407E+07  0.851448E+07
  0.313783E-01  0.847061E+07  0.842636E+07  0.000000E+00  0.000000E+00  0.361153E+07  0.843327E+07
  0.317175E-01  0.838951E+07  0.834507E+07  0.000000E+00  0.000000E+00  0.354963E+07  0.835226E+07
  0.320604E-01  0.830863E+07  0.826401E+07  0.000000E+00  0.000000E+00  0.348840E+07  0.827147E+07
  0.324070E-01  0.822799E+07  0.818321E+07  0.000000E+00  0.000000E+00  0.342784E+07  0.819093E+07
  0.327573E-01  0.814762E+07  0.810270E+07  0.000000E+00  0.000000E+00  0.336796E+07  0.811067E+07
  0.331114E-01  0.806754E+07  0.802250E+07  0.000000E+00  0.000000E+00  0.330877E+07  0.803071E+07
  0.334694E-01  0.798779E+07  0.794263E+07  0.000000E+00  0.000000E+00  0.325027E+07  0.795107E+07
  0.338312E-01  0.790838E+07  0.786313E+07  0.000000E+00  0.000000E+00  0.319248E+07  0.787178E+07
  0.341970E-01  0.782933E+07  0.778401E+07  0.000000E+00  0.000000E+00  0.313539E+07  0.779286E+07
  0.345667E-01  0.775068E+07  0.770531E+07  0.000000E+00  0.000000E+00  0.307902E+07  0.771434E+07
  0.349404E-01  0.767246E+07  0.762705E+07  0.000000E+00  0.000000E+00  0.302337E+07  0.763625E+07
  0.353181E-01  0.759468E+07  0.754926E+07  0.000000E+00  0.000000E+00  0.296845E+07  0.755862E+07
  0.356999E-01  0.751737E+07  0.747196E+07  0.000000E+00  0.000000E+00  0.291427E+07  0.748145E+07
  0.360858E-01  0.744056E+07  0.739518E+07  0.000000E+00  0.000000E+00  0.286082E+07  0.740479E+07
  0.364760E-01  0.736427E+07  0.731895E+07  0.000000E+00  0.000000E+00  0.280812E+07  0.732866E+07
  0.368703E-01  0.728853E+07  0.724328E+07  0.000000E+00  0.000000E+00  0.275617E+07  0.725309E+07
  0.372689E-01  0.721337E+07  0.716822E+07  0.000000E+00  0.000000E+00  0.270498E+07  0.717809E+07
  0.376718E-01  0.713880E+07  0.709376E+07  0.000000E+00  0.000000E+00  0.265454E+07  0.710369E+07
  0.380790E-01  0.706484E+07  0.701996E+07  0.000000E+00  0.000000E+00  0.260487E+07  0.702991E+07
  0.384907E-01  0.699155E+07  0.694683E+07  0.000000E+00  0.000000E+00  0.255596E+07  0.695679E+07
  0.389068E-01  0.691892E+07  0.687440E+07  0.000000E+00  0.000000E+00  0.250782E+07  0.688435E+07
  0.393274E-01  0.684700E+07  0.680270E+07  0.000000E+00  0.000000E+00  0.246045E+07  0.681262E+07
  0.397526E-01  0.677581E+07  0.673174E+07  0.000000E+00  0.000000E+00  0.241386E+07  0.674162E+07
  0.401823E-01  0.670536E+07  0.666156E+07  0.000000E+00  0.000000E+00  0.236803E+07  0.667137E+07
  0.406167E-01  0.663568E+07  0.659217E+07  0.000000E+00  0.000000E+00  0.232297E+07  0.660189E+07
  0.410558E-01  0.656678E+07  0.652359E+07  0.000000E+00  0.000000E+00  0.227868E+07  0.653319E+07
  0.414997E-01  0.649869E+07  0.645583E+07  0.000000E+00  0.000000E+00  0.223515E+07  0.646530E+07
  0.419483E-01  0.643140E+07  0.638891E+07  0.000000E+00  0.000000E+00  0.219239E+07  0.639823E+07
  0.424018E-01  0.636495E+07  0.632285E+07  0.000000E+00  0.000000E+00  0.215038E+07  0.633199E+07
  0.428602E-01  0.629935E+07  0.625766E+07  0.000000E+00  0.000000E+00  0.210913E+07  0.626660E+07
  0.433235E-01  0.623461E+07  0.619337E+07  0.000000E+00  0.000000E+00  0.206864E+07  0.620209E+07
  0.437919E-01  0.617075E+07  0.612997E+07  0.000000E+00  0.000000E+00  0.202890E+07  0.613845E+07
  0.442653E-01  0.610779E+07  0.606749E+07  0.000000E+00  0.000000E+00  0.198991E+07  0.607571E+07
  0.447439E-01  0.604573E+07  0.600595E+07  0.000000E+00  0.000000E+00  0.195166E+07  0.601388E+07
  0.452276E-01  0.598458E+07  0.594534E+07  0.000000E+00  0.000000E+00  0.191414E+07  0.595297E+07
  0.457165E-01  0.592436E+07  0.588567E+07  0.000000E+00  0.000000E+00  0.187736E+07  0.589298E+07
  0.462107E-01  0.586507E+07  0.582695E+07  0.000000E+00  0.000000E+00  0.184128E+07  0.583392E+07
  0.467103E-01  0.580670E+07  0.576918E+07  0.000000E+00  0.000000E+00  0.180592E+07  0.577578E+07
  0.472153E-01  0.574926E+07  0.571236E+07  0.000000E+00  0.000000E+00  0.177125E+07  0.571858E+07
  0.477257E-01  0.569275E+07  0.565649E+07  0.000000E+00  0.000000E+00  0.173728E+07  0.566231E+07
  0.482417E-01  0.563716E+07  0.560156E+07  0.000000E+00  0.000000E+00  0.170399E+07  0.560696E+07
  0.487632E-01  0.558249E+07  0.554757E+07  0.000000E+00  0.000000E+00  0.167136E+07  0.555254E+07
  0.492904E-01  0.552873E+07  0.549450E+07  0.000000E+00  0.000000E+00  0.163940E+07  0.549902E+07
  0.498232E-01  0.547588E+07  0.544236E+07  0.000000E+00  0.000000E+00  0.160809E+07  0.544641E+07
  0.503618E-01  0.542391E+07  0.539111E+07  0.000000E+00  0.000000E+00  0.157741E+07  0.539470E+07
  0.509063E-01  0.537283E+07  0.534076E+07  0.000000E+00  0.000000E+00  0.154735E+07  0.534385E+07
  0.514566E-01  0.532259E+07  0.529127E+07  0.000000E+00  0.000000E+00  0.151789E+07  0.529386E+07
  0.520129E-01  0.527319E+07  0.524262E+07  0.000000E+00  0.000000E+00  0.148902E+07  0.524470E+07
  0.525752E-01  0.522459E+07  0.519479E+07  0.000000E+00  0.000000E+00  0.146074E+07  0.519636E+07
  0.531436E-01  0.517678E+07  0.514774E+07  0.000000E+00  0.000000E+00  0.143301E+07  0.514879E+07
  0.537181E-01  0.512972E+07  0.510146E+07  0.000000E+00  0.000000E+00  0.140584E+07  0.510197E+07
  0.542988E-01  0.508340E+07  0.505591E+07  0.000000E+00  0.000000E+00  0.137919E+07  0.505589E+07
  0.548858E-01  0.503777E+07  0.501106E+07  0.000000E+00  0.000000E+00  0.135306E+07  0.501051E+07
  0.554792E-01  0.499282E+07  0.496688E+07  0.000000E+00  0.000000E+00  0.132742E+07  0.496579E+07
  0.560790E-01  0.494849E+07  0.492333E+07  0.000000E+00  0.000000E+00  0.130226E+07  0.492171E+07
  0.566852E-01  0.490476E+07  0.488036E+07  0.000000E+00  0.000000E+00  0.127757E+07  0.487822E+07
  0.572980E-01  0.486158E+07  0.483794E+07  0.000000E+00  0.000000E+00  0.125333E+07  0.483527E+07
  0.579175E-01  0.481890E+07  0.479601E+07  0.000000E+00  0.000000E+00  0.122953E+07  0.479283E+07
  0.585436E-01  0.477668E+07  0.475453E+07  0.000000E+00  0.000000E+00  0.120614E+07  0.475083E+07
  0.594337E-01  0.471809E+07  0.469696E+07  0.000000E+00  0.000000E+00  0.117398E+07  0.469257E+07
  0.603239E-01  0.466104E+07  0.464087E+07  0.000000E+00  0.000000E+00  0.114301E+07  0.463583E+07
  0.612140E-01  0.460534E+07  0.458610E+07  0.000000E+00  0.000000E+00  0.111315E+07  0.458044E+07
  0.621041E-01  0.455084E+07  0.453246E+07  0.000000E+00  0.000000E+00  0.108434E+07  0.452623E+07
  0.629943E-01  0.449737E+07  0.447980E+07  0.000000E+00  0.000000E+00  0.105649E+07  0.447305E+07
  0.638844E-01  0.444478E+07  0.442796E+07  0.000000E+00  0.000000E+00  0.102952E+07  0.442073E+07
  0.647746E-01  0.439292E+07  0.437679E+07  0.000000E+00  0.000000E+00  0.100337E+07  0.436914E+07
  0.656647E-01  0.434167E+07  0.432618E+07  0.000000E+00  0.000000E+00  0.978012E+06  0.431815E+07
  0.665548E-01  0.429093E+07  0.427601E+07  0.000000E+00  0.000000E+00  0.953376E+06  0.426766E+07
  0.674450E-01  0.424060E+07  0.422619E+07  0.000000E+00  0.000000E+00  0.929415E+06  0.421758E+07
  0.683351E-01  0.419060E+07  0.417663E+07  0.000000E+00  0.000000E+00  0.906093E+06  0.416781E+07
  0.692252E-01  0.414085E+07  0.412727E+07  0.000000E+00  0.000000E+00  0.883379E+06  0.411829E+07
  0.701154E-01  0.409129E+07  0.407804E+07  0.000000E+00  0.000000E+00  0.861240E+06  0.406896E+07
  0.710055E-01  0.404187E+07  0.402889E+07  0.000000E+00  0.000000E+00  0.839641E+06  0.401975E+07
  0.718957E-01  0.399254E+07  0.397978E+07  0.000000E+00  0.000000E+00  0.818560E+06  0.397064E+07
  0.727858E-01  0.394329E+07  0.393069E+07  0.000000E+00  0.000000E+00  0.797981E+06  0.392159E+07
  0.736759E-01  0.389410E+07  0.388160E+07  0.000000E+00  0.000000E+00  0.777884E+06  0.387260E+07
  0.745661E-01  0.384496E+07  0.383252E+07  0.000000E+00  0.000000E+00  0.758251E+06  0.382365E+07
  0.754562E-01  0.379587E+07  0.378344E+07  0.000000E+00  0.000000E+00  0.739071E+06  0.377475E+07
  0.763463E-01  0.374685E+07  0.373439E+07  0.000000E+00  0.000000E+00  0.720335E+06  0.372591E+07
  0.772365E-01  0.369790E+07  0.368538E+07  0.000000E+00  0.000000E+00  0.702031E+06  0.367715E+07
  0.781266E-01  0.364907E+07  0.363644E+07  0.000000E+00  0.000000E+00  0.684151E+06  0.362850E+07
  0.790168E-01  0.360037E+07  0.358761E+07  0.000000E+00  0.000000E+00  0.666690E+06  0.357997E+07
  0.799069E-01  0.355184E+07  0.353892E+07  0.000000E+00  0.000000E+00  0.649645E+06  0.353162E+07
  0.807970E-01  0.350353E+07  0.349043E+07  0.000000E+00  0.000000E+00  0.633010E+06  0.348348E+07
  0.816872E-01  0.345549E+07  0.344218E+07  0.000000E+00  0.000000E+00  0.616782E+06  0.343560E+07
  0.825773E-01  0.340776E+07  0.339423E+07  0.000000E+00  0.000000E+00  0.600960E+06  0.338805E+07
  0.834674E-01  0.336041E+07  0.334665E+07  0.000000E+00  0.000000E+00  0.585540E+06  0.334086E+07
  0.843576E-01  0.331348E+07  0.329948E+07  0.000000E+00  0.000000E+00  0.570520E+06  0.329409E+07
  0.852477E-01  0.326704E+07  0.325279E+07  0.000000E+00  0.000000E+00  0.555902E+06  0.324781E+07
  0.861379E-01  0.322113E+07  0.320663E+07  0.000000E+00  0.000000E+00  0.541682E+06  0.320206E+07
  0.870280E-01  0.317582E+07  0.316108E+07  0.000000E+00  0.000000E+00  0.527860E+06  0.315691E+07
  0.879181E-01  0.313117E+07  0.311619E+07  0.000000E+00  0.000000E+00  0.514432E+06  0.311242E+07
  0.888083E-01  0.308722E+07  0.307202E+07  0.000000E+00  0.000000E+00  0.501396E+06  0.306864E+07
  0.896984E-01  0.304404E+07  0.302862E+07  0.000000E+00  0.000000E+00  0.488748E+06  0.302561E+07
  0.905886E-01  0.300166E+07  0.298604E+07  0.000000E+00  0.000000E+00  0.476488E+06  0.298339E+07
  0.914787E-01  0.296014E+07  0.294433E+07  0.000000E+00  0.000000E+00  0.464612E+06  0.294202E+07
  0.923688E-01  0.291951E+07  0.290354E+07  0.000000E+00  0.000000E+00  0.453115E+06  0.290155E+07
  0.932590E-01  0.287982E+07  0.286371E+07  0.000000E+00  0.000000E+00  0.441992E+06  0.286202E+07
  0.941491E-01  0.284112E+07  0.282488E+07  0.000000E+00  0.000000E+00  0.431238E+06  0.282348E+07
  0.950392E-01  0.280342E+07  0.278709E+07  0.000000E+00  0.000000E+00  0.420848E+06  0.278594E+07
  0.959294E-01  0.276676E+07  0.275036E+07  0.000000E+00  0.000000E+00  0.410817E+06  0.274944E+07
  0.968195E-01  0.273116E+07  0.271472E+07  0.000000E+00  0.000000E+00  0.401139E+06  0.271399E+07
  0.977097E-01  0.269663E+07  0.268017E+07  0.000000E+00  0.000000E+00  0.391805E+06  0.267961E+07
  0.985998E-01  0.266318E+07  0.264674E+07  0.000000E+00  0.000000E+00  0.382806E+06  0.264632E+07
  0.994899E-01  0.263083E+07  0.261443E+07  0.000000E+00  0.000000E+00  0.374133E+06  0.261413E+07
  0.100380E+00  0.259957E+07  0.258324E+07  0.000000E+00  0.000000E+00  0.365780E+06  0.258302E+07
  0.101270E+00  0.256940E+07  0.255317E+07  0.000000E+00  0.000000E+00  0.357738E+06  0.255301E+07
  0.102160E+00  0.254032E+07  0.252420E+07  0.000000E+00  0.000000E+00  0.349996E+06  0.252407E+07
  0.103050E+00  0.251229E+07  0.249633E+07  0.000000E+00  0.000000E+00  0.342543E+06  0.249620E+07
  0.103941E+00  0.248533E+07  0.246954E+07  0.000000E+00  0.000000E+00  0.335369E+06  0.246939E+07
  0.104831E+00  0.245939E+07  0.244381E+07  0.000000E+00  0.000000E+00  0.328465E+06  0.244360E+07
  0.105721E+00  0.243445E+07  0.241910E+07  0.000000E+00  0.000000E+00  0.321820E+06  0.241881E+07
  0.106611E+00  0.241049E+07  0.239538E+07  0.000000E+00  0.000000E+00  0.315423E+06  0.239500E+07
  0.107501E+00  0.238746E+07  0.237261E+07  0.000000E+00  0.000000E+00  0.309261E+06  0.237211E+07
  0.108391E+00  0.236532E+07  0.235076E+07  0.000000E+00  0.000000E+00  0.303323E+06  0.235012E+07
  0.109281E+00  0.234404E+07  0.232978E+07  0.000000E+00  0.000000E+00  0.297599E+06  0.232899E+07
  0.110172E+00  0.232358E+07  0.230963E+07  0.000000E+00  0.000000E+00  0.292079E+06  0.230867E+07
  0.111062E+00  0.230389E+07  0.229027E+07  0.000000E+00  0.000000E+00  0.286753E+06  0.228912E+07
  0.111952E+00  0.228492E+07  0.227164E+07  0.000000E+00  0.000000E+00  0.281607E+06  0.227029E+07
  0.112842E+00  0.226663E+07  0.225368E+07  0.000000E+00  0.000000E+00  0.276630E+06  0.225213E+07
  0.113732E+00  0.224895E+07  0.223636E+07  0.000000E+00  0.000000E+00  0.271813E+06  0.223459E+07
  0.114622E+00  0.223184E+07  0.221960E+07  0.000000E+00  0.000000E+00  0.267147E+06  0.221761E+07
  0.115512E+00  0.221525E+07  0.220337E+07  0.000000E+00  0.000000E+00  0.262620E+06  0.220115E+07
  0.116403E+00  0.219914E+07  0.218761E+07  0.000000E+00  0.000000E+00  0.258225E+06  0.218517E+07
  0.117293E+00  0.218344E+07  0.217227E+07  0.000000E+00  0.000000E+00  0.253951E+06  0.216960E+07
  0.118183E+00  0.216811E+07  0.215729E+07  0.000000E+00  0.000000E+00  0.249791E+06  0.215439E+07
  0.119073E+00  0.215310E+07  0.214262E+07  0.000000E+00  0.000000E+00  0.245734E+06  0.213950E+07
  0.119963E+00  0.213835E+07  0.212820E+07  0.000000E+00  0.000000E+00  0.241773E+06  0.212487E+07
  0.120853E+00  0.212382E+07  0.211399E+07  0.000000E+00  0.000000E+00  0.237899E+06  0.211046E+07
  0.121743E+00  0.210946E+07  0.209995E+07  0.000000E+00  0.000000E+00  0.234107E+06  0.209621E+07
  0.122634E+00  0.209523E+07  0.208602E+07  0.000000E+00  0.000000E+00  0.230392E+06  0.208210E+07
  0.123524E+00  0.208110E+07  0.207218E+07  0.000000E+00  0.000000E+00  0.226745E+06  0.206807E+07
  0.124414E+00  0.206702E+07  0.205837E+07  0.000000E+00  0.000000E+00  0.223162E+06  0.205411E+07
  0.125304E+00  0.205297E+07  0.204458E+07  0.000000E+00  0.000000E+00  0.219637E+06  0.204016E+07
  0.126194E+00  0.203890E+07  0.203075E+07  0.000000E+00  0.000000E+00  0.216166E+06  0.202620E+07
  0.127084E+00  0.202481E+07  0.201687E+07  0.000000E+00  0.000000E+00  0.212746E+06  0.201220E+07
  0.127974E+00  0.201064E+07  0.200291E+07  0.000000E+00  0.000000E+00  0.209372E+06  0.199814E+07
  0.128864E+00  0.199640E+07  0.198885E+07  0.000000E+00  0.000000E+00  0.206042E+06  0.198399E+07
  0.129755E+00  0.198205E+07  0.197467E+07  0.000000E+00  0.000000E+00  0.202753E+06  0.196973E+07
  0.130645E+00  0.196758E+07  0.196035E+07  0.000000E+00  0.000000E+00  0.199502E+06  0.195536E+07
  0.131535E+00  0.195298E+07  0.194588E+07  0.000000E+00  0.000000E+00  0.196286E+06  0.194085E+07
  0.132425E+00  0.193824E+07  0.193125E+07  0.000000E+00  0.000000E+00  0.193106E+06  0.192620E+07
  0.133315E+00  0.192336E+07  0.191645E+07  0.000000E+00  0.000000E+00  0.189960E+06  0.191140E+07
  0.134205E+00  0.190832E+07  0.190148E+07  0.000000E+00  0.000000E+00  0.186848E+06  0.189645E+07
  0.135095E+00  0.189313E+07  0.188635E+07  0.000000E+00  0.000000E+00  0.183767E+06  0.188135E+07
  0.135986E+00  0.187779E+07  0.187105E+07  0.000000E+00  0.000000E+00  0.180717E+06  0.186609E+07
  0.136876E+00  0.186231E+07  0.185558E+07  0.000000E+00  0.000000E+00  0.177699E+06  0.185069E+07
  0.137766E+00  0.184669E+07  0.183997E+07  0.000000E+00  0.000000E+00  0.174714E+06  0.183515E+07
  0.138656E+00  0.183095E+07  0.182422E+07  0.000000E+00  0.000000E+00  0.171761E+06  0.181949E+07
  0.139546E+00  0.181509E+07  0.180834E+07  0.000000E+00  0.000000E+00  0.168842E+06  0.180371E+07
  0.140436E+00  0.179914E+07  0.179236E+07  0.000000E+00  0.000000E+00  0.165958E+06  0.178784E+07
  0.141326E+00  0.178311E+07  0.177628E+07  0.000000E+00  0.000000E+00  0.163108E+06  0.177188E+07
  0.142217E+00  0.176702E+07  0.176013E+07  0.000000E+00  0.000000E+00  0.160295E+06  0.175587E+07
  0.143107E+00  0.175089E+07  0.174394E+07  0.000000E+00  0.000000E+00  0.157519E+06  0.173981E+07
  0.143997E+00  0.173475E+07  0.172773E+07  0.000000E+00  0.000000E+00  0.154784E+06  0.172374E+07
  0.144887E+00  0.171861E+07  0.171151E+07  0.000000E+00  0.000000E+00  0.152088E+06  0.170768E+07
  0.145777E+00  0.170250E+07  0.169532E+07  0.000000E+00  0.000000E+00  0.149434E+06  0.169164E+07
  0.146667E+00  0.168644E+07  0.167917E+07  0.000000E+00  0.000000E+00  0.146822E+06  0.167565E+07
  0.147557E+00  0.167045E+07  0.166309E+07  0.000000E+00  0.000000E+00  0.144255E+06  0.165973E+07
  0.148448E+00  0.165456E+07  0.164711E+07  0.000000E+00  0.000000E+00  0.141733E+06  0.164391E+07
  0.149338E+00  0.163879E+07  0.163125E+07  0.000000E+00  0.000000E+00  0.139257E+06  0.162821E+07
  0.150228E+00  0.162316E+07  0.161553E+07  0.000000E+00  0.000000E+00  0.136828E+06  0.161265E+07
  0.151118E+00  0.160770E+07  0.159998E+07  0.000000E+00  0.000000E+00  0.134447E+06  0.159725E+07
  0.152008E+00  0.159242E+07  0.158462E+07  0.000000E+00  0.000000E+00  0.132116E+06  0.158204E+07
  0.152898E+00  0.157734E+07  0.156946E+07  0.000000E+00  0.000000E+00  0.129834E+06  0.156704E+07
  0.153788E+00  0.156249E+07  0.155454E+07  0.000000E+00  0.000000E+00  0.127604E+06  0.155225E+07
  0.154678E+00  0.154789E+07  0.153987E+07  0.000000E+00  0.000000E+00  0.125424E+06  0.153772E+07
  0.155569E+00  0.153354E+07  0.152546E+07  0.000000E+00  0.000000E+00  0.123295E+06  0.152344E+07
  0.156459E+00  0.151948E+07  0.151135E+07  0.000000E+00  0.000000E+00  0.121218E+06  0.150944E+07
  0.157349E+00  0.150570E+07  0.149753E+07  0.000000E+00  0.000000E+00  0.119193E+06  0.149573E+07
  0.158239E+00  0.149224E+07  0.148403E+07  0.000000E+00  0.000000E+00  0.117221E+06  0.148233E+07
  0.159129E+00  0.147909E+07  0.147085E+07  0.000000E+00  0.000000E+00  0.115300E+06  0.146925E+07
  0.160019E+00  0.146627E+07  0.145801E+07  0.000000E+00  0.000000E+00  0.113430E+06  0.145650E+07
  0.160909E+00  0.145378E+07  0.144551E+07  0.000000E+00  0.000000E+00  0.111612E+06  0.144407E+07
  0.161800E+00  0.144163E+07  0.143337E+07  0.000000E+00  0.000000E+00  0.109844E+06  0.143199E+07
  0.162690E+00  0.142982E+07  0.142158E+07  0.000000E+00  0.000000E+00  0.108125E+06  0.142025E+07
  0.163580E+00  0.141836E+07  0.141014E+07  0.000000E+00  0.000000E+00  0.106456E+06  0.140885E+07
  0.164470E+00  0.140724E+07  0.139905E+07  0.000000E+00  0.000000E+00  0.104834E+06  0.139780E+07
  0.165360E+00  0.139647E+07  0.138832E+07  0.000000E+00  0.000000E+00  0.103260E+06  0.138709E+07
  0.166250E+00  0.138603E+07  0.137794E+07  0.000000E+00  0.000000E+00  0.101730E+06  0.137672E+07
  0.167140E+00  0.137593E+07  0.136790E+07  0.000000E+00  0.000000E+00  0.100246E+06  0.136668E+07
  0.168031E+00  0.136615E+07  0.135819E+07  0.000000E+00  0.000000E+00  0.988037E+05  0.135696E+07
  0.168921E+00  0.135669E+07  0.134881E+07  0.000000E+00  0.000000E+00  0.974031E+05  0.134757E+07
  0.169811E+00  0.134754E+07  0.133975E+07  0.000000E+00  0.000000E+00  0.960428E+05  0.133848E+07
  0.170701E+00  0.133869E+07  0.133099E+07  0.000000E+00  0.000000E+00  0.947212E+05  0.132969E+07
  0.171591E+00  0.133012E+07  0.132252E+07  0.000000E+00  0.000000E+00  0.934367E+05  0.132118E+07
  0.172481E+00  0.132183E+07  0.131434E+07  0.000000E+00  0.000000E+00  0.921872E+05  0.131295E+07
  0.173371E+00  0.131380E+07  0.130642E+07  0.000000E+00  0.000000E+00  0.909714E+05  0.130498E+07
  0.174262E+00  0.130602E+07  0.129876E+07  0.000000E+00  0.000000E+00  0.897878E+05  0.129726E+07
  0.175152E+00  0.129846E+07  0.129132E+07  0.000000E+00  0.000000E+00  0.886350E+05  0.128976E+07
  0.176042E+00  0.129112E+07  0.128411E+07  0.000000E+00  0.000000E+00  0.875109E+05  0.128248E+07
  0.176932E+00  0.128398E+07  0.127709E+07  0.000000E+00  0.000000E+00  0.864140E+05  0.127539E+07
  0.177822E+00  0.127701E+07  0.127026E+07  0.000000E+00  0.000000E+00  0.853425E+05  0.126849E+07
  0.178712E+00  0.127021E+07  0.126359E+07  0.000000E+00  0.000000E+00  0.842948E+05  0.126174E+07
  0.179602E+00  0.126356E+07  0.125707E+07  0.000000E+00  0.000000E+00  0.832695E+05  0.125514E+07
  0.180492E+00  0.125703E+07  0.125068E+07  0.000000E+00  0.000000E+00  0.822649E+05  0.124868E+07
  0.181383E+00  0.125062E+07  0.124440E+07  0.000000E+00  0.000000E+00  0.812797E+05  0.124232E+07
  0.182273E+00  0.124430E+07  0.123821E+07  0.000000E+00  0.000000E+00  0.803124E+05  0.123605E+07
  0.183163E+00  0.123806E+07  0.123210E+07  0.000000E+00  0.000000E+00  0.793617E+05  0.122986E+07
  0.184053E+00  0.123188E+07  0.122604E+07  0.000000E+00  0.000000E+00  0.784260E+05  0.122374E+07
  0.184943E+00  0.122575E+07  0.122003E+07  0.000000E+00  0.000000E+00  0.775042E+05  0.121766E+07
  0.185833E+00  0.121965E+07  0.121405E+07  0.000000E+00  0.000000E+00  0.765954E+05  0.121161E+07
  0.186723E+00  0.121357E+07  0.120808E+07  0.000000E+00  0.000000E+00  0.756984E+05  0.120558E+07
  0.187614E+00  0.120750E+07  0.120212E+07  0.000000E+00  0.000000E+00  0.748122E+05  0.119955E+07
  0.188504E+00  0.120142E+07  0.119614E+07  0.000000E+00  0.000000E+00  0.739358E+05  0.119352E+07
  0.189394E+00  0.119532E+07  0.119014E+07  0.000000E+00  0.000000E+00  0.730686E+05  0.118747E+07
  0.190284E+00  0.118920E+07  0.118411E+07  0.000000E+00  0.000000E+00  0.722099E+05  0.118140E+07
  0.191174E+00  0.118304E+07  0.117804E+07  0.000000E+00  0.000000E+00  0.713591E+05  0.117529E+07
  0.192064E+00  0.117685E+07  0.117192E+07  0.000000E+00  0.000000E+00  0.705154E+05  0.116914E+07
  0.192954E+00  0.117060E+07  0.116575E+07  0.000000E+00  0.000000E+00  0.696783E+05  0.116294E+07
  0.193845E+00  0.116430E+07  0.115951E+07  0.000000E+00  0.000000E+00  0.688476E+05  0.115668E+07
  0.194735E+00  0.115794E+07  0.115321E+07  0.000000E+00  0.000000E+00  0.680228E+05  0.115036E+07
  0.195625E+00  0.115152E+07  0.114684E+07  0.000000E+00  0.000000E+00  0.672038E+05  0.114399E+07
  0.196515E+00  0.114503E+07  0.114040E+07  0.000000E+00  0.000000E+00  0.663902E+05  0.113754E+07
  0.197405E+00  0.113847E+07  0.113388E+07  0.000000E+00  0.000000E+00  0.655821E+05  0.113103E+07
  0.198295E+00  0.113185E+07  0.112730E+07  0.000000E+00  0.000000E+00  0.647791E+05  0.112445E+07
  0.199185E+00  0.112517E+07  0.112064E+07  0.000000E+00  0.000000E+00  0.639813E+05  0.111780E+07
  0.200076E+00  0.111842E+07  0.111390E+07  0.000000E+00  0.000000E+00  0.631890E+05  0.111109E+07
  0.200966E+00  0.111160E+07  0.110711E+07  0.000000E+00  0.000000E+00  0.624021E+05  0.110432E+07
  0.201856E+00  0.110473E+07  0.110025E+07  0.000000E+00  0.000000E+00  0.616208E+05  0.109749E+07
  0.202746E+00  0.109781E+07  0.109333E+07  0.000000E+00  0.000000E+00  0.608450E+05  0.109060E+07
  0.203636E+00  0.109084E+07  0.108635E+07  0.000000E+00  0.000000E+00  0.600752E+05  0.108367E+07
  0.204526E+00  0.108382E+07  0.107934E+07  0.000000E+00  0.000000E+00  0.593118E+05  0.107670E+07
  0.205416E+00  0.107678E+07  0.107228E+07  0.000000E+00  0.000000E+00  0.585551E+05  0.106969E+07
  0.206306E+00  0.106970E+07  0.106519E+07  0.000000E+00  0.000000E+00  0.578052E+05  0.106265E+07
  0.207197E+00  0.106261E+07  0.105808E+07  0.000000E+00  0.000000E+00  0.570626E+05  0.105559E+07
  0.208087E+00  0.105550E+07  0.105095E+07  0.000000E+00  0.000000E+00  0.563274E+05  0.104852E+07
  0.208977E+00  0.104839E+07  0.104382E+07  0.000000E+00  0.000000E+00  0.556001E+05  0.104145E+07
  0.209867E+00  0.104128E+07  0.103669E+07  0.000000E+00  0.000000E+00  0.548810E+05  0.103438E+07
  0.210757E+00  0.103419E+07  0.102957E+07  0.000000E+00  0.000000E+00  0.541704E+05  0.102732E+07
  0.211647E+00  0.102712E+07  0.102248E+07  0.000000E+00  0.000000E+00  0.534687E+05  0.102029E+07
  0.212537E+00  0.102008E+07  0.101541E+07  0.000000E+00  0.000000E+00  0.527762E+05  0.101328E+07
  0.213428E+00  0.101307E+07  0.100838E+07  0.000000E+00  0.000000E+00  0.520933E+05  0.100631E+07
  0.214318E+00  0.100612E+07  0.100140E+07  0.000000E+00  0.000000E+00  0.514202E+05  0.999390E+06
  0.215208E+00  0.999213E+06  0.994469E+06  0.000000E+00  0.000000E+00  0.507570E+05  0.992524E+06
  0.216098E+00  0.992374E+06  0.987605E+06  0.000000E+00  0.000000E+00  0.501041E+05  0.985719E+06
  0.216988E+00  0.985605E+06  0.980814E+06  0.000000E+00  0.000000E+00  0.494618E+05  0.978986E+06
  0.217878E+00  0.978914E+06  0.974102E+06  0.000000E+00  0.000000E+00  0.488304E+05  0.972330E+06
  0.218768E+00  0.972309E+06  0.967477E+06  0.000000E+00  0.000000E+00  0.482100E+05  0.965759E+06
  0.219659E+00  0.965796E+06  0.960947E+06  0.000000E+00  0.000000E+00  0.476007E+05  0.959281E+06
  0.222455E+00  0.945999E+06  0.941114E+06  0.000000E+00  0.000000E+00  0.457601E+05  0.939591E+06
  0.225287E+00  0.927085E+06  0.922195E+06  0.000000E+00  0.000000E+00  0.440115E+05  0.920784E+06
  0.228155E+00  0.909187E+06  0.904329E+06  0.000000E+00  0.000000E+00  0.423576E+05  0.902993E+06
  0.231059E+00  0.892374E+06  0.887584E+06  0.000000E+00  0.000000E+00  0.407978E+05  0.886286E+06
  0.234001E+00  0.876650E+06  0.871964E+06  0.000000E+00  0.000000E+00  0.393286E+05  0.870668E+06
  0.236980E+00  0.861959E+06  0.857408E+06  0.000000E+00  0.000000E+00  0.379440E+05  0.856081E+06
  0.239997E+00  0.848183E+06  0.843793E+06  0.000000E+00  0.000000E+00  0.366355E+05  0.842408E+06
  0.243052E+00  0.835150E+06  0.830937E+06  0.000000E+00  0.000000E+00  0.353926E+05  0.829477E+06
  0.246146E+00  0.822647E+06  0.818617E+06  0.000000E+00  0.000000E+00  0.342039E+05  0.817073E+06
  0.249280E+00  0.810446E+06  0.806596E+06  0.000000E+00  0.000000E+00  0.330583E+05  0.804969E+06
  0.252453E+00  0.798324E+06  0.794640E+06  0.000000E+00  0.000000E+00  0.319453E+05  0.792942E+06
  0.255667E+00  0.786084E+06  0.782545E+06  0.000000E+00  0.000000E+00  0.308564E+05  0.780794E+06
  0.258922E+00  0.773564E+06  0.770143E+06  0.000000E+00  0.000000E+00  0.297851E+05  0.768364E+06
  0.262218E+00  0.760655E+06  0.757322E+06  0.000000E+00  0.000000E+00  0.287271E+05  0.755543E+06
  0.265557E+00  0.747310E+06  0.744034E+06  0.000000E+00  0.000000E+00  0.276811E+05  0.742284E+06
  0.268937E+00  0.733557E+06  0.730312E+06  0.000000E+00  0.000000E+00  0.266483E+05  0.728616E+06
  0.272361E+00  0.719486E+06  0.716250E+06  0.000000E+00  0.000000E+00  0.256325E+05  0.714629E+06
  0.275828E+00  0.705235E+06  0.701992E+06  0.000000E+00  0.000000E+00  0.246384E+05  0.700460E+06
  0.279340E+00  0.690972E+06  0.687715E+06  0.000000E+00  0.000000E+00  0.236715E+05  0.686278E+06
  0.282896E+00  0.676885E+06  0.673617E+06  0.000000E+00  0.000000E+00  0.227377E+05  0.672272E+06
  0.286497E+00  0.663161E+06  0.659890E+06  0.000000E+00  0.000000E+00  0.218424E+05  0.658628E+06
  0.290145E+00  0.649954E+06  0.646698E+06  0.000000E+00  0.000000E+00  0.209890E+05  0.645501E+06
  0.293838E+00  0.637370E+06  0.634148E+06  0.000000E+00  0.000000E+00  0.201796E+05  0.632996E+06
  0.297579E+00  0.625458E+06  0.622291E+06  0.000000E+00  0.000000E+00  0.194139E+05  0.621163E+06
  0.301367E+00  0.614213E+06  0.611118E+06  0.000000E+00  0.000000E+00  0.186900E+05  0.609995E+06
  0.305204E+00  0.603566E+06  0.600560E+06  0.000000E+00  0.000000E+00  0.180042E+05  0.599424E+06
  0.309089E+00  0.593398E+06  0.590491E+06  0.000000E+00  0.000000E+00  0.173515E+05  0.589332E+06
  0.313024E+00  0.583559E+06  0.580753E+06  0.000000E+00  0.000000E+00  0.167262E+05  0.579566E+06
  0.317009E+00  0.573893E+06  0.571183E+06  0.000000E+00  0.000000E+00  0.161230E+05  0.569972E+06
  0.321045E+00  0.564255E+06  0.561631E+06  0.000000E+00  0.000000E+00  0.155371E+05  0.560404E+06
  0.325132E+00  0.554528E+06  0.551976E+06  0.000000E+00  0.000000E+00  0.149651E+05  0.550745E+06
  0.329271E+00  0.544638E+06  0.542142E+06  0.000000E+00  0.000000E+00  0.144047E+05  0.540922E+06
  0.333463E+00  0.534575E+06  0.532118E+06  0.000000E+00  0.000000E+00  0.138555E+05  0.530925E+06
  0.337708E+00  0.524377E+06  0.521947E+06  0.000000E+00  0.000000E+00  0.133185E+05  0.520792E+06
  0.342007E+00  0.514118E+06  0.511706E+06  0.000000E+00  0.000000E+00  0.114780E+05  0.510589E+06
  0.346361E+00  0.503919E+06  0.501522E+06  0.000000E+00  0.000000E+00  0.110142E+05  0.500453E+06
  0.350771E+00  0.493897E+06  0.491516E+06  0.000000E+00  0.000000E+00  0.105682E+05  0.490494E+06
  0.355236E+00  0.484159E+06  0.481801E+06  0.000000E+00  0.000000E+00  0.101416E+05  0.480818E+06
  0.359758E+00  0.474779E+06  0.472453E+06  0.000000E+00  0.000000E+00  0.973520E+04  0.471499E+06
  0.364338E+00  0.465795E+06  0.463511E+06  0.000000E+00  0.000000E+00  0.934905E+04  0.462575E+06
  0.368977E+00  0.457199E+06  0.454966E+06  0.000000E+00  0.000000E+00  0.898216E+04  0.454039E+06
  0.373674E+00  0.448936E+06  0.446760E+06  0.000000E+00  0.000000E+00  0.863270E+04  0.445834E+06
  0.378431E+00  0.440924E+06  0.438809E+06  0.000000E+00  0.000000E+00  0.829842E+04  0.437880E+06
  0.383249E+00  0.433074E+06  0.431017E+06  0.000000E+00  0.000000E+00  0.797709E+04  0.430086E+06
  0.388128E+00  0.425295E+06  0.423291E+06  0.000000E+00  0.000000E+00  0.766665E+04  0.422362E+06
  0.393069E+00  0.417520E+06  0.415561E+06  0.000000E+00  0.000000E+00  0.736558E+04  0.414641E+06
  0.398073E+00  0.409721E+06  0.407800E+06  0.000000E+00  0.000000E+00  0.707317E+04  0.406896E+06
  0.403140E+00  0.401903E+06  0.400013E+06  0.000000E+00  0.000000E+00  0.678930E+04  0.399130E+06
  0.408273E+00  0.394102E+06  0.392237E+06  0.000000E+00  0.000000E+00  0.651435E+04  0.391380E+06
  0.413470E+00  0.386380E+06  0.384538E+06  0.000000E+00  0.000000E+00  0.624913E+04  0.383708E+06
  0.418734E+00  0.378802E+06  0.376985E+06  0.000000E+00  0.000000E+00  0.599435E+04  0.376180E+06
  0.424065E+00  0.371420E+06  0.369630E+06  0.000000E+00  0.000000E+00  0.575049E+04  0.368847E+06
  0.429463E+00  0.364270E+06  0.362512E+06  0.000000E+00  0.000000E+00  0.551768E+04  0.361745E+06
  0.434931E+00  0.357355E+06  0.355633E+06  0.000000E+00  0.000000E+00  0.529556E+04  0.354878E+06
  0.440467E+00  0.350650E+06  0.348966E+06  0.000000E+00  0.000000E+00  0.508333E+04  0.348219E+06
  0.446075E+00  0.344114E+06  0.342470E+06  0.000000E+00  0.000000E+00  0.488005E+04  0.341729E+06
  0.451754E+00  0.337697E+06  0.336091E+06  0.000000E+00  0.000000E+00  0.468468E+04  0.335358E+06
  0.457505E+00  0.331354E+06  0.329784E+06  0.000000E+00  0.000000E+00  0.449635E+04  0.329059E+06
  0.463329E+00  0.325061E+06  0.323522E+06  0.000000E+00  0.000000E+00  0.431450E+04  0.322809E+06
  0.469227E+00  0.318809E+06  0.317298E+06  0.000000E+00  0.000000E+00  0.413883E+04  0.316599E+06
  0.475201E+00  0.312614E+06  0.311128E+06  0.000000E+00  0.000000E+00  0.396937E+04  0.310446E+06
  0.481251E+00  0.306506E+06  0.305044E+06  0.000000E+00  0.000000E+00  0.380629E+04  0.304379E+06
  0.487377E+00  0.300513E+06  0.299075E+06  0.000000E+00  0.000000E+00  0.364973E+04  0.298426E+06
  0.493582E+00  0.294661E+06  0.293250E+06  0.000000E+00  0.000000E+00  0.349979E+04  0.292615E+06
  0.499865E+00  0.288960E+06  0.287576E+06  0.000000E+00  0.000000E+00  0.335632E+04  0.286953E+06
  0.506229E+00  0.283404E+06  0.282048E+06  0.000000E+00  0.000000E+00  0.321901E+04  0.281435E+06
  0.512673E+00  0.277974E+06  0.276648E+06  0.000000E+00  0.000000E+00  0.308743E+04  0.276043E+06
  0.519200E+00  0.272645E+06  0.271347E+06  0.000000E+00  0.000000E+00  0.296110E+04  0.270751E+06
  0.525810E+00  0.267398E+06  0.266126E+06  0.000000E+00  0.000000E+00  0.283962E+04  0.265540E+06
  0.532504E+00  0.262218E+06  0.260971E+06  0.000000E+00  0.000000E+00  0.272269E+04  0.260396E+06
  0.539283E+00  0.257106E+06  0.255882E+06  0.000000E+00  0.000000E+00  0.261015E+04  0.255318E+06
  0.546148E+00  0.252070E+06  0.250869E+06  0.000000E+00  0.000000E+00  0.250195E+04  0.250317E+06
  0.553101E+00  0.247123E+06  0.245944E+06  0.000000E+00  0.000000E+00  0.239806E+04  0.245404E+06
  0.560142E+00  0.242278E+06  0.241121E+06  0.000000E+00  0.000000E+00  0.229846E+04  0.240592E+06
  0.567273E+00  0.237538E+06  0.236404E+06  0.000000E+00  0.000000E+00  0.220302E+04  0.235885E+06
  0.574495E+00  0.232903E+06  0.231791E+06  0.000000E+00  0.000000E+00  0.211159E+04  0.231282E+06
  0.581809E+00  0.228361E+06  0.227272E+06  0.000000E+00  0.000000E+00  0.202392E+04  0.226771E+06
  0.589215E+00  0.223903E+06  0.222837E+06  0.000000E+00  0.000000E+00  0.193979E+04  0.222345E+06
  0.596716E+00  0.219519E+06  0.218474E+06  0.000000E+00  0.000000E+00  0.185898E+04  0.217991E+06
  0.604313E+00  0.215206E+06  0.214181E+06  0.000000E+00  0.000000E+00  0.178136E+04  0.213707E+06
  0.612006E+00  0.210963E+06  0.209958E+06  0.000000E+00  0.000000E+00  0.170682E+04  0.209494E+06
  0.619797E+00  0.206798E+06  0.205812E+06  0.000000E+00  0.000000E+00  0.163530E+04  0.205357E+06
  0.627688E+00  0.202713E+06  0.201746E+06  0.000000E+00  0.000000E+00  0.156671E+04  0.201300E+06
  0.635678E+00  0.198710E+06  0.197763E+06  0.000000E+00  0.000000E+00  0.150097E+04  0.197325E+06
  0.643771E+00  0.194788E+06  0.193859E+06  0.000000E+00  0.000000E+00  0.143796E+04  0.193430E+06
  0.651967E+00  0.190943E+06  0.190033E+06  0.000000E+00  0.000000E+00  0.137754E+04  0.189611E+06
  0.660267E+00  0.187167E+06  0.186276E+06  0.000000E+00  0.000000E+00  0.131959E+04  0.185863E+06
  0.709335E+00  0.167044E+06  0.166248E+06  0.000000E+00  0.000000E+00  0.103321E+04  0.165879E+06
  0.762050E+00  0.148996E+06  0.148286E+06  0.000000E+00  0.000000E+00  0.807798E+03  0.147955E+06
  0.818683E+00  0.132811E+06  0.132178E+06  0.000000E+00  0.000000E+00  0.630646E+03  0.131883E+06
  0.879525E+00  0.118310E+06  0.117746E+06  0.000000E+00  0.000000E+00  0.491657E+03  0.117483E+06
  0.944888E+00  0.105330E+06  0.104828E+06  0.000000E+00  0.000000E+00  0.382797E+03  0.104593E+06
  0.101511E+01  0.937207E+05  0.932744E+05  0.000000E+00  0.000000E+00  0.297669E+03  0.930650E+05
  0.109055E+01  0.833447E+05  0.829478E+05  0.000000E+00  0.000000E+00  0.231195E+03  0.827614E+05
  0.117159E+01  0.740771E+05  0.737244E+05  0.000000E+00  0.000000E+00  0.179360E+03  0.735585E+05
  0.125866E+01  0.658067E+05  0.654934E+05  0.000000E+00  0.000000E+00  0.138997E+03  0.653459E+05
  0.135220E+01  0.584299E+05  0.581517E+05  0.000000E+00  0.000000E+00  0.107606E+03  0.580206E+05
  0.145269E+01  0.518550E+05  0.516081E+05  0.000000E+00  0.000000E+00  0.832222E+02  0.514917E+05
  0.156065E+01  0.459965E+05  0.457776E+05  0.000000E+00  0.000000E+00  0.875751E+02  0.456744E+05
  0.167663E+01  0.407824E+05  0.405883E+05  0.000000E+00  0.000000E+00  0.677688E+02  0.404967E+05
  0.180123E+01  0.361436E+05  0.359716E+05  0.000000E+00  0.000000E+00  0.523901E+02  0.358904E+05
  0.193510E+01  0.320187E+05  0.318663E+05  0.000000E+00  0.000000E+00  0.404630E+02  0.317943E+05
  0.207891E+01  0.283528E+05  0.282179E+05  0.000000E+00  0.000000E+00  0.312230E+02  0.281541E+05
