5.314912562607334440e-02
5.438469295083025318e-02
5.614039511519068604e-02
5.851276981320109594e-02
6.151292681363536990e-02
6.500877730414629518e-02
6.871689057495113107e-02
7.227811030497915956e-02
7.538426536529041488e-02
7.787150362880422561e-02
7.972861151874446883e-02
8.104324553886081695e-02
8.193881111754404423e-02
8.253293819707928358e-02
8.292015361933284534e-02
8.316959548592584017e-02
8.332907855731519486e-02
8.343055431952504930e-02
8.349492276715932138e-02
8.353567342894177572e-02
