8.424251561628139096e-02
8.469398913394006467e-02
8.518533260787596040e-02
8.566763953052755620e-02
8.609542901971879714e-02
8.644205432133682254e-02
8.670290574065095401e-02
8.688849360652033116e-02
8.701532331050908231e-02
8.709963079254989804e-02
8.715464557312915805e-02
8.719011338112407639e-02
8.721280115531698796e-02
8.722724135107018384e-02
8.723640287653608438e-02
8.724220360234416494e-02
8.724587168728456521e-02
8.724818931571963476e-02
8.724965292584549448e-02
8.725057691370931290e-02
