8.547042766610227216e-02
8.547043079299919410e-02
8.547043574877503935e-02
8.547044360309431765e-02
8.547045605120638656e-02
8.547047577978443555e-02
8.547050704657276066e-02
8.547055659885231804e-02
8.547063512827025866e-02
8.547075957482758168e-02
8.547095677372081035e-02
8.547126922347457467e-02
8.547176419846122530e-02
8.547254811753675352e-02
8.547378913231611086e-02
8.547575246627205081e-02
8.547885527553349128e-02
8.548375075280534308e-02
8.549145442996163025e-02
8.550352737862668140e-02
