2.258978619171921227e-03
2.260500279548566943e-03
2.261628570877556501e-03
2.262422676195715784e-03
2.262961285285685232e-03
2.263317499285712533e-03
2.263549169416211645e-03
2.263698202165225718e-03
2.263793401397803072e-03
2.263853939397768907e-03
2.263892325774718387e-03
2.263916621841141879e-03
2.263931981956907990e-03
2.263941685640774842e-03
2.263947813078361678e-03
2.263951681153651436e-03
2.263954122510414019e-03
2.263955663207562440e-03
2.263956635443264108e-03
2.263957248930905872e-03
