5.703361235212050032e-03
6.914413209044644772e-03
8.316903030032466587e-03
9.866543397131815468e-03
1.148042052613728638e-02
1.304672615239250641e-02
1.445326189375550907e-02
1.562166569007735276e-02
1.652577402675224627e-02
1.718524476485088284e-02
1.764486072836981417e-02
1.795478064948690874e-02
1.815902858639386816e-02
1.829158066130371491e-02
1.837673886450920044e-02
1.843109191792930215e-02
1.846563791277262834e-02
1.848753611654611884e-02
1.850139347770893283e-02
1.851015308163127607e-02
