1.531523276066417468e-03
1.532229095339449629e-03
1.532710039969290526e-03
1.533029107035949971e-03
1.533237042658826569e-03
1.533370984430053145e-03
1.533456616642735887e-03
1.533511100446730783e-03
1.533545659846191449e-03
1.533567538465232475e-03
1.533581372168583501e-03
1.533590112311849314e-03
1.533595631621691808e-03
1.533599115924814960e-03
1.533601315110056642e-03
1.533602702996300507e-03
1.533603578810458466e-03
1.533604131458475659e-03
1.533604480174371445e-03
1.533604700206620593e-03
