5.328050377909900395e-03
6.270462032711403982e-03
7.255606024482857096e-03
8.212937159479370697e-03
9.072412666618165367e-03
9.785656333241027002e-03
1.033687912727053460e-02
1.073848711705522110e-02
1.101812720211400518e-02
1.120656011443669879e-02
1.133068464865629767e-02
1.141121265490237756e-02
1.146293701889508111e-02
1.149594608150935650e-02
1.151692431070190301e-02
1.153022136084999594e-02
1.153863554301711759e-02
1.154395424994909651e-02
1.154731400526463544e-02
1.154943541391749082e-02
