9.650922232470396378e-03
9.664256973157736227e-03
9.685277293090294171e-03
9.718309693874813138e-03
9.769965758378821793e-03
9.850134833118105726e-03
9.973111274554143091e-03
1.015844615581615665e-02
1.043054233845248230e-02
1.081529438159009419e-02
1.133197030716919657e-02
1.198063230806003729e-02
1.273057540680964245e-02
1.351994801858561260e-02
1.427278258828590038e-02
1.492559117272889910e-02
1.544593662716174653e-02
1.583314118786583943e-02
1.610658558653198583e-02
1.629255990022646441e-02
