8.309084161166496382e-03
8.810324009882153709e-03
9.338465734843818394e-03
9.842520625701961165e-03
1.027978413638686722e-02
1.062838937286828163e-02
1.088781467952195693e-02
1.107102272628090502e-02
1.119562403373918456e-02
1.127819472607296744e-02
1.133197030716920004e-02
1.136659600258148328e-02
1.138872763008713478e-02
1.140280682903969771e-02
1.141173650817976261e-02
1.141738931347072161e-02
1.142096341226943486e-02
1.142322147796418289e-02
1.142464740221584701e-02
1.142554757030979709e-02
