  0.931307E-04  0.218537E+08  0.218537E+08  0.283183E+08  0.283171E+08  0.218529E+08  0.218536E+08
  0.101224E-03  0.218534E+08  0.218534E+08  0.281715E+08  0.281702E+08  0.218524E+08  0.218534E+08
  0.110021E-03  0.218531E+08  0.218531E+08  0.279991E+08  0.279976E+08  0.218519E+08  0.218531E+08
  0.119582E-03  0.218527E+08  0.218527E+08  0.277967E+08  0.277949E+08  0.218512E+08  0.218527E+08
  0.129974E-03  0.218523E+08  0.218523E+08  0.275593E+08  0.275572E+08  0.218505E+08  0.218523E+08
  0.141270E-03  0.218518E+08  0.218518E+08  0.272812E+08  0.272788E+08  0.218496E+08  0.218518E+08
  0.153547E-03  0.218512E+08  0.218512E+08  0.269562E+08  0.269533E+08  0.218485E+08  0.218512E+08
  0.166890E-03  0.218505E+08  0.218505E+08  0.265768E+08  0.265735E+08  0.218473E+08  0.218505E+08
  0.181394E-03  0.218497E+08  0.218497E+08  0.261350E+08  0.261312E+08  0.218458E+08  0.218497E+08
  0.197158E-03  0.218488E+08  0.218488E+08  0.256219E+08  0.256175E+08  0.218440E+08  0.218487E+08
  0.214291E-03  0.218476E+08  0.218476E+08  0.250278E+08  0.250228E+08  0.218420E+08  0.218476E+08
  0.232914E-03  0.218463E+08  0.218463E+08  0.243426E+08  0.243369E+08  0.218396E+08  0.218463E+08
  0.253155E-03  0.218447E+08  0.218447E+08  0.235557E+08  0.235493E+08  0.218367E+08  0.218447E+08
  0.275156E-03  0.218429E+08  0.218429E+08  0.226569E+08  0.226498E+08  0.218334E+08  0.218428E+08
  0.299068E-03  0.218407E+08  0.218407E+08  0.216366E+08  0.216287E+08  0.218294E+08  0.218406E+08
  0.325058E-03  0.218382E+08  0.218381E+08  0.204871E+08  0.204785E+08  0.218248E+08  0.218381E+08
  0.353307E-03  0.218352E+08  0.218351E+08  0.192036E+08  0.191943E+08  0.218193E+08  0.218350E+08
  0.384011E-03  0.218316E+08  0.218316E+08  0.177859E+08  0.177761E+08  0.218128E+08  0.218315E+08
  0.417383E-03  0.218275E+08  0.218275E+08  0.162401E+08  0.162300E+08  0.218053E+08  0.218274E+08
  0.453655E-03  0.218227E+08  0.218227E+08  0.145808E+08  0.145708E+08  0.217964E+08  0.218225E+08
  0.493079E-03  0.218171E+08  0.218170E+08  0.128333E+08  0.128239E+08  0.217859E+08  0.218169E+08
  0.535930E-03  0.218105E+08  0.218105E+08  0.110352E+08  0.110267E+08  0.217737E+08  0.218103E+08
  0.582505E-03  0.218029E+08  0.218029E+08  0.923706E+07  0.923020E+07  0.217594E+08  0.218026E+08
  0.633127E-03  0.217940E+08  0.217940E+08  0.750156E+07  0.749681E+07  0.217427E+08  0.217937E+08
  0.688148E-03  0.217838E+08  0.217837E+08  0.589942E+07  0.589718E+07  0.217232E+08  0.217834E+08
  0.747951E-03  0.217719E+08  0.217719E+08  0.450186E+07  0.450224E+07  0.217006E+08  0.217714E+08
  0.812951E-03  0.217582E+08  0.217582E+08  0.336897E+07  0.337168E+07  0.216742E+08  0.217577E+08
  0.883599E-03  0.217425E+08  0.217425E+08  0.253516E+07  0.253938E+07  0.216436E+08  0.217419E+08
  0.960388E-03  0.217246E+08  0.217245E+08  0.199480E+07  0.199924E+07  0.216082E+08  0.217238E+08
  0.104385E-02  0.217040E+08  0.217039E+08  0.169416E+07  0.169736E+07  0.215673E+08  0.217031E+08
  0.113456E-02  0.216805E+08  0.216805E+08  0.153724E+07  0.153807E+07  0.215201E+08  0.216795E+08
  0.123316E-02  0.216539E+08  0.216538E+08  0.141130E+07  0.140960E+07  0.214658E+08  0.216527E+08
  0.134033E-02  0.216236E+08  0.216235E+08  0.122955E+07  0.122651E+07  0.214034E+08  0.216222E+08
  0.145681E-02  0.215893E+08  0.215891E+08  0.973265E+06  0.970976E+06  0.213319E+08  0.215877E+08
  0.158341E-02  0.215505E+08  0.215503E+08  0.702197E+06  0.702321E+06  0.212502E+08  0.215486E+08
  0.172102E-02  0.215067E+08  0.215065E+08  0.508317E+06  0.510473E+06  0.211571E+08  0.215045E+08
  0.187058E-02  0.214573E+08  0.214571E+08  0.430478E+06  0.432192E+06  0.210513E+08  0.214547E+08
  0.203314E-02  0.214018E+08  0.214015E+08  0.407482E+06  0.406746E+06  0.209316E+08  0.213988E+08
  0.220983E-02  0.213394E+08  0.213390E+08  0.345025E+06  0.343184E+06  0.207965E+08  0.213359E+08
  0.240187E-02  0.212695E+08  0.212691E+08  0.241323E+06  0.241454E+06  0.206450E+08  0.212655E+08
  0.261060E-02  0.211914E+08  0.211909E+08  0.182266E+06  0.183743E+06  0.204756E+08  0.211868E+08
  0.283748E-02  0.211042E+08  0.211036E+08  0.177227E+06  0.176420E+06  0.202874E+08  0.210990E+08
  0.308406E-02  0.210072E+08  0.210065E+08  0.142910E+06  0.140736E+06  0.200794E+08  0.210013E+08
  0.335208E-02  0.208995E+08  0.208986E+08  0.966915E+05  0.978104E+05  0.198507E+08  0.208927E+08
  0.364339E-02  0.207802E+08  0.207792E+08  0.948850E+05  0.944802E+05  0.196008E+08  0.207726E+08
  0.396002E-02  0.206484E+08  0.206473E+08  0.711437E+05  0.704419E+05  0.193291E+08  0.206399E+08
  0.430416E-02  0.205033E+08  0.205020E+08  0.574942E+05  0.568836E+05  0.190351E+08  0.204939E+08
  0.467821E-02  0.203440E+08  0.203424E+08  0.523792E+05  0.489517E+05  0.187180E+08  0.203335E+08
  0.508476E-02  0.201695E+08  0.201677E+08  0.388286E+05  0.372750E+05  0.183773E+08  0.201580E+08
  0.552665E-02  0.199791E+08  0.199770E+08  0.309945E+05  0.310971E+05  0.180118E+08  0.199664E+08
  0.600694E-02  0.197718E+08  0.197693E+08  0.269246E+05  0.267358E+05  0.176206E+08  0.197579E+08
  0.605720E-02  0.197501E+08  0.197476E+08  0.273460E+05  0.267044E+05  0.175800E+08  0.197361E+08
  0.610789E-02  0.197282E+08  0.197257E+08  0.274046E+05  0.263751E+05  0.175391E+08  0.197141E+08
  0.615900E-02  0.197062E+08  0.197036E+08  0.270318E+05  0.257260E+05  0.174980E+08  0.196919E+08
  0.621054E-02  0.196840E+08  0.196813E+08  0.262250E+05  0.247880E+05  0.174566E+08  0.196696E+08
  0.626251E-02  0.196615E+08  0.196589E+08  0.250479E+05  0.236405E+05  0.174149E+08  0.196470E+08
  0.631492E-02  0.196390E+08  0.196362E+08  0.236215E+05  0.223984E+05  0.173729E+08  0.196243E+08
  0.636776E-02  0.196162E+08  0.196134E+08  0.221048E+05  0.211936E+05  0.173307E+08  0.196014E+08
  0.642105E-02  0.195932E+08  0.195904E+08  0.206690E+05  0.201525E+05  0.172882E+08  0.195783E+08
  0.647478E-02  0.195701E+08  0.195672E+08  0.194697E+05  0.193744E+05  0.172454E+08  0.195550E+08
  0.652896E-02  0.195468E+08  0.195439E+08  0.186208E+05  0.189131E+05  0.172024E+08  0.195316E+08
  0.658360E-02  0.195233E+08  0.195203E+08  0.181751E+05  0.187675E+05  0.171590E+08  0.195080E+08
  0.663869E-02  0.194996E+08  0.194966E+08  0.181152E+05  0.188803E+05  0.171154E+08  0.194841E+08
  0.669425E-02  0.194757E+08  0.194726E+08  0.183575E+05  0.191487E+05  0.170715E+08  0.194601E+08
  0.675026E-02  0.194516E+08  0.194485E+08  0.187672E+05  0.194428E+05  0.170273E+08  0.194359E+08
  0.680675E-02  0.194273E+08  0.194242E+08  0.191840E+05  0.196297E+05  0.169829E+08  0.194115E+08
  0.686371E-02  0.194029E+08  0.193997E+08  0.194530E+05  0.196001E+05  0.169381E+08  0.193869E+08
  0.692115E-02  0.193782E+08  0.193750E+08  0.194539E+05  0.192892E+05  0.168931E+08  0.193621E+08
  0.697907E-02  0.193534E+08  0.193501E+08  0.191254E+05  0.186905E+05  0.168478E+08  0.193372E+08
  0.703747E-02  0.193284E+08  0.193250E+08  0.184766E+05  0.178580E+05  0.168022E+08  0.193120E+08
  0.709636E-02  0.193032E+08  0.192998E+08  0.175853E+05  0.168953E+05  0.167564E+08  0.192866E+08
  0.715574E-02  0.192778E+08  0.192743E+08  0.165806E+05  0.159343E+05  0.167102E+08  0.192611E+08
  0.721562E-02  0.192521E+08  0.192486E+08  0.156151E+05  0.151076E+05  0.166638E+08  0.192353E+08
  0.727600E-02  0.192263E+08  0.192228E+08  0.148315E+05  0.145191E+05  0.166171E+08  0.192094E+08
  0.733689E-02  0.192003E+08  0.191967E+08  0.143296E+05  0.142214E+05  0.165701E+08  0.191832E+08
  0.739829E-02  0.191741E+08  0.191704E+08  0.141442E+05  0.142026E+05  0.165228E+08  0.191569E+08
  0.746020E-02  0.191477E+08  0.191440E+08  0.142359E+05  0.143889E+05  0.164752E+08  0.191304E+08
  0.752262E-02  0.191211E+08  0.191173E+08  0.145002E+05  0.146605E+05  0.164274E+08  0.191036E+08
  0.758557E-02  0.190943E+08  0.190905E+08  0.000000E+00  0.000000E+00  0.163793E+08  0.190767E+08
  0.764905E-02  0.190673E+08  0.190634E+08  0.000000E+00  0.000000E+00  0.163309E+08  0.190495E+08
  0.771306E-02  0.190401E+08  0.190361E+08  0.000000E+00  0.000000E+00  0.162822E+08  0.190222E+08
  0.777760E-02  0.190127E+08  0.190087E+08  0.000000E+00  0.000000E+00  0.162332E+08  0.189946E+08
  0.784269E-02  0.189851E+08  0.189810E+08  0.000000E+00  0.000000E+00  0.161839E+08  0.189669E+08
  0.790832E-02  0.189573E+08  0.189531E+08  0.000000E+00  0.000000E+00  0.161344E+08  0.189389E+08
  0.797450E-02  0.189293E+08  0.189250E+08  0.000000E+00  0.000000E+00  0.160846E+08  0.189108E+08
  0.804123E-02  0.189011E+08  0.188967E+08  0.000000E+00  0.000000E+00  0.160345E+08  0.188824E+08
  0.810852E-02  0.188726E+08  0.188682E+08  0.000000E+00  0.000000E+00  0.159841E+08  0.188538E+08
  0.817637E-02  0.188440E+08  0.188395E+08  0.000000E+00  0.000000E+00  0.159335E+08  0.188250E+08
  0.824479E-02  0.188151E+08  0.188106E+08  0.000000E+00  0.000000E+00  0.158825E+08  0.187960E+08
  0.831379E-02  0.187861E+08  0.187815E+08  0.000000E+00  0.000000E+00  0.158313E+08  0.187668E+08
  0.838336E-02  0.187568E+08  0.187521E+08  0.000000E+00  0.000000E+00  0.157799E+08  0.187374E+08
  0.845351E-02  0.187273E+08  0.187226E+08  0.000000E+00  0.000000E+00  0.157281E+08  0.187077E+08
  0.852425E-02  0.186976E+08  0.186928E+08  0.000000E+00  0.000000E+00  0.156761E+08  0.186779E+08
  0.859558E-02  0.186677E+08  0.186628E+08  0.000000E+00  0.000000E+00  0.156238E+08  0.186478E+08
  0.866751E-02  0.186376E+08  0.186326E+08  0.000000E+00  0.000000E+00  0.155712E+08  0.186176E+08
  0.874004E-02  0.186073E+08  0.186022E+08  0.000000E+00  0.000000E+00  0.155183E+08  0.185871E+08
  0.881318E-02  0.185767E+08  0.185716E+08  0.000000E+00  0.000000E+00  0.154652E+08  0.185564E+08
  0.888693E-02  0.185459E+08  0.185407E+08  0.000000E+00  0.000000E+00  0.154118E+08  0.185254E+08
  0.896130E-02  0.185150E+08  0.185097E+08  0.000000E+00  0.000000E+00  0.153581E+08  0.184943E+08
  0.903629E-02  0.184838E+08  0.184784E+08  0.000000E+00  0.000000E+00  0.153042E+08  0.184630E+08
  0.911190E-02  0.184523E+08  0.184469E+08  0.000000E+00  0.000000E+00  0.152500E+08  0.184314E+08
  0.918815E-02  0.184207E+08  0.184152E+08  0.000000E+00  0.000000E+00  0.151956E+08  0.183996E+08
  0.926504E-02  0.183888E+08  0.183832E+08  0.000000E+00  0.000000E+00  0.151408E+08  0.183676E+08
  0.934257E-02  0.183567E+08  0.183510E+08  0.000000E+00  0.000000E+00  0.150858E+08  0.183353E+08
  0.942075E-02  0.183244E+08  0.183186E+08  0.000000E+00  0.000000E+00  0.150306E+08  0.183028E+08
  0.949959E-02  0.182919E+08  0.182860E+08  0.000000E+00  0.000000E+00  0.149751E+08  0.182702E+08
  0.957908E-02  0.182591E+08  0.182532E+08  0.000000E+00  0.000000E+00  0.149193E+08  0.182372E+08
  0.965924E-02  0.182262E+08  0.182201E+08  0.000000E+00  0.000000E+00  0.148633E+08  0.182041E+08
  0.974007E-02  0.181930E+08  0.181868E+08  0.000000E+00  0.000000E+00  0.148070E+08  0.181707E+08
  0.982158E-02  0.181595E+08  0.181533E+08  0.000000E+00  0.000000E+00  0.147504E+08  0.181372E+08
  0.990377E-02  0.181259E+08  0.181195E+08  0.000000E+00  0.000000E+00  0.146936E+08  0.181033E+08
  0.998664E-02  0.180920E+08  0.180855E+08  0.000000E+00  0.000000E+00  0.146366E+08  0.180693E+08
  0.100702E-01  0.180579E+08  0.180513E+08  0.000000E+00  0.000000E+00  0.145793E+08  0.180350E+08
  0.101545E-01  0.180235E+08  0.180169E+08  0.000000E+00  0.000000E+00  0.145217E+08  0.180005E+08
  0.102395E-01  0.179889E+08  0.179822E+08  0.000000E+00  0.000000E+00  0.144639E+08  0.179658E+08
  0.103251E-01  0.179541E+08  0.179473E+08  0.000000E+00  0.000000E+00  0.144059E+08  0.179308E+08
  0.104115E-01  0.179191E+08  0.179122E+08  0.000000E+00  0.000000E+00  0.143476E+08  0.178956E+08
  0.104987E-01  0.178838E+08  0.178768E+08  0.000000E+00  0.000000E+00  0.142891E+08  0.178602E+08
  0.105865E-01  0.178483E+08  0.178412E+08  0.000000E+00  0.000000E+00  0.142303E+08  0.178245E+08
  0.106751E-01  0.178126E+08  0.178053E+08  0.000000E+00  0.000000E+00  0.141713E+08  0.177886E+08
  0.107644E-01  0.177766E+08  0.177692E+08  0.000000E+00  0.000000E+00  0.141121E+08  0.177524E+08
  0.108545E-01  0.177404E+08  0.177329E+08  0.000000E+00  0.000000E+00  0.140526E+08  0.177161E+08
  0.109454E-01  0.177039E+08  0.176963E+08  0.000000E+00  0.000000E+00  0.139928E+08  0.176794E+08
  0.110369E-01  0.176672E+08  0.176595E+08  0.000000E+00  0.000000E+00  0.139329E+08  0.176426E+08
  0.111293E-01  0.176303E+08  0.176225E+08  0.000000E+00  0.000000E+00  0.138727E+08  0.176055E+08
  0.112224E-01  0.175931E+08  0.175852E+08  0.000000E+00  0.000000E+00  0.138123E+08  0.175682E+08
  0.113163E-01  0.175557E+08  0.175477E+08  0.000000E+00  0.000000E+00  0.137517E+08  0.175306E+08
  0.114110E-01  0.175181E+08  0.175099E+08  0.000000E+00  0.000000E+00  0.136908E+08  0.174928E+08
  0.115065E-01  0.174802E+08  0.174719E+08  0.000000E+00  0.000000E+00  0.136297E+08  0.174547E+08
  0.116028E-01  0.174421E+08  0.174336E+08  0.000000E+00  0.000000E+00  0.135684E+08  0.174164E+08
  0.116999E-01  0.174037E+08  0.173951E+08  0.000000E+00  0.000000E+00  0.135069E+08  0.173779E+08
  0.117978E-01  0.173650E+08  0.173564E+08  0.000000E+00  0.000000E+00  0.134451E+08  0.173391E+08
  0.118965E-01  0.173262E+08  0.173174E+08  0.000000E+00  0.000000E+00  0.133832E+08  0.173000E+08
  0.119961E-01  0.172871E+08  0.172781E+08  0.000000E+00  0.000000E+00  0.133210E+08  0.172608E+08
  0.120965E-01  0.172477E+08  0.172386E+08  0.000000E+00  0.000000E+00  0.132586E+08  0.172212E+08
  0.121977E-01  0.172081E+08  0.171989E+08  0.000000E+00  0.000000E+00  0.131961E+08  0.171815E+08
  0.122998E-01  0.171682E+08  0.171589E+08  0.000000E+00  0.000000E+00  0.131333E+08  0.171414E+08
  0.124027E-01  0.171281E+08  0.171186E+08  0.000000E+00  0.000000E+00  0.130703E+08  0.171012E+08
  0.125065E-01  0.170878E+08  0.170781E+08  0.000000E+00  0.000000E+00  0.130071E+08  0.170606E+08
  0.126112E-01  0.170472E+08  0.170374E+08  0.000000E+00  0.000000E+00  0.129437E+08  0.170199E+08
  0.127167E-01  0.170063E+08  0.169964E+08  0.000000E+00  0.000000E+00  0.128801E+08  0.169788E+08
  0.128231E-01  0.169652E+08  0.169551E+08  0.000000E+00  0.000000E+00  0.128163E+08  0.169376E+08
  0.129304E-01  0.169238E+08  0.169136E+08  0.000000E+00  0.000000E+00  0.127523E+08  0.168960E+08
  0.130386E-01  0.168822E+08  0.168718E+08  0.000000E+00  0.000000E+00  0.126882E+08  0.168543E+08
  0.131477E-01  0.168403E+08  0.168298E+08  0.000000E+00  0.000000E+00  0.126238E+08  0.168122E+08
  0.132577E-01  0.167982E+08  0.167875E+08  0.000000E+00  0.000000E+00  0.125593E+08  0.167699E+08
  0.133687E-01  0.167558E+08  0.167450E+08  0.000000E+00  0.000000E+00  0.124946E+08  0.167274E+08
  0.134806E-01  0.167132E+08  0.167022E+08  0.000000E+00  0.000000E+00  0.124297E+08  0.166846E+08
  0.135934E-01  0.166703E+08  0.166591E+08  0.000000E+00  0.000000E+00  0.123646E+08  0.166415E+08
  0.137071E-01  0.166271E+08  0.166158E+08  0.000000E+00  0.000000E+00  0.122994E+08  0.165982E+08
  0.138218E-01  0.165837E+08  0.165722E+08  0.000000E+00  0.000000E+00  0.122340E+08  0.165546E+08
  0.139375E-01  0.165400E+08  0.165283E+08  0.000000E+00  0.000000E+00  0.121684E+08  0.165107E+08
  0.140541E-01  0.164961E+08  0.164842E+08  0.000000E+00  0.000000E+00  0.121027E+08  0.164666E+08
  0.141717E-01  0.164519E+08  0.164399E+08  0.000000E+00  0.000000E+00  0.120368E+08  0.164223E+08
  0.142903E-01  0.164074E+08  0.163952E+08  0.000000E+00  0.000000E+00  0.119707E+08  0.163777E+08
  0.144099E-01  0.163627E+08  0.163503E+08  0.000000E+00  0.000000E+00  0.119045E+08  0.163328E+08
  0.145305E-01  0.163177E+08  0.163052E+08  0.000000E+00  0.000000E+00  0.118381E+08  0.162876E+08
  0.146521E-01  0.162724E+08  0.162597E+08  0.000000E+00  0.000000E+00  0.117716E+08  0.162422E+08
  0.147747E-01  0.162269E+08  0.162140E+08  0.000000E+00  0.000000E+00  0.117050E+08  0.161965E+08
  0.148983E-01  0.161811E+08  0.161681E+08  0.000000E+00  0.000000E+00  0.116382E+08  0.161506E+08
  0.150230E-01  0.161351E+08  0.161218E+08  0.000000E+00  0.000000E+00  0.115712E+08  0.161044E+08
  0.151487E-01  0.160888E+08  0.160753E+08  0.000000E+00  0.000000E+00  0.115041E+08  0.160579E+08
  0.152755E-01  0.160422E+08  0.160285E+08  0.000000E+00  0.000000E+00  0.114369E+08  0.160112E+08
  0.154033E-01  0.159953E+08  0.159815E+08  0.000000E+00  0.000000E+00  0.113696E+08  0.159641E+08
  0.155322E-01  0.159482E+08  0.159342E+08  0.000000E+00  0.000000E+00  0.113021E+08  0.159169E+08
  0.156622E-01  0.159008E+08  0.158866E+08  0.000000E+00  0.000000E+00  0.112345E+08  0.158693E+08
  0.157932E-01  0.158532E+08  0.158387E+08  0.000000E+00  0.000000E+00  0.111668E+08  0.158215E+08
  0.159254E-01  0.158052E+08  0.157906E+08  0.000000E+00  0.000000E+00  0.110990E+08  0.157734E+08
  0.160587E-01  0.157570E+08  0.157422E+08  0.000000E+00  0.000000E+00  0.110310E+08  0.157251E+08
  0.161930E-01  0.157086E+08  0.156935E+08  0.000000E+00  0.000000E+00  0.109630E+08  0.156764E+08
  0.163285E-01  0.156598E+08  0.156446E+08  0.000000E+00  0.000000E+00  0.108948E+08  0.156275E+08
  0.164652E-01  0.156108E+08  0.155953E+08  0.000000E+00  0.000000E+00  0.108266E+08  0.155784E+08
  0.166030E-01  0.155615E+08  0.155458E+08  0.000000E+00  0.000000E+00  0.107582E+08  0.155289E+08
  0.167419E-01  0.155120E+08  0.154960E+08  0.000000E+00  0.000000E+00  0.106897E+08  0.154792E+08
  0.168820E-01  0.154621E+08  0.154460E+08  0.000000E+00  0.000000E+00  0.106212E+08  0.154292E+08
  0.170233E-01  0.154120E+08  0.153957E+08  0.000000E+00  0.000000E+00  0.105526E+08  0.153790E+08
  0.171657E-01  0.153616E+08  0.153451E+08  0.000000E+00  0.000000E+00  0.104838E+08  0.153284E+08
  0.173094E-01  0.153110E+08  0.152942E+08  0.000000E+00  0.000000E+00  0.104150E+08  0.152776E+08
  0.174542E-01  0.152600E+08  0.152430E+08  0.000000E+00  0.000000E+00  0.103461E+08  0.152265E+08
  0.176003E-01  0.152088E+08  0.151916E+08  0.000000E+00  0.000000E+00  0.102772E+08  0.151752E+08
  0.177476E-01  0.151573E+08  0.151398E+08  0.000000E+00  0.000000E+00  0.102082E+08  0.151235E+08
  0.178961E-01  0.151056E+08  0.150878E+08  0.000000E+00  0.000000E+00  0.101391E+08  0.150716E+08
  0.180458E-01  0.150535E+08  0.150356E+08  0.000000E+00  0.000000E+00  0.100699E+08  0.150194E+08
  0.181968E-01  0.150012E+08  0.149830E+08  0.000000E+00  0.000000E+00  0.100007E+08  0.149670E+08
  0.183491E-01  0.149486E+08  0.149302E+08  0.000000E+00  0.000000E+00  0.993144E+07  0.149142E+08
  0.185027E-01  0.148957E+08  0.148770E+08  0.000000E+00  0.000000E+00  0.986213E+07  0.148612E+08
  0.186575E-01  0.148426E+08  0.148237E+08  0.000000E+00  0.000000E+00  0.979277E+07  0.148080E+08
  0.188136E-01  0.147892E+08  0.147700E+08  0.000000E+00  0.000000E+00  0.972337E+07  0.147544E+08
  0.189711E-01  0.147355E+08  0.147160E+08  0.000000E+00  0.000000E+00  0.965393E+07  0.147005E+08
  0.191298E-01  0.146815E+08  0.146618E+08  0.000000E+00  0.000000E+00  0.958446E+07  0.146464E+08
  0.192899E-01  0.146272E+08  0.146073E+08  0.000000E+00  0.000000E+00  0.951496E+07  0.145920E+08
  0.194513E-01  0.145727E+08  0.145525E+08  0.000000E+00  0.000000E+00  0.944543E+07  0.145374E+08
  0.196141E-01  0.145179E+08  0.144974E+08  0.000000E+00  0.000000E+00  0.937589E+07  0.144824E+08
  0.197782E-01  0.144628E+08  0.144420E+08  0.000000E+00  0.000000E+00  0.930632E+07  0.144272E+08
  0.199437E-01  0.144074E+08  0.143864E+08  0.000000E+00  0.000000E+00  0.923675E+07  0.143717E+08
  0.201106E-01  0.143518E+08  0.143305E+08  0.000000E+00  0.000000E+00  0.916716E+07  0.143159E+08
  0.202789E-01  0.142959E+08  0.142743E+08  0.000000E+00  0.000000E+00  0.909758E+07  0.142599E+08
  0.204486E-01  0.142397E+08  0.142178E+08  0.000000E+00  0.000000E+00  0.902800E+07  0.142036E+08
  0.206197E-01  0.141832E+08  0.141611E+08  0.000000E+00  0.000000E+00  0.895842E+07  0.141470E+08
  0.207923E-01  0.141265E+08  0.141041E+08  0.000000E+00  0.000000E+00  0.888885E+07  0.140901E+08
  0.209663E-01  0.140694E+08  0.140468E+08  0.000000E+00  0.000000E+00  0.881929E+07  0.140330E+08
  0.211417E-01  0.140122E+08  0.139892E+08  0.000000E+00  0.000000E+00  0.874976E+07  0.139756E+08
  0.213186E-01  0.139546E+08  0.139314E+08  0.000000E+00  0.000000E+00  0.868025E+07  0.139179E+08
  0.214970E-01  0.138968E+08  0.138732E+08  0.000000E+00  0.000000E+00  0.861077E+07  0.138599E+08
  0.216769E-01  0.138386E+08  0.138148E+08  0.000000E+00  0.000000E+00  0.854132E+07  0.138017E+08
  0.218583E-01  0.137803E+08  0.137562E+08  0.000000E+00  0.000000E+00  0.847191E+07  0.137432E+08
  0.220412E-01  0.137216E+08  0.136972E+08  0.000000E+00  0.000000E+00  0.840254E+07  0.136844E+08
  0.222257E-01  0.136627E+08  0.136380E+08  0.000000E+00  0.000000E+00  0.833322E+07  0.136254E+08
  0.224117E-01  0.136035E+08  0.135785E+08  0.000000E+00  0.000000E+00  0.826396E+07  0.135661E+08
  0.225992E-01  0.135441E+08  0.135188E+08  0.000000E+00  0.000000E+00  0.819475E+07  0.135066E+08
  0.227883E-01  0.134843E+08  0.134587E+08  0.000000E+00  0.000000E+00  0.812560E+07  0.134467E+08
  0.229790E-01  0.134244E+08  0.133985E+08  0.000000E+00  0.000000E+00  0.805652E+07  0.133866E+08
  0.231713E-01  0.133641E+08  0.133379E+08  0.000000E+00  0.000000E+00  0.798752E+07  0.133263E+08
  0.233652E-01  0.133036E+08  0.132771E+08  0.000000E+00  0.000000E+00  0.791859E+07  0.132657E+08
  0.235607E-01  0.132428E+08  0.132160E+08  0.000000E+00  0.000000E+00  0.784974E+07  0.132048E+08
  0.237579E-01  0.131818E+08  0.131547E+08  0.000000E+00  0.000000E+00  0.778098E+07  0.131437E+08
  0.239567E-01  0.131205E+08  0.130931E+08  0.000000E+00  0.000000E+00  0.771231E+07  0.130823E+08
  0.241572E-01  0.130590E+08  0.130312E+08  0.000000E+00  0.000000E+00  0.764374E+07  0.130207E+08
  0.243593E-01  0.129972E+08  0.129691E+08  0.000000E+00  0.000000E+00  0.757527E+07  0.129588E+08
  0.245632E-01  0.129352E+08  0.129068E+08  0.000000E+00  0.000000E+00  0.750691E+07  0.128967E+08
  0.247687E-01  0.128729E+08  0.128442E+08  0.000000E+00  0.000000E+00  0.743867E+07  0.128343E+08
  0.249760E-01  0.128103E+08  0.127813E+08  0.000000E+00  0.000000E+00  0.737054E+07  0.127717E+08
  0.251850E-01  0.127476E+08  0.127182E+08  0.000000E+00  0.000000E+00  0.730253E+07  0.127088E+08
  0.253957E-01  0.126845E+08  0.126549E+08  0.000000E+00  0.000000E+00  0.723466E+07  0.126457E+08
  0.256083E-01  0.126213E+08  0.125913E+08  0.000000E+00  0.000000E+00  0.716692E+07  0.125824E+08
  0.258226E-01  0.125578E+08  0.125275E+08  0.000000E+00  0.000000E+00  0.709931E+07  0.125188E+08
  0.260386E-01  0.124941E+08  0.124634E+08  0.000000E+00  0.000000E+00  0.703186E+07  0.124550E+08
  0.262565E-01  0.124301E+08  0.123992E+08  0.000000E+00  0.000000E+00  0.696455E+07  0.123910E+08
  0.264763E-01  0.123659E+08  0.123347E+08  0.000000E+00  0.000000E+00  0.689740E+07  0.123268E+08
  0.266978E-01  0.123015E+08  0.122699E+08  0.000000E+00  0.000000E+00  0.683041E+07  0.122623E+08
  0.269212E-01  0.122369E+08  0.122050E+08  0.000000E+00  0.000000E+00  0.676358E+07  0.121976E+08
  0.271465E-01  0.121720E+08  0.121398E+08  0.000000E+00  0.000000E+00  0.669693E+07  0.121327E+08
  0.273737E-01  0.121070E+08  0.120744E+08  0.000000E+00  0.000000E+00  0.663046E+07  0.120676E+08
  0.276027E-01  0.120417E+08  0.120088E+08  0.000000E+00  0.000000E+00  0.656416E+07  0.120022E+08
  0.278337E-01  0.119762E+08  0.119430E+08  0.000000E+00  0.000000E+00  0.649806E+07  0.119367E+08
  0.280666E-01  0.119106E+08  0.118770E+08  0.000000E+00  0.000000E+00  0.643215E+07  0.118710E+08
  0.283015E-01  0.118447E+08  0.118108E+08  0.000000E+00  0.000000E+00  0.636644E+07  0.118051E+08
  0.285383E-01  0.117786E+08  0.117445E+08  0.000000E+00  0.000000E+00  0.630094E+07  0.117390E+08
  0.287772E-01  0.117124E+08  0.116779E+08  0.000000E+00  0.000000E+00  0.623565E+07  0.116727E+08
  0.290180E-01  0.116460E+08  0.116111E+08  0.000000E+00  0.000000E+00  0.617057E+07  0.116062E+08
  0.292608E-01  0.115793E+08  0.115442E+08  0.000000E+00  0.000000E+00  0.610572E+07  0.115395E+08
  0.295056E-01  0.115126E+08  0.114771E+08  0.000000E+00  0.000000E+00  0.604110E+07  0.114727E+08
  0.297526E-01  0.114456E+08  0.114098E+08  0.000000E+00  0.000000E+00  0.597671E+07  0.114057E+08
  0.300015E-01  0.113785E+08  0.113424E+08  0.000000E+00  0.000000E+00  0.591256E+07  0.113386E+08
  0.302526E-01  0.113112E+08  0.112748E+08  0.000000E+00  0.000000E+00  0.584865E+07  0.112713E+08
  0.305057E-01  0.112438E+08  0.112071E+08  0.000000E+00  0.000000E+00  0.578500E+07  0.112039E+08
  0.307610E-01  0.111762E+08  0.111392E+08  0.000000E+00  0.000000E+00  0.572161E+07  0.111363E+08
  0.310184E-01  0.111085E+08  0.110712E+08  0.000000E+00  0.000000E+00  0.565847E+07  0.110685E+08
  0.312780E-01  0.110407E+08  0.110030E+08  0.000000E+00  0.000000E+00  0.559561E+07  0.110007E+08
  0.315397E-01  0.109727E+08  0.109348E+08  0.000000E+00  0.000000E+00  0.553302E+07  0.109327E+08
  0.318037E-01  0.109046E+08  0.108664E+08  0.000000E+00  0.000000E+00  0.547072E+07  0.108646E+08
  0.320698E-01  0.108365E+08  0.107979E+08  0.000000E+00  0.000000E+00  0.540869E+07  0.107964E+08
  0.323382E-01  0.107682E+08  0.107293E+08  0.000000E+00  0.000000E+00  0.534697E+07  0.107281E+08
  0.326088E-01  0.106998E+08  0.106606E+08  0.000000E+00  0.000000E+00  0.528554E+07  0.106597E+08
  0.328817E-01  0.106313E+08  0.105918E+08  0.000000E+00  0.000000E+00  0.522441E+07  0.105912E+08
  0.331568E-01  0.105627E+08  0.105230E+08  0.000000E+00  0.000000E+00  0.516359E+07  0.105227E+08
  0.334343E-01  0.104941E+08  0.104541E+08  0.000000E+00  0.000000E+00  0.510309E+07  0.104540E+08
  0.337141E-01  0.104254E+08  0.103851E+08  0.000000E+00  0.000000E+00  0.504292E+07  0.103853E+08
  0.339962E-01  0.103566E+08  0.103160E+08  0.000000E+00  0.000000E+00  0.498306E+07  0.103166E+08
  0.342807E-01  0.102878E+08  0.102470E+08  0.000000E+00  0.000000E+00  0.492355E+07  0.102478E+08
  0.345675E-01  0.102189E+08  0.101778E+08  0.000000E+00  0.000000E+00  0.486437E+07  0.101789E+08
  0.348568E-01  0.101500E+08  0.101087E+08  0.000000E+00  0.000000E+00  0.480553E+07  0.101101E+08
  0.351485E-01  0.100811E+08  0.100395E+08  0.000000E+00  0.000000E+00  0.474704E+07  0.100412E+08
  0.354426E-01  0.100122E+08  0.997035E+07  0.000000E+00  0.000000E+00  0.468892E+07  0.997230E+07
  0.357392E-01  0.994326E+07  0.990118E+07  0.000000E+00  0.000000E+00  0.463115E+07  0.990341E+07
  0.360383E-01  0.987434E+07  0.983203E+07  0.000000E+00  0.000000E+00  0.457374E+07  0.983453E+07
  0.363399E-01  0.980544E+07  0.976290E+07  0.000000E+00  0.000000E+00  0.451671E+07  0.976566E+07
  0.366440E-01  0.973656E+07  0.969380E+07  0.000000E+00  0.000000E+00  0.446006E+07  0.969683E+07
  0.369506E-01  0.966772E+07  0.962474E+07  0.000000E+00  0.000000E+00  0.440379E+07  0.962803E+07
  0.372598E-01  0.959893E+07  0.955574E+07  0.000000E+00  0.000000E+00  0.434791E+07  0.955929E+07
  0.375716E-01  0.953020E+07  0.948681E+07  0.000000E+00  0.000000E+00  0.429242E+07  0.949061E+07
  0.378860E-01  0.946153E+07  0.941795E+07  0.000000E+00  0.000000E+00  0.423733E+07  0.942200E+07
  0.382030E-01  0.939295E+07  0.934918E+07  0.000000E+00  0.000000E+00  0.418264E+07  0.935347E+07
  0.385227E-01  0.932446E+07  0.928051E+07  0.000000E+00  0.000000E+00  0.412836E+07  0.928504E+07
  0.388451E-01  0.925607E+07  0.921195E+07  0.000000E+00  0.000000E+00  0.407450E+07  0.921672E+07
  0.391702E-01  0.918779E+07  0.914351E+07  0.000000E+00  0.000000E+00  0.402105E+07  0.914851E+07
  0.394979E-01  0.911964E+07  0.907521E+07  0.000000E+00  0.000000E+00  0.396803E+07  0.908043E+07
  0.398285E-01  0.905163E+07  0.900706E+07  0.000000E+00  0.000000E+00  0.391544E+07  0.901250E+07
  0.401618E-01  0.898377E+07  0.893906E+07  0.000000E+00  0.000000E+00  0.386327E+07  0.894471E+07
  0.404978E-01  0.891607E+07  0.887124E+07  0.000000E+00  0.000000E+00  0.381155E+07  0.887710E+07
  0.408367E-01  0.884855E+07  0.880360E+07  0.000000E+00  0.000000E+00  0.376027E+07  0.880966E+07
  0.411784E-01  0.878121E+07  0.873616E+07  0.000000E+00  0.000000E+00  0.370943E+07  0.874241E+07
  0.415230E-01  0.871407E+07  0.866893E+07  0.000000E+00  0.000000E+00  0.365904E+07  0.867536E+07
  0.418705E-01  0.864715E+07  0.860193E+07  0.000000E+00  0.000000E+00  0.360911E+07  0.860853E+07
  0.422209E-01  0.858045E+07  0.853516E+07  0.000000E+00  0.000000E+00  0.355964E+07  0.854193E+07
  0.425742E-01  0.851399E+07  0.846864E+07  0.000000E+00  0.000000E+00  0.351063E+07  0.847557E+07
  0.429305E-01  0.844778E+07  0.840238E+07  0.000000E+00  0.000000E+00  0.346209E+07  0.840946E+07
  0.432897E-01  0.838183E+07  0.833640E+07  0.000000E+00  0.000000E+00  0.341402E+07  0.834363E+07
  0.436520E-01  0.831617E+07  0.827071E+07  0.000000E+00  0.000000E+00  0.336642E+07  0.827807E+07
  0.440173E-01  0.825079E+07  0.820531E+07  0.000000E+00  0.000000E+00  0.331931E+07  0.821280E+07
  0.443856E-01  0.818571E+07  0.814024E+07  0.000000E+00  0.000000E+00  0.327267E+07  0.814784E+07
  0.447570E-01  0.812095E+07  0.807549E+07  0.000000E+00  0.000000E+00  0.322651E+07  0.808320E+07
  0.451316E-01  0.805652E+07  0.801109E+07  0.000000E+00  0.000000E+00  0.318084E+07  0.801889E+07
  0.455092E-01  0.799243E+07  0.794704E+07  0.000000E+00  0.000000E+00  0.313567E+07  0.795492E+07
  0.458901E-01  0.792869E+07  0.788335E+07  0.000000E+00  0.000000E+00  0.309098E+07  0.789132E+07
  0.462741E-01  0.786533E+07  0.782005E+07  0.000000E+00  0.000000E+00  0.304679E+07  0.782808E+07
  0.466613E-01  0.780234E+07  0.775715E+07  0.000000E+00  0.000000E+00  0.300309E+07  0.776523E+07
  0.470518E-01  0.773974E+07  0.769464E+07  0.000000E+00  0.000000E+00  0.295989E+07  0.770276E+07
  0.474455E-01  0.767755E+07  0.763256E+07  0.000000E+00  0.000000E+00  0.291719E+07  0.764071E+07
  0.478425E-01  0.761577E+07  0.757091E+07  0.000000E+00  0.000000E+00  0.287499E+07  0.757908E+07
  0.482429E-01  0.755443E+07  0.750970E+07  0.000000E+00  0.000000E+00  0.283329E+07  0.751788E+07
  0.486466E-01  0.749353E+07  0.744895E+07  0.000000E+00  0.000000E+00  0.279210E+07  0.745713E+07
  0.490537E-01  0.743308E+07  0.738868E+07  0.000000E+00  0.000000E+00  0.275141E+07  0.739683E+07
  0.494642E-01  0.737311E+07  0.732888E+07  0.000000E+00  0.000000E+00  0.271122E+07  0.733700E+07
  0.498781E-01  0.731360E+07  0.726957E+07  0.000000E+00  0.000000E+00  0.267155E+07  0.727766E+07
  0.502955E-01  0.725459E+07  0.721077E+07  0.000000E+00  0.000000E+00  0.263238E+07  0.721880E+07
  0.507164E-01  0.719607E+07  0.715247E+07  0.000000E+00  0.000000E+00  0.259371E+07  0.716044E+07
  0.511408E-01  0.713806E+07  0.709470E+07  0.000000E+00  0.000000E+00  0.255556E+07  0.710259E+07
  0.515687E-01  0.708057E+07  0.703747E+07  0.000000E+00  0.000000E+00  0.251791E+07  0.704526E+07
  0.520002E-01  0.702360E+07  0.698077E+07  0.000000E+00  0.000000E+00  0.248076E+07  0.698846E+07
  0.524354E-01  0.696718E+07  0.692463E+07  0.000000E+00  0.000000E+00  0.244412E+07  0.693221E+07
  0.528742E-01  0.691130E+07  0.686906E+07  0.000000E+00  0.000000E+00  0.240799E+07  0.687650E+07
  0.533166E-01  0.685597E+07  0.681405E+07  0.000000E+00  0.000000E+00  0.237235E+07  0.682135E+07
  0.537628E-01  0.680121E+07  0.675962E+07  0.000000E+00  0.000000E+00  0.233722E+07  0.676676E+07
  0.542127E-01  0.674702E+07  0.670577E+07  0.000000E+00  0.000000E+00  0.230258E+07  0.671274E+07
  0.546664E-01  0.669340E+07  0.665251E+07  0.000000E+00  0.000000E+00  0.226844E+07  0.665930E+07
  0.551238E-01  0.664036E+07  0.659984E+07  0.000000E+00  0.000000E+00  0.223479E+07  0.660644E+07
  0.555851E-01  0.658790E+07  0.654778E+07  0.000000E+00  0.000000E+00  0.220163E+07  0.655416E+07
  0.560502E-01  0.653604E+07  0.649631E+07  0.000000E+00  0.000000E+00  0.216895E+07  0.650248E+07
  0.565193E-01  0.648476E+07  0.644546E+07  0.000000E+00  0.000000E+00  0.213676E+07  0.645139E+07
  0.569922E-01  0.643409E+07  0.639521E+07  0.000000E+00  0.000000E+00  0.210504E+07  0.640090E+07
  0.574692E-01  0.638401E+07  0.634558E+07  0.000000E+00  0.000000E+00  0.207381E+07  0.635102E+07
  0.579501E-01  0.633455E+07  0.629657E+07  0.000000E+00  0.000000E+00  0.204304E+07  0.630173E+07
  0.584350E-01  0.628568E+07  0.624817E+07  0.000000E+00  0.000000E+00  0.201275E+07  0.625306E+07
  0.589240E-01  0.623743E+07  0.620040E+07  0.000000E+00  0.000000E+00  0.198292E+07  0.620500E+07
  0.594171E-01  0.618978E+07  0.615324E+07  0.000000E+00  0.000000E+00  0.195355E+07  0.615754E+07
  0.599143E-01  0.614273E+07  0.610670E+07  0.000000E+00  0.000000E+00  0.192464E+07  0.611068E+07
  0.604157E-01  0.609629E+07  0.606077E+07  0.000000E+00  0.000000E+00  0.189617E+07  0.606443E+07
  0.609212E-01  0.605044E+07  0.601544E+07  0.000000E+00  0.000000E+00  0.186815E+07  0.601877E+07
  0.614310E-01  0.600518E+07  0.597072E+07  0.000000E+00  0.000000E+00  0.184056E+07  0.597370E+07
  0.619451E-01  0.596050E+07  0.592659E+07  0.000000E+00  0.000000E+00  0.181340E+07  0.592922E+07
  0.624635E-01  0.591641E+07  0.588305E+07  0.000000E+00  0.000000E+00  0.178666E+07  0.588533E+07
  0.629862E-01  0.587289E+07  0.584009E+07  0.000000E+00  0.000000E+00  0.176034E+07  0.584200E+07
  0.635132E-01  0.582995E+07  0.579771E+07  0.000000E+00  0.000000E+00  0.173442E+07  0.579925E+07
  0.640447E-01  0.578756E+07  0.575590E+07  0.000000E+00  0.000000E+00  0.170891E+07  0.575706E+07
  0.645807E-01  0.574572E+07  0.571464E+07  0.000000E+00  0.000000E+00  0.168380E+07  0.571541E+07
  0.651211E-01  0.570442E+07  0.567393E+07  0.000000E+00  0.000000E+00  0.165908E+07  0.567431E+07
  0.656660E-01  0.566364E+07  0.563375E+07  0.000000E+00  0.000000E+00  0.163474E+07  0.563373E+07
  0.662155E-01  0.562339E+07  0.559408E+07  0.000000E+00  0.000000E+00  0.161077E+07  0.559366E+07
  0.667696E-01  0.558363E+07  0.555492E+07  0.000000E+00  0.000000E+00  0.158717E+07  0.555410E+07
  0.673284E-01  0.554436E+07  0.551625E+07  0.000000E+00  0.000000E+00  0.156393E+07  0.551502E+07
  0.678918E-01  0.550555E+07  0.547805E+07  0.000000E+00  0.000000E+00  0.154103E+07  0.547641E+07
  0.684599E-01  0.546720E+07  0.544031E+07  0.000000E+00  0.000000E+00  0.151848E+07  0.543825E+07
  0.690328E-01  0.542929E+07  0.540300E+07  0.000000E+00  0.000000E+00  0.149625E+07  0.540053E+07
  0.696105E-01  0.539180E+07  0.536611E+07  0.000000E+00  0.000000E+00  0.147435E+07  0.536323E+07
  0.701930E-01  0.535471E+07  0.532961E+07  0.000000E+00  0.000000E+00  0.145277E+07  0.532633E+07
  0.707804E-01  0.531799E+07  0.529349E+07  0.000000E+00  0.000000E+00  0.143149E+07  0.528980E+07
  0.713727E-01  0.528163E+07  0.525772E+07  0.000000E+00  0.000000E+00  0.141051E+07  0.525363E+07
  0.719699E-01  0.524561E+07  0.522229E+07  0.000000E+00  0.000000E+00  0.138982E+07  0.521780E+07
  0.725722E-01  0.520991E+07  0.518716E+07  0.000000E+00  0.000000E+00  0.136941E+07  0.518228E+07
  0.731795E-01  0.517450E+07  0.515233E+07  0.000000E+00  0.000000E+00  0.134928E+07  0.514705E+07
  0.740418E-01  0.512517E+07  0.510379E+07  0.000000E+00  0.000000E+00  0.132142E+07  0.509798E+07
  0.749041E-01  0.507687E+07  0.505625E+07  0.000000E+00  0.000000E+00  0.129437E+07  0.504993E+07
  0.757664E-01  0.502950E+07  0.500962E+07  0.000000E+00  0.000000E+00  0.126808E+07  0.500280E+07
  0.766288E-01  0.498297E+07  0.496380E+07  0.000000E+00  0.000000E+00  0.124252E+07  0.495652E+07
  0.774911E-01  0.493720E+07  0.491870E+07  0.000000E+00  0.000000E+00  0.121763E+07  0.491098E+07
  0.783534E-01  0.489212E+07  0.487425E+07  0.000000E+00  0.000000E+00  0.119339E+07  0.486613E+07
  0.792157E-01  0.484763E+07  0.483038E+07  0.000000E+00  0.000000E+00  0.116976E+07  0.482187E+07
  0.800781E-01  0.480368E+07  0.478700E+07  0.000000E+00  0.000000E+00  0.114671E+07  0.477814E+07
  0.809404E-01  0.476020E+07  0.474405E+07  0.000000E+00  0.000000E+00  0.112420E+07  0.473487E+07
  0.818027E-01  0.471712E+07  0.470146E+07  0.000000E+00  0.000000E+00  0.110220E+07  0.469200E+07
  0.826650E-01  0.467438E+07  0.465918E+07  0.000000E+00  0.000000E+00  0.108069E+07  0.464946E+07
  0.835273E-01  0.463194E+07  0.461716E+07  0.000000E+00  0.000000E+00  0.105964E+07  0.460722E+07
  0.843897E-01  0.458975E+07  0.457536E+07  0.000000E+00  0.000000E+00  0.103904E+07  0.456522E+07
  0.852520E-01  0.454776E+07  0.453373E+07  0.000000E+00  0.000000E+00  0.101887E+07  0.452343E+07
  0.861143E-01  0.450595E+07  0.449223E+07  0.000000E+00  0.000000E+00  0.999094E+06  0.448181E+07
  0.869766E-01  0.446428E+07  0.445083E+07  0.000000E+00  0.000000E+00  0.979712E+06  0.444031E+07
  0.878389E-01  0.442271E+07  0.440950E+07  0.000000E+00  0.000000E+00  0.960702E+06  0.439892E+07
  0.887013E-01  0.438122E+07  0.436822E+07  0.000000E+00  0.000000E+00  0.942050E+06  0.435761E+07
  0.895636E-01  0.433980E+07  0.432697E+07  0.000000E+00  0.000000E+00  0.923743E+06  0.431637E+07
  0.904259E-01  0.429844E+07  0.428575E+07  0.000000E+00  0.000000E+00  0.905771E+06  0.427517E+07
  0.912882E-01  0.425712E+07  0.424454E+07  0.000000E+00  0.000000E+00  0.888126E+06  0.423402E+07
  0.921505E-01  0.421584E+07  0.420333E+07  0.000000E+00  0.000000E+00  0.870799E+06  0.419289E+07
  0.930129E-01  0.417458E+07  0.416212E+07  0.000000E+00  0.000000E+00  0.853784E+06  0.415180E+07
  0.938752E-01  0.413335E+07  0.412092E+07  0.000000E+00  0.000000E+00  0.837069E+06  0.411073E+07
  0.947375E-01  0.409217E+07  0.407972E+07  0.000000E+00  0.000000E+00  0.820649E+06  0.406970E+07
  0.955998E-01  0.405102E+07  0.403855E+07  0.000000E+00  0.000000E+00  0.804520E+06  0.402870E+07
  0.964622E-01  0.400993E+07  0.399741E+07  0.000000E+00  0.000000E+00  0.788681E+06  0.398776E+07
  0.973245E-01  0.396891E+07  0.395631E+07  0.000000E+00  0.000000E+00  0.773127E+06  0.394689E+07
  0.981868E-01  0.392797E+07  0.391528E+07  0.000000E+00  0.000000E+00  0.757853E+06  0.390610E+07
  0.990491E-01  0.388713E+07  0.387433E+07  0.000000E+00  0.000000E+00  0.742855E+06  0.386541E+07
  0.999114E-01  0.384642E+07  0.383348E+07  0.000000E+00  0.000000E+00  0.728132E+06  0.382484E+07
  0.100774E+00  0.380585E+07  0.379277E+07  0.000000E+00  0.000000E+00  0.713685E+06  0.378441E+07
  0.101636E+00  0.376544E+07  0.375221E+07  0.000000E+00  0.000000E+00  0.699512E+06  0.374414E+07
  0.102498E+00  0.372523E+07  0.371183E+07  0.000000E+00  0.000000E+00  0.685611E+06  0.370407E+07
  0.103361E+00  0.368524E+07  0.367167E+07  0.000000E+00  0.000000E+00  0.671978E+06  0.366422E+07
  0.104223E+00  0.364549E+07  0.363174E+07  0.000000E+00  0.000000E+00  0.658613E+06  0.362460E+07
  0.105085E+00  0.360601E+07  0.359207E+07  0.000000E+00  0.000000E+00  0.645516E+06  0.358526E+07
  0.105948E+00  0.356683E+07  0.355271E+07  0.000000E+00  0.000000E+00  0.632688E+06  0.354622E+07
  0.106810E+00  0.352799E+07  0.351367E+07  0.000000E+00  0.000000E+00  0.620127E+06  0.350751E+07
  0.107672E+00  0.348950E+07  0.347499E+07  0.000000E+00  0.000000E+00  0.607831E+06  0.346916E+07
  0.108535E+00  0.345140E+07  0.343670E+07  0.000000E+00  0.000000E+00  0.595800E+06  0.343120E+07
  0.109397E+00  0.341372E+07  0.339883E+07  0.000000E+00  0.000000E+00  0.584034E+06  0.339365E+07
  0.110259E+00  0.337648E+07  0.336141E+07  0.000000E+00  0.000000E+00  0.572534E+06  0.335654E+07
  0.111122E+00  0.333971E+07  0.332447E+07  0.000000E+00  0.000000E+00  0.561294E+06  0.331991E+07
  0.111984E+00  0.330344E+07  0.328803E+07  0.000000E+00  0.000000E+00  0.550315E+06  0.328377E+07
  0.112846E+00  0.326770E+07  0.325212E+07  0.000000E+00  0.000000E+00  0.539595E+06  0.324816E+07
  0.113709E+00  0.323249E+07  0.321677E+07  0.000000E+00  0.000000E+00  0.529133E+06  0.321309E+07
  0.114571E+00  0.319786E+07  0.318200E+07  0.000000E+00  0.000000E+00  0.518926E+06  0.317859E+07
  0.115433E+00  0.316382E+07  0.314783E+07  0.000000E+00  0.000000E+00  0.508974E+06  0.314468E+07
  0.116296E+00  0.313039E+07  0.311429E+07  0.000000E+00  0.000000E+00  0.499273E+06  0.311138E+07
  0.117158E+00  0.309759E+07  0.308139E+07  0.000000E+00  0.000000E+00  0.489822E+06  0.307871E+07
  0.118020E+00  0.306544E+07  0.304915E+07  0.000000E+00  0.000000E+00  0.480617E+06  0.304669E+07
  0.118882E+00  0.303395E+07  0.301759E+07  0.000000E+00  0.000000E+00  0.471655E+06  0.301533E+07
  0.119745E+00  0.300313E+07  0.298672E+07  0.000000E+00  0.000000E+00  0.462933E+06  0.298465E+07
  0.120607E+00  0.297300E+07  0.295655E+07  0.000000E+00  0.000000E+00  0.454447E+06  0.295465E+07
  0.121469E+00  0.294357E+07  0.292709E+07  0.000000E+00  0.000000E+00  0.446195E+06  0.292534E+07
  0.122332E+00  0.291483E+07  0.289835E+07  0.000000E+00  0.000000E+00  0.438171E+06  0.289673E+07
  0.123194E+00  0.288680E+07  0.287034E+07  0.000000E+00  0.000000E+00  0.430372E+06  0.286883E+07
  0.124056E+00  0.285949E+07  0.284305E+07  0.000000E+00  0.000000E+00  0.422793E+06  0.284165E+07
  0.124919E+00  0.283288E+07  0.281649E+07  0.000000E+00  0.000000E+00  0.415431E+06  0.281517E+07
  0.125781E+00  0.280699E+07  0.279066E+07  0.000000E+00  0.000000E+00  0.408280E+06  0.278940E+07
  0.126643E+00  0.278180E+07  0.276556E+07  0.000000E+00  0.000000E+00  0.401336E+06  0.276435E+07
  0.127506E+00  0.275732E+07  0.274117E+07  0.000000E+00  0.000000E+00  0.394592E+06  0.273999E+07
  0.128368E+00  0.273354E+07  0.271750E+07  0.000000E+00  0.000000E+00  0.388045E+06  0.271633E+07
  0.129230E+00  0.271044E+07  0.269453E+07  0.000000E+00  0.000000E+00  0.381688E+06  0.269336E+07
  0.130093E+00  0.268802E+07  0.267225E+07  0.000000E+00  0.000000E+00  0.375517E+06  0.267107E+07
  0.130955E+00  0.266627E+07  0.265066E+07  0.000000E+00  0.000000E+00  0.369526E+06  0.264944E+07
  0.131817E+00  0.264518E+07  0.262973E+07  0.000000E+00  0.000000E+00  0.363709E+06  0.262846E+07
  0.132680E+00  0.262472E+07  0.260945E+07  0.000000E+00  0.000000E+00  0.358061E+06  0.260812E+07
  0.133542E+00  0.260488E+07  0.258981E+07  0.000000E+00  0.000000E+00  0.352575E+06  0.258841E+07
  0.134404E+00  0.258564E+07  0.257078E+07  0.000000E+00  0.000000E+00  0.347246E+06  0.256929E+07
  0.135267E+00  0.256699E+07  0.255235E+07  0.000000E+00  0.000000E+00  0.342069E+06  0.255076E+07
  0.136129E+00  0.254890E+07  0.253449E+07  0.000000E+00  0.000000E+00  0.337037E+06  0.253278E+07
  0.136991E+00  0.253135E+07  0.251718E+07  0.000000E+00  0.000000E+00  0.332146E+06  0.251536E+07
  0.137854E+00  0.251433E+07  0.250040E+07  0.000000E+00  0.000000E+00  0.327388E+06  0.249844E+07
  0.138716E+00  0.249780E+07  0.248413E+07  0.000000E+00  0.000000E+00  0.322758E+06  0.248203E+07
  0.139578E+00  0.248174E+07  0.246833E+07  0.000000E+00  0.000000E+00  0.318250E+06  0.246609E+07
  0.140441E+00  0.246614E+07  0.245299E+07  0.000000E+00  0.000000E+00  0.313859E+06  0.245059E+07
  0.141303E+00  0.245095E+07  0.243807E+07  0.000000E+00  0.000000E+00  0.309581E+06  0.243551E+07
  0.142165E+00  0.243616E+07  0.242356E+07  0.000000E+00  0.000000E+00  0.305409E+06  0.242083E+07
  0.143027E+00  0.242174E+07  0.240941E+07  0.000000E+00  0.000000E+00  0.301338E+06  0.240652E+07
  0.143890E+00  0.240767E+07  0.239562E+07  0.000000E+00  0.000000E+00  0.297362E+06  0.239256E+07
  0.144752E+00  0.239392E+07  0.238214E+07  0.000000E+00  0.000000E+00  0.293476E+06  0.237891E+07
  0.145614E+00  0.238046E+07  0.236896E+07  0.000000E+00  0.000000E+00  0.289675E+06  0.236555E+07
  0.146477E+00  0.236727E+07  0.235604E+07  0.000000E+00  0.000000E+00  0.285956E+06  0.235246E+07
  0.147339E+00  0.235432E+07  0.234336E+07  0.000000E+00  0.000000E+00  0.282314E+06  0.233961E+07
  0.148201E+00  0.234159E+07  0.233090E+07  0.000000E+00  0.000000E+00  0.278744E+06  0.232698E+07
  0.149064E+00  0.232905E+07  0.231862E+07  0.000000E+00  0.000000E+00  0.275242E+06  0.231454E+07
  0.149926E+00  0.231668E+07  0.230651E+07  0.000000E+00  0.000000E+00  0.271803E+06  0.230226E+07
  0.150788E+00  0.230445E+07  0.229454E+07  0.000000E+00  0.000000E+00  0.268424E+06  0.229013E+07
  0.151651E+00  0.229235E+07  0.228268E+07  0.000000E+00  0.000000E+00  0.265101E+06  0.227812E+07
  0.152513E+00  0.228035E+07  0.227092E+07  0.000000E+00  0.000000E+00  0.261831E+06  0.226621E+07
  0.153375E+00  0.226843E+07  0.225923E+07  0.000000E+00  0.000000E+00  0.258611E+06  0.225438E+07
  0.154238E+00  0.225656E+07  0.224759E+07  0.000000E+00  0.000000E+00  0.255437E+06  0.224261E+07
  0.155100E+00  0.224474E+07  0.223599E+07  0.000000E+00  0.000000E+00  0.252306E+06  0.223088E+07
  0.155962E+00  0.223294E+07  0.222439E+07  0.000000E+00  0.000000E+00  0.249216E+06  0.221916E+07
  0.156825E+00  0.222115E+07  0.221279E+07  0.000000E+00  0.000000E+00  0.246163E+06  0.220745E+07
  0.157687E+00  0.220935E+07  0.220118E+07  0.000000E+00  0.000000E+00  0.243147E+06  0.219574E+07
  0.158549E+00  0.219752E+07  0.218953E+07  0.000000E+00  0.000000E+00  0.240165E+06  0.218400E+07
  0.159412E+00  0.218566E+07  0.217783E+07  0.000000E+00  0.000000E+00  0.237215E+06  0.217222E+07
  0.160274E+00  0.217375E+07  0.216607E+07  0.000000E+00  0.000000E+00  0.234296E+06  0.216038E+07
  0.161136E+00  0.216178E+07  0.215424E+07  0.000000E+00  0.000000E+00  0.231404E+06  0.214849E+07
  0.161999E+00  0.214975E+07  0.214233E+07  0.000000E+00  0.000000E+00  0.228539E+06  0.213653E+07
  0.162861E+00  0.213763E+07  0.213034E+07  0.000000E+00  0.000000E+00  0.225700E+06  0.212450E+07
  0.163723E+00  0.212543E+07  0.211824E+07  0.000000E+00  0.000000E+00  0.222886E+06  0.211237E+07
  0.164586E+00  0.211315E+07  0.210605E+07  0.000000E+00  0.000000E+00  0.220097E+06  0.210016E+07
  0.165448E+00  0.210077E+07  0.209376E+07  0.000000E+00  0.000000E+00  0.217331E+06  0.208785E+07
  0.166310E+00  0.208829E+07  0.208135E+07  0.000000E+00  0.000000E+00  0.214587E+06  0.207545E+07
  0.167172E+00  0.207572E+07  0.206884E+07  0.000000E+00  0.000000E+00  0.211865E+06  0.206295E+07
  0.168035E+00  0.206305E+07  0.205622E+07  0.000000E+00  0.000000E+00  0.209165E+06  0.205035E+07
  0.168897E+00  0.205028E+07  0.204349E+07  0.000000E+00  0.000000E+00  0.206486E+06  0.203765E+07
  0.169759E+00  0.203741E+07  0.203066E+07  0.000000E+00  0.000000E+00  0.203830E+06  0.202485E+07
  0.170622E+00  0.202445E+07  0.201772E+07  0.000000E+00  0.000000E+00  0.201195E+06  0.201196E+07
  0.171484E+00  0.201141E+07  0.200468E+07  0.000000E+00  0.000000E+00  0.198581E+06  0.199898E+07
  0.172346E+00  0.199827E+07  0.199155E+07  0.000000E+00  0.000000E+00  0.195990E+06  0.198591E+07
  0.173209E+00  0.198506E+07  0.197833E+07  0.000000E+00  0.000000E+00  0.193420E+06  0.197277E+07
  0.174071E+00  0.197178E+07  0.196503E+07  0.000000E+00  0.000000E+00  0.190873E+06  0.195955E+07
  0.174933E+00  0.195843E+07  0.195166E+07  0.000000E+00  0.000000E+00  0.188350E+06  0.194626E+07
  0.175796E+00  0.194502E+07  0.193822E+07  0.000000E+00  0.000000E+00  0.185849E+06  0.193292E+07
  0.176658E+00  0.193157E+07  0.192473E+07  0.000000E+00  0.000000E+00  0.183372E+06  0.191953E+07
  0.177520E+00  0.191807E+07  0.191119E+07  0.000000E+00  0.000000E+00  0.180920E+06  0.190610E+07
  0.178383E+00  0.190455E+07  0.189762E+07  0.000000E+00  0.000000E+00  0.178493E+06  0.189264E+07
  0.179245E+00  0.189101E+07  0.188403E+07  0.000000E+00  0.000000E+00  0.176092E+06  0.187916E+07
  0.180107E+00  0.187746E+07  0.187042E+07  0.000000E+00  0.000000E+00  0.173718E+06  0.186567E+07
  0.180970E+00  0.186392E+07  0.185682E+07  0.000000E+00  0.000000E+00  0.171370E+06  0.185219E+07
  0.181832E+00  0.185039E+07  0.184322E+07  0.000000E+00  0.000000E+00  0.169050E+06  0.183872E+07
  0.182694E+00  0.183688E+07  0.182965E+07  0.000000E+00  0.000000E+00  0.166758E+06  0.182528E+07
  0.183557E+00  0.182342E+07  0.181612E+07  0.000000E+00  0.000000E+00  0.164496E+06  0.181187E+07
  0.184419E+00  0.181000E+07  0.180263E+07  0.000000E+00  0.000000E+00  0.162264E+06  0.179851E+07
  0.185281E+00  0.179665E+07  0.178921E+07  0.000000E+00  0.000000E+00  0.160062E+06  0.178522E+07
  0.186144E+00  0.178337E+07  0.177586E+07  0.000000E+00  0.000000E+00  0.157890E+06  0.177200E+07
  0.187006E+00  0.177017E+07  0.176260E+07  0.000000E+00  0.000000E+00  0.155750E+06  0.175886E+07
  0.187868E+00  0.175708E+07  0.174943E+07  0.000000E+00  0.000000E+00  0.153643E+06  0.174582E+07
  0.188731E+00  0.174409E+07  0.173638E+07  0.000000E+00  0.000000E+00  0.151569E+06  0.173290E+07
  0.189593E+00  0.173122E+07  0.172344E+07  0.000000E+00  0.000000E+00  0.149527E+06  0.172008E+07
  0.190455E+00  0.171848E+07  0.171064E+07  0.000000E+00  0.000000E+00  0.147519E+06  0.170740E+07
  0.191317E+00  0.170588E+07  0.169798E+07  0.000000E+00  0.000000E+00  0.145544E+06  0.169486E+07
  0.192180E+00  0.169342E+07  0.168547E+07  0.000000E+00  0.000000E+00  0.143603E+06  0.168246E+07
  0.193042E+00  0.168113E+07  0.167312E+07  0.000000E+00  0.000000E+00  0.141698E+06  0.167022E+07
  0.193904E+00  0.166900E+07  0.166094E+07  0.000000E+00  0.000000E+00  0.139826E+06  0.165815E+07
  0.194767E+00  0.165705E+07  0.164895E+07  0.000000E+00  0.000000E+00  0.137990E+06  0.164626E+07
  0.195629E+00  0.164528E+07  0.163714E+07  0.000000E+00  0.000000E+00  0.136188E+06  0.163454E+07
  0.196491E+00  0.163370E+07  0.162552E+07  0.000000E+00  0.000000E+00  0.134421E+06  0.162302E+07
  0.197354E+00  0.162232E+07  0.161411E+07  0.000000E+00  0.000000E+00  0.132689E+06  0.161170E+07
  0.198216E+00  0.161114E+07  0.160291E+07  0.000000E+00  0.000000E+00  0.130993E+06  0.160058E+07
  0.199078E+00  0.160017E+07  0.159192E+07  0.000000E+00  0.000000E+00  0.129331E+06  0.158966E+07
  0.199941E+00  0.158942E+07  0.158116E+07  0.000000E+00  0.000000E+00  0.127704E+06  0.157896E+07
  0.200803E+00  0.157888E+07  0.157061E+07  0.000000E+00  0.000000E+00  0.126111E+06  0.156848E+07
  0.201665E+00  0.156856E+07  0.156029E+07  0.000000E+00  0.000000E+00  0.124553E+06  0.155821E+07
  0.202528E+00  0.155846E+07  0.155020E+07  0.000000E+00  0.000000E+00  0.123028E+06  0.154817E+07
  0.203390E+00  0.154859E+07  0.154034E+07  0.000000E+00  0.000000E+00  0.121536E+06  0.153835E+07
  0.204252E+00  0.153894E+07  0.153070E+07  0.000000E+00  0.000000E+00  0.120078E+06  0.152876E+07
  0.205115E+00  0.152952E+07  0.152130E+07  0.000000E+00  0.000000E+00  0.118652E+06  0.151939E+07
  0.205977E+00  0.152031E+07  0.151213E+07  0.000000E+00  0.000000E+00  0.117258E+06  0.151024E+07
  0.206839E+00  0.151133E+07  0.150318E+07  0.000000E+00  0.000000E+00  0.115895E+06  0.150131E+07
  0.207702E+00  0.150257E+07  0.149446E+07  0.000000E+00  0.000000E+00  0.114563E+06  0.149260E+07
  0.208564E+00  0.149403E+07  0.148596E+07  0.000000E+00  0.000000E+00  0.113261E+06  0.148411E+07
  0.209426E+00  0.148570E+07  0.147768E+07  0.000000E+00  0.000000E+00  0.111988E+06  0.147583E+07
  0.210289E+00  0.147758E+07  0.146962E+07  0.000000E+00  0.000000E+00  0.110744E+06  0.146776E+07
  0.211151E+00  0.146966E+07  0.146177E+07  0.000000E+00  0.000000E+00  0.109527E+06  0.145990E+07
  0.212013E+00  0.146195E+07  0.145412E+07  0.000000E+00  0.000000E+00  0.108338E+06  0.145224E+07
  0.212876E+00  0.145443E+07  0.144668E+07  0.000000E+00  0.000000E+00  0.107175E+06  0.144477E+07
  0.213738E+00  0.144710E+07  0.143942E+07  0.000000E+00  0.000000E+00  0.106037E+06  0.143749E+07
  0.214600E+00  0.143996E+07  0.143236E+07  0.000000E+00  0.000000E+00  0.104924E+06  0.143040E+07
  0.215462E+00  0.143299E+07  0.142547E+07  0.000000E+00  0.000000E+00  0.103834E+06  0.142348E+07
  0.216325E+00  0.142619E+07  0.141876E+07  0.000000E+00  0.000000E+00  0.102768E+06  0.141673E+07
  0.217187E+00  0.141956E+07  0.141222E+07  0.000000E+00  0.000000E+00  0.101724E+06  0.141015E+07
  0.218049E+00  0.141308E+07  0.140584E+07  0.000000E+00  0.000000E+00  0.100700E+06  0.140372E+07
  0.218912E+00  0.140675E+07  0.139960E+07  0.000000E+00  0.000000E+00  0.996978E+05  0.139744E+07
  0.219774E+00  0.140056E+07  0.139351E+07  0.000000E+00  0.000000E+00  0.987145E+05  0.139129E+07
  0.220636E+00  0.139450E+07  0.138755E+07  0.000000E+00  0.000000E+00  0.977496E+05  0.138528E+07
  0.221499E+00  0.138856E+07  0.138171E+07  0.000000E+00  0.000000E+00  0.968026E+05  0.137939E+07
  0.222361E+00  0.138274E+07  0.137599E+07  0.000000E+00  0.000000E+00  0.958726E+05  0.137362E+07
  0.223223E+00  0.137703E+07  0.137038E+07  0.000000E+00  0.000000E+00  0.949587E+05  0.136795E+07
  0.224086E+00  0.137141E+07  0.136486E+07  0.000000E+00  0.000000E+00  0.940600E+05  0.136237E+07
  0.224948E+00  0.136588E+07  0.135944E+07  0.000000E+00  0.000000E+00  0.931758E+05  0.135689E+07
  0.225810E+00  0.136042E+07  0.135409E+07  0.000000E+00  0.000000E+00  0.923051E+05  0.135148E+07
  0.226673E+00  0.135504E+07  0.134881E+07  0.000000E+00  0.000000E+00  0.914471E+05  0.134614E+07
  0.227535E+00  0.134972E+07  0.134359E+07  0.000000E+00  0.000000E+00  0.906012E+05  0.134087E+07
  0.228397E+00  0.134446E+07  0.133842E+07  0.000000E+00  0.000000E+00  0.897668E+05  0.133565E+07
  0.229260E+00  0.133924E+07  0.133330E+07  0.000000E+00  0.000000E+00  0.889432E+05  0.133047E+07
  0.230122E+00  0.133406E+07  0.132822E+07  0.000000E+00  0.000000E+00  0.881298E+05  0.132533E+07
  0.230984E+00  0.132890E+07  0.132316E+07  0.000000E+00  0.000000E+00  0.873257E+05  0.132022E+07
  0.231847E+00  0.132378E+07  0.131812E+07  0.000000E+00  0.000000E+00  0.865302E+05  0.131513E+07
  0.232709E+00  0.131866E+07  0.131310E+07  0.000000E+00  0.000000E+00  0.857429E+05  0.131006E+07
  0.233571E+00  0.131356E+07  0.130808E+07  0.000000E+00  0.000000E+00  0.849634E+05  0.130500E+07
  0.234434E+00  0.130846E+07  0.130306E+07  0.000000E+00  0.000000E+00  0.841911E+05  0.129994E+07
  0.235296E+00  0.130336E+07  0.129804E+07  0.000000E+00  0.000000E+00  0.834257E+05  0.129487E+07
  0.236158E+00  0.129824E+07  0.129301E+07  0.000000E+00  0.000000E+00  0.826667E+05  0.128980E+07
  0.237020E+00  0.129312E+07  0.128796E+07  0.000000E+00  0.000000E+00  0.819136E+05  0.128471E+07
  0.237883E+00  0.128798E+07  0.128288E+07  0.000000E+00  0.000000E+00  0.811660E+05  0.127961E+07
  0.238745E+00  0.128281E+07  0.127779E+07  0.000000E+00  0.000000E+00  0.804237E+05  0.127448E+07
  0.239607E+00  0.127762E+07  0.127266E+07  0.000000E+00  0.000000E+00  0.796864E+05  0.126933E+07
  0.240470E+00  0.127240E+07  0.126750E+07  0.000000E+00  0.000000E+00  0.789538E+05  0.126415E+07
  0.241332E+00  0.126715E+07  0.126230E+07  0.000000E+00  0.000000E+00  0.782256E+05  0.125893E+07
  0.242194E+00  0.126186E+07  0.125706E+07  0.000000E+00  0.000000E+00  0.775016E+05  0.125368E+07
  0.243057E+00  0.125653E+07  0.125178E+07  0.000000E+00  0.000000E+00  0.767816E+05  0.124838E+07
  0.243919E+00  0.125116E+07  0.124645E+07  0.000000E+00  0.000000E+00  0.760656E+05  0.124305E+07
  0.244781E+00  0.124575E+07  0.124108E+07  0.000000E+00  0.000000E+00  0.753535E+05  0.123768E+07
  0.245644E+00  0.124030E+07  0.123567E+07  0.000000E+00  0.000000E+00  0.746450E+05  0.123226E+07
  0.246506E+00  0.123481E+07  0.123020E+07  0.000000E+00  0.000000E+00  0.739401E+05  0.122680E+07
  0.247368E+00  0.122927E+07  0.122469E+07  0.000000E+00  0.000000E+00  0.732387E+05  0.122130E+07
  0.248231E+00  0.122369E+07  0.121913E+07  0.000000E+00  0.000000E+00  0.725408E+05  0.121575E+07
  0.249093E+00  0.121806E+07  0.121353E+07  0.000000E+00  0.000000E+00  0.718465E+05  0.121016E+07
  0.249955E+00  0.121240E+07  0.120788E+07  0.000000E+00  0.000000E+00  0.711558E+05  0.120453E+07
  0.250818E+00  0.120669E+07  0.120219E+07  0.000000E+00  0.000000E+00  0.704690E+05  0.119886E+07
  0.251680E+00  0.120095E+07  0.119645E+07  0.000000E+00  0.000000E+00  0.697858E+05  0.119315E+07
  0.252542E+00  0.119517E+07  0.119068E+07  0.000000E+00  0.000000E+00  0.691063E+05  0.118740E+07
  0.253405E+00  0.118935E+07  0.118486E+07  0.000000E+00  0.000000E+00  0.684307E+05  0.118162E+07
  0.254267E+00  0.118351E+07  0.117902E+07  0.000000E+00  0.000000E+00  0.677592E+05  0.117581E+07
  0.255129E+00  0.117763E+07  0.117314E+07  0.000000E+00  0.000000E+00  0.670919E+05  0.116996E+07
  0.255992E+00  0.117174E+07  0.116724E+07  0.000000E+00  0.000000E+00  0.664291E+05  0.116410E+07
  0.256854E+00  0.116582E+07  0.116131E+07  0.000000E+00  0.000000E+00  0.657707E+05  0.115821E+07
  0.257716E+00  0.115988E+07  0.115537E+07  0.000000E+00  0.000000E+00  0.651170E+05  0.115231E+07
  0.258579E+00  0.115393E+07  0.114940E+07  0.000000E+00  0.000000E+00  0.644681E+05  0.114639E+07
  0.259441E+00  0.114797E+07  0.114343E+07  0.000000E+00  0.000000E+00  0.638241E+05  0.114046E+07
  0.260303E+00  0.114200E+07  0.113745E+07  0.000000E+00  0.000000E+00  0.631854E+05  0.113452E+07
  0.261165E+00  0.113604E+07  0.113147E+07  0.000000E+00  0.000000E+00  0.625520E+05  0.112859E+07
  0.262028E+00  0.113007E+07  0.112548E+07  0.000000E+00  0.000000E+00  0.619241E+05  0.112265E+07
  0.262890E+00  0.112411E+07  0.111951E+07  0.000000E+00  0.000000E+00  0.613019E+05  0.111673E+07
  0.263752E+00  0.111817E+07  0.111354E+07  0.000000E+00  0.000000E+00  0.606856E+05  0.111081E+07
  0.264615E+00  0.111224E+07  0.110759E+07  0.000000E+00  0.000000E+00  0.600755E+05  0.110491E+07
  0.265477E+00  0.110632E+07  0.110166E+07  0.000000E+00  0.000000E+00  0.594716E+05  0.109903E+07
  0.266339E+00  0.110044E+07  0.109575E+07  0.000000E+00  0.000000E+00  0.588740E+05  0.109317E+07
  0.267202E+00  0.109458E+07  0.108987E+07  0.000000E+00  0.000000E+00  0.582828E+05  0.108734E+07
  0.268064E+00  0.108875E+07  0.108402E+07  0.000000E+00  0.000000E+00  0.576982E+05  0.108154E+07
  0.268926E+00  0.108296E+07  0.107821E+07  0.000000E+00  0.000000E+00  0.571206E+05  0.107578E+07
  0.269789E+00  0.107721E+07  0.107244E+07  0.000000E+00  0.000000E+00  0.565500E+05  0.107006E+07
  0.270651E+00  0.107150E+07  0.106672E+07  0.000000E+00  0.000000E+00  0.559865E+05  0.106438E+07
  0.271513E+00  0.106584E+07  0.106104E+07  0.000000E+00  0.000000E+00  0.554302E+05  0.105876E+07
  0.272376E+00  0.106024E+07  0.105542E+07  0.000000E+00  0.000000E+00  0.548811E+05  0.105318E+07
  0.273238E+00  0.105469E+07  0.104985E+07  0.000000E+00  0.000000E+00  0.543394E+05  0.104766E+07
  0.274100E+00  0.104920E+07  0.104435E+07  0.000000E+00  0.000000E+00  0.538052E+05  0.104220E+07
  0.274963E+00  0.104377E+07  0.103891E+07  0.000000E+00  0.000000E+00  0.532786E+05  0.103679E+07
  0.277672E+00  0.102714E+07  0.102226E+07  0.000000E+00  0.000000E+00  0.516743E+05  0.102026E+07
  0.280407E+00  0.101109E+07  0.100619E+07  0.000000E+00  0.000000E+00  0.501317E+05  0.100429E+07
  0.283170E+00  0.995664E+06  0.990778E+06  0.000000E+00  0.000000E+00  0.486526E+05  0.988962E+06
  0.285960E+00  0.980928E+06  0.976076E+06  0.000000E+00  0.000000E+00  0.472374E+05  0.974315E+06
  0.288777E+00  0.966902E+06  0.962106E+06  0.000000E+00  0.000000E+00  0.458859E+05  0.960377E+06
  0.291622E+00  0.953586E+06  0.948867E+06  0.000000E+00  0.000000E+00  0.445952E+05  0.947148E+06
  0.294495E+00  0.940954E+06  0.936332E+06  0.000000E+00  0.000000E+00  0.433630E+05  0.934603E+06
  0.297397E+00  0.928958E+06  0.924451E+06  0.000000E+00  0.000000E+00  0.421849E+05  0.922693E+06
  0.300327E+00  0.917528E+06  0.913148E+06  0.000000E+00  0.000000E+00  0.410562E+05  0.911347E+06
  0.303285E+00  0.906570E+06  0.902328E+06  0.000000E+00  0.000000E+00  0.399711E+05  0.900472E+06
  0.306273E+00  0.895978E+06  0.891878E+06  0.000000E+00  0.000000E+00  0.389239E+05  0.889962E+06
  0.309291E+00  0.885637E+06  0.881678E+06  0.000000E+00  0.000000E+00  0.379084E+05  0.879702E+06
  0.312338E+00  0.875432E+06  0.871610E+06  0.000000E+00  0.000000E+00  0.369189E+05  0.869575E+06
  0.315415E+00  0.865252E+06  0.861558E+06  0.000000E+00  0.000000E+00  0.359504E+05  0.859473E+06
  0.318523E+00  0.855001E+06  0.851422E+06  0.000000E+00  0.000000E+00  0.349984E+05  0.849298E+06
  0.321661E+00  0.844592E+06  0.841114E+06  0.000000E+00  0.000000E+00  0.340593E+05  0.838964E+06
  0.324830E+00  0.833960E+06  0.830564E+06  0.000000E+00  0.000000E+00  0.331302E+05  0.828406E+06
  0.328030E+00  0.823061E+06  0.819729E+06  0.000000E+00  0.000000E+00  0.322100E+05  0.817579E+06
  0.331262E+00  0.811878E+06  0.808592E+06  0.000000E+00  0.000000E+00  0.312976E+05  0.806468E+06
  0.334526E+00  0.800423E+06  0.797166E+06  0.000000E+00  0.000000E+00  0.303940E+05  0.795083E+06
  0.337821E+00  0.788733E+06  0.785491E+06  0.000000E+00  0.000000E+00  0.295009E+05  0.783464E+06
  0.341150E+00  0.776868E+06  0.773628E+06  0.000000E+00  0.000000E+00  0.286203E+05  0.771668E+06
  0.344511E+00  0.764901E+06  0.761655E+06  0.000000E+00  0.000000E+00  0.277549E+05  0.759770E+06
  0.347905E+00  0.752919E+06  0.749663E+06  0.000000E+00  0.000000E+00  0.269078E+05  0.747856E+06
  0.351333E+00  0.741015E+06  0.737748E+06  0.000000E+00  0.000000E+00  0.260818E+05  0.736020E+06
  0.354794E+00  0.729285E+06  0.726012E+06  0.000000E+00  0.000000E+00  0.252801E+05  0.724358E+06
  0.358289E+00  0.717821E+06  0.714548E+06  0.000000E+00  0.000000E+00  0.245051E+05  0.712961E+06
  0.361819E+00  0.706697E+06  0.703434E+06  0.000000E+00  0.000000E+00  0.237585E+05  0.701904E+06
  0.365384E+00  0.695969E+06  0.692727E+06  0.000000E+00  0.000000E+00  0.230416E+05  0.691242E+06
  0.368984E+00  0.685670E+06  0.682462E+06  0.000000E+00  0.000000E+00  0.223543E+05  0.681008E+06
  0.372619E+00  0.675811E+06  0.672649E+06  0.000000E+00  0.000000E+00  0.216964E+05  0.671215E+06
  0.376290E+00  0.666382E+06  0.663278E+06  0.000000E+00  0.000000E+00  0.210663E+05  0.661850E+06
  0.379997E+00  0.657350E+06  0.654313E+06  0.000000E+00  0.000000E+00  0.204623E+05  0.652881E+06
  0.383741E+00  0.648657E+06  0.645694E+06  0.000000E+00  0.000000E+00  0.198817E+05  0.644250E+06
  0.387522E+00  0.640232E+06  0.637346E+06  0.000000E+00  0.000000E+00  0.193218E+05  0.635887E+06
  0.391340E+00  0.631997E+06  0.629189E+06  0.000000E+00  0.000000E+00  0.187794E+05  0.627712E+06
  0.395195E+00  0.623873E+06  0.621140E+06  0.000000E+00  0.000000E+00  0.182520E+05  0.619647E+06
  0.399089E+00  0.615786E+06  0.613124E+06  0.000000E+00  0.000000E+00  0.177369E+05  0.611619E+06
  0.403021E+00  0.607672E+06  0.605072E+06  0.000000E+00  0.000000E+00  0.172321E+05  0.603562E+06
  0.406991E+00  0.599478E+06  0.596931E+06  0.000000E+00  0.000000E+00  0.167360E+05  0.595425E+06
  0.411001E+00  0.591176E+06  0.588672E+06  0.000000E+00  0.000000E+00  0.162477E+05  0.587179E+06
  0.415050E+00  0.582760E+06  0.580289E+06  0.000000E+00  0.000000E+00  0.157670E+05  0.578817E+06
  0.419140E+00  0.574243E+06  0.571797E+06  0.000000E+00  0.000000E+00  0.152942E+05  0.570355E+06
  0.423269E+00  0.565659E+06  0.563231E+06  0.000000E+00  0.000000E+00  0.148301E+05  0.561824E+06
  0.427439E+00  0.557051E+06  0.554637E+06  0.000000E+00  0.000000E+00  0.143757E+05  0.553270E+06
  0.431650E+00  0.548478E+06  0.546074E+06  0.000000E+00  0.000000E+00  0.139324E+05  0.544749E+06
  0.435903E+00  0.540000E+06  0.537609E+06  0.000000E+00  0.000000E+00  0.135017E+05  0.536324E+06
  0.440197E+00  0.531678E+06  0.529301E+06  0.000000E+00  0.000000E+00  0.130844E+05  0.528054E+06
  0.444534E+00  0.523559E+06  0.521201E+06  0.000000E+00  0.000000E+00  0.126816E+05  0.519986E+06
  0.448914E+00  0.515676E+06  0.513343E+06  0.000000E+00  0.000000E+00  0.122935E+05  0.512154E+06
  0.453337E+00  0.508049E+06  0.505747E+06  0.000000E+00  0.000000E+00  0.119202E+05  0.504578E+06
  0.457803E+00  0.500681E+06  0.498415E+06  0.000000E+00  0.000000E+00  0.115614E+05  0.497259E+06
  0.462313E+00  0.493555E+06  0.491331E+06  0.000000E+00  0.000000E+00  0.112162E+05  0.490182E+06
  0.466868E+00  0.486637E+06  0.484457E+06  0.000000E+00  0.000000E+00  0.108834E+05  0.483312E+06
  0.471468E+00  0.479884E+06  0.477751E+06  0.000000E+00  0.000000E+00  0.105618E+05  0.476607E+06
  0.476113E+00  0.473252E+06  0.471165E+06  0.000000E+00  0.000000E+00  0.102499E+05  0.470022E+06
  0.480804E+00  0.466694E+06  0.464651E+06  0.000000E+00  0.000000E+00  0.994669E+04  0.463510E+06
  0.485540E+00  0.460167E+06  0.458164E+06  0.000000E+00  0.000000E+00  0.965093E+04  0.457028E+06
  0.490324E+00  0.453641E+06  0.451673E+06  0.000000E+00  0.000000E+00  0.936180E+04  0.450546E+06
  0.495155E+00  0.447099E+06  0.445163E+06  0.000000E+00  0.000000E+00  0.907895E+04  0.444049E+06
  0.500033E+00  0.440542E+06  0.438632E+06  0.000000E+00  0.000000E+00  0.880221E+04  0.437535E+06
  0.504960E+00  0.433979E+06  0.432090E+06  0.000000E+00  0.000000E+00  0.853165E+04  0.431015E+06
  0.509934E+00  0.427431E+06  0.425562E+06  0.000000E+00  0.000000E+00  0.826763E+04  0.424510E+06
  0.514958E+00  0.420932E+06  0.419082E+06  0.000000E+00  0.000000E+00  0.801063E+04  0.418053E+06
  0.520032E+00  0.414516E+06  0.412684E+06  0.000000E+00  0.000000E+00  0.776112E+04  0.411678E+06
  0.525155E+00  0.408211E+06  0.406399E+06  0.000000E+00  0.000000E+00  0.751946E+04  0.405414E+06
  0.530329E+00  0.402041E+06  0.400251E+06  0.000000E+00  0.000000E+00  0.728587E+04  0.399286E+06
  0.535554E+00  0.396024E+06  0.394257E+06  0.000000E+00  0.000000E+00  0.706042E+04  0.393308E+06
  0.540830E+00  0.390161E+06  0.388422E+06  0.000000E+00  0.000000E+00  0.684293E+04  0.387485E+06
  0.546159E+00  0.384443E+06  0.382733E+06  0.000000E+00  0.000000E+00  0.663299E+04  0.381806E+06
  0.551540E+00  0.378850E+06  0.377170E+06  0.000000E+00  0.000000E+00  0.562724E+04  0.376246E+06
  0.556973E+00  0.373366E+06  0.371717E+06  0.000000E+00  0.000000E+00  0.545130E+04  0.370801E+06
  0.562461E+00  0.367963E+06  0.366344E+06  0.000000E+00  0.000000E+00  0.528075E+04  0.365435E+06
  0.568002E+00  0.362616E+06  0.361025E+06  0.000000E+00  0.000000E+00  0.511510E+04  0.360125E+06
  0.573598E+00  0.357307E+06  0.355742E+06  0.000000E+00  0.000000E+00  0.495400E+04  0.354852E+06
  0.579249E+00  0.352028E+06  0.350487E+06  0.000000E+00  0.000000E+00  0.479720E+04  0.349609E+06
  0.584956E+00  0.346775E+06  0.345257E+06  0.000000E+00  0.000000E+00  0.464457E+04  0.344392E+06
  0.590719E+00  0.341556E+06  0.340058E+06  0.000000E+00  0.000000E+00  0.449611E+04  0.339208E+06
  0.596539E+00  0.336385E+06  0.334906E+06  0.000000E+00  0.000000E+00  0.435189E+04  0.334071E+06
  0.602416E+00  0.331277E+06  0.329816E+06  0.000000E+00  0.000000E+00  0.421202E+04  0.328997E+06
  0.608352E+00  0.326245E+06  0.324804E+06  0.000000E+00  0.000000E+00  0.407654E+04  0.323999E+06
  0.614345E+00  0.321305E+06  0.319883E+06  0.000000E+00  0.000000E+00  0.394553E+04  0.319092E+06
  0.620398E+00  0.316463E+06  0.315062E+06  0.000000E+00  0.000000E+00  0.381892E+04  0.314283E+06
  0.626510E+00  0.311717E+06  0.310338E+06  0.000000E+00  0.000000E+00  0.369659E+04  0.309570E+06
  0.632682E+00  0.307064E+06  0.305707E+06  0.000000E+00  0.000000E+00  0.357834E+04  0.304948E+06
  0.638916E+00  0.302494E+06  0.301159E+06  0.000000E+00  0.000000E+00  0.346397E+04  0.300410E+06
  0.645210E+00  0.297993E+06  0.296681E+06  0.000000E+00  0.000000E+00  0.335320E+04  0.295940E+06
  0.651567E+00  0.293551E+06  0.292259E+06  0.000000E+00  0.000000E+00  0.324580E+04  0.291528E+06
  0.657986E+00  0.289158E+06  0.287887E+06  0.000000E+00  0.000000E+00  0.314160E+04  0.287165E+06
  0.664469E+00  0.284808E+06  0.283556E+06  0.000000E+00  0.000000E+00  0.304044E+04  0.282845E+06
  0.671015E+00  0.280501E+06  0.279268E+06  0.000000E+00  0.000000E+00  0.294224E+04  0.278567E+06
  0.677626E+00  0.276241E+06  0.275026E+06  0.000000E+00  0.000000E+00  0.284698E+04  0.274337E+06
  0.684302E+00  0.272034E+06  0.270836E+06  0.000000E+00  0.000000E+00  0.275462E+04  0.270158E+06
  0.691044E+00  0.267887E+06  0.266706E+06  0.000000E+00  0.000000E+00  0.266516E+04  0.266039E+06
  0.697852E+00  0.263807E+06  0.262643E+06  0.000000E+00  0.000000E+00  0.257860E+04  0.261986E+06
  0.704728E+00  0.259795E+06  0.258648E+06  0.000000E+00  0.000000E+00  0.249485E+04  0.258001E+06
  0.711671E+00  0.255851E+06  0.254723E+06  0.000000E+00  0.000000E+00  0.241386E+04  0.254085E+06
  0.718682E+00  0.251975E+06  0.250864E+06  0.000000E+00  0.000000E+00  0.233551E+04  0.250235E+06
  0.725763E+00  0.248158E+06  0.247065E+06  0.000000E+00  0.000000E+00  0.225968E+04  0.246445E+06
  0.732913E+00  0.244398E+06  0.243322E+06  0.000000E+00  0.000000E+00  0.218625E+04  0.242710E+06
  0.740134E+00  0.240687E+06  0.239628E+06  0.000000E+00  0.000000E+00  0.211511E+04  0.239025E+06
  0.747426E+00  0.237023E+06  0.235980E+06  0.000000E+00  0.000000E+00  0.204616E+04  0.235386E+06
  0.754790E+00  0.233405E+06  0.232378E+06  0.000000E+00  0.000000E+00  0.197934E+04  0.231793E+06
  0.762226E+00  0.229833E+06  0.228821E+06  0.000000E+00  0.000000E+00  0.191459E+04  0.228245E+06
  0.769736E+00  0.226309E+06  0.225312E+06  0.000000E+00  0.000000E+00  0.185187E+04  0.224745E+06
  0.777319E+00  0.222837E+06  0.221855E+06  0.000000E+00  0.000000E+00  0.179116E+04  0.221297E+06
  0.784977E+00  0.219418E+06  0.218451E+06  0.000000E+00  0.000000E+00  0.173240E+04  0.217901E+06
  0.792711E+00  0.216052E+06  0.215100E+06  0.000000E+00  0.000000E+00  0.167555E+04  0.214559E+06
  0.800521E+00  0.212740E+06  0.211803E+06  0.000000E+00  0.000000E+00  0.162055E+04  0.211269E+06
  0.808408E+00  0.209478E+06  0.208556E+06  0.000000E+00  0.000000E+00  0.156733E+04  0.208030E+06
  0.816372E+00  0.206265E+06  0.205357E+06  0.000000E+00  0.000000E+00  0.151582E+04  0.204839E+06
  0.824415E+00  0.203098E+06  0.202204E+06  0.000000E+00  0.000000E+00  0.146595E+04  0.201693E+06
  0.871512E+00  0.185971E+06  0.185152E+06  0.000000E+00  0.000000E+00  0.121194E+04  0.184684E+06
  0.921300E+00  0.170233E+06  0.169484E+06  0.000000E+00  0.000000E+00  0.100110E+04  0.169054E+06
  0.973932E+00  0.155761E+06  0.155075E+06  0.000000E+00  0.000000E+00  0.826189E+03  0.154682E+06
  0.102957E+01  0.142466E+06  0.141839E+06  0.000000E+00  0.000000E+00  0.681267E+03  0.141479E+06
  0.108839E+01  0.130258E+06  0.129684E+06  0.000000E+00  0.000000E+00  0.561305E+03  0.129354E+06
  0.115056E+01  0.119052E+06  0.118528E+06  0.000000E+00  0.000000E+00  0.462104E+03  0.118226E+06
  0.121629E+01  0.108773E+06  0.108294E+06  0.000000E+00  0.000000E+00  0.380152E+03  0.108018E+06
  0.128578E+01  0.993485E+05  0.989113E+05  0.000000E+00  0.000000E+00  0.312511E+03  0.986589E+05
  0.135923E+01  0.907096E+05  0.903104E+05  0.000000E+00  0.000000E+00  0.256725E+03  0.900798E+05
  0.143688E+01  0.827948E+05  0.824305E+05  0.000000E+00  0.000000E+00  0.210757E+03  0.822198E+05
  0.151897E+01  0.755474E+05  0.752150E+05  0.000000E+00  0.000000E+00  0.172910E+03  0.750226E+05
  0.160574E+01  0.689134E+05  0.686102E+05  0.000000E+00  0.000000E+00  0.141773E+03  0.684346E+05
  0.169747E+01  0.628427E+05  0.625662E+05  0.000000E+00  0.000000E+00  0.116173E+03  0.624060E+05
  0.179445E+01  0.572901E+05  0.570381E+05  0.000000E+00  0.000000E+00  0.951428E+02  0.568920E+05
  0.189696E+01  0.522137E+05  0.519840E+05  0.000000E+00  0.000000E+00  0.106079E+03  0.518509E+05
  0.200533E+01  0.475735E+05  0.473642E+05  0.000000E+00  0.000000E+00  0.869378E+02  0.472429E+05
