    0.10000E-03    0.77254E+03
    0.10202E-03    0.78754E+03
    0.10408E-03    0.80284E+03
    0.10618E-03    0.81843E+03
    0.10833E-03    0.83432E+03
    0.11052E-03    0.85052E+03
    0.11275E-03    0.86704E+03
    0.11503E-03    0.88387E+03
    0.11735E-03    0.90103E+03
    0.11972E-03    0.91853E+03
    0.12214E-03    0.93636E+03
    0.12461E-03    0.95454E+03
    0.12712E-03    0.97307E+03
    0.12969E-03    0.99196E+03
    0.13231E-03    0.10112E+04
    0.13499E-03    0.10308E+04
    0.13771E-03    0.10509E+04
    0.14049E-03    0.10713E+04
    0.14333E-03    0.10920E+04
    0.14623E-03    0.11132E+04
    0.14918E-03    0.11348E+04
    0.15220E-03    0.11569E+04
    0.15527E-03    0.11793E+04
    0.15841E-03    0.12022E+04
    0.16161E-03    0.12255E+04
    0.16487E-03    0.12493E+04
    0.16820E-03    0.12735E+04
    0.17160E-03    0.12982E+04
    0.17507E-03    0.13234E+04
    0.17860E-03    0.13491E+04
    0.18221E-03    0.13752E+04
    0.18589E-03    0.14019E+04
    0.18965E-03    0.14291E+04
    0.19348E-03    0.14568E+04
    0.19739E-03    0.14850E+04
    0.20138E-03    0.15138E+04
    0.20544E-03    0.15431E+04
    0.20959E-03    0.15731E+04
    0.21383E-03    0.16035E+04
    0.21815E-03    0.16346E+04
    0.22255E-03    0.16663E+04
    0.22705E-03    0.16985E+04
    0.23164E-03    0.17314E+04
    0.23632E-03    0.17650E+04
    0.24109E-03    0.17991E+04
    0.24596E-03    0.18340E+04
    0.25093E-03    0.18695E+04
    0.25600E-03    0.19056E+04
    0.26117E-03    0.19425E+04
    0.26645E-03    0.19801E+04
    0.27183E-03    0.20184E+04
    0.27732E-03    0.20574E+04
    0.28292E-03    0.20972E+04
    0.28864E-03    0.21378E+04
    0.29447E-03    0.21791E+04
    0.30042E-03    0.22212E+04
    0.30649E-03    0.22641E+04
    0.31268E-03    0.23078E+04
    0.31899E-03    0.23524E+04
    0.32544E-03    0.23978E+04
    0.33201E-03    0.24441E+04
    0.33872E-03    0.24913E+04
    0.34556E-03    0.25393E+04
    0.35254E-03    0.25883E+04
    0.35966E-03    0.26382E+04
    0.36693E-03    0.26890E+04
    0.37434E-03    0.27408E+04
    0.38190E-03    0.27936E+04
    0.38962E-03    0.28474E+04
    0.39749E-03    0.29022E+04
    0.40552E-03    0.29581E+04
    0.41371E-03    0.30150E+04
    0.42207E-03    0.30730E+04
    0.43060E-03    0.31320E+04
    0.43929E-03    0.31922E+04
    0.44817E-03    0.32535E+04
    0.45722E-03    0.33159E+04
    0.46646E-03    0.33796E+04
    0.47588E-03    0.34444E+04
    0.48550E-03    0.35104E+04
    0.49530E-03    0.35777E+04
    0.50531E-03    0.36462E+04
    0.51552E-03    0.37160E+04
    0.52593E-03    0.37870E+04
    0.53656E-03    0.38594E+04
    0.54739E-03    0.39332E+04
    0.55845E-03    0.40083E+04
    0.56973E-03    0.40848E+04
    0.58124E-03    0.41627E+04
    0.59299E-03    0.42421E+04
    0.60496E-03    0.43229E+04
    0.61719E-03    0.44051E+04
    0.62965E-03    0.44889E+04
    0.64237E-03    0.45743E+04
    0.65535E-03    0.46611E+04
    0.66859E-03    0.47496E+04
    0.68210E-03    0.48397E+04
    0.69588E-03    0.49314E+04
    0.70993E-03    0.50247E+04
    0.72427E-03    0.51198E+04
    0.73891E-03    0.52165E+04
    0.75383E-03    0.53150E+04
    0.76906E-03    0.54153E+04
    0.78460E-03    0.55173E+04
    0.80045E-03    0.56212E+04
    0.81662E-03    0.57269E+04
    0.83311E-03    0.58345E+04
    0.84994E-03    0.59440E+04
    0.86711E-03    0.60555E+04
    0.88463E-03    0.61688E+04
    0.90250E-03    0.62842E+04
    0.92073E-03    0.64016E+04
    0.93933E-03    0.65211E+04
    0.95831E-03    0.66426E+04
    0.97767E-03    0.67662E+04
    0.99742E-03    0.68919E+04
    0.10176E-02    0.70198E+04
    0.10381E-02    0.71499E+04
    0.10591E-02    0.72822E+04
    0.10805E-02    0.74167E+04
    0.11023E-02    0.75535E+04
    0.11246E-02    0.76926E+04
    0.11473E-02    0.78341E+04
    0.11705E-02    0.79779E+04
    0.11941E-02    0.81241E+04
    0.12182E-02    0.82727E+04
    0.12429E-02    0.84237E+04
    0.12680E-02    0.85772E+04
    0.12936E-02    0.87332E+04
    0.13197E-02    0.88917E+04
    0.13464E-02    0.90528E+04
    0.13736E-02    0.92164E+04
    0.14013E-02    0.93826E+04
    0.14296E-02    0.95514E+04
    0.14585E-02    0.97229E+04
    0.14880E-02    0.98971E+04
    0.15180E-02    0.10074E+05
    0.15487E-02    0.10253E+05
    0.15800E-02    0.10436E+05
    0.16119E-02    0.10621E+05
    0.16445E-02    0.10809E+05
    0.16777E-02    0.10999E+05
    0.17116E-02    0.11193E+05
    0.17462E-02    0.11389E+05
    0.17814E-02    0.11588E+05
    0.18174E-02    0.11790E+05
    0.18541E-02    0.11995E+05
    0.18916E-02    0.12203E+05
    0.19298E-02    0.12413E+05
    0.19688E-02    0.12627E+05
    0.20086E-02    0.12843E+05
    0.20491E-02    0.13063E+05
    0.20905E-02    0.13285E+05
    0.21328E-02    0.13510E+05
    0.21758E-02    0.13738E+05
    0.22198E-02    0.13969E+05
    0.22646E-02    0.14203E+05
    0.23104E-02    0.14440E+05
    0.23571E-02    0.14680E+05
    0.24047E-02    0.14923E+05
    0.24533E-02    0.15169E+05
    0.25028E-02    0.15417E+05
    0.25534E-02    0.15669E+05
    0.26050E-02    0.15923E+05
    0.26576E-02    0.16181E+05
    0.27113E-02    0.16441E+05
    0.27660E-02    0.16704E+05
    0.28219E-02    0.16969E+05
    0.28789E-02    0.17238E+05
    0.29371E-02    0.17509E+05
    0.29964E-02    0.17782E+05
    0.30569E-02    0.18059E+05
    0.31187E-02    0.18338E+05
    0.31817E-02    0.18620E+05
    0.32460E-02    0.18904E+05
    0.33115E-02    0.19190E+05
    0.33784E-02    0.19479E+05
    0.34467E-02    0.19771E+05
    0.35163E-02    0.20065E+05
    0.35874E-02    0.20361E+05
    0.36598E-02    0.20659E+05
    0.37338E-02    0.20959E+05
    0.38092E-02    0.21261E+05
    0.38861E-02    0.21565E+05
    0.39646E-02    0.21871E+05
    0.40447E-02    0.22179E+05
    0.41264E-02    0.22488E+05
    0.42098E-02    0.22799E+05
    0.42948E-02    0.23112E+05
    0.43816E-02    0.23425E+05
    0.44701E-02    0.23740E+05
    0.45604E-02    0.24056E+05
    0.46525E-02    0.24373E+05
    0.47465E-02    0.24691E+05
    0.48424E-02    0.25010E+05
    0.49402E-02    0.25333E+05
    0.50400E-02    0.25548E+05
    0.51419E-02    0.25873E+05
    0.52457E-02    0.26190E+05
    0.53517E-02    0.26507E+05
    0.54598E-02    0.26823E+05
    0.55701E-02    0.27139E+05
    0.56826E-02    0.27455E+05
    0.57974E-02    0.27769E+05
    0.59145E-02    0.28083E+05
    0.60340E-02    0.28395E+05
    0.61559E-02    0.28706E+05
    0.62803E-02    0.29015E+05
    0.64072E-02    0.29322E+05
    0.65366E-02    0.29627E+05
    0.66686E-02    0.29929E+05
    0.68033E-02    0.30229E+05
    0.69408E-02    0.30526E+05
    0.70810E-02    0.30820E+05
    0.72240E-02    0.31111E+05
    0.73700E-02    0.31397E+05
    0.75189E-02    0.31680E+05
    0.76708E-02    0.31959E+05
    0.78257E-02    0.32233E+05
    0.79838E-02    0.32502E+05
    0.81451E-02    0.32766E+05
    0.83096E-02    0.33024E+05
    0.84775E-02    0.33277E+05
    0.86488E-02    0.33523E+05
    0.88235E-02    0.33763E+05
    0.90017E-02    0.33996E+05
    0.91836E-02    0.34222E+05
    0.93691E-02    0.34441E+05
    0.95583E-02    0.34651E+05
    0.97514E-02    0.34853E+05
    0.99484E-02    0.35047E+05
    0.10149E-01    0.35232E+05
    0.10354E-01    0.35407E+05
    0.10564E-01    0.35572E+05
    0.10777E-01    0.35728E+05
    0.10995E-01    0.35872E+05
    0.11217E-01    0.36006E+05
    0.11443E-01    0.36129E+05
    0.11675E-01    0.36239E+05
    0.11910E-01    0.36338E+05
    0.12151E-01    0.36424E+05
    0.12397E-01    0.36498E+05
    0.12647E-01    0.36558E+05
    0.12902E-01    0.36604E+05
    0.13163E-01    0.36637E+05
    0.13429E-01    0.36655E+05
    0.13700E-01    0.36658E+05
    0.13977E-01    0.36647E+05
    0.14259E-01    0.36620E+05
    0.14547E-01    0.36578E+05
    0.14841E-01    0.36519E+05
    0.15141E-01    0.36445E+05
    0.15447E-01    0.36354E+05
    0.15759E-01    0.36246E+05
    0.16077E-01    0.36122E+05
    0.16402E-01    0.35981E+05
    0.16734E-01    0.35823E+05
    0.17072E-01    0.35647E+05
    0.17416E-01    0.35454E+05
    0.17768E-01    0.35245E+05
    0.18127E-01    0.35017E+05
    0.18493E-01    0.34773E+05
    0.18867E-01    0.34512E+05
    0.19248E-01    0.34234E+05
    0.19637E-01    0.33940E+05
    0.20034E-01    0.33629E+05
    0.20438E-01    0.33303E+05
    0.20851E-01    0.32960E+05
    0.21272E-01    0.32603E+05
    0.21702E-01    0.32232E+05
    0.22141E-01    0.31846E+05
    0.22588E-01    0.31447E+05
    0.23044E-01    0.31036E+05
    0.23510E-01    0.30613E+05
    0.23985E-01    0.30180E+05
    0.24469E-01    0.29736E+05
    0.24964E-01    0.29283E+05
    0.25468E-01    0.28822E+05
    0.25982E-01    0.28355E+05
    0.26507E-01    0.27882E+05
    0.27043E-01    0.27404E+05
    0.27589E-01    0.26923E+05
    0.28146E-01    0.26439E+05
    0.28715E-01    0.25955E+05
    0.29295E-01    0.25471E+05
    0.29887E-01    0.24989E+05
    0.30490E-01    0.24511E+05
    0.31106E-01    0.24036E+05
    0.31735E-01    0.23567E+05
    0.32376E-01    0.23104E+05
    0.33030E-01    0.22650E+05
    0.33697E-01    0.22205E+05
    0.34378E-01    0.21770E+05
    0.35072E-01    0.21346E+05
    0.35781E-01    0.20933E+05
    0.36504E-01    0.20534E+05
    0.37241E-01    0.20148E+05
    0.37993E-01    0.19776E+05
    0.38761E-01    0.19419E+05
    0.39544E-01    0.19076E+05
    0.40343E-01    0.18747E+05
    0.41158E-01    0.18434E+05
    0.41989E-01    0.18134E+05
    0.42838E-01    0.17848E+05
    0.43703E-01    0.17576E+05
    0.44586E-01    0.17315E+05
    0.45486E-01    0.17066E+05
    0.46405E-01    0.16827E+05
    0.47343E-01    0.16597E+05
    0.48299E-01    0.16373E+05
    0.49275E-01    0.16155E+05
    0.50270E-01    0.15940E+05
    0.51286E-01    0.15726E+05
    0.52322E-01    0.15511E+05
    0.53379E-01    0.15293E+05
    0.54457E-01    0.15070E+05
    0.55557E-01    0.14840E+05
    0.56680E-01    0.14600E+05
    0.57825E-01    0.14349E+05
    0.58993E-01    0.14086E+05
    0.60184E-01    0.13810E+05
    0.61400E-01    0.13519E+05
    0.62641E-01    0.13214E+05
    0.63906E-01    0.12894E+05
    0.65197E-01    0.12562E+05
    0.66514E-01    0.12217E+05
    0.67858E-01    0.11861E+05
    0.69229E-01    0.11499E+05
    0.70627E-01    0.11131E+05
    0.72054E-01    0.10761E+05
    0.73510E-01    0.10394E+05
    0.74994E-01    0.10032E+05
    0.76509E-01    0.96784E+04
    0.78055E-01    0.93380E+04
    0.79632E-01    0.90136E+04
    0.81241E-01    0.87078E+04
    0.82882E-01    0.84232E+04
    0.84556E-01    0.81614E+04
    0.86264E-01    0.79233E+04
    0.88007E-01    0.77092E+04
    0.89785E-01    0.75185E+04
    0.91598E-01    0.73498E+04
    0.93449E-01    0.72008E+04
    0.95337E-01    0.70686E+04
    0.97263E-01    0.69495E+04
    0.99227E-01    0.68392E+04
    0.10123E+00    0.67332E+04
    0.10328E+00    0.66268E+04
    0.10536E+00    0.65155E+04
    0.10749E+00    0.63954E+04
    0.10966E+00    0.62631E+04
    0.11188E+00    0.61167E+04
    0.11414E+00    0.59554E+04
    0.11644E+00    0.57799E+04
    0.11880E+00    0.55926E+04
    0.12120E+00    0.53970E+04
    0.12365E+00    0.51976E+04
    0.12614E+00    0.49995E+04
    0.12869E+00    0.48079E+04
    0.13129E+00    0.46275E+04
    0.13394E+00    0.44623E+04
    0.13665E+00    0.43150E+04
    0.13941E+00    0.41867E+04
    0.14223E+00    0.40770E+04
    0.14510E+00    0.39840E+04
    0.14803E+00    0.39046E+04
    0.15102E+00    0.38345E+04
    0.15407E+00    0.37686E+04
    0.15718E+00    0.37019E+04
    0.16036E+00    0.36300E+04
    0.16360E+00    0.35498E+04
    0.16690E+00    0.34596E+04
    0.17028E+00    0.33598E+04
    0.17371E+00    0.32529E+04
    0.17722E+00    0.31427E+04
    0.18080E+00    0.30337E+04
    0.18446E+00    0.29302E+04
    0.18818E+00    0.28359E+04
    0.19198E+00    0.27529E+04
    0.19586E+00    0.26815E+04
    0.19982E+00    0.26203E+04
    0.20386E+00    0.25667E+04
    0.20797E+00    0.25167E+04
    0.21218E+00    0.24668E+04
    0.21646E+00    0.24138E+04
    0.22083E+00    0.23561E+04
    0.22530E+00    0.22937E+04
    0.22985E+00    0.22285E+04
    0.23449E+00    0.21631E+04
    0.23923E+00    0.21005E+04
    0.24406E+00    0.20430E+04
    0.24899E+00    0.19917E+04
    0.25402E+00    0.19463E+04
    0.25915E+00    0.19051E+04
    0.26439E+00    0.18658E+04
    0.26973E+00    0.18264E+04
    0.27518E+00    0.17855E+04
    0.28074E+00    0.17429E+04
    0.28641E+00    0.16996E+04
    0.29219E+00    0.16572E+04
    0.29810E+00    0.16170E+04
    0.30412E+00    0.15799E+04
    0.31026E+00    0.15458E+04
    0.31653E+00    0.15137E+04
    0.32292E+00    0.14825E+04
    0.32945E+00    0.14513E+04
    0.33610E+00    0.14198E+04
    0.34289E+00    0.13885E+04
    0.34982E+00    0.13579E+04
    0.35689E+00    0.13288E+04
    0.36409E+00    0.13014E+04
    0.37145E+00    0.12752E+04
    0.37895E+00    0.12498E+04
    0.38661E+00    0.12247E+04
    0.39442E+00    0.11999E+04
    0.40239E+00    0.11756E+04
    0.41052E+00    0.11521E+04
    0.41881E+00    0.11294E+04
    0.42727E+00    0.11076E+04
    0.43590E+00    0.10864E+04
    0.44471E+00    0.10656E+04
    0.45369E+00    0.10452E+04
    0.46286E+00    0.10252E+04
    0.47221E+00    0.10059E+04
    0.48174E+00    0.98708E+03
    0.49148E+00    0.96875E+03
    0.50141E+00    0.95081E+03
    0.51153E+00    0.93325E+03
    0.52187E+00    0.91609E+03
    0.53241E+00    0.89934E+03
    0.54317E+00    0.88297E+03
    0.55414E+00    0.86695E+03
    0.56533E+00    0.85126E+03
    0.57675E+00    0.83588E+03
    0.58840E+00    0.82082E+03
    0.60029E+00    0.80606E+03
    0.61242E+00    0.79159E+03
    0.62479E+00    0.77739E+03
    0.63741E+00    0.76345E+03
    0.65029E+00    0.74976E+03
    0.66342E+00    0.73631E+03
    0.67683E+00    0.72309E+03
    0.69050E+00    0.71009E+03
    0.70445E+00    0.69731E+03
    0.71868E+00    0.68473E+03
    0.73320E+00    0.67235E+03
    0.74801E+00    0.66016E+03
    0.76312E+00    0.64815E+03
    0.77854E+00    0.63631E+03
    0.79426E+00    0.62465E+03
    0.81031E+00    0.61315E+03
    0.82668E+00    0.60181E+03
    0.84338E+00    0.59062E+03
    0.86041E+00    0.57958E+03
    0.87780E+00    0.56868E+03
    0.89553E+00    0.55793E+03
    0.91362E+00    0.54731E+03
    0.93208E+00    0.53682E+03
    0.95091E+00    0.52647E+03
    0.97011E+00    0.51623E+03
    0.98971E+00    0.50613E+03
    0.10097E+01    0.49614E+03
    0.10301E+01    0.48627E+03
    0.10509E+01    0.47652E+03
    0.10721E+01    0.46688E+03
    0.10938E+01    0.45736E+03
    0.11159E+01    0.44794E+03
    0.11384E+01    0.43864E+03
    0.11614E+01    0.42945E+03
    0.11849E+01    0.42036E+03
    0.12088E+01    0.41138E+03
    0.12333E+01    0.40251E+03
    0.12582E+01    0.39374E+03
    0.12836E+01    0.38508E+03
    0.13095E+01    0.37652E+03
    0.13360E+01    0.36807E+03
    0.13630E+01    0.35972E+03
    0.13905E+01    0.35148E+03
    0.14186E+01    0.34334E+03
    0.14472E+01    0.33531E+03
    0.14765E+01    0.32739E+03
    0.15063E+01    0.31957E+03
    0.15367E+01    0.31185E+03
    0.15678E+01    0.30424E+03
    0.15994E+01    0.29674E+03
    0.16318E+01    0.28935E+03
    0.16647E+01    0.28206E+03
    0.16984E+01    0.27489E+03
    0.17327E+01    0.26782E+03
    0.17677E+01    0.26086E+03
    0.18034E+01    0.25402E+03
    0.18398E+01    0.24728E+03
    0.18770E+01    0.24066E+03
    0.19149E+01    0.23416E+03
    0.19536E+01    0.22776E+03
    0.19930E+01    0.22146E+03
    0.20333E+01    0.21527E+03
    0.20744E+01    0.20923E+03
