  0.745045E-04  0.198020E+08  0.198020E+08  0.257044E+08  0.257033E+08  0.198012E+08  0.198020E+08
  0.809793E-04  0.198018E+08  0.198018E+08  0.255793E+08  0.255781E+08  0.198008E+08  0.198018E+08
  0.880167E-04  0.198015E+08  0.198015E+08  0.254322E+08  0.254308E+08  0.198003E+08  0.198015E+08
  0.956657E-04  0.198012E+08  0.198012E+08  0.252594E+08  0.252578E+08  0.197997E+08  0.198012E+08
  0.103979E-03  0.198008E+08  0.198008E+08  0.250567E+08  0.250548E+08  0.197990E+08  0.198008E+08
  0.113016E-03  0.198004E+08  0.198004E+08  0.248192E+08  0.248169E+08  0.197982E+08  0.198004E+08
  0.122837E-03  0.197999E+08  0.197999E+08  0.245412E+08  0.245385E+08  0.197972E+08  0.197999E+08
  0.133512E-03  0.197993E+08  0.197993E+08  0.242165E+08  0.242134E+08  0.197961E+08  0.197993E+08
  0.145115E-03  0.197986E+08  0.197986E+08  0.238380E+08  0.238344E+08  0.197948E+08  0.197986E+08
  0.157726E-03  0.197978E+08  0.197978E+08  0.233978E+08  0.233936E+08  0.197932E+08  0.197977E+08
  0.171433E-03  0.197968E+08  0.197968E+08  0.228873E+08  0.228826E+08  0.197913E+08  0.197967E+08
  0.186331E-03  0.197956E+08  0.197956E+08  0.222975E+08  0.222921E+08  0.197891E+08  0.197956E+08
  0.202524E-03  0.197943E+08  0.197943E+08  0.216187E+08  0.216126E+08  0.197865E+08  0.197942E+08
  0.220125E-03  0.197927E+08  0.197927E+08  0.208414E+08  0.208345E+08  0.197834E+08  0.197926E+08
  0.239254E-03  0.197908E+08  0.197908E+08  0.199562E+08  0.199486E+08  0.197798E+08  0.197907E+08
  0.260046E-03  0.197886E+08  0.197885E+08  0.189553E+08  0.189469E+08  0.197756E+08  0.197885E+08
  0.282645E-03  0.197859E+08  0.197859E+08  0.178329E+08  0.178238E+08  0.197706E+08  0.197858E+08
  0.307209E-03  0.197829E+08  0.197829E+08  0.165865E+08  0.165768E+08  0.197647E+08  0.197828E+08
  0.333906E-03  0.197793E+08  0.197793E+08  0.152189E+08  0.152088E+08  0.197577E+08  0.197792E+08
  0.362924E-03  0.197751E+08  0.197751E+08  0.137397E+08  0.137295E+08  0.197496E+08  0.197750E+08
  0.394464E-03  0.197702E+08  0.197702E+08  0.121674E+08  0.121575E+08  0.197401E+08  0.197700E+08
  0.428744E-03  0.197645E+08  0.197645E+08  0.105313E+08  0.105221E+08  0.197289E+08  0.197643E+08
  0.466004E-03  0.197578E+08  0.197578E+08  0.887237E+07  0.886457E+07  0.197158E+08  0.197576E+08
  0.506501E-03  0.197501E+08  0.197501E+08  0.724368E+07  0.723776E+07  0.197004E+08  0.197498E+08
  0.550518E-03  0.197411E+08  0.197411E+08  0.570773E+07  0.570418E+07  0.196825E+08  0.197407E+08
  0.598361E-03  0.197307E+08  0.197307E+08  0.433134E+07  0.433044E+07  0.196617E+08  0.197303E+08
  0.650360E-03  0.197188E+08  0.197187E+08  0.317662E+07  0.317828E+07  0.196374E+08  0.197182E+08
  0.706879E-03  0.197050E+08  0.197049E+08  0.228853E+07  0.229219E+07  0.196092E+08  0.197044E+08
  0.768310E-03  0.196891E+08  0.196891E+08  0.168102E+07  0.168559E+07  0.195765E+08  0.196884E+08
  0.835079E-03  0.196710E+08  0.196709E+08  0.132591E+07  0.132994E+07  0.195387E+08  0.196702E+08
  0.907651E-03  0.196504E+08  0.196503E+08  0.115122E+07  0.115333E+07  0.194951E+08  0.196494E+08
  0.986530E-03  0.196268E+08  0.196267E+08  0.105572E+07  0.105518E+07  0.194448E+08  0.196257E+08
  0.107226E-02  0.196001E+08  0.195999E+08  0.941795E+06  0.939145E+06  0.193870E+08  0.195987E+08
  0.116545E-02  0.195698E+08  0.195696E+08  0.757827E+06  0.754853E+06  0.193207E+08  0.195682E+08
  0.126673E-02  0.195354E+08  0.195352E+08  0.525809E+06  0.524632E+06  0.192449E+08  0.195336E+08
  0.137681E-02  0.194967E+08  0.194964E+08  0.325002E+06  0.326395E+06  0.191585E+08  0.194945E+08
  0.149646E-02  0.194530E+08  0.194527E+08  0.224524E+06  0.226851E+06  0.190603E+08  0.194504E+08
  0.162651E-02  0.194038E+08  0.194034E+08  0.211447E+06  0.211989E+06  0.189490E+08  0.194009E+08
  0.176786E-02  0.193485E+08  0.193481E+08  0.198314E+06  0.196598E+06  0.188236E+08  0.193451E+08
  0.192150E-02  0.192865E+08  0.192861E+08  0.130920E+06  0.129812E+06  0.186827E+08  0.192827E+08
  0.208848E-02  0.192172E+08  0.192167E+08  0.634917E+05  0.647594E+05  0.185254E+08  0.192128E+08
  0.226998E-02  0.191399E+08  0.191393E+08  0.576607E+05  0.583033E+05  0.183507E+08  0.191348E+08
  0.246725E-02  0.190538E+08  0.190531E+08  0.597801E+05  0.578283E+05  0.181576E+08  0.190480E+08
  0.268167E-02  0.189581E+08  0.189573E+08  0.231964E+05  0.233876E+05  0.179456E+08  0.189516E+08
  0.291471E-02  0.188521E+08  0.188511E+08  0.157400E+05  0.165754E+05  0.177141E+08  0.188448E+08
  0.316801E-02  0.187350E+08  0.187338E+08  0.194828E+05  0.182675E+05  0.174627E+08  0.187268E+08
  0.344333E-02  0.186059E+08  0.186046E+08  0.942009E+03  0.108477E+04  0.171910E+08  0.185968E+08
  0.374257E-02  0.184642E+08  0.184626E+08  0.973324E+04  0.722976E+04  0.168986E+08  0.184541E+08
  0.406781E-02  0.183089E+08  0.183070E+08 -0.626174E+03 -0.297069E+04  0.165847E+08  0.182977E+08
  0.442132E-02  0.181392E+08  0.181371E+08  0.267180E+04  0.145468E+04  0.162486E+08  0.181270E+08
  0.480555E-02  0.179545E+08  0.179520E+08 -0.578597E+04 -0.446829E+04  0.158893E+08  0.179411E+08
  0.484576E-02  0.179351E+08  0.179326E+08 -0.525712E+04 -0.403661E+04  0.158520E+08  0.179217E+08
  0.488631E-02  0.179156E+08  0.179130E+08 -0.438551E+04 -0.339780E+04  0.158145E+08  0.179020E+08
  0.492720E-02  0.178960E+08  0.178933E+08 -0.329869E+04 -0.265995E+04  0.157768E+08  0.178823E+08
  0.496843E-02  0.178762E+08  0.178735E+08 -0.215282E+04 -0.194455E+04  0.157388E+08  0.178623E+08
  0.501001E-02  0.178562E+08  0.178535E+08 -0.111129E+04 -0.136849E+04  0.157005E+08  0.178422E+08
  0.505194E-02  0.178360E+08  0.178333E+08 -0.321587E+03 -0.102622E+04  0.156621E+08  0.178220E+08
  0.509421E-02  0.178157E+08  0.178129E+08  0.106175E+03 -0.974979E+03  0.156233E+08  0.178015E+08
  0.513684E-02  0.177953E+08  0.177924E+08  0.115820E+03 -0.122533E+04  0.155843E+08  0.177809E+08
  0.517983E-02  0.177746E+08  0.177717E+08 -0.286090E+03 -0.173902E+04  0.155451E+08  0.177602E+08
  0.522317E-02  0.177538E+08  0.177509E+08 -0.103091E+04 -0.243461E+04  0.155056E+08  0.177392E+08
  0.526688E-02  0.177329E+08  0.177299E+08 -0.199836E+04 -0.320050E+04  0.154659E+08  0.177182E+08
  0.531095E-02  0.177117E+08  0.177087E+08 -0.303540E+04 -0.391329E+04  0.154259E+08  0.176969E+08
  0.535540E-02  0.176904E+08  0.176873E+08 -0.398096E+04 -0.445877E+04  0.153857E+08  0.176755E+08
  0.540021E-02  0.176689E+08  0.176658E+08 -0.469234E+04 -0.475180E+04  0.153452E+08  0.176538E+08
  0.544540E-02  0.176473E+08  0.176441E+08 -0.506915E+04 -0.475172E+04  0.153045E+08  0.176321E+08
  0.549097E-02  0.176255E+08  0.176222E+08 -0.507021E+04 -0.447012E+04  0.152635E+08  0.176101E+08
  0.553692E-02  0.176035E+08  0.176002E+08 -0.472049E+04 -0.396936E+04  0.152222E+08  0.175880E+08
  0.558325E-02  0.175813E+08  0.175780E+08 -0.410614E+04 -0.335162E+04  0.151807E+08  0.175657E+08
  0.562997E-02  0.175590E+08  0.175556E+08 -0.335842E+04 -0.274011E+04  0.151390E+08  0.175432E+08
  0.567709E-02  0.175365E+08  0.175330E+08 -0.262885E+04 -0.225575E+04  0.150970E+08  0.175206E+08
  0.572459E-02  0.175138E+08  0.175103E+08 -0.206025E+04 -0.199363E+04  0.150547E+08  0.174978E+08
  0.577250E-02  0.174909E+08  0.174874E+08 -0.175903E+04 -0.200395E+04  0.150122E+08  0.174748E+08
  0.582080E-02  0.174679E+08  0.174643E+08 -0.177430E+04 -0.228142E+04  0.149694E+08  0.174516E+08
  0.586951E-02  0.174447E+08  0.174410E+08 -0.208836E+04 -0.276572E+04  0.149264E+08  0.174283E+08
  0.591863E-02  0.174213E+08  0.174175E+08 -0.262074E+04 -0.335347E+04  0.148831E+08  0.174048E+08
  0.596816E-02  0.173977E+08  0.173939E+08 -0.324568E+04 -0.391955E+04  0.148396E+08  0.173810E+08
  0.601810E-02  0.173740E+08  0.173701E+08 -0.381953E+04 -0.434376E+04  0.147958E+08  0.173572E+08
  0.606846E-02  0.173500E+08  0.173461E+08 -0.421265E+04 -0.453707E+04  0.147517E+08  0.173331E+08
  0.611924E-02  0.173259E+08  0.173219E+08 -0.433873E+04 -0.446180E+04  0.147074E+08  0.173088E+08
  0.617045E-02  0.173016E+08  0.172976E+08 -0.417485E+04 -0.414065E+04  0.146629E+08  0.172844E+08
  0.622208E-02  0.172771E+08  0.172730E+08 -0.376715E+04 -0.365219E+04  0.146180E+08  0.172598E+08
  0.627415E-02  0.172525E+08  0.172483E+08 -0.322029E+04 -0.311324E+04  0.145730E+08  0.172350E+08
  0.632665E-02  0.172276E+08  0.172234E+08  0.000000E+00  0.000000E+00  0.145277E+08  0.172100E+08
  0.637960E-02  0.172026E+08  0.171983E+08  0.000000E+00  0.000000E+00  0.144821E+08  0.171848E+08
  0.643298E-02  0.171774E+08  0.171730E+08  0.000000E+00  0.000000E+00  0.144363E+08  0.171595E+08
  0.648681E-02  0.171520E+08  0.171475E+08  0.000000E+00  0.000000E+00  0.143902E+08  0.171339E+08
  0.654110E-02  0.171264E+08  0.171219E+08  0.000000E+00  0.000000E+00  0.143439E+08  0.171082E+08
  0.659583E-02  0.171006E+08  0.170960E+08  0.000000E+00  0.000000E+00  0.142973E+08  0.170823E+08
  0.665103E-02  0.170746E+08  0.170700E+08  0.000000E+00  0.000000E+00  0.142505E+08  0.170562E+08
  0.670669E-02  0.170485E+08  0.170437E+08  0.000000E+00  0.000000E+00  0.142034E+08  0.170299E+08
  0.676281E-02  0.170221E+08  0.170173E+08  0.000000E+00  0.000000E+00  0.141561E+08  0.170034E+08
  0.681940E-02  0.169956E+08  0.169907E+08  0.000000E+00  0.000000E+00  0.141086E+08  0.169767E+08
  0.687647E-02  0.169688E+08  0.169639E+08  0.000000E+00  0.000000E+00  0.140608E+08  0.169498E+08
  0.693401E-02  0.169419E+08  0.169369E+08  0.000000E+00  0.000000E+00  0.140127E+08  0.169227E+08
  0.699203E-02  0.169148E+08  0.169097E+08  0.000000E+00  0.000000E+00  0.139644E+08  0.168954E+08
  0.705054E-02  0.168874E+08  0.168823E+08  0.000000E+00  0.000000E+00  0.139159E+08  0.168680E+08
  0.710954E-02  0.168599E+08  0.168547E+08  0.000000E+00  0.000000E+00  0.138671E+08  0.168403E+08
  0.716904E-02  0.168322E+08  0.168269E+08  0.000000E+00  0.000000E+00  0.138181E+08  0.168125E+08
  0.722903E-02  0.168043E+08  0.167989E+08  0.000000E+00  0.000000E+00  0.137688E+08  0.167844E+08
  0.728952E-02  0.167762E+08  0.167707E+08  0.000000E+00  0.000000E+00  0.137193E+08  0.167561E+08
  0.735052E-02  0.167479E+08  0.167423E+08  0.000000E+00  0.000000E+00  0.136696E+08  0.167277E+08
  0.741203E-02  0.167194E+08  0.167137E+08  0.000000E+00  0.000000E+00  0.136196E+08  0.166990E+08
  0.747406E-02  0.166907E+08  0.166849E+08  0.000000E+00  0.000000E+00  0.135694E+08  0.166702E+08
  0.753660E-02  0.166618E+08  0.166559E+08  0.000000E+00  0.000000E+00  0.135190E+08  0.166411E+08
  0.759967E-02  0.166327E+08  0.166267E+08  0.000000E+00  0.000000E+00  0.134683E+08  0.166119E+08
  0.766327E-02  0.166033E+08  0.165973E+08  0.000000E+00  0.000000E+00  0.134174E+08  0.165824E+08
  0.772739E-02  0.165738E+08  0.165677E+08  0.000000E+00  0.000000E+00  0.133663E+08  0.165527E+08
  0.779206E-02  0.165441E+08  0.165379E+08  0.000000E+00  0.000000E+00  0.133149E+08  0.165229E+08
  0.785726E-02  0.165142E+08  0.165078E+08  0.000000E+00  0.000000E+00  0.132633E+08  0.164928E+08
  0.792301E-02  0.164840E+08  0.164776E+08  0.000000E+00  0.000000E+00  0.132115E+08  0.164625E+08
  0.798931E-02  0.164537E+08  0.164472E+08  0.000000E+00  0.000000E+00  0.131595E+08  0.164320E+08
  0.805617E-02  0.164232E+08  0.164165E+08  0.000000E+00  0.000000E+00  0.131072E+08  0.164013E+08
  0.812359E-02  0.163924E+08  0.163857E+08  0.000000E+00  0.000000E+00  0.130547E+08  0.163704E+08
  0.819156E-02  0.163614E+08  0.163546E+08  0.000000E+00  0.000000E+00  0.130020E+08  0.163393E+08
  0.826011E-02  0.163303E+08  0.163233E+08  0.000000E+00  0.000000E+00  0.129491E+08  0.163080E+08
  0.832923E-02  0.162989E+08  0.162918E+08  0.000000E+00  0.000000E+00  0.128959E+08  0.162764E+08
  0.839893E-02  0.162673E+08  0.162601E+08  0.000000E+00  0.000000E+00  0.128426E+08  0.162447E+08
  0.846922E-02  0.162355E+08  0.162282E+08  0.000000E+00  0.000000E+00  0.127890E+08  0.162127E+08
  0.854009E-02  0.162034E+08  0.161961E+08  0.000000E+00  0.000000E+00  0.127352E+08  0.161805E+08
  0.861155E-02  0.161712E+08  0.161637E+08  0.000000E+00  0.000000E+00  0.126812E+08  0.161481E+08
  0.868362E-02  0.161388E+08  0.161312E+08  0.000000E+00  0.000000E+00  0.126270E+08  0.161155E+08
  0.875628E-02  0.161061E+08  0.160984E+08  0.000000E+00  0.000000E+00  0.125726E+08  0.160827E+08
  0.882956E-02  0.160732E+08  0.160654E+08  0.000000E+00  0.000000E+00  0.125180E+08  0.160497E+08
  0.890344E-02  0.160401E+08  0.160321E+08  0.000000E+00  0.000000E+00  0.124632E+08  0.160164E+08
  0.897795E-02  0.160068E+08  0.159987E+08  0.000000E+00  0.000000E+00  0.124082E+08  0.159829E+08
  0.905308E-02  0.159732E+08  0.159650E+08  0.000000E+00  0.000000E+00  0.123529E+08  0.159492E+08
  0.912884E-02  0.159395E+08  0.159312E+08  0.000000E+00  0.000000E+00  0.122975E+08  0.159153E+08
  0.920523E-02  0.159055E+08  0.158971E+08  0.000000E+00  0.000000E+00  0.122419E+08  0.158812E+08
  0.928226E-02  0.158713E+08  0.158627E+08  0.000000E+00  0.000000E+00  0.121861E+08  0.158468E+08
  0.935993E-02  0.158369E+08  0.158282E+08  0.000000E+00  0.000000E+00  0.121301E+08  0.158122E+08
  0.943826E-02  0.158022E+08  0.157934E+08  0.000000E+00  0.000000E+00  0.120739E+08  0.157774E+08
  0.951724E-02  0.157674E+08  0.157584E+08  0.000000E+00  0.000000E+00  0.120175E+08  0.157424E+08
  0.959688E-02  0.157323E+08  0.157232E+08  0.000000E+00  0.000000E+00  0.119609E+08  0.157072E+08
  0.967719E-02  0.156969E+08  0.156877E+08  0.000000E+00  0.000000E+00  0.119042E+08  0.156717E+08
  0.975817E-02  0.156614E+08  0.156520E+08  0.000000E+00  0.000000E+00  0.118472E+08  0.156360E+08
  0.983983E-02  0.156256E+08  0.156161E+08  0.000000E+00  0.000000E+00  0.117901E+08  0.156001E+08
  0.992217E-02  0.155896E+08  0.155800E+08  0.000000E+00  0.000000E+00  0.117328E+08  0.155639E+08
  0.100052E-01  0.155534E+08  0.155436E+08  0.000000E+00  0.000000E+00  0.116753E+08  0.155275E+08
  0.100889E-01  0.155169E+08  0.155070E+08  0.000000E+00  0.000000E+00  0.116177E+08  0.154909E+08
  0.101733E-01  0.154803E+08  0.154702E+08  0.000000E+00  0.000000E+00  0.115599E+08  0.154541E+08
  0.102585E-01  0.154433E+08  0.154331E+08  0.000000E+00  0.000000E+00  0.115019E+08  0.154170E+08
  0.103443E-01  0.154062E+08  0.153958E+08  0.000000E+00  0.000000E+00  0.114437E+08  0.153797E+08
  0.104309E-01  0.153688E+08  0.153583E+08  0.000000E+00  0.000000E+00  0.113854E+08  0.153422E+08
  0.105182E-01  0.153312E+08  0.153205E+08  0.000000E+00  0.000000E+00  0.113269E+08  0.153044E+08
  0.106062E-01  0.152934E+08  0.152825E+08  0.000000E+00  0.000000E+00  0.112683E+08  0.152664E+08
  0.106949E-01  0.152553E+08  0.152443E+08  0.000000E+00  0.000000E+00  0.112095E+08  0.152282E+08
  0.107844E-01  0.152170E+08  0.152058E+08  0.000000E+00  0.000000E+00  0.111505E+08  0.151897E+08
  0.108747E-01  0.151784E+08  0.151671E+08  0.000000E+00  0.000000E+00  0.110914E+08  0.151510E+08
  0.109657E-01  0.151396E+08  0.151281E+08  0.000000E+00  0.000000E+00  0.110322E+08  0.151120E+08
  0.110575E-01  0.151006E+08  0.150889E+08  0.000000E+00  0.000000E+00  0.109728E+08  0.150729E+08
  0.111500E-01  0.150613E+08  0.150495E+08  0.000000E+00  0.000000E+00  0.109132E+08  0.150334E+08
  0.112433E-01  0.150218E+08  0.150098E+08  0.000000E+00  0.000000E+00  0.108535E+08  0.149938E+08
  0.113374E-01  0.149821E+08  0.149699E+08  0.000000E+00  0.000000E+00  0.107937E+08  0.149539E+08
  0.114322E-01  0.149421E+08  0.149298E+08  0.000000E+00  0.000000E+00  0.107337E+08  0.149138E+08
  0.115279E-01  0.149019E+08  0.148894E+08  0.000000E+00  0.000000E+00  0.106736E+08  0.148734E+08
  0.116244E-01  0.148614E+08  0.148487E+08  0.000000E+00  0.000000E+00  0.106134E+08  0.148328E+08
  0.117217E-01  0.148207E+08  0.148078E+08  0.000000E+00  0.000000E+00  0.105531E+08  0.147919E+08
  0.118197E-01  0.147798E+08  0.147667E+08  0.000000E+00  0.000000E+00  0.104926E+08  0.147508E+08
  0.119187E-01  0.147386E+08  0.147253E+08  0.000000E+00  0.000000E+00  0.104320E+08  0.147095E+08
  0.120184E-01  0.146971E+08  0.146837E+08  0.000000E+00  0.000000E+00  0.103712E+08  0.146679E+08
  0.121190E-01  0.146555E+08  0.146418E+08  0.000000E+00  0.000000E+00  0.103104E+08  0.146261E+08
  0.122204E-01  0.146135E+08  0.145997E+08  0.000000E+00  0.000000E+00  0.102494E+08  0.145840E+08
  0.123226E-01  0.145714E+08  0.145573E+08  0.000000E+00  0.000000E+00  0.101884E+08  0.145417E+08
  0.124258E-01  0.145289E+08  0.145147E+08  0.000000E+00  0.000000E+00  0.101272E+08  0.144991E+08
  0.125297E-01  0.144863E+08  0.144718E+08  0.000000E+00  0.000000E+00  0.100659E+08  0.144563E+08
  0.126346E-01  0.144434E+08  0.144287E+08  0.000000E+00  0.000000E+00  0.100046E+08  0.144132E+08
  0.127403E-01  0.144002E+08  0.143854E+08  0.000000E+00  0.000000E+00  0.994308E+07  0.143699E+08
  0.128469E-01  0.143568E+08  0.143417E+08  0.000000E+00  0.000000E+00  0.988150E+07  0.143264E+08
  0.129544E-01  0.143131E+08  0.142979E+08  0.000000E+00  0.000000E+00  0.981984E+07  0.142825E+08
  0.130628E-01  0.142692E+08  0.142537E+08  0.000000E+00  0.000000E+00  0.975809E+07  0.142385E+08
  0.131722E-01  0.142251E+08  0.142094E+08  0.000000E+00  0.000000E+00  0.969625E+07  0.141942E+08
  0.132824E-01  0.141806E+08  0.141647E+08  0.000000E+00  0.000000E+00  0.963433E+07  0.141496E+08
  0.133935E-01  0.141360E+08  0.141199E+08  0.000000E+00  0.000000E+00  0.957233E+07  0.141048E+08
  0.135056E-01  0.140911E+08  0.140747E+08  0.000000E+00  0.000000E+00  0.951025E+07  0.140598E+08
  0.136186E-01  0.140459E+08  0.140293E+08  0.000000E+00  0.000000E+00  0.944810E+07  0.140145E+08
  0.137326E-01  0.140005E+08  0.139837E+08  0.000000E+00  0.000000E+00  0.938588E+07  0.139689E+08
  0.138475E-01  0.139548E+08  0.139378E+08  0.000000E+00  0.000000E+00  0.932360E+07  0.139231E+08
  0.139634E-01  0.139089E+08  0.138916E+08  0.000000E+00  0.000000E+00  0.926126E+07  0.138770E+08
  0.140802E-01  0.138627E+08  0.138452E+08  0.000000E+00  0.000000E+00  0.919885E+07  0.138307E+08
  0.141981E-01  0.138162E+08  0.137985E+08  0.000000E+00  0.000000E+00  0.913639E+07  0.137841E+08
  0.143169E-01  0.137696E+08  0.137516E+08  0.000000E+00  0.000000E+00  0.907388E+07  0.137373E+08
  0.144367E-01  0.137226E+08  0.137044E+08  0.000000E+00  0.000000E+00  0.901132E+07  0.136902E+08
  0.145575E-01  0.136754E+08  0.136569E+08  0.000000E+00  0.000000E+00  0.894872E+07  0.136429E+08
  0.146793E-01  0.136279E+08  0.136092E+08  0.000000E+00  0.000000E+00  0.888608E+07  0.135953E+08
  0.148021E-01  0.135802E+08  0.135613E+08  0.000000E+00  0.000000E+00  0.882340E+07  0.135474E+08
  0.149260E-01  0.135323E+08  0.135131E+08  0.000000E+00  0.000000E+00  0.876068E+07  0.134993E+08
  0.150509E-01  0.134840E+08  0.134646E+08  0.000000E+00  0.000000E+00  0.869794E+07  0.134510E+08
  0.151769E-01  0.134356E+08  0.134158E+08  0.000000E+00  0.000000E+00  0.863517E+07  0.134024E+08
  0.153039E-01  0.133868E+08  0.133668E+08  0.000000E+00  0.000000E+00  0.857238E+07  0.133535E+08
  0.154319E-01  0.133378E+08  0.133176E+08  0.000000E+00  0.000000E+00  0.850956E+07  0.133044E+08
  0.155611E-01  0.132886E+08  0.132681E+08  0.000000E+00  0.000000E+00  0.844674E+07  0.132550E+08
  0.156913E-01  0.132391E+08  0.132183E+08  0.000000E+00  0.000000E+00  0.838390E+07  0.132054E+08
  0.158226E-01  0.131893E+08  0.131683E+08  0.000000E+00  0.000000E+00  0.832106E+07  0.131555E+08
  0.159550E-01  0.131393E+08  0.131180E+08  0.000000E+00  0.000000E+00  0.825822E+07  0.131053E+08
  0.160885E-01  0.130890E+08  0.130674E+08  0.000000E+00  0.000000E+00  0.819537E+07  0.130549E+08
  0.162231E-01  0.130385E+08  0.130166E+08  0.000000E+00  0.000000E+00  0.813253E+07  0.130043E+08
  0.163589E-01  0.129877E+08  0.129656E+08  0.000000E+00  0.000000E+00  0.806970E+07  0.129534E+08
  0.164958E-01  0.129367E+08  0.129143E+08  0.000000E+00  0.000000E+00  0.800689E+07  0.129022E+08
  0.166338E-01  0.128854E+08  0.128627E+08  0.000000E+00  0.000000E+00  0.794409E+07  0.128508E+08
  0.167730E-01  0.128338E+08  0.128108E+08  0.000000E+00  0.000000E+00  0.788131E+07  0.127992E+08
  0.169134E-01  0.127820E+08  0.127588E+08  0.000000E+00  0.000000E+00  0.781856E+07  0.127472E+08
  0.170549E-01  0.127300E+08  0.127064E+08  0.000000E+00  0.000000E+00  0.775584E+07  0.126951E+08
  0.171976E-01  0.126777E+08  0.126538E+08  0.000000E+00  0.000000E+00  0.769315E+07  0.126427E+08
  0.173415E-01  0.126251E+08  0.126010E+08  0.000000E+00  0.000000E+00  0.763050E+07  0.125900E+08
  0.174867E-01  0.125723E+08  0.125479E+08  0.000000E+00  0.000000E+00  0.756790E+07  0.125371E+08
  0.176330E-01  0.125192E+08  0.124945E+08  0.000000E+00  0.000000E+00  0.750534E+07  0.124839E+08
  0.177805E-01  0.124659E+08  0.124409E+08  0.000000E+00  0.000000E+00  0.744283E+07  0.124305E+08
  0.179293E-01  0.124124E+08  0.123870E+08  0.000000E+00  0.000000E+00  0.738038E+07  0.123768E+08
  0.180794E-01  0.123586E+08  0.123329E+08  0.000000E+00  0.000000E+00  0.731799E+07  0.123229E+08
  0.182307E-01  0.123045E+08  0.122786E+08  0.000000E+00  0.000000E+00  0.725566E+07  0.122688E+08
  0.183832E-01  0.122502E+08  0.122240E+08  0.000000E+00  0.000000E+00  0.719340E+07  0.122144E+08
  0.185371E-01  0.121957E+08  0.121691E+08  0.000000E+00  0.000000E+00  0.713122E+07  0.121598E+08
  0.186922E-01  0.121409E+08  0.121140E+08  0.000000E+00  0.000000E+00  0.706911E+07  0.121049E+08
  0.188486E-01  0.120858E+08  0.120587E+08  0.000000E+00  0.000000E+00  0.700708E+07  0.120498E+08
  0.190063E-01  0.120306E+08  0.120031E+08  0.000000E+00  0.000000E+00  0.694515E+07  0.119944E+08
  0.191654E-01  0.119751E+08  0.119473E+08  0.000000E+00  0.000000E+00  0.688330E+07  0.119388E+08
  0.193257E-01  0.119193E+08  0.118912E+08  0.000000E+00  0.000000E+00  0.682155E+07  0.118830E+08
  0.194875E-01  0.118634E+08  0.118349E+08  0.000000E+00  0.000000E+00  0.675990E+07  0.118269E+08
  0.196505E-01  0.118072E+08  0.117784E+08  0.000000E+00  0.000000E+00  0.669836E+07  0.117706E+08
  0.198150E-01  0.117507E+08  0.117217E+08  0.000000E+00  0.000000E+00  0.663692E+07  0.117141E+08
  0.199808E-01  0.116941E+08  0.116647E+08  0.000000E+00  0.000000E+00  0.657561E+07  0.116574E+08
  0.201480E-01  0.116372E+08  0.116075E+08  0.000000E+00  0.000000E+00  0.651441E+07  0.116004E+08
  0.203166E-01  0.115800E+08  0.115500E+08  0.000000E+00  0.000000E+00  0.645333E+07  0.115432E+08
  0.204866E-01  0.115227E+08  0.114923E+08  0.000000E+00  0.000000E+00  0.639239E+07  0.114858E+08
  0.206580E-01  0.114651E+08  0.114345E+08  0.000000E+00  0.000000E+00  0.633158E+07  0.114282E+08
  0.208309E-01  0.114074E+08  0.113764E+08  0.000000E+00  0.000000E+00  0.627090E+07  0.113703E+08
  0.210052E-01  0.113494E+08  0.113180E+08  0.000000E+00  0.000000E+00  0.621037E+07  0.113123E+08
  0.211810E-01  0.112912E+08  0.112595E+08  0.000000E+00  0.000000E+00  0.614999E+07  0.112540E+08
  0.213583E-01  0.112328E+08  0.112008E+08  0.000000E+00  0.000000E+00  0.608976E+07  0.111955E+08
  0.215370E-01  0.111741E+08  0.111418E+08  0.000000E+00  0.000000E+00  0.602969E+07  0.111368E+08
  0.217172E-01  0.111153E+08  0.110827E+08  0.000000E+00  0.000000E+00  0.596979E+07  0.110780E+08
  0.218989E-01  0.110563E+08  0.110233E+08  0.000000E+00  0.000000E+00  0.591005E+07  0.110189E+08
  0.220822E-01  0.109971E+08  0.109638E+08  0.000000E+00  0.000000E+00  0.585048E+07  0.109596E+08
  0.222670E-01  0.109377E+08  0.109041E+08  0.000000E+00  0.000000E+00  0.579109E+07  0.109002E+08
  0.224533E-01  0.108781E+08  0.108442E+08  0.000000E+00  0.000000E+00  0.573189E+07  0.108405E+08
  0.226412E-01  0.108183E+08  0.107840E+08  0.000000E+00  0.000000E+00  0.567287E+07  0.107807E+08
  0.228307E-01  0.107584E+08  0.107238E+08  0.000000E+00  0.000000E+00  0.561404E+07  0.107207E+08
  0.230217E-01  0.106982E+08  0.106633E+08  0.000000E+00  0.000000E+00  0.555542E+07  0.106605E+08
  0.232144E-01  0.106379E+08  0.106027E+08  0.000000E+00  0.000000E+00  0.549700E+07  0.106002E+08
  0.234086E-01  0.105775E+08  0.105419E+08  0.000000E+00  0.000000E+00  0.543878E+07  0.105397E+08
  0.236045E-01  0.105168E+08  0.104809E+08  0.000000E+00  0.000000E+00  0.538078E+07  0.104790E+08
  0.238020E-01  0.104560E+08  0.104198E+08  0.000000E+00  0.000000E+00  0.532299E+07  0.104182E+08
  0.240012E-01  0.103951E+08  0.103586E+08  0.000000E+00  0.000000E+00  0.526543E+07  0.103572E+08
  0.242021E-01  0.103340E+08  0.102972E+08  0.000000E+00  0.000000E+00  0.520810E+07  0.102961E+08
  0.244046E-01  0.102728E+08  0.102356E+08  0.000000E+00  0.000000E+00  0.515101E+07  0.102349E+08
  0.246088E-01  0.102114E+08  0.101740E+08  0.000000E+00  0.000000E+00  0.509415E+07  0.101735E+08
  0.248147E-01  0.101499E+08  0.101122E+08  0.000000E+00  0.000000E+00  0.503753E+07  0.101120E+08
  0.250224E-01  0.100883E+08  0.100502E+08  0.000000E+00  0.000000E+00  0.498117E+07  0.100504E+08
  0.252318E-01  0.100266E+08  0.998819E+07  0.000000E+00  0.000000E+00  0.492506E+07  0.998861E+07
  0.254429E-01  0.996472E+07  0.992604E+07  0.000000E+00  0.000000E+00  0.486921E+07  0.992675E+07
  0.256558E-01  0.990277E+07  0.986379E+07  0.000000E+00  0.000000E+00  0.481363E+07  0.986479E+07
  0.258705E-01  0.984072E+07  0.980144E+07  0.000000E+00  0.000000E+00  0.475831E+07  0.980274E+07
  0.260870E-01  0.977858E+07  0.973900E+07  0.000000E+00  0.000000E+00  0.470328E+07  0.974059E+07
  0.263053E-01  0.971634E+07  0.967648E+07  0.000000E+00  0.000000E+00  0.464852E+07  0.967837E+07
  0.265255E-01  0.965404E+07  0.961389E+07  0.000000E+00  0.000000E+00  0.459405E+07  0.961606E+07
  0.267474E-01  0.959166E+07  0.955123E+07  0.000000E+00  0.000000E+00  0.453987E+07  0.955370E+07
  0.269713E-01  0.952922E+07  0.948852E+07  0.000000E+00  0.000000E+00  0.448598E+07  0.949126E+07
  0.271970E-01  0.946672E+07  0.942575E+07  0.000000E+00  0.000000E+00  0.443240E+07  0.942878E+07
  0.274245E-01  0.940418E+07  0.936294E+07  0.000000E+00  0.000000E+00  0.437912E+07  0.936626E+07
  0.276540E-01  0.934160E+07  0.930009E+07  0.000000E+00  0.000000E+00  0.432615E+07  0.930369E+07
  0.278854E-01  0.927898E+07  0.923722E+07  0.000000E+00  0.000000E+00  0.427350E+07  0.924110E+07
  0.281188E-01  0.921634E+07  0.917433E+07  0.000000E+00  0.000000E+00  0.422117E+07  0.917849E+07
  0.283541E-01  0.915369E+07  0.911144E+07  0.000000E+00  0.000000E+00  0.416917E+07  0.911587E+07
  0.285914E-01  0.909104E+07  0.904854E+07  0.000000E+00  0.000000E+00  0.411750E+07  0.905325E+07
  0.288306E-01  0.902839E+07  0.898566E+07  0.000000E+00  0.000000E+00  0.406616E+07  0.899063E+07
  0.290719E-01  0.896575E+07  0.892279E+07  0.000000E+00  0.000000E+00  0.401517E+07  0.892803E+07
  0.293152E-01  0.890313E+07  0.885995E+07  0.000000E+00  0.000000E+00  0.396452E+07  0.886545E+07
  0.295605E-01  0.884055E+07  0.879716E+07  0.000000E+00  0.000000E+00  0.391422E+07  0.880292E+07
  0.298078E-01  0.877801E+07  0.873441E+07  0.000000E+00  0.000000E+00  0.386427E+07  0.874042E+07
  0.300573E-01  0.871552E+07  0.867172E+07  0.000000E+00  0.000000E+00  0.381468E+07  0.867798E+07
  0.303088E-01  0.865309E+07  0.860910E+07  0.000000E+00  0.000000E+00  0.376546E+07  0.861561E+07
  0.305624E-01  0.859073E+07  0.854656E+07  0.000000E+00  0.000000E+00  0.371661E+07  0.855331E+07
  0.308182E-01  0.852846E+07  0.848411E+07  0.000000E+00  0.000000E+00  0.366812E+07  0.849109E+07
  0.310761E-01  0.846628E+07  0.842177E+07  0.000000E+00  0.000000E+00  0.362002E+07  0.842898E+07
  0.313361E-01  0.840420E+07  0.835953E+07  0.000000E+00  0.000000E+00  0.357229E+07  0.836696E+07
  0.315983E-01  0.834224E+07  0.829742E+07  0.000000E+00  0.000000E+00  0.352495E+07  0.830507E+07
  0.318628E-01  0.828040E+07  0.823545E+07  0.000000E+00  0.000000E+00  0.347800E+07  0.824331E+07
  0.321294E-01  0.821870E+07  0.817362E+07  0.000000E+00  0.000000E+00  0.343145E+07  0.818168E+07
  0.323983E-01  0.815715E+07  0.811195E+07  0.000000E+00  0.000000E+00  0.338529E+07  0.812021E+07
  0.326694E-01  0.809576E+07  0.805045E+07  0.000000E+00  0.000000E+00  0.333953E+07  0.805890E+07
  0.329428E-01  0.803454E+07  0.798913E+07  0.000000E+00  0.000000E+00  0.329418E+07  0.799776E+07
  0.332184E-01  0.797350E+07  0.792800E+07  0.000000E+00  0.000000E+00  0.324923E+07  0.793681E+07
  0.334964E-01  0.791265E+07  0.786708E+07  0.000000E+00  0.000000E+00  0.320470E+07  0.787605E+07
  0.337767E-01  0.785201E+07  0.780638E+07  0.000000E+00  0.000000E+00  0.316059E+07  0.781551E+07
  0.340594E-01  0.779159E+07  0.774590E+07  0.000000E+00  0.000000E+00  0.311690E+07  0.775518E+07
  0.343444E-01  0.773140E+07  0.768567E+07  0.000000E+00  0.000000E+00  0.307362E+07  0.769509E+07
  0.346318E-01  0.767145E+07  0.762568E+07  0.000000E+00  0.000000E+00  0.303078E+07  0.763524E+07
  0.349216E-01  0.761175E+07  0.756597E+07  0.000000E+00  0.000000E+00  0.298836E+07  0.757565E+07
  0.352138E-01  0.755232E+07  0.750653E+07  0.000000E+00  0.000000E+00  0.294638E+07  0.751633E+07
  0.355085E-01  0.749316E+07  0.744738E+07  0.000000E+00  0.000000E+00  0.290483E+07  0.745728E+07
  0.358056E-01  0.743429E+07  0.738854E+07  0.000000E+00  0.000000E+00  0.286372E+07  0.739853E+07
  0.361052E-01  0.737573E+07  0.733001E+07  0.000000E+00  0.000000E+00  0.282305E+07  0.734008E+07
  0.364074E-01  0.731747E+07  0.727180E+07  0.000000E+00  0.000000E+00  0.278282E+07  0.728195E+07
  0.367120E-01  0.725955E+07  0.721393E+07  0.000000E+00  0.000000E+00  0.274303E+07  0.722414E+07
  0.370193E-01  0.720195E+07  0.715642E+07  0.000000E+00  0.000000E+00  0.270369E+07  0.716668E+07
  0.373290E-01  0.714471E+07  0.709926E+07  0.000000E+00  0.000000E+00  0.266480E+07  0.710956E+07
  0.376414E-01  0.708782E+07  0.704247E+07  0.000000E+00  0.000000E+00  0.262635E+07  0.705281E+07
  0.379564E-01  0.703130E+07  0.698607E+07  0.000000E+00  0.000000E+00  0.258836E+07  0.699642E+07
  0.382740E-01  0.697517E+07  0.693007E+07  0.000000E+00  0.000000E+00  0.255081E+07  0.694043E+07
  0.385943E-01  0.691943E+07  0.687448E+07  0.000000E+00  0.000000E+00  0.251372E+07  0.688483E+07
  0.389173E-01  0.686410E+07  0.681931E+07  0.000000E+00  0.000000E+00  0.247708E+07  0.682964E+07
  0.392429E-01  0.680918E+07  0.676457E+07  0.000000E+00  0.000000E+00  0.244090E+07  0.677486E+07
  0.395713E-01  0.675469E+07  0.671026E+07  0.000000E+00  0.000000E+00  0.240517E+07  0.672052E+07
  0.399025E-01  0.670063E+07  0.665641E+07  0.000000E+00  0.000000E+00  0.236989E+07  0.666661E+07
  0.402364E-01  0.664702E+07  0.660302E+07  0.000000E+00  0.000000E+00  0.233507E+07  0.661315E+07
  0.405731E-01  0.659386E+07  0.655010E+07  0.000000E+00  0.000000E+00  0.230071E+07  0.656015E+07
  0.409126E-01  0.654117E+07  0.649766E+07  0.000000E+00  0.000000E+00  0.226680E+07  0.650761E+07
  0.412550E-01  0.648895E+07  0.644571E+07  0.000000E+00  0.000000E+00  0.223334E+07  0.645555E+07
  0.416002E-01  0.643721E+07  0.639425E+07  0.000000E+00  0.000000E+00  0.220034E+07  0.640398E+07
  0.419483E-01  0.638597E+07  0.634330E+07  0.000000E+00  0.000000E+00  0.216779E+07  0.635289E+07
  0.422993E-01  0.633522E+07  0.629286E+07  0.000000E+00  0.000000E+00  0.213569E+07  0.630231E+07
  0.426533E-01  0.628498E+07  0.624295E+07  0.000000E+00  0.000000E+00  0.210404E+07  0.625224E+07
  0.430102E-01  0.623525E+07  0.619356E+07  0.000000E+00  0.000000E+00  0.207284E+07  0.620268E+07
  0.433702E-01  0.618604E+07  0.614471E+07  0.000000E+00  0.000000E+00  0.204208E+07  0.615364E+07
  0.437331E-01  0.613735E+07  0.609639E+07  0.000000E+00  0.000000E+00  0.201177E+07  0.610512E+07
  0.440990E-01  0.608919E+07  0.604861E+07  0.000000E+00  0.000000E+00  0.198189E+07  0.605714E+07
  0.444681E-01  0.604156E+07  0.600138E+07  0.000000E+00  0.000000E+00  0.195245E+07  0.600968E+07
  0.448402E-01  0.599447E+07  0.595470E+07  0.000000E+00  0.000000E+00  0.192345E+07  0.596277E+07
  0.452154E-01  0.594792E+07  0.590857E+07  0.000000E+00  0.000000E+00  0.189487E+07  0.591639E+07
  0.455938E-01  0.590191E+07  0.586300E+07  0.000000E+00  0.000000E+00  0.186673E+07  0.587056E+07
  0.459753E-01  0.585644E+07  0.581799E+07  0.000000E+00  0.000000E+00  0.183900E+07  0.582528E+07
  0.463601E-01  0.581153E+07  0.577354E+07  0.000000E+00  0.000000E+00  0.181171E+07  0.578055E+07
  0.467480E-01  0.576717E+07  0.572966E+07  0.000000E+00  0.000000E+00  0.178482E+07  0.573637E+07
  0.471392E-01  0.572335E+07  0.568634E+07  0.000000E+00  0.000000E+00  0.175836E+07  0.569274E+07
  0.475337E-01  0.568009E+07  0.564357E+07  0.000000E+00  0.000000E+00  0.173230E+07  0.564966E+07
  0.479314E-01  0.563737E+07  0.560136E+07  0.000000E+00  0.000000E+00  0.170665E+07  0.560713E+07
  0.483325E-01  0.559519E+07  0.555971E+07  0.000000E+00  0.000000E+00  0.168139E+07  0.556513E+07
  0.487370E-01  0.555355E+07  0.551860E+07  0.000000E+00  0.000000E+00  0.165653E+07  0.552368E+07
  0.491448E-01  0.551244E+07  0.547804E+07  0.000000E+00  0.000000E+00  0.163205E+07  0.548276E+07
  0.495561E-01  0.547186E+07  0.543801E+07  0.000000E+00  0.000000E+00  0.160796E+07  0.544237E+07
  0.499708E-01  0.543181E+07  0.539851E+07  0.000000E+00  0.000000E+00  0.158424E+07  0.540251E+07
  0.503889E-01  0.539227E+07  0.535954E+07  0.000000E+00  0.000000E+00  0.156089E+07  0.536316E+07
  0.508106E-01  0.535324E+07  0.532109E+07  0.000000E+00  0.000000E+00  0.153790E+07  0.532432E+07
  0.512358E-01  0.531472E+07  0.528315E+07  0.000000E+00  0.000000E+00  0.151527E+07  0.528598E+07
  0.516645E-01  0.527669E+07  0.524570E+07  0.000000E+00  0.000000E+00  0.149299E+07  0.524814E+07
  0.520969E-01  0.523914E+07  0.520875E+07  0.000000E+00  0.000000E+00  0.147105E+07  0.521078E+07
  0.525328E-01  0.520206E+07  0.517227E+07  0.000000E+00  0.000000E+00  0.144945E+07  0.517389E+07
  0.529724E-01  0.516544E+07  0.513625E+07  0.000000E+00  0.000000E+00  0.142819E+07  0.513746E+07
  0.534157E-01  0.512927E+07  0.510067E+07  0.000000E+00  0.000000E+00  0.140724E+07  0.510148E+07
  0.538627E-01  0.509352E+07  0.506554E+07  0.000000E+00  0.000000E+00  0.138662E+07  0.506592E+07
  0.543134E-01  0.505820E+07  0.503081E+07  0.000000E+00  0.000000E+00  0.136630E+07  0.503079E+07
  0.547679E-01  0.502327E+07  0.499649E+07  0.000000E+00  0.000000E+00  0.134628E+07  0.499605E+07
  0.552262E-01  0.498874E+07  0.496256E+07  0.000000E+00  0.000000E+00  0.132655E+07  0.496170E+07
  0.556884E-01  0.495456E+07  0.492899E+07  0.000000E+00  0.000000E+00  0.130711E+07  0.492771E+07
  0.561544E-01  0.492074E+07  0.489577E+07  0.000000E+00  0.000000E+00  0.128795E+07  0.489407E+07
  0.566243E-01  0.488725E+07  0.486287E+07  0.000000E+00  0.000000E+00  0.126905E+07  0.486077E+07
  0.570981E-01  0.485407E+07  0.483028E+07  0.000000E+00  0.000000E+00  0.125042E+07  0.482777E+07
  0.575759E-01  0.482119E+07  0.479798E+07  0.000000E+00  0.000000E+00  0.123204E+07  0.479506E+07
  0.580577E-01  0.478857E+07  0.476594E+07  0.000000E+00  0.000000E+00  0.121392E+07  0.476263E+07
  0.585436E-01  0.475621E+07  0.473415E+07  0.000000E+00  0.000000E+00  0.119603E+07  0.473045E+07
  0.592334E-01  0.471110E+07  0.468983E+07  0.000000E+00  0.000000E+00  0.117128E+07  0.468559E+07
  0.599233E-01  0.466690E+07  0.464638E+07  0.000000E+00  0.000000E+00  0.114724E+07  0.464162E+07
  0.606132E-01  0.462351E+07  0.460372E+07  0.000000E+00  0.000000E+00  0.112387E+07  0.459848E+07
  0.613030E-01  0.458086E+07  0.456176E+07  0.000000E+00  0.000000E+00  0.110113E+07  0.455606E+07
  0.619929E-01  0.453888E+07  0.452044E+07  0.000000E+00  0.000000E+00  0.107900E+07  0.451430E+07
  0.626827E-01  0.449748E+07  0.447967E+07  0.000000E+00  0.000000E+00  0.105744E+07  0.447313E+07
  0.633726E-01  0.445661E+07  0.443939E+07  0.000000E+00  0.000000E+00  0.103642E+07  0.443247E+07
  0.640624E-01  0.441620E+07  0.439954E+07  0.000000E+00  0.000000E+00  0.101591E+07  0.439227E+07
  0.647523E-01  0.437619E+07  0.436004E+07  0.000000E+00  0.000000E+00  0.995873E+06  0.435246E+07
  0.654422E-01  0.433651E+07  0.432085E+07  0.000000E+00  0.000000E+00  0.976292E+06  0.431299E+07
  0.661320E-01  0.429713E+07  0.428191E+07  0.000000E+00  0.000000E+00  0.957143E+06  0.427381E+07
  0.668219E-01  0.425800E+07  0.424319E+07  0.000000E+00  0.000000E+00  0.938408E+06  0.423487E+07
  0.675117E-01  0.421908E+07  0.420464E+07  0.000000E+00  0.000000E+00  0.920067E+06  0.419613E+07
  0.682016E-01  0.418033E+07  0.416622E+07  0.000000E+00  0.000000E+00  0.902102E+06  0.415757E+07
  0.688914E-01  0.414172E+07  0.412790E+07  0.000000E+00  0.000000E+00  0.884497E+06  0.411913E+07
  0.695813E-01  0.410322E+07  0.408966E+07  0.000000E+00  0.000000E+00  0.867237E+06  0.408080E+07
  0.702711E-01  0.406481E+07  0.405147E+07  0.000000E+00  0.000000E+00  0.850309E+06  0.404256E+07
  0.709610E-01  0.402646E+07  0.401331E+07  0.000000E+00  0.000000E+00  0.833701E+06  0.400438E+07
  0.716509E-01  0.398817E+07  0.397517E+07  0.000000E+00  0.000000E+00  0.817401E+06  0.396625E+07
  0.723407E-01  0.394992E+07  0.393704E+07  0.000000E+00  0.000000E+00  0.801399E+06  0.392816E+07
  0.730306E-01  0.391170E+07  0.389892E+07  0.000000E+00  0.000000E+00  0.785690E+06  0.389010E+07
  0.737204E-01  0.387352E+07  0.386079E+07  0.000000E+00  0.000000E+00  0.770266E+06  0.385206E+07
  0.744103E-01  0.383536E+07  0.382266E+07  0.000000E+00  0.000000E+00  0.755122E+06  0.381405E+07
  0.751002E-01  0.379723E+07  0.378454E+07  0.000000E+00  0.000000E+00  0.740248E+06  0.377607E+07
  0.757900E-01  0.375914E+07  0.374643E+07  0.000000E+00  0.000000E+00  0.725640E+06  0.373813E+07
  0.764799E-01  0.372110E+07  0.370834E+07  0.000000E+00  0.000000E+00  0.711294E+06  0.370023E+07
  0.771697E-01  0.368312E+07  0.367029E+07  0.000000E+00  0.000000E+00  0.697207E+06  0.366238E+07
  0.778596E-01  0.364521E+07  0.363229E+07  0.000000E+00  0.000000E+00  0.683379E+06  0.362461E+07
  0.785494E-01  0.360739E+07  0.359436E+07  0.000000E+00  0.000000E+00  0.669804E+06  0.358692E+07
  0.792393E-01  0.356967E+07  0.355652E+07  0.000000E+00  0.000000E+00  0.656479E+06  0.354934E+07
  0.799292E-01  0.353208E+07  0.351879E+07  0.000000E+00  0.000000E+00  0.643402E+06  0.351188E+07
  0.806190E-01  0.349464E+07  0.348119E+07  0.000000E+00  0.000000E+00  0.630573E+06  0.347457E+07
  0.813089E-01  0.345737E+07  0.344376E+07  0.000000E+00  0.000000E+00  0.617993E+06  0.343743E+07
  0.819987E-01  0.342029E+07  0.340651E+07  0.000000E+00  0.000000E+00  0.605659E+06  0.340049E+07
  0.826886E-01  0.338344E+07  0.336948E+07  0.000000E+00  0.000000E+00  0.593568E+06  0.336376E+07
  0.833784E-01  0.334683E+07  0.333268E+07  0.000000E+00  0.000000E+00  0.581719E+06  0.332728E+07
  0.840683E-01  0.331049E+07  0.329615E+07  0.000000E+00  0.000000E+00  0.570112E+06  0.329107E+07
  0.847581E-01  0.327445E+07  0.325992E+07  0.000000E+00  0.000000E+00  0.558748E+06  0.325515E+07
  0.854480E-01  0.323874E+07  0.322401E+07  0.000000E+00  0.000000E+00  0.547627E+06  0.321956E+07
  0.861379E-01  0.320338E+07  0.318846E+07  0.000000E+00  0.000000E+00  0.536745E+06  0.318433E+07
  0.868277E-01  0.316840E+07  0.315329E+07  0.000000E+00  0.000000E+00  0.526102E+06  0.314947E+07
  0.875176E-01  0.313383E+07  0.311853E+07  0.000000E+00  0.000000E+00  0.515698E+06  0.311502E+07
  0.882074E-01  0.309969E+07  0.308421E+07  0.000000E+00  0.000000E+00  0.505534E+06  0.308100E+07
  0.888973E-01  0.306600E+07  0.305036E+07  0.000000E+00  0.000000E+00  0.495606E+06  0.304744E+07
  0.895871E-01  0.303279E+07  0.301699E+07  0.000000E+00  0.000000E+00  0.485912E+06  0.301436E+07
  0.902770E-01  0.300009E+07  0.298413E+07  0.000000E+00  0.000000E+00  0.476450E+06  0.298178E+07
  0.909669E-01  0.296791E+07  0.295181E+07  0.000000E+00  0.000000E+00  0.467221E+06  0.294972E+07
  0.916567E-01  0.293627E+07  0.292005E+07  0.000000E+00  0.000000E+00  0.458222E+06  0.291821E+07
  0.923466E-01  0.290520E+07  0.288886E+07  0.000000E+00  0.000000E+00  0.449451E+06  0.288726E+07
  0.930364E-01  0.287472E+07  0.285827E+07  0.000000E+00  0.000000E+00  0.440906E+06  0.285689E+07
  0.937263E-01  0.284482E+07  0.282829E+07  0.000000E+00  0.000000E+00  0.432584E+06  0.282712E+07
  0.944161E-01  0.281555E+07  0.279894E+07  0.000000E+00  0.000000E+00  0.424483E+06  0.279797E+07
  0.951060E-01  0.278689E+07  0.277023E+07  0.000000E+00  0.000000E+00  0.416599E+06  0.276943E+07
  0.957959E-01  0.275887E+07  0.274217E+07  0.000000E+00  0.000000E+00  0.408929E+06  0.274154E+07
  0.964857E-01  0.273150E+07  0.271477E+07  0.000000E+00  0.000000E+00  0.401470E+06  0.271428E+07
  0.971756E-01  0.270477E+07  0.268804E+07  0.000000E+00  0.000000E+00  0.394219E+06  0.268768E+07
  0.978654E-01  0.267870E+07  0.266198E+07  0.000000E+00  0.000000E+00  0.387171E+06  0.266173E+07
  0.985553E-01  0.265330E+07  0.263660E+07  0.000000E+00  0.000000E+00  0.380323E+06  0.263644E+07
  0.992451E-01  0.262855E+07  0.261190E+07  0.000000E+00  0.000000E+00  0.373671E+06  0.261182E+07
  0.999350E-01  0.260446E+07  0.258788E+07  0.000000E+00  0.000000E+00  0.367211E+06  0.258785E+07
  0.100625E+00  0.258104E+07  0.256453E+07  0.000000E+00  0.000000E+00  0.360938E+06  0.256455E+07
  0.101315E+00  0.255826E+07  0.254185E+07  0.000000E+00  0.000000E+00  0.354848E+06  0.254189E+07
  0.102005E+00  0.253614E+07  0.251984E+07  0.000000E+00  0.000000E+00  0.348934E+06  0.251989E+07
  0.102694E+00  0.251465E+07  0.249848E+07  0.000000E+00  0.000000E+00  0.343193E+06  0.249852E+07
  0.103384E+00  0.249380E+07  0.247777E+07  0.000000E+00  0.000000E+00  0.337621E+06  0.247778E+07
  0.104074E+00  0.247356E+07  0.245770E+07  0.000000E+00  0.000000E+00  0.332212E+06  0.245767E+07
  0.104764E+00  0.245394E+07  0.243825E+07  0.000000E+00  0.000000E+00  0.326961E+06  0.243816E+07
  0.105454E+00  0.243491E+07  0.241940E+07  0.000000E+00  0.000000E+00  0.321862E+06  0.241924E+07
  0.106144E+00  0.241646E+07  0.240115E+07  0.000000E+00  0.000000E+00  0.316910E+06  0.240091E+07
  0.106834E+00  0.239856E+07  0.238347E+07  0.000000E+00  0.000000E+00  0.312101E+06  0.238313E+07
  0.107523E+00  0.238121E+07  0.236634E+07  0.000000E+00  0.000000E+00  0.307429E+06  0.236589E+07
  0.108213E+00  0.236439E+07  0.234975E+07  0.000000E+00  0.000000E+00  0.302889E+06  0.234918E+07
  0.108903E+00  0.234807E+07  0.233367E+07  0.000000E+00  0.000000E+00  0.298475E+06  0.233298E+07
  0.109593E+00  0.233224E+07  0.231809E+07  0.000000E+00  0.000000E+00  0.294183E+06  0.231725E+07
  0.110283E+00  0.231686E+07  0.230297E+07  0.000000E+00  0.000000E+00  0.290007E+06  0.230199E+07
  0.110973E+00  0.230193E+07  0.228830E+07  0.000000E+00  0.000000E+00  0.285942E+06  0.228717E+07
  0.111663E+00  0.228741E+07  0.227406E+07  0.000000E+00  0.000000E+00  0.281982E+06  0.227276E+07
  0.112352E+00  0.227329E+07  0.226021E+07  0.000000E+00  0.000000E+00  0.278123E+06  0.225874E+07
  0.113042E+00  0.225953E+07  0.224673E+07  0.000000E+00  0.000000E+00  0.274361E+06  0.224509E+07
  0.113732E+00  0.224612E+07  0.223360E+07  0.000000E+00  0.000000E+00  0.270690E+06  0.223178E+07
  0.114422E+00  0.223303E+07  0.222079E+07  0.000000E+00  0.000000E+00  0.267105E+06  0.221880E+07
  0.115112E+00  0.222024E+07  0.220828E+07  0.000000E+00  0.000000E+00  0.263603E+06  0.220610E+07
  0.115802E+00  0.220772E+07  0.219603E+07  0.000000E+00  0.000000E+00  0.260177E+06  0.219368E+07
  0.116492E+00  0.219545E+07  0.218404E+07  0.000000E+00  0.000000E+00  0.256824E+06  0.218151E+07
  0.117181E+00  0.218340E+07  0.217227E+07  0.000000E+00  0.000000E+00  0.253540E+06  0.216956E+07
  0.117871E+00  0.217155E+07  0.216069E+07  0.000000E+00  0.000000E+00  0.250322E+06  0.215781E+07
  0.118561E+00  0.215988E+07  0.214929E+07  0.000000E+00  0.000000E+00  0.247165E+06  0.214623E+07
  0.119251E+00  0.214836E+07  0.213803E+07  0.000000E+00  0.000000E+00  0.244066E+06  0.213481E+07
  0.119941E+00  0.213698E+07  0.212691E+07  0.000000E+00  0.000000E+00  0.241020E+06  0.212352E+07
  0.120631E+00  0.212571E+07  0.211589E+07  0.000000E+00  0.000000E+00  0.238025E+06  0.211234E+07
  0.121321E+00  0.211453E+07  0.210496E+07  0.000000E+00  0.000000E+00  0.235078E+06  0.210125E+07
  0.122010E+00  0.210343E+07  0.209409E+07  0.000000E+00  0.000000E+00  0.232175E+06  0.209023E+07
  0.122700E+00  0.209238E+07  0.208326E+07  0.000000E+00  0.000000E+00  0.229314E+06  0.207927E+07
  0.123390E+00  0.208136E+07  0.207246E+07  0.000000E+00  0.000000E+00  0.226493E+06  0.206834E+07
  0.124080E+00  0.207036E+07  0.206167E+07  0.000000E+00  0.000000E+00  0.223708E+06  0.205742E+07
  0.124770E+00  0.205937E+07  0.205088E+07  0.000000E+00  0.000000E+00  0.220957E+06  0.204651E+07
  0.125460E+00  0.204837E+07  0.204006E+07  0.000000E+00  0.000000E+00  0.218238E+06  0.203559E+07
  0.126150E+00  0.203735E+07  0.202921E+07  0.000000E+00  0.000000E+00  0.215550E+06  0.202465E+07
  0.126839E+00  0.202628E+07  0.201831E+07  0.000000E+00  0.000000E+00  0.212891E+06  0.201366E+07
  0.127529E+00  0.201518E+07  0.200736E+07  0.000000E+00  0.000000E+00  0.210260E+06  0.200263E+07
  0.128219E+00  0.200401E+07  0.199633E+07  0.000000E+00  0.000000E+00  0.207654E+06  0.199154E+07
  0.128909E+00  0.199278E+07  0.198523E+07  0.000000E+00  0.000000E+00  0.205072E+06  0.198039E+07
  0.129599E+00  0.198148E+07  0.197405E+07  0.000000E+00  0.000000E+00  0.202514E+06  0.196916E+07
  0.130289E+00  0.197010E+07  0.196278E+07  0.000000E+00  0.000000E+00  0.199977E+06  0.195785E+07
  0.130979E+00  0.195864E+07  0.195141E+07  0.000000E+00  0.000000E+00  0.197463E+06  0.194646E+07
  0.131668E+00  0.194709E+07  0.193994E+07  0.000000E+00  0.000000E+00  0.194971E+06  0.193498E+07
  0.132358E+00  0.193545E+07  0.192837E+07  0.000000E+00  0.000000E+00  0.192498E+06  0.192341E+07
  0.133048E+00  0.192372E+07  0.191670E+07  0.000000E+00  0.000000E+00  0.190046E+06  0.191174E+07
  0.133738E+00  0.191190E+07  0.190493E+07  0.000000E+00  0.000000E+00  0.187613E+06  0.189999E+07
  0.134428E+00  0.189998E+07  0.189305E+07  0.000000E+00  0.000000E+00  0.185200E+06  0.188814E+07
  0.135118E+00  0.188798E+07  0.188108E+07  0.000000E+00  0.000000E+00  0.182807E+06  0.187621E+07
  0.135808E+00  0.187590E+07  0.186901E+07  0.000000E+00  0.000000E+00  0.180433E+06  0.186418E+07
  0.136497E+00  0.186373E+07  0.185685E+07  0.000000E+00  0.000000E+00  0.178080E+06  0.185208E+07
  0.137187E+00  0.185148E+07  0.184460E+07  0.000000E+00  0.000000E+00  0.175746E+06  0.183989E+07
  0.137877E+00  0.183916E+07  0.183227E+07  0.000000E+00  0.000000E+00  0.173432E+06  0.182764E+07
  0.138567E+00  0.182678E+07  0.181987E+07  0.000000E+00  0.000000E+00  0.171138E+06  0.181531E+07
  0.139257E+00  0.181434E+07  0.180741E+07  0.000000E+00  0.000000E+00  0.168866E+06  0.180293E+07
  0.139947E+00  0.180185E+07  0.179488E+07  0.000000E+00  0.000000E+00  0.166616E+06  0.179050E+07
  0.140637E+00  0.178931E+07  0.178231E+07  0.000000E+00  0.000000E+00  0.164388E+06  0.177803E+07
  0.141326E+00  0.177675E+07  0.176970E+07  0.000000E+00  0.000000E+00  0.162181E+06  0.176552E+07
  0.142016E+00  0.176416E+07  0.175706E+07  0.000000E+00  0.000000E+00  0.159997E+06  0.175298E+07
  0.142706E+00  0.175155E+07  0.174440E+07  0.000000E+00  0.000000E+00  0.157837E+06  0.174044E+07
  0.143396E+00  0.173894E+07  0.173173E+07  0.000000E+00  0.000000E+00  0.155702E+06  0.172788E+07
  0.144086E+00  0.172634E+07  0.171907E+07  0.000000E+00  0.000000E+00  0.153592E+06  0.171534E+07
  0.144776E+00  0.171376E+07  0.170642E+07  0.000000E+00  0.000000E+00  0.151507E+06  0.170281E+07
  0.145466E+00  0.170120E+07  0.169379E+07  0.000000E+00  0.000000E+00  0.149447E+06  0.169031E+07
  0.146155E+00  0.168869E+07  0.168121E+07  0.000000E+00  0.000000E+00  0.147415E+06  0.167785E+07
  0.146845E+00  0.167622E+07  0.166867E+07  0.000000E+00  0.000000E+00  0.145409E+06  0.166544E+07
  0.147535E+00  0.166382E+07  0.165620E+07  0.000000E+00  0.000000E+00  0.143431E+06  0.165310E+07
  0.148225E+00  0.165149E+07  0.164380E+07  0.000000E+00  0.000000E+00  0.141482E+06  0.164082E+07
  0.148915E+00  0.163925E+07  0.163149E+07  0.000000E+00  0.000000E+00  0.139561E+06  0.162863E+07
  0.149605E+00  0.162710E+07  0.161927E+07  0.000000E+00  0.000000E+00  0.137670E+06  0.161654E+07
  0.150295E+00  0.161506E+07  0.160716E+07  0.000000E+00  0.000000E+00  0.135809E+06  0.160455E+07
  0.150984E+00  0.160313E+07  0.159517E+07  0.000000E+00  0.000000E+00  0.133978E+06  0.159267E+07
  0.151674E+00  0.159133E+07  0.158330E+07  0.000000E+00  0.000000E+00  0.132177E+06  0.158092E+07
  0.152364E+00  0.157966E+07  0.157157E+07  0.000000E+00  0.000000E+00  0.130407E+06  0.156931E+07
  0.153054E+00  0.156813E+07  0.155999E+07  0.000000E+00  0.000000E+00  0.128668E+06  0.155783E+07
  0.153744E+00  0.155676E+07  0.154856E+07  0.000000E+00  0.000000E+00  0.126960E+06  0.154651E+07
  0.154434E+00  0.154554E+07  0.153730E+07  0.000000E+00  0.000000E+00  0.125284E+06  0.153535E+07
  0.155124E+00  0.153449E+07  0.152621E+07  0.000000E+00  0.000000E+00  0.123640E+06  0.152435E+07
  0.155813E+00  0.152362E+07  0.151529E+07  0.000000E+00  0.000000E+00  0.122027E+06  0.151353E+07
  0.156503E+00  0.151292E+07  0.150457E+07  0.000000E+00  0.000000E+00  0.120446E+06  0.150289E+07
  0.157193E+00  0.150242E+07  0.149403E+07  0.000000E+00  0.000000E+00  0.118896E+06  0.149243E+07
  0.157883E+00  0.149210E+07  0.148370E+07  0.000000E+00  0.000000E+00  0.117378E+06  0.148217E+07
  0.158573E+00  0.148199E+07  0.147357E+07  0.000000E+00  0.000000E+00  0.115892E+06  0.147211E+07
  0.159263E+00  0.147207E+07  0.146364E+07  0.000000E+00  0.000000E+00  0.114437E+06  0.146224E+07
  0.159953E+00  0.146236E+07  0.145392E+07  0.000000E+00  0.000000E+00  0.113013E+06  0.145258E+07
  0.160642E+00  0.145285E+07  0.144442E+07  0.000000E+00  0.000000E+00  0.111621E+06  0.144313E+07
  0.161332E+00  0.144355E+07  0.143513E+07  0.000000E+00  0.000000E+00  0.110258E+06  0.143388E+07
  0.162022E+00  0.143447E+07  0.142606E+07  0.000000E+00  0.000000E+00  0.108926E+06  0.142484E+07
  0.162712E+00  0.142559E+07  0.141720E+07  0.000000E+00  0.000000E+00  0.107623E+06  0.141601E+07
  0.163402E+00  0.141692E+07  0.140856E+07  0.000000E+00  0.000000E+00  0.106350E+06  0.140740E+07
  0.164092E+00  0.140845E+07  0.140013E+07  0.000000E+00  0.000000E+00  0.105105E+06  0.139898E+07
  0.164782E+00  0.140020E+07  0.139191E+07  0.000000E+00  0.000000E+00  0.103888E+06  0.139078E+07
  0.165471E+00  0.139215E+07  0.138391E+07  0.000000E+00  0.000000E+00  0.102699E+06  0.138278E+07
  0.166161E+00  0.138430E+07  0.137611E+07  0.000000E+00  0.000000E+00  0.101537E+06  0.137498E+07
  0.166851E+00  0.137664E+07  0.136851E+07  0.000000E+00  0.000000E+00  0.100401E+06  0.136737E+07
  0.167541E+00  0.136919E+07  0.136112E+07  0.000000E+00  0.000000E+00  0.992901E+05  0.135997E+07
  0.168231E+00  0.136192E+07  0.135391E+07  0.000000E+00  0.000000E+00  0.982042E+05  0.135275E+07
  0.168921E+00  0.135483E+07  0.134690E+07  0.000000E+00  0.000000E+00  0.971426E+05  0.134571E+07
  0.169611E+00  0.134793E+07  0.134007E+07  0.000000E+00  0.000000E+00  0.961044E+05  0.133886E+07
  0.170300E+00  0.134120E+07  0.133342E+07  0.000000E+00  0.000000E+00  0.950889E+05  0.133217E+07
  0.170990E+00  0.133464E+07  0.132695E+07  0.000000E+00  0.000000E+00  0.940953E+05  0.132566E+07
  0.171680E+00  0.132824E+07  0.132063E+07  0.000000E+00  0.000000E+00  0.931228E+05  0.131931E+07
  0.172370E+00  0.132199E+07  0.131448E+07  0.000000E+00  0.000000E+00  0.921706E+05  0.131311E+07
  0.173060E+00  0.131590E+07  0.130848E+07  0.000000E+00  0.000000E+00  0.912377E+05  0.130706E+07
  0.173750E+00  0.130994E+07  0.130262E+07  0.000000E+00  0.000000E+00  0.903237E+05  0.130115E+07
  0.174440E+00  0.130412E+07  0.129689E+07  0.000000E+00  0.000000E+00  0.894277E+05  0.129537E+07
  0.175129E+00  0.129842E+07  0.129130E+07  0.000000E+00  0.000000E+00  0.885490E+05  0.128972E+07
  0.175819E+00  0.129284E+07  0.128582E+07  0.000000E+00  0.000000E+00  0.876867E+05  0.128419E+07
  0.176509E+00  0.128737E+07  0.128045E+07  0.000000E+00  0.000000E+00  0.868398E+05  0.127876E+07
  0.177199E+00  0.128200E+07  0.127519E+07  0.000000E+00  0.000000E+00  0.860078E+05  0.127344E+07
  0.177889E+00  0.127672E+07  0.127002E+07  0.000000E+00  0.000000E+00  0.851898E+05  0.126821E+07
  0.178579E+00  0.127153E+07  0.126493E+07  0.000000E+00  0.000000E+00  0.843853E+05  0.126306E+07
  0.179269E+00  0.126642E+07  0.125992E+07  0.000000E+00  0.000000E+00  0.835935E+05  0.125799E+07
  0.179958E+00  0.126137E+07  0.125498E+07  0.000000E+00  0.000000E+00  0.828135E+05  0.125299E+07
  0.180648E+00  0.125639E+07  0.125010E+07  0.000000E+00  0.000000E+00  0.820447E+05  0.124804E+07
  0.181338E+00  0.125146E+07  0.124527E+07  0.000000E+00  0.000000E+00  0.812863E+05  0.124315E+07
  0.182028E+00  0.124657E+07  0.124048E+07  0.000000E+00  0.000000E+00  0.805377E+05  0.123831E+07
  0.182718E+00  0.124172E+07  0.123573E+07  0.000000E+00  0.000000E+00  0.797985E+05  0.123350E+07
  0.183408E+00  0.123690E+07  0.123101E+07  0.000000E+00  0.000000E+00  0.790681E+05  0.122872E+07
  0.184098E+00  0.123210E+07  0.122631E+07  0.000000E+00  0.000000E+00  0.783460E+05  0.122396E+07
  0.184787E+00  0.122732E+07  0.122162E+07  0.000000E+00  0.000000E+00  0.776315E+05  0.121922E+07
  0.185477E+00  0.122255E+07  0.121694E+07  0.000000E+00  0.000000E+00  0.769239E+05  0.121449E+07
  0.186167E+00  0.121778E+07  0.121226E+07  0.000000E+00  0.000000E+00  0.762229E+05  0.120976E+07
  0.186857E+00  0.121302E+07  0.120757E+07  0.000000E+00  0.000000E+00  0.755281E+05  0.120503E+07
  0.187547E+00  0.120824E+07  0.120288E+07  0.000000E+00  0.000000E+00  0.748392E+05  0.120030E+07
  0.188237E+00  0.120346E+07  0.119817E+07  0.000000E+00  0.000000E+00  0.741559E+05  0.119555E+07
  0.188927E+00  0.119865E+07  0.119344E+07  0.000000E+00  0.000000E+00  0.734778E+05  0.119078E+07
  0.189616E+00  0.119383E+07  0.118869E+07  0.000000E+00  0.000000E+00  0.728045E+05  0.118600E+07
  0.190306E+00  0.118899E+07  0.118390E+07  0.000000E+00  0.000000E+00  0.721357E+05  0.118119E+07
  0.190996E+00  0.118411E+07  0.117909E+07  0.000000E+00  0.000000E+00  0.714711E+05  0.117635E+07
  0.191686E+00  0.117921E+07  0.117424E+07  0.000000E+00  0.000000E+00  0.708106E+05  0.117148E+07
  0.192376E+00  0.117427E+07  0.116936E+07  0.000000E+00  0.000000E+00  0.701541E+05  0.116658E+07
  0.193066E+00  0.116930E+07  0.116444E+07  0.000000E+00  0.000000E+00  0.695013E+05  0.116164E+07
  0.193756E+00  0.116429E+07  0.115947E+07  0.000000E+00  0.000000E+00  0.688520E+05  0.115667E+07
  0.194445E+00  0.115924E+07  0.115447E+07  0.000000E+00  0.000000E+00  0.682060E+05  0.115165E+07
  0.195135E+00  0.115416E+07  0.114941E+07  0.000000E+00  0.000000E+00  0.675635E+05  0.114660E+07
  0.195825E+00  0.114903E+07  0.114432E+07  0.000000E+00  0.000000E+00  0.669243E+05  0.114151E+07
  0.196515E+00  0.114386E+07  0.113918E+07  0.000000E+00  0.000000E+00  0.662884E+05  0.113637E+07
  0.197205E+00  0.113865E+07  0.113399E+07  0.000000E+00  0.000000E+00  0.656558E+05  0.113119E+07
  0.197895E+00  0.113340E+07  0.112877E+07  0.000000E+00  0.000000E+00  0.650263E+05  0.112598E+07
  0.198585E+00  0.112812E+07  0.112350E+07  0.000000E+00  0.000000E+00  0.643999E+05  0.112072E+07
  0.199274E+00  0.112279E+07  0.111818E+07  0.000000E+00  0.000000E+00  0.637769E+05  0.111543E+07
  0.199964E+00  0.111743E+07  0.111283E+07  0.000000E+00  0.000000E+00  0.631573E+05  0.111010E+07
  0.200654E+00  0.111204E+07  0.110744E+07  0.000000E+00  0.000000E+00  0.625413E+05  0.110473E+07
  0.201344E+00  0.110661E+07  0.110202E+07  0.000000E+00  0.000000E+00  0.619289E+05  0.109934E+07
  0.202034E+00  0.110115E+07  0.109656E+07  0.000000E+00  0.000000E+00  0.613200E+05  0.109391E+07
  0.202724E+00  0.109567E+07  0.109108E+07  0.000000E+00  0.000000E+00  0.607149E+05  0.108846E+07
  0.203414E+00  0.109016E+07  0.108556E+07  0.000000E+00  0.000000E+00  0.601137E+05  0.108298E+07
  0.204103E+00  0.108464E+07  0.108003E+07  0.000000E+00  0.000000E+00  0.595166E+05  0.107749E+07
  0.204793E+00  0.107909E+07  0.107448E+07  0.000000E+00  0.000000E+00  0.589238E+05  0.107197E+07
  0.205483E+00  0.107354E+07  0.106891E+07  0.000000E+00  0.000000E+00  0.583354E+05  0.106645E+07
  0.206173E+00  0.106797E+07  0.106333E+07  0.000000E+00  0.000000E+00  0.577516E+05  0.106091E+07
  0.206863E+00  0.106240E+07  0.105774E+07  0.000000E+00  0.000000E+00  0.571724E+05  0.105537E+07
  0.207553E+00  0.105683E+07  0.105215E+07  0.000000E+00  0.000000E+00  0.565980E+05  0.104982E+07
  0.208243E+00  0.105126E+07  0.104657E+07  0.000000E+00  0.000000E+00  0.560287E+05  0.104428E+07
  0.208932E+00  0.104570E+07  0.104098E+07  0.000000E+00  0.000000E+00  0.554646E+05  0.103875E+07
  0.209622E+00  0.104014E+07  0.103541E+07  0.000000E+00  0.000000E+00  0.549058E+05  0.103323E+07
  0.210312E+00  0.103461E+07  0.102985E+07  0.000000E+00  0.000000E+00  0.543525E+05  0.102772E+07
  0.211002E+00  0.102909E+07  0.102431E+07  0.000000E+00  0.000000E+00  0.538049E+05  0.102222E+07
  0.211692E+00  0.102359E+07  0.101880E+07  0.000000E+00  0.000000E+00  0.532632E+05  0.101676E+07
  0.212382E+00  0.101812E+07  0.101331E+07  0.000000E+00  0.000000E+00  0.527274E+05  0.101131E+07
  0.213072E+00  0.101268E+07  0.100785E+07  0.000000E+00  0.000000E+00  0.521977E+05  0.100590E+07
  0.213761E+00  0.100728E+07  0.100242E+07  0.000000E+00  0.000000E+00  0.516742E+05  0.100052E+07
  0.214451E+00  0.100191E+07  0.997036E+06  0.000000E+00  0.000000E+00  0.511569E+05  0.995185E+06
  0.215141E+00  0.996585E+06  0.991692E+06  0.000000E+00  0.000000E+00  0.506461E+05  0.989888E+06
  0.215831E+00  0.991306E+06  0.986396E+06  0.000000E+00  0.000000E+00  0.501419E+05  0.984636E+06
  0.216521E+00  0.986076E+06  0.981149E+06  0.000000E+00  0.000000E+00  0.496446E+05  0.979434E+06
  0.217211E+00  0.980898E+06  0.975956E+06  0.000000E+00  0.000000E+00  0.491539E+05  0.974283E+06
  0.217901E+00  0.975775E+06  0.970820E+06  0.000000E+00  0.000000E+00  0.486700E+05  0.969187E+06
  0.220047E+00  0.960221E+06  0.955233E+06  0.000000E+00  0.000000E+00  0.472083E+05  0.953717E+06
  0.222215E+00  0.945165E+06  0.940162E+06  0.000000E+00  0.000000E+00  0.458016E+05  0.938744E+06
  0.224405E+00  0.930681E+06  0.925683E+06  0.000000E+00  0.000000E+00  0.444517E+05  0.924343E+06
  0.226615E+00  0.916822E+06  0.911852E+06  0.000000E+00  0.000000E+00  0.431593E+05  0.910568E+06
  0.228848E+00  0.903618E+06  0.898698E+06  0.000000E+00  0.000000E+00  0.419243E+05  0.897446E+06
  0.231103E+00  0.891073E+06  0.886227E+06  0.000000E+00  0.000000E+00  0.407452E+05  0.884984E+06
  0.233380E+00  0.879172E+06  0.874419E+06  0.000000E+00  0.000000E+00  0.396191E+05  0.873165E+06
  0.235679E+00  0.867874E+06  0.863233E+06  0.000000E+00  0.000000E+00  0.385431E+05  0.861948E+06
  0.238001E+00  0.857119E+06  0.852605E+06  0.000000E+00  0.000000E+00  0.375126E+05  0.851275E+06
  0.240346E+00  0.846829E+06  0.842452E+06  0.000000E+00  0.000000E+00  0.365230E+05  0.841064E+06
  0.242714E+00  0.836907E+06  0.832674E+06  0.000000E+00  0.000000E+00  0.355689E+05  0.831220E+06
  0.245105E+00  0.827248E+06  0.823160E+06  0.000000E+00  0.000000E+00  0.346450E+05  0.821638E+06
  0.247520E+00  0.817743E+06  0.813797E+06  0.000000E+00  0.000000E+00  0.337458E+05  0.812210E+06
  0.249958E+00  0.808290E+06  0.804477E+06  0.000000E+00  0.000000E+00  0.328666E+05  0.802831E+06
  0.252421E+00  0.798792E+06  0.795102E+06  0.000000E+00  0.000000E+00  0.320032E+05  0.793406E+06
  0.254908E+00  0.789169E+06  0.785584E+06  0.000000E+00  0.000000E+00  0.311521E+05  0.783854E+06
  0.257419E+00  0.779352E+06  0.775857E+06  0.000000E+00  0.000000E+00  0.303107E+05  0.774108E+06
  0.259955E+00  0.769296E+06  0.765872E+06  0.000000E+00  0.000000E+00  0.294770E+05  0.764121E+06
  0.262516E+00  0.758978E+06  0.755606E+06  0.000000E+00  0.000000E+00  0.286508E+05  0.753871E+06
  0.265103E+00  0.748401E+06  0.745062E+06  0.000000E+00  0.000000E+00  0.278318E+05  0.743360E+06
  0.267714E+00  0.737592E+06  0.734272E+06  0.000000E+00  0.000000E+00  0.270216E+05  0.732617E+06
  0.270352E+00  0.726603E+06  0.723288E+06  0.000000E+00  0.000000E+00  0.262221E+05  0.721692E+06
  0.273016E+00  0.715498E+06  0.712180E+06  0.000000E+00  0.000000E+00  0.254354E+05  0.710652E+06
  0.275705E+00  0.704356E+06  0.701028E+06  0.000000E+00  0.000000E+00  0.246644E+05  0.699574E+06
  0.278422E+00  0.693263E+06  0.689923E+06  0.000000E+00  0.000000E+00  0.239117E+05  0.688543E+06
  0.281165E+00  0.682306E+06  0.678958E+06  0.000000E+00  0.000000E+00  0.231801E+05  0.677650E+06
  0.283935E+00  0.671574E+06  0.668223E+06  0.000000E+00  0.000000E+00  0.224720E+05  0.666980E+06
  0.286732E+00  0.661140E+06  0.657796E+06  0.000000E+00  0.000000E+00  0.217892E+05  0.656608E+06
  0.289557E+00  0.651062E+06  0.647737E+06  0.000000E+00  0.000000E+00  0.211329E+05  0.646592E+06
  0.292410E+00  0.641377E+06  0.638083E+06  0.000000E+00  0.000000E+00  0.205036E+05  0.636969E+06
  0.295291E+00  0.632101E+06  0.628851E+06  0.000000E+00  0.000000E+00  0.199009E+05  0.627754E+06
  0.298200E+00  0.623230E+06  0.620036E+06  0.000000E+00  0.000000E+00  0.193238E+05  0.618944E+06
  0.301138E+00  0.614737E+06  0.611609E+06  0.000000E+00  0.000000E+00  0.187708E+05  0.610511E+06
  0.304105E+00  0.606577E+06  0.603523E+06  0.000000E+00  0.000000E+00  0.182397E+05  0.602410E+06
  0.307101E+00  0.598685E+06  0.595710E+06  0.000000E+00  0.000000E+00  0.177278E+05  0.594577E+06
  0.310126E+00  0.590990E+06  0.588095E+06  0.000000E+00  0.000000E+00  0.172327E+05  0.586940E+06
  0.313182E+00  0.583417E+06  0.580600E+06  0.000000E+00  0.000000E+00  0.167516E+05  0.579423E+06
  0.316267E+00  0.575896E+06  0.573152E+06  0.000000E+00  0.000000E+00  0.162822E+05  0.571957E+06
  0.319383E+00  0.568363E+06  0.565685E+06  0.000000E+00  0.000000E+00  0.158225E+05  0.564479E+06
  0.322530E+00  0.560767E+06  0.558146E+06  0.000000E+00  0.000000E+00  0.153708E+05  0.556937E+06
  0.325707E+00  0.553075E+06  0.550500E+06  0.000000E+00  0.000000E+00  0.149263E+05  0.549297E+06
  0.328916E+00  0.545273E+06  0.542736E+06  0.000000E+00  0.000000E+00  0.144886E+05  0.541548E+06
  0.332157E+00  0.537372E+06  0.534862E+06  0.000000E+00  0.000000E+00  0.140577E+05  0.533698E+06
  0.335429E+00  0.529397E+06  0.526907E+06  0.000000E+00  0.000000E+00  0.136345E+05  0.525773E+06
  0.338734E+00  0.521388E+06  0.518912E+06  0.000000E+00  0.000000E+00  0.132198E+05  0.517814E+06
  0.342071E+00  0.513394E+06  0.510931E+06  0.000000E+00  0.000000E+00  0.128147E+05  0.509870E+06
  0.345441E+00  0.505474E+06  0.503022E+06  0.000000E+00  0.000000E+00  0.124204E+05  0.501999E+06
  0.348845E+00  0.497685E+06  0.495246E+06  0.000000E+00  0.000000E+00  0.120383E+05  0.494258E+06
  0.352282E+00  0.490074E+06  0.487653E+06  0.000000E+00  0.000000E+00  0.116689E+05  0.486695E+06
  0.355752E+00  0.482676E+06  0.480279E+06  0.000000E+00  0.000000E+00  0.113130E+05  0.479346E+06
  0.359257E+00  0.475514E+06  0.473147E+06  0.000000E+00  0.000000E+00  0.109704E+05  0.472231E+06
  0.362797E+00  0.468595E+06  0.466264E+06  0.000000E+00  0.000000E+00  0.106412E+05  0.465359E+06
  0.366371E+00  0.461907E+06  0.459617E+06  0.000000E+00  0.000000E+00  0.103245E+05  0.458717E+06
  0.369981E+00  0.455423E+06  0.453178E+06  0.000000E+00  0.000000E+00  0.100193E+05  0.452279E+06
  0.373626E+00  0.449104E+06  0.446906E+06  0.000000E+00  0.000000E+00  0.972456E+04  0.446005E+06
  0.377307E+00  0.442908E+06  0.440758E+06  0.000000E+00  0.000000E+00  0.943901E+04  0.439854E+06
  0.381024E+00  0.436792E+06  0.434688E+06  0.000000E+00  0.000000E+00  0.916151E+04  0.433781E+06
  0.384778E+00  0.430714E+06  0.428653E+06  0.000000E+00  0.000000E+00  0.889099E+04  0.427747E+06
  0.388569E+00  0.424643E+06  0.422619E+06  0.000000E+00  0.000000E+00  0.862664E+04  0.421717E+06
  0.392397E+00  0.418558E+06  0.416567E+06  0.000000E+00  0.000000E+00  0.836792E+04  0.415674E+06
  0.396263E+00  0.412456E+06  0.410493E+06  0.000000E+00  0.000000E+00  0.811473E+04  0.409613E+06
  0.400167E+00  0.406344E+06  0.404404E+06  0.000000E+00  0.000000E+00  0.786708E+04  0.403542E+06
  0.404109E+00  0.400240E+06  0.398321E+06  0.000000E+00  0.000000E+00  0.762520E+04  0.397478E+06
  0.408091E+00  0.394172E+06  0.392272E+06  0.000000E+00  0.000000E+00  0.738955E+04  0.391449E+06
  0.412111E+00  0.388172E+06  0.386290E+06  0.000000E+00  0.000000E+00  0.716057E+04  0.385489E+06
  0.416172E+00  0.382270E+06  0.380408E+06  0.000000E+00  0.000000E+00  0.693863E+04  0.379625E+06
  0.420272E+00  0.376489E+06  0.374648E+06  0.000000E+00  0.000000E+00  0.672399E+04  0.373883E+06
  0.424412E+00  0.370847E+06  0.369030E+06  0.000000E+00  0.000000E+00  0.651673E+04  0.368278E+06
  0.428594E+00  0.365349E+06  0.363560E+06  0.000000E+00  0.000000E+00  0.631678E+04  0.362818E+06
  0.432816E+00  0.359992E+06  0.358231E+06  0.000000E+00  0.000000E+00  0.612381E+04  0.357497E+06
  0.437080E+00  0.354755E+06  0.353026E+06  0.000000E+00  0.000000E+00  0.520715E+04  0.352292E+06
  0.441387E+00  0.349626E+06  0.347928E+06  0.000000E+00  0.000000E+00  0.504528E+04  0.347199E+06
  0.445735E+00  0.344578E+06  0.342911E+06  0.000000E+00  0.000000E+00  0.488844E+04  0.342187E+06
  0.450127E+00  0.339587E+06  0.337950E+06  0.000000E+00  0.000000E+00  0.473614E+04  0.337231E+06
  0.454561E+00  0.334635E+06  0.333025E+06  0.000000E+00  0.000000E+00  0.458801E+04  0.332313E+06
  0.459040E+00  0.329710E+06  0.328126E+06  0.000000E+00  0.000000E+00  0.444382E+04  0.327423E+06
  0.463562E+00  0.324811E+06  0.323249E+06  0.000000E+00  0.000000E+00  0.430343E+04  0.322557E+06
  0.468129E+00  0.319939E+06  0.318399E+06  0.000000E+00  0.000000E+00  0.416680E+04  0.317718E+06
  0.472741E+00  0.315107E+06  0.313587E+06  0.000000E+00  0.000000E+00  0.403399E+04  0.312919E+06
  0.477399E+00  0.310330E+06  0.308829E+06  0.000000E+00  0.000000E+00  0.390510E+04  0.308174E+06
  0.482102E+00  0.305622E+06  0.304140E+06  0.000000E+00  0.000000E+00  0.378020E+04  0.303498E+06
  0.486852E+00  0.300995E+06  0.299533E+06  0.000000E+00  0.000000E+00  0.365934E+04  0.298902E+06
  0.491649E+00  0.296459E+06  0.295018E+06  0.000000E+00  0.000000E+00  0.354252E+04  0.294397E+06
  0.496492E+00  0.292015E+06  0.290595E+06  0.000000E+00  0.000000E+00  0.342964E+04  0.289983E+06
  0.501384E+00  0.287658E+06  0.286261E+06  0.000000E+00  0.000000E+00  0.332052E+04  0.285657E+06
  0.506324E+00  0.283382E+06  0.282007E+06  0.000000E+00  0.000000E+00  0.321498E+04  0.281410E+06
  0.511312E+00  0.279173E+06  0.277822E+06  0.000000E+00  0.000000E+00  0.311279E+04  0.277230E+06
  0.516349E+00  0.275020E+06  0.273691E+06  0.000000E+00  0.000000E+00  0.301371E+04  0.273107E+06
  0.521437E+00  0.270915E+06  0.269607E+06  0.000000E+00  0.000000E+00  0.291756E+04  0.269030E+06
  0.526574E+00  0.266852E+06  0.265564E+06  0.000000E+00  0.000000E+00  0.282422E+04  0.264994E+06
  0.531762E+00  0.262827E+06  0.261558E+06  0.000000E+00  0.000000E+00  0.273358E+04  0.260997E+06
  0.537001E+00  0.258844E+06  0.257594E+06  0.000000E+00  0.000000E+00  0.264560E+04  0.257042E+06
  0.542291E+00  0.254910E+06  0.253677E+06  0.000000E+00  0.000000E+00  0.256029E+04  0.253135E+06
  0.547634E+00  0.251029E+06  0.249814E+06  0.000000E+00  0.000000E+00  0.247760E+04  0.249280E+06
  0.553029E+00  0.247209E+06  0.246011E+06  0.000000E+00  0.000000E+00  0.239756E+04  0.245486E+06
  0.558478E+00  0.243452E+06  0.242272E+06  0.000000E+00  0.000000E+00  0.232012E+04  0.241755E+06
  0.563980E+00  0.239760E+06  0.238598E+06  0.000000E+00  0.000000E+00  0.224520E+04  0.238089E+06
  0.569537E+00  0.236131E+06  0.234987E+06  0.000000E+00  0.000000E+00  0.217273E+04  0.234485E+06
  0.575148E+00  0.232560E+06  0.231434E+06  0.000000E+00  0.000000E+00  0.210258E+04  0.230939E+06
  0.580814E+00  0.229041E+06  0.227933E+06  0.000000E+00  0.000000E+00  0.203465E+04  0.227444E+06
  0.586536E+00  0.225571E+06  0.224480E+06  0.000000E+00  0.000000E+00  0.196882E+04  0.223998E+06
  0.592315E+00  0.222144E+06  0.221070E+06  0.000000E+00  0.000000E+00  0.190502E+04  0.220595E+06
  0.598151E+00  0.218759E+06  0.217702E+06  0.000000E+00  0.000000E+00  0.184316E+04  0.217233E+06
  0.604044E+00  0.215417E+06  0.214376E+06  0.000000E+00  0.000000E+00  0.178321E+04  0.213915E+06
  0.609995E+00  0.212120E+06  0.211094E+06  0.000000E+00  0.000000E+00  0.172512E+04  0.210640E+06
  0.616005E+00  0.208870E+06  0.207859E+06  0.000000E+00  0.000000E+00  0.166887E+04  0.207412E+06
  0.622074E+00  0.205668E+06  0.204673E+06  0.000000E+00  0.000000E+00  0.161442E+04  0.204233E+06
  0.628202E+00  0.202517E+06  0.201537E+06  0.000000E+00  0.000000E+00  0.156173E+04  0.201104E+06
  0.634391E+00  0.199416E+06  0.198451E+06  0.000000E+00  0.000000E+00  0.151074E+04  0.198024E+06
  0.640642E+00  0.196363E+06  0.195413E+06  0.000000E+00  0.000000E+00  0.146139E+04  0.194992E+06
  0.646953E+00  0.193355E+06  0.192420E+06  0.000000E+00  0.000000E+00  0.141362E+04  0.192005E+06
  0.653327E+00  0.190391E+06  0.189470E+06  0.000000E+00  0.000000E+00  0.136737E+04  0.189062E+06
  0.690650E+00  0.174358E+06  0.173515E+06  0.000000E+00  0.000000E+00  0.113161E+04  0.173140E+06
  0.730105E+00  0.159622E+06  0.158850E+06  0.000000E+00  0.000000E+00  0.935698E+03  0.158506E+06
  0.771815E+00  0.146068E+06  0.145362E+06  0.000000E+00  0.000000E+00  0.772972E+03  0.145047E+06
  0.815907E+00  0.133616E+06  0.132970E+06  0.000000E+00  0.000000E+00  0.638001E+03  0.132681E+06
  0.862518E+00  0.122179E+06  0.121588E+06  0.000000E+00  0.000000E+00  0.526151E+03  0.121324E+06
  0.911791E+00  0.111680E+06  0.111140E+06  0.000000E+00  0.000000E+00  0.433559E+03  0.110898E+06
  0.963880E+00  0.102048E+06  0.101555E+06  0.000000E+00  0.000000E+00  0.356987E+03  0.101334E+06
  0.101894E+01  0.932156E+05  0.927651E+05  0.000000E+00  0.000000E+00  0.293719E+03  0.925624E+05
  0.107715E+01  0.851182E+05  0.847068E+05  0.000000E+00  0.000000E+00  0.241488E+03  0.845216E+05
  0.113869E+01  0.776986E+05  0.773231E+05  0.000000E+00  0.000000E+00  0.198407E+03  0.771538E+05
  0.120374E+01  0.709037E+05  0.705610E+05  0.000000E+00  0.000000E+00  0.162904E+03  0.704064E+05
  0.127251E+01  0.646831E+05  0.643706E+05  0.000000E+00  0.000000E+00  0.133668E+03  0.642295E+05
  0.134520E+01  0.589901E+05  0.587050E+05  0.000000E+00  0.000000E+00  0.109610E+03  0.585762E+05
  0.142205E+01  0.537824E+05  0.535225E+05  0.000000E+00  0.000000E+00  0.898294E+02  0.534051E+05
  0.150329E+01  0.490207E+05  0.487839E+05  0.000000E+00  0.000000E+00  0.100113E+03  0.486769E+05
  0.158917E+01  0.446678E+05  0.444520E+05  0.000000E+00  0.000000E+00  0.821133E+02  0.443545E+05
  0.167996E+01  0.406905E+05  0.404939E+05  0.000000E+00  0.000000E+00  0.673083E+02  0.404050E+05
  0.177593E+01  0.370574E+05  0.368784E+05  0.000000E+00  0.000000E+00  0.551397E+02  0.367974E+05
  0.187738E+01  0.337399E+05  0.335769E+05  0.000000E+00  0.000000E+00  0.451448E+02  0.335031E+05
  0.198463E+01  0.307118E+05  0.305634E+05  0.000000E+00  0.000000E+00  0.369414E+02  0.304962E+05
  0.209801E+01  0.279484E+05  0.278134E+05  0.000000E+00  0.000000E+00  0.302124E+02  0.277522E+05
