  0.745045E-04  0.198012E+08  0.198012E+08  0.257037E+08  0.257027E+08  0.198004E+08  0.198012E+08
  0.809793E-04  0.198010E+08  0.198010E+08  0.255786E+08  0.255775E+08  0.198000E+08  0.198010E+08
  0.880167E-04  0.198007E+08  0.198007E+08  0.254316E+08  0.254302E+08  0.197995E+08  0.198007E+08
  0.956657E-04  0.198004E+08  0.198004E+08  0.252589E+08  0.252573E+08  0.197989E+08  0.198004E+08
  0.103979E-03  0.198000E+08  0.198000E+08  0.250563E+08  0.250544E+08  0.197982E+08  0.198000E+08
  0.113016E-03  0.197995E+08  0.197995E+08  0.248188E+08  0.248166E+08  0.197973E+08  0.197995E+08
  0.122837E-03  0.197990E+08  0.197990E+08  0.245410E+08  0.245384E+08  0.197964E+08  0.197990E+08
  0.133512E-03  0.197984E+08  0.197984E+08  0.242164E+08  0.242134E+08  0.197952E+08  0.197984E+08
  0.145115E-03  0.197976E+08  0.197976E+08  0.238380E+08  0.238345E+08  0.197938E+08  0.197976E+08
  0.157726E-03  0.197968E+08  0.197968E+08  0.233979E+08  0.233939E+08  0.197922E+08  0.197967E+08
  0.171433E-03  0.197957E+08  0.197957E+08  0.228877E+08  0.228831E+08  0.197903E+08  0.197957E+08
  0.186331E-03  0.197945E+08  0.197945E+08  0.222981E+08  0.222928E+08  0.197880E+08  0.197945E+08
  0.202524E-03  0.197931E+08  0.197931E+08  0.216195E+08  0.216135E+08  0.197853E+08  0.197930E+08
  0.220125E-03  0.197914E+08  0.197914E+08  0.208423E+08  0.208357E+08  0.197822E+08  0.197913E+08
  0.239254E-03  0.197894E+08  0.197894E+08  0.199575E+08  0.199500E+08  0.197785E+08  0.197893E+08
  0.260046E-03  0.197871E+08  0.197871E+08  0.189568E+08  0.189486E+08  0.197741E+08  0.197870E+08
  0.282645E-03  0.197843E+08  0.197843E+08  0.178346E+08  0.178257E+08  0.197690E+08  0.197842E+08
  0.307209E-03  0.197811E+08  0.197811E+08  0.165885E+08  0.165790E+08  0.197630E+08  0.197810E+08
  0.333906E-03  0.197774E+08  0.197774E+08  0.152211E+08  0.152113E+08  0.197559E+08  0.197772E+08
  0.362924E-03  0.197730E+08  0.197729E+08  0.137421E+08  0.137321E+08  0.197475E+08  0.197728E+08
  0.394464E-03  0.197678E+08  0.197678E+08  0.121699E+08  0.121602E+08  0.197378E+08  0.197676E+08
  0.428744E-03  0.197618E+08  0.197618E+08  0.105337E+08  0.105248E+08  0.197263E+08  0.197616E+08
  0.466004E-03  0.197548E+08  0.197548E+08  0.887464E+07  0.886703E+07  0.197129E+08  0.197545E+08
  0.506501E-03  0.197467E+08  0.197466E+08  0.724564E+07  0.723987E+07  0.196972E+08  0.197464E+08
  0.550518E-03  0.197372E+08  0.197372E+08  0.570923E+07  0.570576E+07  0.196789E+08  0.197369E+08
  0.598361E-03  0.197263E+08  0.197263E+08  0.433224E+07  0.433135E+07  0.196575E+08  0.197259E+08
  0.650360E-03  0.197138E+08  0.197137E+08  0.317684E+07  0.317844E+07  0.196327E+08  0.197133E+08
  0.706879E-03  0.196993E+08  0.196992E+08  0.228808E+07  0.229163E+07  0.196038E+08  0.196987E+08
  0.768310E-03  0.196827E+08  0.196826E+08  0.168002E+07  0.168447E+07  0.195704E+08  0.196820E+08
  0.835079E-03  0.196637E+08  0.196636E+08  0.132462E+07  0.132856E+07  0.195319E+08  0.196629E+08
  0.907651E-03  0.196421E+08  0.196420E+08  0.114999E+07  0.115205E+07  0.194873E+08  0.196411E+08
  0.986530E-03  0.196174E+08  0.196173E+08  0.105484E+07  0.105433E+07  0.194360E+08  0.196162E+08
  0.107226E-02  0.195894E+08  0.195893E+08  0.941432E+06  0.938860E+06  0.193770E+08  0.195881E+08
  0.116545E-02  0.195577E+08  0.195575E+08  0.757868E+06  0.754971E+06  0.193095E+08  0.195561E+08
  0.126673E-02  0.195218E+08  0.195216E+08  0.525914E+06  0.524758E+06  0.192322E+08  0.195200E+08
  0.137681E-02  0.194813E+08  0.194811E+08  0.324829E+06  0.326174E+06  0.191442E+08  0.194791E+08
  0.149646E-02  0.194356E+08  0.194354E+08  0.224031E+06  0.226297E+06  0.190442E+08  0.194331E+08
  0.162651E-02  0.193843E+08  0.193840E+08  0.210967E+06  0.211506E+06  0.189310E+08  0.193814E+08
  0.176786E-02  0.193267E+08  0.193263E+08  0.198181E+06  0.196518E+06  0.188034E+08  0.193233E+08
  0.192150E-02  0.192621E+08  0.192617E+08  0.131002E+06  0.129913E+06  0.186602E+08  0.192582E+08
  0.208848E-02  0.191899E+08  0.191894E+08  0.633741E+05  0.645968E+05  0.185003E+08  0.191855E+08
  0.226998E-02  0.191094E+08  0.191089E+08  0.573999E+05  0.580225E+05  0.183226E+08  0.191044E+08
  0.246725E-02  0.190199E+08  0.190192E+08  0.597819E+05  0.578476E+05  0.181265E+08  0.190142E+08
  0.268167E-02  0.189205E+08  0.189197E+08  0.232302E+05  0.234045E+05  0.179111E+08  0.189140E+08
  0.291471E-02  0.188104E+08  0.188095E+08  0.155857E+05  0.164042E+05  0.176760E+08  0.188032E+08
  0.316801E-02  0.186889E+08  0.186878E+08  0.195199E+05  0.183269E+05  0.174207E+08  0.186808E+08
  0.344333E-02  0.185552E+08  0.185539E+08  0.937428E+03  0.103275E+04  0.171450E+08  0.185462E+08
  0.374257E-02  0.184084E+08  0.184069E+08  0.974666E+04  0.722394E+04  0.168482E+08  0.183984E+08
  0.406781E-02  0.182478E+08  0.182460E+08 -0.535572E+03 -0.296867E+04  0.165298E+08  0.182367E+08
  0.442132E-02  0.180725E+08  0.180704E+08  0.271706E+04  0.146975E+04  0.161891E+08  0.180603E+08
  0.480555E-02  0.178818E+08  0.178793E+08 -0.579969E+04 -0.449222E+04  0.158251E+08  0.178685E+08
  0.484576E-02  0.178618E+08  0.178594E+08 -0.529080E+04 -0.407383E+04  0.157874E+08  0.178484E+08
  0.488631E-02  0.178417E+08  0.178392E+08 -0.443347E+04 -0.344128E+04  0.157494E+08  0.178282E+08
  0.492720E-02  0.178214E+08  0.178189E+08 -0.335342E+04 -0.270173E+04  0.157112E+08  0.178078E+08
  0.496843E-02  0.178010E+08  0.177984E+08 -0.220591E+04 -0.197688E+04  0.156727E+08  0.177872E+08
  0.501001E-02  0.177804E+08  0.177778E+08 -0.115454E+04 -0.138500E+04  0.156340E+08  0.177665E+08
  0.505194E-02  0.177596E+08  0.177569E+08 -0.348119E+03 -0.102293E+04  0.155951E+08  0.177456E+08
  0.509421E-02  0.177387E+08  0.177360E+08  0.100982E+03 -0.950899E+03  0.155559E+08  0.177246E+08
  0.513684E-02  0.177176E+08  0.177148E+08  0.133662E+03 -0.118270E+04  0.155164E+08  0.177033E+08
  0.517983E-02  0.176963E+08  0.176935E+08 -0.246687E+03 -0.168297E+04  0.154767E+08  0.176819E+08
  0.522317E-02  0.176749E+08  0.176720E+08 -0.974371E+03 -0.237238E+04  0.154368E+08  0.176604E+08
  0.526688E-02  0.176533E+08  0.176504E+08 -0.193137E+04 -0.314026E+04  0.153966E+08  0.176386E+08
  0.531095E-02  0.176315E+08  0.176285E+08 -0.296590E+04 -0.386281E+04  0.153561E+08  0.176167E+08
  0.535540E-02  0.176095E+08  0.176065E+08 -0.391688E+04 -0.442406E+04  0.153154E+08  0.175947E+08
  0.540021E-02  0.175874E+08  0.175844E+08 -0.464037E+04 -0.473607E+04  0.152744E+08  0.175724E+08
  0.544540E-02  0.175651E+08  0.175620E+08 -0.503365E+04 -0.475476E+04  0.152332E+08  0.175500E+08
  0.549097E-02  0.175426E+08  0.175395E+08 -0.505260E+04 -0.448833E+04  0.151918E+08  0.175274E+08
  0.553692E-02  0.175200E+08  0.175168E+08 -0.471905E+04 -0.399633E+04  0.151501E+08  0.175046E+08
  0.558325E-02  0.174972E+08  0.174939E+08 -0.411642E+04 -0.337931E+04  0.151081E+08  0.174817E+08
  0.562997E-02  0.174742E+08  0.174709E+08 -0.337412E+04 -0.276031E+04  0.150659E+08  0.174585E+08
  0.567709E-02  0.174510E+08  0.174477E+08 -0.264305E+04 -0.226169E+04  0.150234E+08  0.174352E+08
  0.572459E-02  0.174277E+08  0.174243E+08 -0.206676E+04 -0.198130E+04  0.149807E+08  0.174118E+08
  0.577250E-02  0.174041E+08  0.174007E+08 -0.175356E+04 -0.197291E+04  0.149377E+08  0.173881E+08
  0.582080E-02  0.173804E+08  0.173769E+08 -0.175530E+04 -0.223496E+04  0.148945E+08  0.173643E+08
  0.586951E-02  0.173565E+08  0.173530E+08 -0.205721E+04 -0.271024E+04  0.148510E+08  0.173402E+08
  0.591863E-02  0.173325E+08  0.173289E+08 -0.258144E+04 -0.329716E+04  0.148072E+08  0.173161E+08
  0.596816E-02  0.173082E+08  0.173045E+08 -0.320385E+04 -0.387071E+04  0.147632E+08  0.172917E+08
  0.601810E-02  0.172838E+08  0.172801E+08 -0.378116E+04 -0.430900E+04  0.147190E+08  0.172671E+08
  0.606846E-02  0.172592E+08  0.172554E+08 -0.418266E+04 -0.451988E+04  0.146745E+08  0.172424E+08
  0.611924E-02  0.172344E+08  0.172305E+08 -0.431984E+04 -0.446171E+04  0.146297E+08  0.172174E+08
  0.617045E-02  0.172094E+08  0.172055E+08 -0.416690E+04 -0.415328E+04  0.145847E+08  0.171923E+08
  0.622208E-02  0.171843E+08  0.171803E+08 -0.376714E+04 -0.367026E+04  0.145395E+08  0.171670E+08
  0.627415E-02  0.171589E+08  0.171549E+08 -0.322310E+04 -0.312819E+04  0.144939E+08  0.171415E+08
  0.632665E-02  0.171334E+08  0.171293E+08  0.000000E+00  0.000000E+00  0.144482E+08  0.171159E+08
  0.637960E-02  0.171077E+08  0.171035E+08  0.000000E+00  0.000000E+00  0.144022E+08  0.170900E+08
  0.643298E-02  0.170818E+08  0.170775E+08  0.000000E+00  0.000000E+00  0.143559E+08  0.170640E+08
  0.648681E-02  0.170557E+08  0.170514E+08  0.000000E+00  0.000000E+00  0.143094E+08  0.170377E+08
  0.654110E-02  0.170294E+08  0.170250E+08  0.000000E+00  0.000000E+00  0.142626E+08  0.170113E+08
  0.659583E-02  0.170029E+08  0.169985E+08  0.000000E+00  0.000000E+00  0.142156E+08  0.169847E+08
  0.665103E-02  0.169762E+08  0.169717E+08  0.000000E+00  0.000000E+00  0.141684E+08  0.169579E+08
  0.670669E-02  0.169494E+08  0.169448E+08  0.000000E+00  0.000000E+00  0.141209E+08  0.169309E+08
  0.676281E-02  0.169223E+08  0.169177E+08  0.000000E+00  0.000000E+00  0.140731E+08  0.169037E+08
  0.681940E-02  0.168951E+08  0.168904E+08  0.000000E+00  0.000000E+00  0.140251E+08  0.168763E+08
  0.687647E-02  0.168676E+08  0.168628E+08  0.000000E+00  0.000000E+00  0.139769E+08  0.168487E+08
  0.693401E-02  0.168400E+08  0.168351E+08  0.000000E+00  0.000000E+00  0.139284E+08  0.168210E+08
  0.699203E-02  0.168122E+08  0.168072E+08  0.000000E+00  0.000000E+00  0.138797E+08  0.167930E+08
  0.705054E-02  0.167842E+08  0.167791E+08  0.000000E+00  0.000000E+00  0.138308E+08  0.167648E+08
  0.710954E-02  0.167560E+08  0.167509E+08  0.000000E+00  0.000000E+00  0.137816E+08  0.167365E+08
  0.716904E-02  0.167275E+08  0.167224E+08  0.000000E+00  0.000000E+00  0.137321E+08  0.167079E+08
  0.722903E-02  0.166989E+08  0.166937E+08  0.000000E+00  0.000000E+00  0.136824E+08  0.166792E+08
  0.728952E-02  0.166701E+08  0.166648E+08  0.000000E+00  0.000000E+00  0.136325E+08  0.166502E+08
  0.735052E-02  0.166411E+08  0.166357E+08  0.000000E+00  0.000000E+00  0.135824E+08  0.166211E+08
  0.741203E-02  0.166119E+08  0.166064E+08  0.000000E+00  0.000000E+00  0.135320E+08  0.165917E+08
  0.747406E-02  0.165825E+08  0.165769E+08  0.000000E+00  0.000000E+00  0.134814E+08  0.165621E+08
  0.753660E-02  0.165529E+08  0.165472E+08  0.000000E+00  0.000000E+00  0.134306E+08  0.165324E+08
  0.759967E-02  0.165231E+08  0.165173E+08  0.000000E+00  0.000000E+00  0.133795E+08  0.165024E+08
  0.766327E-02  0.164930E+08  0.164872E+08  0.000000E+00  0.000000E+00  0.133282E+08  0.164722E+08
  0.772739E-02  0.164628E+08  0.164569E+08  0.000000E+00  0.000000E+00  0.132767E+08  0.164419E+08
  0.779206E-02  0.164324E+08  0.164263E+08  0.000000E+00  0.000000E+00  0.132250E+08  0.164113E+08
  0.785726E-02  0.164018E+08  0.163956E+08  0.000000E+00  0.000000E+00  0.131730E+08  0.163805E+08
  0.792301E-02  0.163709E+08  0.163647E+08  0.000000E+00  0.000000E+00  0.131208E+08  0.163495E+08
  0.798931E-02  0.163399E+08  0.163336E+08  0.000000E+00  0.000000E+00  0.130684E+08  0.163183E+08
  0.805617E-02  0.163086E+08  0.163022E+08  0.000000E+00  0.000000E+00  0.130157E+08  0.162869E+08
  0.812359E-02  0.162772E+08  0.162706E+08  0.000000E+00  0.000000E+00  0.129629E+08  0.162553E+08
  0.819156E-02  0.162455E+08  0.162389E+08  0.000000E+00  0.000000E+00  0.129098E+08  0.162235E+08
  0.826011E-02  0.162136E+08  0.162069E+08  0.000000E+00  0.000000E+00  0.128566E+08  0.161915E+08
  0.832923E-02  0.161815E+08  0.161747E+08  0.000000E+00  0.000000E+00  0.128031E+08  0.161593E+08
  0.839893E-02  0.161492E+08  0.161423E+08  0.000000E+00  0.000000E+00  0.127494E+08  0.161268E+08
  0.846922E-02  0.161167E+08  0.161097E+08  0.000000E+00  0.000000E+00  0.126954E+08  0.160941E+08
  0.854009E-02  0.160840E+08  0.160769E+08  0.000000E+00  0.000000E+00  0.126413E+08  0.160613E+08
  0.861155E-02  0.160511E+08  0.160438E+08  0.000000E+00  0.000000E+00  0.125870E+08  0.160282E+08
  0.868362E-02  0.160179E+08  0.160106E+08  0.000000E+00  0.000000E+00  0.125325E+08  0.159949E+08
  0.875628E-02  0.159846E+08  0.159771E+08  0.000000E+00  0.000000E+00  0.124777E+08  0.159614E+08
  0.882956E-02  0.159510E+08  0.159434E+08  0.000000E+00  0.000000E+00  0.124228E+08  0.159276E+08
  0.890344E-02  0.159172E+08  0.159095E+08  0.000000E+00  0.000000E+00  0.123676E+08  0.158937E+08
  0.897795E-02  0.158832E+08  0.158754E+08  0.000000E+00  0.000000E+00  0.123123E+08  0.158595E+08
  0.905308E-02  0.158490E+08  0.158410E+08  0.000000E+00  0.000000E+00  0.122568E+08  0.158252E+08
  0.912884E-02  0.158145E+08  0.158065E+08  0.000000E+00  0.000000E+00  0.122011E+08  0.157906E+08
  0.920523E-02  0.157798E+08  0.157717E+08  0.000000E+00  0.000000E+00  0.121452E+08  0.157558E+08
  0.928226E-02  0.157450E+08  0.157367E+08  0.000000E+00  0.000000E+00  0.120890E+08  0.157207E+08
  0.935993E-02  0.157099E+08  0.157014E+08  0.000000E+00  0.000000E+00  0.120328E+08  0.156855E+08
  0.943826E-02  0.156745E+08  0.156660E+08  0.000000E+00  0.000000E+00  0.119763E+08  0.156500E+08
  0.951724E-02  0.156390E+08  0.156303E+08  0.000000E+00  0.000000E+00  0.119196E+08  0.156143E+08
  0.959688E-02  0.156032E+08  0.155944E+08  0.000000E+00  0.000000E+00  0.118628E+08  0.155784E+08
  0.967719E-02  0.155672E+08  0.155583E+08  0.000000E+00  0.000000E+00  0.118058E+08  0.155422E+08
  0.975817E-02  0.155310E+08  0.155220E+08  0.000000E+00  0.000000E+00  0.117486E+08  0.155059E+08
  0.983983E-02  0.154946E+08  0.154854E+08  0.000000E+00  0.000000E+00  0.116912E+08  0.154693E+08
  0.992217E-02  0.154579E+08  0.154486E+08  0.000000E+00  0.000000E+00  0.116337E+08  0.154325E+08
  0.100052E-01  0.154211E+08  0.154116E+08  0.000000E+00  0.000000E+00  0.115760E+08  0.153954E+08
  0.100889E-01  0.153840E+08  0.153743E+08  0.000000E+00  0.000000E+00  0.115181E+08  0.153582E+08
  0.101733E-01  0.153466E+08  0.153369E+08  0.000000E+00  0.000000E+00  0.114600E+08  0.153207E+08
  0.102585E-01  0.153091E+08  0.152991E+08  0.000000E+00  0.000000E+00  0.114018E+08  0.152830E+08
  0.103443E-01  0.152713E+08  0.152612E+08  0.000000E+00  0.000000E+00  0.113435E+08  0.152450E+08
  0.104309E-01  0.152332E+08  0.152230E+08  0.000000E+00  0.000000E+00  0.112849E+08  0.152069E+08
  0.105182E-01  0.151950E+08  0.151846E+08  0.000000E+00  0.000000E+00  0.112263E+08  0.151685E+08
  0.106062E-01  0.151565E+08  0.151460E+08  0.000000E+00  0.000000E+00  0.111674E+08  0.151298E+08
  0.106949E-01  0.151178E+08  0.151072E+08  0.000000E+00  0.000000E+00  0.111085E+08  0.150910E+08
  0.107844E-01  0.150789E+08  0.150681E+08  0.000000E+00  0.000000E+00  0.110493E+08  0.150519E+08
  0.108747E-01  0.150397E+08  0.150287E+08  0.000000E+00  0.000000E+00  0.109900E+08  0.150126E+08
  0.109657E-01  0.150003E+08  0.149892E+08  0.000000E+00  0.000000E+00  0.109306E+08  0.149730E+08
  0.110575E-01  0.149607E+08  0.149494E+08  0.000000E+00  0.000000E+00  0.108711E+08  0.149332E+08
  0.111500E-01  0.149208E+08  0.149093E+08  0.000000E+00  0.000000E+00  0.108114E+08  0.148932E+08
  0.112433E-01  0.148807E+08  0.148691E+08  0.000000E+00  0.000000E+00  0.107515E+08  0.148530E+08
  0.113374E-01  0.148404E+08  0.148286E+08  0.000000E+00  0.000000E+00  0.106916E+08  0.148125E+08
  0.114322E-01  0.147998E+08  0.147878E+08  0.000000E+00  0.000000E+00  0.106315E+08  0.147718E+08
  0.115279E-01  0.147590E+08  0.147469E+08  0.000000E+00  0.000000E+00  0.105713E+08  0.147308E+08
  0.116244E-01  0.147180E+08  0.147056E+08  0.000000E+00  0.000000E+00  0.105109E+08  0.146896E+08
  0.117217E-01  0.146767E+08  0.146642E+08  0.000000E+00  0.000000E+00  0.104505E+08  0.146482E+08
  0.118197E-01  0.146352E+08  0.146225E+08  0.000000E+00  0.000000E+00  0.103899E+08  0.146065E+08
  0.119187E-01  0.145934E+08  0.145806E+08  0.000000E+00  0.000000E+00  0.103292E+08  0.145646E+08
  0.120184E-01  0.145514E+08  0.145384E+08  0.000000E+00  0.000000E+00  0.102684E+08  0.145225E+08
  0.121190E-01  0.145092E+08  0.144960E+08  0.000000E+00  0.000000E+00  0.102075E+08  0.144801E+08
  0.122204E-01  0.144667E+08  0.144533E+08  0.000000E+00  0.000000E+00  0.101465E+08  0.144375E+08
  0.123226E-01  0.144240E+08  0.144104E+08  0.000000E+00  0.000000E+00  0.100853E+08  0.143947E+08
  0.124258E-01  0.143811E+08  0.143673E+08  0.000000E+00  0.000000E+00  0.100241E+08  0.143516E+08
  0.125297E-01  0.143379E+08  0.143239E+08  0.000000E+00  0.000000E+00  0.996280E+07  0.143082E+08
  0.126346E-01  0.142944E+08  0.142803E+08  0.000000E+00  0.000000E+00  0.990139E+07  0.142647E+08
  0.127403E-01  0.142508E+08  0.142364E+08  0.000000E+00  0.000000E+00  0.983988E+07  0.142208E+08
  0.128469E-01  0.142069E+08  0.141923E+08  0.000000E+00  0.000000E+00  0.977830E+07  0.141768E+08
  0.129544E-01  0.141627E+08  0.141479E+08  0.000000E+00  0.000000E+00  0.971662E+07  0.141325E+08
  0.130628E-01  0.141183E+08  0.141033E+08  0.000000E+00  0.000000E+00  0.965487E+07  0.140879E+08
  0.131722E-01  0.140737E+08  0.140584E+08  0.000000E+00  0.000000E+00  0.959304E+07  0.140432E+08
  0.132824E-01  0.140288E+08  0.140133E+08  0.000000E+00  0.000000E+00  0.953113E+07  0.139981E+08
  0.133935E-01  0.139836E+08  0.139680E+08  0.000000E+00  0.000000E+00  0.946916E+07  0.139529E+08
  0.135056E-01  0.139383E+08  0.139224E+08  0.000000E+00  0.000000E+00  0.940711E+07  0.139073E+08
  0.136186E-01  0.138926E+08  0.138766E+08  0.000000E+00  0.000000E+00  0.934500E+07  0.138616E+08
  0.137326E-01  0.138468E+08  0.138305E+08  0.000000E+00  0.000000E+00  0.928284E+07  0.138156E+08
  0.138475E-01  0.138007E+08  0.137842E+08  0.000000E+00  0.000000E+00  0.922061E+07  0.137693E+08
  0.139634E-01  0.137543E+08  0.137376E+08  0.000000E+00  0.000000E+00  0.915834E+07  0.137229E+08
  0.140802E-01  0.137077E+08  0.136907E+08  0.000000E+00  0.000000E+00  0.909601E+07  0.136761E+08
  0.141981E-01  0.136609E+08  0.136437E+08  0.000000E+00  0.000000E+00  0.903363E+07  0.136291E+08
  0.143169E-01  0.136138E+08  0.135963E+08  0.000000E+00  0.000000E+00  0.897121E+07  0.135819E+08
  0.144367E-01  0.135664E+08  0.135488E+08  0.000000E+00  0.000000E+00  0.890876E+07  0.135344E+08
  0.145575E-01  0.135188E+08  0.135009E+08  0.000000E+00  0.000000E+00  0.884626E+07  0.134867E+08
  0.146793E-01  0.134710E+08  0.134529E+08  0.000000E+00  0.000000E+00  0.878374E+07  0.134388E+08
  0.148021E-01  0.134229E+08  0.134045E+08  0.000000E+00  0.000000E+00  0.872119E+07  0.133906E+08
  0.149260E-01  0.133746E+08  0.133560E+08  0.000000E+00  0.000000E+00  0.865861E+07  0.133421E+08
  0.150509E-01  0.133260E+08  0.133072E+08  0.000000E+00  0.000000E+00  0.859601E+07  0.132934E+08
  0.151769E-01  0.132772E+08  0.132581E+08  0.000000E+00  0.000000E+00  0.853339E+07  0.132445E+08
  0.153039E-01  0.132281E+08  0.132088E+08  0.000000E+00  0.000000E+00  0.847076E+07  0.131953E+08
  0.154319E-01  0.131788E+08  0.131592E+08  0.000000E+00  0.000000E+00  0.840812E+07  0.131458E+08
  0.155611E-01  0.131293E+08  0.131094E+08  0.000000E+00  0.000000E+00  0.834548E+07  0.130961E+08
  0.156913E-01  0.130795E+08  0.130593E+08  0.000000E+00  0.000000E+00  0.828283E+07  0.130462E+08
  0.158226E-01  0.130294E+08  0.130090E+08  0.000000E+00  0.000000E+00  0.822018E+07  0.129961E+08
  0.159550E-01  0.129791E+08  0.129584E+08  0.000000E+00  0.000000E+00  0.815754E+07  0.129456E+08
  0.160885E-01  0.129286E+08  0.129076E+08  0.000000E+00  0.000000E+00  0.809492E+07  0.128950E+08
  0.162231E-01  0.128778E+08  0.128566E+08  0.000000E+00  0.000000E+00  0.803230E+07  0.128441E+08
  0.163589E-01  0.128267E+08  0.128053E+08  0.000000E+00  0.000000E+00  0.796970E+07  0.127929E+08
  0.164958E-01  0.127755E+08  0.127537E+08  0.000000E+00  0.000000E+00  0.790712E+07  0.127415E+08
  0.166338E-01  0.127239E+08  0.127019E+08  0.000000E+00  0.000000E+00  0.784457E+07  0.126899E+08
  0.167730E-01  0.126722E+08  0.126499E+08  0.000000E+00  0.000000E+00  0.778205E+07  0.126380E+08
  0.169134E-01  0.126202E+08  0.125976E+08  0.000000E+00  0.000000E+00  0.771957E+07  0.125859E+08
  0.170549E-01  0.125679E+08  0.125451E+08  0.000000E+00  0.000000E+00  0.765712E+07  0.125335E+08
  0.171976E-01  0.125154E+08  0.124923E+08  0.000000E+00  0.000000E+00  0.759472E+07  0.124810E+08
  0.173415E-01  0.124627E+08  0.124393E+08  0.000000E+00  0.000000E+00  0.753236E+07  0.124281E+08
  0.174867E-01  0.124097E+08  0.123860E+08  0.000000E+00  0.000000E+00  0.747005E+07  0.123750E+08
  0.176330E-01  0.123565E+08  0.123325E+08  0.000000E+00  0.000000E+00  0.740780E+07  0.123217E+08
  0.177805E-01  0.123031E+08  0.122788E+08  0.000000E+00  0.000000E+00  0.734560E+07  0.122682E+08
  0.179293E-01  0.122494E+08  0.122248E+08  0.000000E+00  0.000000E+00  0.728347E+07  0.122144E+08
  0.180794E-01  0.121954E+08  0.121706E+08  0.000000E+00  0.000000E+00  0.722141E+07  0.121604E+08
  0.182307E-01  0.121413E+08  0.121161E+08  0.000000E+00  0.000000E+00  0.715942E+07  0.121061E+08
  0.183832E-01  0.120869E+08  0.120614E+08  0.000000E+00  0.000000E+00  0.709751E+07  0.120516E+08
  0.185371E-01  0.120323E+08  0.120065E+08  0.000000E+00  0.000000E+00  0.703568E+07  0.119969E+08
  0.186922E-01  0.119774E+08  0.119513E+08  0.000000E+00  0.000000E+00  0.697394E+07  0.119420E+08
  0.188486E-01  0.119223E+08  0.118959E+08  0.000000E+00  0.000000E+00  0.691228E+07  0.118868E+08
  0.190063E-01  0.118670E+08  0.118403E+08  0.000000E+00  0.000000E+00  0.685072E+07  0.118314E+08
  0.191654E-01  0.118115E+08  0.117845E+08  0.000000E+00  0.000000E+00  0.678926E+07  0.117758E+08
  0.193257E-01  0.117557E+08  0.117284E+08  0.000000E+00  0.000000E+00  0.672790E+07  0.117199E+08
  0.194875E-01  0.116997E+08  0.116721E+08  0.000000E+00  0.000000E+00  0.666665E+07  0.116638E+08
  0.196505E-01  0.116435E+08  0.116156E+08  0.000000E+00  0.000000E+00  0.660552E+07  0.116075E+08
  0.198150E-01  0.115871E+08  0.115588E+08  0.000000E+00  0.000000E+00  0.654450E+07  0.115510E+08
  0.199808E-01  0.115304E+08  0.115019E+08  0.000000E+00  0.000000E+00  0.648360E+07  0.114943E+08
  0.201480E-01  0.114735E+08  0.114447E+08  0.000000E+00  0.000000E+00  0.642283E+07  0.114374E+08
  0.203166E-01  0.114165E+08  0.113873E+08  0.000000E+00  0.000000E+00  0.636218E+07  0.113802E+08
  0.204866E-01  0.113592E+08  0.113297E+08  0.000000E+00  0.000000E+00  0.630168E+07  0.113229E+08
  0.206580E-01  0.113017E+08  0.112719E+08  0.000000E+00  0.000000E+00  0.624131E+07  0.112653E+08
  0.208309E-01  0.112440E+08  0.112138E+08  0.000000E+00  0.000000E+00  0.618109E+07  0.112075E+08
  0.210052E-01  0.111861E+08  0.111556E+08  0.000000E+00  0.000000E+00  0.612102E+07  0.111495E+08
  0.211810E-01  0.111280E+08  0.110972E+08  0.000000E+00  0.000000E+00  0.606111E+07  0.110914E+08
  0.213583E-01  0.110696E+08  0.110386E+08  0.000000E+00  0.000000E+00  0.600135E+07  0.110330E+08
  0.215370E-01  0.110112E+08  0.109797E+08  0.000000E+00  0.000000E+00  0.594176E+07  0.109745E+08
  0.217172E-01  0.109525E+08  0.109207E+08  0.000000E+00  0.000000E+00  0.588233E+07  0.109157E+08
  0.218989E-01  0.108936E+08  0.108615E+08  0.000000E+00  0.000000E+00  0.582308E+07  0.108568E+08
  0.220822E-01  0.108345E+08  0.108021E+08  0.000000E+00  0.000000E+00  0.576401E+07  0.107977E+08
  0.222670E-01  0.107753E+08  0.107426E+08  0.000000E+00  0.000000E+00  0.570512E+07  0.107384E+08
  0.224533E-01  0.107159E+08  0.106828E+08  0.000000E+00  0.000000E+00  0.564642E+07  0.106789E+08
  0.226412E-01  0.106563E+08  0.106229E+08  0.000000E+00  0.000000E+00  0.558791E+07  0.106193E+08
  0.228307E-01  0.105965E+08  0.105628E+08  0.000000E+00  0.000000E+00  0.552960E+07  0.105595E+08
  0.230217E-01  0.105366E+08  0.105026E+08  0.000000E+00  0.000000E+00  0.547149E+07  0.104995E+08
  0.232144E-01  0.104765E+08  0.104422E+08  0.000000E+00  0.000000E+00  0.541358E+07  0.104394E+08
  0.234086E-01  0.104162E+08  0.103816E+08  0.000000E+00  0.000000E+00  0.535590E+07  0.103791E+08
  0.236045E-01  0.103558E+08  0.103209E+08  0.000000E+00  0.000000E+00  0.529842E+07  0.103187E+08
  0.238020E-01  0.102953E+08  0.102600E+08  0.000000E+00  0.000000E+00  0.524117E+07  0.102581E+08
  0.240012E-01  0.102346E+08  0.101990E+08  0.000000E+00  0.000000E+00  0.518415E+07  0.101974E+08
  0.242021E-01  0.101738E+08  0.101379E+08  0.000000E+00  0.000000E+00  0.512736E+07  0.101365E+08
  0.244046E-01  0.101128E+08  0.100766E+08  0.000000E+00  0.000000E+00  0.507081E+07  0.100756E+08
  0.246088E-01  0.100517E+08  0.100152E+08  0.000000E+00  0.000000E+00  0.501450E+07  0.100145E+08
  0.248147E-01  0.999052E+07  0.995371E+07  0.000000E+00  0.000000E+00  0.495843E+07  0.995323E+07
  0.250224E-01  0.992919E+07  0.989208E+07  0.000000E+00  0.000000E+00  0.490262E+07  0.989190E+07
  0.252318E-01  0.986776E+07  0.983035E+07  0.000000E+00  0.000000E+00  0.484706E+07  0.983045E+07
  0.254429E-01  0.980622E+07  0.976851E+07  0.000000E+00  0.000000E+00  0.479177E+07  0.976891E+07
  0.256558E-01  0.974458E+07  0.970658E+07  0.000000E+00  0.000000E+00  0.473675E+07  0.970727E+07
  0.258705E-01  0.968286E+07  0.964455E+07  0.000000E+00  0.000000E+00  0.468199E+07  0.964554E+07
  0.260870E-01  0.962104E+07  0.958245E+07  0.000000E+00  0.000000E+00  0.462752E+07  0.958373E+07
  0.263053E-01  0.955915E+07  0.952027E+07  0.000000E+00  0.000000E+00  0.457332E+07  0.952184E+07
  0.265255E-01  0.949719E+07  0.945802E+07  0.000000E+00  0.000000E+00  0.451942E+07  0.945988E+07
  0.267474E-01  0.943516E+07  0.939572E+07  0.000000E+00  0.000000E+00  0.446580E+07  0.939787E+07
  0.269713E-01  0.937308E+07  0.933336E+07  0.000000E+00  0.000000E+00  0.441248E+07  0.933580E+07
  0.271970E-01  0.931095E+07  0.927095E+07  0.000000E+00  0.000000E+00  0.435947E+07  0.927368E+07
  0.274245E-01  0.924877E+07  0.920851E+07  0.000000E+00  0.000000E+00  0.430676E+07  0.921152E+07
  0.276540E-01  0.918656E+07  0.914603E+07  0.000000E+00  0.000000E+00  0.425436E+07  0.914933E+07
  0.278854E-01  0.912432E+07  0.908354E+07  0.000000E+00  0.000000E+00  0.420228E+07  0.908712E+07
  0.281188E-01  0.906207E+07  0.902103E+07  0.000000E+00  0.000000E+00  0.415052E+07  0.902489E+07
  0.283541E-01  0.899980E+07  0.895852E+07  0.000000E+00  0.000000E+00  0.409909E+07  0.896266E+07
  0.285914E-01  0.893754E+07  0.889601E+07  0.000000E+00  0.000000E+00  0.404798E+07  0.890042E+07
  0.288306E-01  0.887528E+07  0.883352E+07  0.000000E+00  0.000000E+00  0.399721E+07  0.883820E+07
  0.290719E-01  0.881304E+07  0.877104E+07  0.000000E+00  0.000000E+00  0.394678E+07  0.877600E+07
  0.293152E-01  0.875082E+07  0.870860E+07  0.000000E+00  0.000000E+00  0.389670E+07  0.871382E+07
  0.295605E-01  0.868864E+07  0.864620E+07  0.000000E+00  0.000000E+00  0.384696E+07  0.865168E+07
  0.298078E-01  0.862650E+07  0.858385E+07  0.000000E+00  0.000000E+00  0.379757E+07  0.858959E+07
  0.300573E-01  0.856441E+07  0.852156E+07  0.000000E+00  0.000000E+00  0.374855E+07  0.852756E+07
  0.303088E-01  0.850239E+07  0.845934E+07  0.000000E+00  0.000000E+00  0.369988E+07  0.846559E+07
  0.305624E-01  0.844044E+07  0.839720E+07  0.000000E+00  0.000000E+00  0.365158E+07  0.840369E+07
  0.308182E-01  0.837857E+07  0.833515E+07  0.000000E+00  0.000000E+00  0.360365E+07  0.834188E+07
  0.310761E-01  0.831680E+07  0.827321E+07  0.000000E+00  0.000000E+00  0.355610E+07  0.828017E+07
  0.313361E-01  0.825513E+07  0.821137E+07  0.000000E+00  0.000000E+00  0.350892E+07  0.821857E+07
  0.315983E-01  0.819357E+07  0.814966E+07  0.000000E+00  0.000000E+00  0.346213E+07  0.815708E+07
  0.318628E-01  0.813214E+07  0.808808E+07  0.000000E+00  0.000000E+00  0.341572E+07  0.809572E+07
  0.321294E-01  0.807084E+07  0.802665E+07  0.000000E+00  0.000000E+00  0.336971E+07  0.803450E+07
  0.323983E-01  0.800969E+07  0.796537E+07  0.000000E+00  0.000000E+00  0.332408E+07  0.797342E+07
  0.326694E-01  0.794869E+07  0.790425E+07  0.000000E+00  0.000000E+00  0.327886E+07  0.791251E+07
  0.329428E-01  0.788787E+07  0.784332E+07  0.000000E+00  0.000000E+00  0.323404E+07  0.785177E+07
  0.332184E-01  0.782722E+07  0.778258E+07  0.000000E+00  0.000000E+00  0.318962E+07  0.779121E+07
  0.334964E-01  0.776676E+07  0.772203E+07  0.000000E+00  0.000000E+00  0.314561E+07  0.773084E+07
  0.337767E-01  0.770651E+07  0.766170E+07  0.000000E+00  0.000000E+00  0.310201E+07  0.767068E+07
  0.340594E-01  0.764647E+07  0.760160E+07  0.000000E+00  0.000000E+00  0.305883E+07  0.761073E+07
  0.343444E-01  0.758665E+07  0.754172E+07  0.000000E+00  0.000000E+00  0.301607E+07  0.755102E+07
  0.346318E-01  0.752707E+07  0.748210E+07  0.000000E+00  0.000000E+00  0.297373E+07  0.749154E+07
  0.349216E-01  0.746774E+07  0.742274E+07  0.000000E+00  0.000000E+00  0.293181E+07  0.743231E+07
  0.352138E-01  0.740867E+07  0.736365E+07  0.000000E+00  0.000000E+00  0.289033E+07  0.737335E+07
  0.355085E-01  0.734987E+07  0.730484E+07  0.000000E+00  0.000000E+00  0.284927E+07  0.731466E+07
  0.358056E-01  0.729135E+07  0.724633E+07  0.000000E+00  0.000000E+00  0.280864E+07  0.725626E+07
  0.361052E-01  0.723313E+07  0.718813E+07  0.000000E+00  0.000000E+00  0.276845E+07  0.719815E+07
  0.364074E-01  0.717521E+07  0.713024E+07  0.000000E+00  0.000000E+00  0.272870E+07  0.714035E+07
  0.367120E-01  0.711762E+07  0.707269E+07  0.000000E+00  0.000000E+00  0.268938E+07  0.708287E+07
  0.370193E-01  0.706035E+07  0.701548E+07  0.000000E+00  0.000000E+00  0.265051E+07  0.702573E+07
  0.373290E-01  0.700342E+07  0.695862E+07  0.000000E+00  0.000000E+00  0.261208E+07  0.696893E+07
  0.376414E-01  0.694684E+07  0.690213E+07  0.000000E+00  0.000000E+00  0.257409E+07  0.691248E+07
  0.379564E-01  0.689062E+07  0.684601E+07  0.000000E+00  0.000000E+00  0.253655E+07  0.685640E+07
  0.382740E-01  0.683478E+07  0.679028E+07  0.000000E+00  0.000000E+00  0.249945E+07  0.680069E+07
  0.385943E-01  0.677932E+07  0.673496E+07  0.000000E+00  0.000000E+00  0.246280E+07  0.674537E+07
  0.389173E-01  0.672427E+07  0.668004E+07  0.000000E+00  0.000000E+00  0.242660E+07  0.669045E+07
  0.392429E-01  0.666962E+07  0.662555E+07  0.000000E+00  0.000000E+00  0.239084E+07  0.663595E+07
  0.395713E-01  0.661539E+07  0.657149E+07  0.000000E+00  0.000000E+00  0.235554E+07  0.658186E+07
  0.399025E-01  0.656158E+07  0.651787E+07  0.000000E+00  0.000000E+00  0.232069E+07  0.652820E+07
  0.402364E-01  0.650822E+07  0.646470E+07  0.000000E+00  0.000000E+00  0.228628E+07  0.647499E+07
  0.405731E-01  0.645529E+07  0.641200E+07  0.000000E+00  0.000000E+00  0.225233E+07  0.642222E+07
  0.409126E-01  0.640283E+07  0.635976E+07  0.000000E+00  0.000000E+00  0.221882E+07  0.636991E+07
  0.412550E-01  0.635083E+07  0.630801E+07  0.000000E+00  0.000000E+00  0.218577E+07  0.631807E+07
  0.416002E-01  0.629931E+07  0.625674E+07  0.000000E+00  0.000000E+00  0.215317E+07  0.626670E+07
  0.419483E-01  0.624826E+07  0.620598E+07  0.000000E+00  0.000000E+00  0.212101E+07  0.621582E+07
  0.422993E-01  0.619771E+07  0.615572E+07  0.000000E+00  0.000000E+00  0.208930E+07  0.616543E+07
  0.426533E-01  0.614766E+07  0.610597E+07  0.000000E+00  0.000000E+00  0.205803E+07  0.611555E+07
  0.430102E-01  0.609812E+07  0.605675E+07  0.000000E+00  0.000000E+00  0.202721E+07  0.606617E+07
  0.433702E-01  0.604909E+07  0.600805E+07  0.000000E+00  0.000000E+00  0.199683E+07  0.601731E+07
  0.437331E-01  0.600057E+07  0.595988E+07  0.000000E+00  0.000000E+00  0.196689E+07  0.596896E+07
  0.440990E-01  0.595258E+07  0.591225E+07  0.000000E+00  0.000000E+00  0.193739E+07  0.592114E+07
  0.444681E-01  0.590511E+07  0.586516E+07  0.000000E+00  0.000000E+00  0.190832E+07  0.587385E+07
  0.448402E-01  0.585818E+07  0.581862E+07  0.000000E+00  0.000000E+00  0.187968E+07  0.582709E+07
  0.452154E-01  0.581178E+07  0.577262E+07  0.000000E+00  0.000000E+00  0.185147E+07  0.578087E+07
  0.455938E-01  0.576592E+07  0.572718E+07  0.000000E+00  0.000000E+00  0.182368E+07  0.573519E+07
  0.459753E-01  0.572060E+07  0.568230E+07  0.000000E+00  0.000000E+00  0.179631E+07  0.569005E+07
  0.463601E-01  0.567583E+07  0.563797E+07  0.000000E+00  0.000000E+00  0.176936E+07  0.564546E+07
  0.467480E-01  0.563161E+07  0.559421E+07  0.000000E+00  0.000000E+00  0.174283E+07  0.560142E+07
  0.471392E-01  0.558794E+07  0.555101E+07  0.000000E+00  0.000000E+00  0.171671E+07  0.555793E+07
  0.475337E-01  0.554482E+07  0.550836E+07  0.000000E+00  0.000000E+00  0.169100E+07  0.551499E+07
  0.479314E-01  0.550224E+07  0.546628E+07  0.000000E+00  0.000000E+00  0.166569E+07  0.547260E+07
  0.483325E-01  0.546021E+07  0.542475E+07  0.000000E+00  0.000000E+00  0.164079E+07  0.543075E+07
  0.487370E-01  0.541872E+07  0.538378E+07  0.000000E+00  0.000000E+00  0.161627E+07  0.538945E+07
  0.491448E-01  0.537777E+07  0.534335E+07  0.000000E+00  0.000000E+00  0.159214E+07  0.534868E+07
  0.495561E-01  0.533735E+07  0.530347E+07  0.000000E+00  0.000000E+00  0.156839E+07  0.530845E+07
  0.499708E-01  0.529746E+07  0.526412E+07  0.000000E+00  0.000000E+00  0.154501E+07  0.526875E+07
  0.503889E-01  0.525809E+07  0.522531E+07  0.000000E+00  0.000000E+00  0.152201E+07  0.522957E+07
  0.508106E-01  0.521924E+07  0.518702E+07  0.000000E+00  0.000000E+00  0.149936E+07  0.519091E+07
  0.512358E-01  0.518090E+07  0.514925E+07  0.000000E+00  0.000000E+00  0.147708E+07  0.515276E+07
  0.516645E-01  0.514307E+07  0.511199E+07  0.000000E+00  0.000000E+00  0.145514E+07  0.511511E+07
  0.520969E-01  0.510573E+07  0.507523E+07  0.000000E+00  0.000000E+00  0.143355E+07  0.507796E+07
  0.525328E-01  0.506888E+07  0.503896E+07  0.000000E+00  0.000000E+00  0.141230E+07  0.504130E+07
  0.529724E-01  0.503249E+07  0.500316E+07  0.000000E+00  0.000000E+00  0.139139E+07  0.500510E+07
  0.534157E-01  0.499657E+07  0.496784E+07  0.000000E+00  0.000000E+00  0.137080E+07  0.496937E+07
  0.538627E-01  0.496110E+07  0.493296E+07  0.000000E+00  0.000000E+00  0.135053E+07  0.493408E+07
  0.543134E-01  0.492606E+07  0.489852E+07  0.000000E+00  0.000000E+00  0.133057E+07  0.489923E+07
  0.547679E-01  0.489144E+07  0.486450E+07  0.000000E+00  0.000000E+00  0.131091E+07  0.486480E+07
  0.552262E-01  0.485723E+07  0.483088E+07  0.000000E+00  0.000000E+00  0.129155E+07  0.483077E+07
  0.556884E-01  0.482341E+07  0.479766E+07  0.000000E+00  0.000000E+00  0.127247E+07  0.479713E+07
  0.561544E-01  0.478996E+07  0.476480E+07  0.000000E+00  0.000000E+00  0.125368E+07  0.476386E+07
  0.566243E-01  0.475686E+07  0.473230E+07  0.000000E+00  0.000000E+00  0.123516E+07  0.473095E+07
  0.570981E-01  0.472410E+07  0.470013E+07  0.000000E+00  0.000000E+00  0.121690E+07  0.469837E+07
  0.575759E-01  0.469166E+07  0.466827E+07  0.000000E+00  0.000000E+00  0.119891E+07  0.466611E+07
  0.580577E-01  0.465952E+07  0.463671E+07  0.000000E+00  0.000000E+00  0.118116E+07  0.463415E+07
  0.585436E-01  0.462766E+07  0.460542E+07  0.000000E+00  0.000000E+00  0.116367E+07  0.460247E+07
  0.590335E-01  0.459605E+07  0.457439E+07  0.000000E+00  0.000000E+00  0.114641E+07  0.457104E+07
  0.597233E-01  0.455238E+07  0.453150E+07  0.000000E+00  0.000000E+00  0.112272E+07  0.452762E+07
  0.604132E-01  0.450961E+07  0.448947E+07  0.000000E+00  0.000000E+00  0.109972E+07  0.448509E+07
  0.611031E-01  0.446765E+07  0.444823E+07  0.000000E+00  0.000000E+00  0.107737E+07  0.444336E+07
  0.617929E-01  0.442643E+07  0.440770E+07  0.000000E+00  0.000000E+00  0.105563E+07  0.440236E+07
  0.624828E-01  0.438586E+07  0.436779E+07  0.000000E+00  0.000000E+00  0.103447E+07  0.436202E+07
  0.631726E-01  0.434589E+07  0.432844E+07  0.000000E+00  0.000000E+00  0.101386E+07  0.432227E+07
  0.638625E-01  0.430644E+07  0.428959E+07  0.000000E+00  0.000000E+00  0.993762E+06  0.428303E+07
  0.645523E-01  0.426746E+07  0.425116E+07  0.000000E+00  0.000000E+00  0.974156E+06  0.424426E+07
  0.652422E-01  0.422888E+07  0.421310E+07  0.000000E+00  0.000000E+00  0.955010E+06  0.420588E+07
  0.659321E-01  0.419065E+07  0.417536E+07  0.000000E+00  0.000000E+00  0.936301E+06  0.416785E+07
  0.666219E-01  0.415272E+07  0.413787E+07  0.000000E+00  0.000000E+00  0.918008E+06  0.413011E+07
  0.673118E-01  0.411505E+07  0.410061E+07  0.000000E+00  0.000000E+00  0.900113E+06  0.409263E+07
  0.680016E-01  0.407759E+07  0.406354E+07  0.000000E+00  0.000000E+00  0.882596E+06  0.405536E+07
  0.686915E-01  0.404032E+07  0.402660E+07  0.000000E+00  0.000000E+00  0.865440E+06  0.401826E+07
  0.693813E-01  0.400319E+07  0.398978E+07  0.000000E+00  0.000000E+00  0.848630E+06  0.398131E+07
  0.700712E-01  0.396619E+07  0.395304E+07  0.000000E+00  0.000000E+00  0.832150E+06  0.394447E+07
  0.707611E-01  0.392927E+07  0.391636E+07  0.000000E+00  0.000000E+00  0.815988E+06  0.390772E+07
  0.714509E-01  0.389243E+07  0.387972E+07  0.000000E+00  0.000000E+00  0.800132E+06  0.387104E+07
  0.721408E-01  0.385565E+07  0.384310E+07  0.000000E+00  0.000000E+00  0.784569E+06  0.383442E+07
  0.728306E-01  0.381891E+07  0.380651E+07  0.000000E+00  0.000000E+00  0.769292E+06  0.379784E+07
  0.735205E-01  0.378222E+07  0.376991E+07  0.000000E+00  0.000000E+00  0.754295E+06  0.376130E+07
  0.742103E-01  0.374555E+07  0.373332E+07  0.000000E+00  0.000000E+00  0.739570E+06  0.372478E+07
  0.749002E-01  0.370891E+07  0.369673E+07  0.000000E+00  0.000000E+00  0.725109E+06  0.368829E+07
  0.755901E-01  0.367230E+07  0.366014E+07  0.000000E+00  0.000000E+00  0.710905E+06  0.365182E+07
  0.762799E-01  0.363572E+07  0.362355E+07  0.000000E+00  0.000000E+00  0.696953E+06  0.361539E+07
  0.769698E-01  0.359919E+07  0.358699E+07  0.000000E+00  0.000000E+00  0.683249E+06  0.357899E+07
  0.776596E-01  0.356270E+07  0.355045E+07  0.000000E+00  0.000000E+00  0.669793E+06  0.354264E+07
  0.783495E-01  0.352628E+07  0.351395E+07  0.000000E+00  0.000000E+00  0.656580E+06  0.350635E+07
  0.790393E-01  0.348992E+07  0.347750E+07  0.000000E+00  0.000000E+00  0.643605E+06  0.347013E+07
  0.797292E-01  0.345366E+07  0.344113E+07  0.000000E+00  0.000000E+00  0.630866E+06  0.343400E+07
  0.804190E-01  0.341751E+07  0.340485E+07  0.000000E+00  0.000000E+00  0.618361E+06  0.339798E+07
  0.811089E-01  0.338149E+07  0.336869E+07  0.000000E+00  0.000000E+00  0.606092E+06  0.336208E+07
  0.817988E-01  0.334562E+07  0.333266E+07  0.000000E+00  0.000000E+00  0.594056E+06  0.332633E+07
  0.824886E-01  0.330991E+07  0.329680E+07  0.000000E+00  0.000000E+00  0.582250E+06  0.329076E+07
  0.831785E-01  0.327440E+07  0.326112E+07  0.000000E+00  0.000000E+00  0.570673E+06  0.325537E+07
  0.838683E-01  0.323911E+07  0.322564E+07  0.000000E+00  0.000000E+00  0.559324E+06  0.322020E+07
  0.845582E-01  0.320406E+07  0.319041E+07  0.000000E+00  0.000000E+00  0.548204E+06  0.318527E+07
  0.852480E-01  0.316927E+07  0.315544E+07  0.000000E+00  0.000000E+00  0.537311E+06  0.315061E+07
  0.859379E-01  0.313478E+07  0.312075E+07  0.000000E+00  0.000000E+00  0.526646E+06  0.311623E+07
  0.866278E-01  0.310060E+07  0.308639E+07  0.000000E+00  0.000000E+00  0.516205E+06  0.308218E+07
  0.873176E-01  0.306677E+07  0.305237E+07  0.000000E+00  0.000000E+00  0.505990E+06  0.304846E+07
  0.880075E-01  0.303330E+07  0.301872E+07  0.000000E+00  0.000000E+00  0.496001E+06  0.301511E+07
  0.886973E-01  0.300023E+07  0.298546E+07  0.000000E+00  0.000000E+00  0.486236E+06  0.298216E+07
  0.893872E-01  0.296757E+07  0.295263E+07  0.000000E+00  0.000000E+00  0.476693E+06  0.294962E+07
  0.900771E-01  0.293535E+07  0.292025E+07  0.000000E+00  0.000000E+00  0.467370E+06  0.291752E+07
  0.907669E-01  0.290359E+07  0.288833E+07  0.000000E+00  0.000000E+00  0.458267E+06  0.288588E+07
  0.914568E-01  0.287231E+07  0.285690E+07  0.000000E+00  0.000000E+00  0.449383E+06  0.285472E+07
  0.921466E-01  0.284154E+07  0.282599E+07  0.000000E+00  0.000000E+00  0.440717E+06  0.282406E+07
  0.928365E-01  0.281129E+07  0.279561E+07  0.000000E+00  0.000000E+00  0.432265E+06  0.279392E+07
  0.935263E-01  0.278157E+07  0.276578E+07  0.000000E+00  0.000000E+00  0.424026E+06  0.276433E+07
  0.942162E-01  0.275241E+07  0.273652E+07  0.000000E+00  0.000000E+00  0.416000E+06  0.273529E+07
  0.949060E-01  0.272383E+07  0.270785E+07  0.000000E+00  0.000000E+00  0.408182E+06  0.270682E+07
  0.955959E-01  0.269582E+07  0.267977E+07  0.000000E+00  0.000000E+00  0.400570E+06  0.267893E+07
  0.962858E-01  0.266842E+07  0.265231E+07  0.000000E+00  0.000000E+00  0.393161E+06  0.265164E+07
  0.969756E-01  0.264161E+07  0.262546E+07  0.000000E+00  0.000000E+00  0.385953E+06  0.262495E+07
  0.976655E-01  0.261542E+07  0.259925E+07  0.000000E+00  0.000000E+00  0.378942E+06  0.259888E+07
  0.983553E-01  0.258985E+07  0.257367E+07  0.000000E+00  0.000000E+00  0.372125E+06  0.257343E+07
  0.990452E-01  0.256491E+07  0.254873E+07  0.000000E+00  0.000000E+00  0.365499E+06  0.254860E+07
  0.997350E-01  0.254059E+07  0.252444E+07  0.000000E+00  0.000000E+00  0.359060E+06  0.252440E+07
  0.100425E+00  0.251690E+07  0.250079E+07  0.000000E+00  0.000000E+00  0.352804E+06  0.250082E+07
  0.101115E+00  0.249384E+07  0.247779E+07  0.000000E+00  0.000000E+00  0.346728E+06  0.247788E+07
  0.101805E+00  0.247141E+07  0.245544E+07  0.000000E+00  0.000000E+00  0.340826E+06  0.245557E+07
  0.102494E+00  0.244960E+07  0.243372E+07  0.000000E+00  0.000000E+00  0.335095E+06  0.243387E+07
  0.103184E+00  0.242841E+07  0.241263E+07  0.000000E+00  0.000000E+00  0.329531E+06  0.241279E+07
  0.103874E+00  0.240783E+07  0.239217E+07  0.000000E+00  0.000000E+00  0.324129E+06  0.239232E+07
  0.104564E+00  0.238785E+07  0.237232E+07  0.000000E+00  0.000000E+00  0.318884E+06  0.237246E+07
  0.105254E+00  0.236846E+07  0.235308E+07  0.000000E+00  0.000000E+00  0.313792E+06  0.235318E+07
  0.105944E+00  0.234965E+07  0.233444E+07  0.000000E+00  0.000000E+00  0.308848E+06  0.233449E+07
  0.106634E+00  0.233141E+07  0.231638E+07  0.000000E+00  0.000000E+00  0.304047E+06  0.231636E+07
  0.107323E+00  0.231372E+07  0.229888E+07  0.000000E+00  0.000000E+00  0.299385E+06  0.229878E+07
  0.108013E+00  0.229657E+07  0.228192E+07  0.000000E+00  0.000000E+00  0.294856E+06  0.228174E+07
  0.108703E+00  0.227993E+07  0.226550E+07  0.000000E+00  0.000000E+00  0.290457E+06  0.226521E+07
  0.109393E+00  0.226380E+07  0.224959E+07  0.000000E+00  0.000000E+00  0.286181E+06  0.224919E+07
  0.110083E+00  0.224816E+07  0.223418E+07  0.000000E+00  0.000000E+00  0.282025E+06  0.223365E+07
  0.110773E+00  0.223298E+07  0.221924E+07  0.000000E+00  0.000000E+00  0.277982E+06  0.221858E+07
  0.111463E+00  0.221824E+07  0.220475E+07  0.000000E+00  0.000000E+00  0.274049E+06  0.220395E+07
  0.112152E+00  0.220393E+07  0.219069E+07  0.000000E+00  0.000000E+00  0.270220E+06  0.218974E+07
  0.112842E+00  0.219002E+07  0.217703E+07  0.000000E+00  0.000000E+00  0.266491E+06  0.217593E+07
  0.113532E+00  0.217649E+07  0.216376E+07  0.000000E+00  0.000000E+00  0.262858E+06  0.216250E+07
  0.114222E+00  0.216331E+07  0.215086E+07  0.000000E+00  0.000000E+00  0.259316E+06  0.214943E+07
  0.114912E+00  0.215047E+07  0.213829E+07  0.000000E+00  0.000000E+00  0.255861E+06  0.213669E+07
  0.115602E+00  0.213795E+07  0.212603E+07  0.000000E+00  0.000000E+00  0.252487E+06  0.212427E+07
  0.116292E+00  0.212571E+07  0.211406E+07  0.000000E+00  0.000000E+00  0.249189E+06  0.211213E+07
  0.116981E+00  0.211374E+07  0.210236E+07  0.000000E+00  0.000000E+00  0.245965E+06  0.210025E+07
  0.117671E+00  0.210201E+07  0.209091E+07  0.000000E+00  0.000000E+00  0.242811E+06  0.208862E+07
  0.118361E+00  0.209051E+07  0.207967E+07  0.000000E+00  0.000000E+00  0.239723E+06  0.207721E+07
  0.119051E+00  0.207920E+07  0.206863E+07  0.000000E+00  0.000000E+00  0.236697E+06  0.206600E+07
  0.119741E+00  0.206807E+07  0.205776E+07  0.000000E+00  0.000000E+00  0.233729E+06  0.205496E+07
  0.120431E+00  0.205710E+07  0.204704E+07  0.000000E+00  0.000000E+00  0.230816E+06  0.204408E+07
  0.121121E+00  0.204626E+07  0.203646E+07  0.000000E+00  0.000000E+00  0.227954E+06  0.203333E+07
  0.121810E+00  0.203554E+07  0.202598E+07  0.000000E+00  0.000000E+00  0.225140E+06  0.202270E+07
  0.122500E+00  0.202492E+07  0.201560E+07  0.000000E+00  0.000000E+00  0.222372E+06  0.201216E+07
  0.123190E+00  0.201438E+07  0.200528E+07  0.000000E+00  0.000000E+00  0.219647E+06  0.200170E+07
  0.123880E+00  0.200389E+07  0.199502E+07  0.000000E+00  0.000000E+00  0.216962E+06  0.199130E+07
  0.124570E+00  0.199344E+07  0.198478E+07  0.000000E+00  0.000000E+00  0.214314E+06  0.198093E+07
  0.125260E+00  0.198302E+07  0.197457E+07  0.000000E+00  0.000000E+00  0.211700E+06  0.197059E+07
  0.125950E+00  0.197262E+07  0.196436E+07  0.000000E+00  0.000000E+00  0.209120E+06  0.196027E+07
  0.126639E+00  0.196221E+07  0.195414E+07  0.000000E+00  0.000000E+00  0.206570E+06  0.194994E+07
  0.127329E+00  0.195179E+07  0.194389E+07  0.000000E+00  0.000000E+00  0.204050E+06  0.193959E+07
  0.128019E+00  0.194134E+07  0.193360E+07  0.000000E+00  0.000000E+00  0.201558E+06  0.192921E+07
  0.128709E+00  0.193085E+07  0.192327E+07  0.000000E+00  0.000000E+00  0.199091E+06  0.191880E+07
  0.129399E+00  0.192031E+07  0.191287E+07  0.000000E+00  0.000000E+00  0.196649E+06  0.190833E+07
  0.130089E+00  0.190971E+07  0.190241E+07  0.000000E+00  0.000000E+00  0.194229E+06  0.189781E+07
  0.130779E+00  0.189905E+07  0.189187E+07  0.000000E+00  0.000000E+00  0.191832E+06  0.188722E+07
  0.131468E+00  0.188832E+07  0.188125E+07  0.000000E+00  0.000000E+00  0.189456E+06  0.187656E+07
  0.132158E+00  0.187752E+07  0.187054E+07  0.000000E+00  0.000000E+00  0.187101E+06  0.186582E+07
  0.132848E+00  0.186663E+07  0.185974E+07  0.000000E+00  0.000000E+00  0.184765E+06  0.185500E+07
  0.133538E+00  0.185566E+07  0.184885E+07  0.000000E+00  0.000000E+00  0.182449E+06  0.184410E+07
  0.134228E+00  0.184460E+07  0.183786E+07  0.000000E+00  0.000000E+00  0.180151E+06  0.183311E+07
  0.134918E+00  0.183346E+07  0.182677E+07  0.000000E+00  0.000000E+00  0.177871E+06  0.182203E+07
  0.135608E+00  0.182223E+07  0.181558E+07  0.000000E+00  0.000000E+00  0.175609E+06  0.181086E+07
  0.136297E+00  0.181092E+07  0.180430E+07  0.000000E+00  0.000000E+00  0.173366E+06  0.179961E+07
  0.136987E+00  0.179952E+07  0.179293E+07  0.000000E+00  0.000000E+00  0.171141E+06  0.178827E+07
  0.137677E+00  0.178804E+07  0.178147E+07  0.000000E+00  0.000000E+00  0.168934E+06  0.177685E+07
  0.138367E+00  0.177648E+07  0.176992E+07  0.000000E+00  0.000000E+00  0.166744E+06  0.176536E+07
  0.139057E+00  0.176485E+07  0.175828E+07  0.000000E+00  0.000000E+00  0.164574E+06  0.175379E+07
  0.139747E+00  0.175316E+07  0.174658E+07  0.000000E+00  0.000000E+00  0.162422E+06  0.174215E+07
  0.140437E+00  0.174140E+07  0.173480E+07  0.000000E+00  0.000000E+00  0.160289E+06  0.173045E+07
  0.141126E+00  0.172959E+07  0.172296E+07  0.000000E+00  0.000000E+00  0.158175E+06  0.171869E+07
  0.141816E+00  0.171773E+07  0.171107E+07  0.000000E+00  0.000000E+00  0.156081E+06  0.170689E+07
  0.142506E+00  0.170583E+07  0.169914E+07  0.000000E+00  0.000000E+00  0.154007E+06  0.169505E+07
  0.143196E+00  0.169390E+07  0.168716E+07  0.000000E+00  0.000000E+00  0.151954E+06  0.168317E+07
  0.143886E+00  0.168195E+07  0.167516E+07  0.000000E+00  0.000000E+00  0.149922E+06  0.167128E+07
  0.144576E+00  0.166998E+07  0.166314E+07  0.000000E+00  0.000000E+00  0.147912E+06  0.165937E+07
  0.145266E+00  0.165802E+07  0.165112E+07  0.000000E+00  0.000000E+00  0.145925E+06  0.164745E+07
  0.145955E+00  0.164606E+07  0.163910E+07  0.000000E+00  0.000000E+00  0.143960E+06  0.163555E+07
  0.146645E+00  0.163411E+07  0.162709E+07  0.000000E+00  0.000000E+00  0.142018E+06  0.162366E+07
  0.147335E+00  0.162219E+07  0.161511E+07  0.000000E+00  0.000000E+00  0.140101E+06  0.161179E+07
  0.148025E+00  0.161032E+07  0.160316E+07  0.000000E+00  0.000000E+00  0.138208E+06  0.159996E+07
  0.148715E+00  0.159848E+07  0.159126E+07  0.000000E+00  0.000000E+00  0.136340E+06  0.158818E+07
  0.149405E+00  0.158671E+07  0.157942E+07  0.000000E+00  0.000000E+00  0.134498E+06  0.157646E+07
  0.150095E+00  0.157500E+07  0.156764E+07  0.000000E+00  0.000000E+00  0.132682E+06  0.156481E+07
  0.150784E+00  0.156338E+07  0.155595E+07  0.000000E+00  0.000000E+00  0.130893E+06  0.155323E+07
  0.151474E+00  0.155184E+07  0.154435E+07  0.000000E+00  0.000000E+00  0.129131E+06  0.154175E+07
  0.152164E+00  0.154040E+07  0.153284E+07  0.000000E+00  0.000000E+00  0.127396E+06  0.153036E+07
  0.152854E+00  0.152907E+07  0.152145E+07  0.000000E+00  0.000000E+00  0.125689E+06  0.151908E+07
  0.153544E+00  0.151785E+07  0.151017E+07  0.000000E+00  0.000000E+00  0.124009E+06  0.150791E+07
  0.154234E+00  0.150676E+07  0.149902E+07  0.000000E+00  0.000000E+00  0.122358E+06  0.149687E+07
  0.154924E+00  0.149580E+07  0.148801E+07  0.000000E+00  0.000000E+00  0.120736E+06  0.148596E+07
  0.155613E+00  0.148499E+07  0.147714E+07  0.000000E+00  0.000000E+00  0.119143E+06  0.147520E+07
  0.156303E+00  0.147432E+07  0.146642E+07  0.000000E+00  0.000000E+00  0.117579E+06  0.146458E+07
  0.156993E+00  0.146380E+07  0.145587E+07  0.000000E+00  0.000000E+00  0.116044E+06  0.145411E+07
  0.157683E+00  0.145346E+07  0.144548E+07  0.000000E+00  0.000000E+00  0.114538E+06  0.144381E+07
  0.158373E+00  0.144328E+07  0.143527E+07  0.000000E+00  0.000000E+00  0.113061E+06  0.143368E+07
  0.159063E+00  0.143327E+07  0.142523E+07  0.000000E+00  0.000000E+00  0.111614E+06  0.142373E+07
  0.159753E+00  0.142345E+07  0.141539E+07  0.000000E+00  0.000000E+00  0.110196E+06  0.141395E+07
  0.160442E+00  0.141381E+07  0.140573E+07  0.000000E+00  0.000000E+00  0.108807E+06  0.140436E+07
  0.161132E+00  0.140436E+07  0.139627E+07  0.000000E+00  0.000000E+00  0.107447E+06  0.139496E+07
  0.161822E+00  0.139510E+07  0.138700E+07  0.000000E+00  0.000000E+00  0.106117E+06  0.138575E+07
  0.162512E+00  0.138603E+07  0.137793E+07  0.000000E+00  0.000000E+00  0.104814E+06  0.137673E+07
  0.163202E+00  0.137716E+07  0.136907E+07  0.000000E+00  0.000000E+00  0.103540E+06  0.136791E+07
  0.163892E+00  0.136848E+07  0.136041E+07  0.000000E+00  0.000000E+00  0.102293E+06  0.135928E+07
  0.164582E+00  0.136001E+07  0.135195E+07  0.000000E+00  0.000000E+00  0.101074E+06  0.135086E+07
  0.165271E+00  0.135172E+07  0.134369E+07  0.000000E+00  0.000000E+00  0.998825E+05  0.134262E+07
  0.165961E+00  0.134364E+07  0.133563E+07  0.000000E+00  0.000000E+00  0.987176E+05  0.133459E+07
  0.166651E+00  0.133575E+07  0.132778E+07  0.000000E+00  0.000000E+00  0.975786E+05  0.132674E+07
  0.167341E+00  0.132805E+07  0.132012E+07  0.000000E+00  0.000000E+00  0.964649E+05  0.131909E+07
  0.168031E+00  0.132054E+07  0.131266E+07  0.000000E+00  0.000000E+00  0.953762E+05  0.131163E+07
  0.168721E+00  0.131322E+07  0.130539E+07  0.000000E+00  0.000000E+00  0.943119E+05  0.130436E+07
  0.169411E+00  0.130609E+07  0.129831E+07  0.000000E+00  0.000000E+00  0.932714E+05  0.129727E+07
  0.170100E+00  0.129913E+07  0.129142E+07  0.000000E+00  0.000000E+00  0.922542E+05  0.129036E+07
  0.170790E+00  0.129235E+07  0.128470E+07  0.000000E+00  0.000000E+00  0.912596E+05  0.128363E+07
  0.171480E+00  0.128574E+07  0.127816E+07  0.000000E+00  0.000000E+00  0.902869E+05  0.127706E+07
  0.172170E+00  0.127930E+07  0.127179E+07  0.000000E+00  0.000000E+00  0.893354E+05  0.127067E+07
  0.172860E+00  0.127302E+07  0.126559E+07  0.000000E+00  0.000000E+00  0.884042E+05  0.126443E+07
  0.173550E+00  0.126689E+07  0.125954E+07  0.000000E+00  0.000000E+00  0.874928E+05  0.125835E+07
  0.174240E+00  0.126091E+07  0.125365E+07  0.000000E+00  0.000000E+00  0.866005E+05  0.125242E+07
  0.174929E+00  0.125508E+07  0.124791E+07  0.000000E+00  0.000000E+00  0.857267E+05  0.124663E+07
  0.175619E+00  0.124938E+07  0.124230E+07  0.000000E+00  0.000000E+00  0.848707E+05  0.124097E+07
  0.176309E+00  0.124381E+07  0.123682E+07  0.000000E+00  0.000000E+00  0.840316E+05  0.123545E+07
  0.176999E+00  0.123836E+07  0.123147E+07  0.000000E+00  0.000000E+00  0.832086E+05  0.123005E+07
  0.177689E+00  0.123303E+07  0.122624E+07  0.000000E+00  0.000000E+00  0.824010E+05  0.122476E+07
  0.178379E+00  0.122781E+07  0.122111E+07  0.000000E+00  0.000000E+00  0.816083E+05  0.121958E+07
  0.179069E+00  0.122269E+07  0.121609E+07  0.000000E+00  0.000000E+00  0.808299E+05  0.121450E+07
  0.179758E+00  0.121766E+07  0.121116E+07  0.000000E+00  0.000000E+00  0.800648E+05  0.120951E+07
  0.180448E+00  0.121271E+07  0.120631E+07  0.000000E+00  0.000000E+00  0.793124E+05  0.120460E+07
  0.181138E+00  0.120784E+07  0.120154E+07  0.000000E+00  0.000000E+00  0.785720E+05  0.119978E+07
  0.181828E+00  0.120304E+07  0.119684E+07  0.000000E+00  0.000000E+00  0.778428E+05  0.119502E+07
  0.182518E+00  0.119830E+07  0.119220E+07  0.000000E+00  0.000000E+00  0.771242E+05  0.119032E+07
  0.183208E+00  0.119362E+07  0.118762E+07  0.000000E+00  0.000000E+00  0.764158E+05  0.118568E+07
  0.183898E+00  0.118898E+07  0.118308E+07  0.000000E+00  0.000000E+00  0.757171E+05  0.118108E+07
  0.184587E+00  0.118439E+07  0.117858E+07  0.000000E+00  0.000000E+00  0.750274E+05  0.117652E+07
  0.185277E+00  0.117982E+07  0.117411E+07  0.000000E+00  0.000000E+00  0.743460E+05  0.117200E+07
  0.185967E+00  0.117529E+07  0.116967E+07  0.000000E+00  0.000000E+00  0.736724E+05  0.116750E+07
  0.186657E+00  0.117077E+07  0.116524E+07  0.000000E+00  0.000000E+00  0.730059E+05  0.116302E+07
  0.187347E+00  0.116627E+07  0.116083E+07  0.000000E+00  0.000000E+00  0.723463E+05  0.115856E+07
  0.188037E+00  0.116178E+07  0.115642E+07  0.000000E+00  0.000000E+00  0.716933E+05  0.115410E+07
  0.188727E+00  0.115728E+07  0.115201E+07  0.000000E+00  0.000000E+00  0.710463E+05  0.114965E+07
  0.189416E+00  0.115279E+07  0.114760E+07  0.000000E+00  0.000000E+00  0.704051E+05  0.114519E+07
  0.190106E+00  0.114829E+07  0.114317E+07  0.000000E+00  0.000000E+00  0.697692E+05  0.114073E+07
  0.190796E+00  0.114378E+07  0.113874E+07  0.000000E+00  0.000000E+00  0.691382E+05  0.113625E+07
  0.191486E+00  0.113926E+07  0.113428E+07  0.000000E+00  0.000000E+00  0.685118E+05  0.113176E+07
  0.192176E+00  0.113471E+07  0.112980E+07  0.000000E+00  0.000000E+00  0.678899E+05  0.112725E+07
  0.192866E+00  0.113015E+07  0.112529E+07  0.000000E+00  0.000000E+00  0.672721E+05  0.112272E+07
  0.193556E+00  0.112555E+07  0.112076E+07  0.000000E+00  0.000000E+00  0.666583E+05  0.111816E+07
  0.194245E+00  0.112093E+07  0.111619E+07  0.000000E+00  0.000000E+00  0.660481E+05  0.111358E+07
  0.194935E+00  0.111628E+07  0.111159E+07  0.000000E+00  0.000000E+00  0.654414E+05  0.110896E+07
  0.195625E+00  0.111160E+07  0.110695E+07  0.000000E+00  0.000000E+00  0.648380E+05  0.110430E+07
  0.196315E+00  0.110687E+07  0.110227E+07  0.000000E+00  0.000000E+00  0.642380E+05  0.109962E+07
  0.197005E+00  0.110212E+07  0.109755E+07  0.000000E+00  0.000000E+00  0.636412E+05  0.109489E+07
  0.197695E+00  0.109732E+07  0.109279E+07  0.000000E+00  0.000000E+00  0.630475E+05  0.109013E+07
  0.198385E+00  0.109249E+07  0.108799E+07  0.000000E+00  0.000000E+00  0.624566E+05  0.108533E+07
  0.199074E+00  0.108762E+07  0.108315E+07  0.000000E+00  0.000000E+00  0.618686E+05  0.108049E+07
  0.199764E+00  0.108271E+07  0.107827E+07  0.000000E+00  0.000000E+00  0.612835E+05  0.107561E+07
  0.200454E+00  0.107777E+07  0.107334E+07  0.000000E+00  0.000000E+00  0.607015E+05  0.107070E+07
  0.201144E+00  0.107279E+07  0.106837E+07  0.000000E+00  0.000000E+00  0.601225E+05  0.106575E+07
  0.201834E+00  0.106777E+07  0.106337E+07  0.000000E+00  0.000000E+00  0.595466E+05  0.106076E+07
  0.202524E+00  0.106272E+07  0.105833E+07  0.000000E+00  0.000000E+00  0.589737E+05  0.105574E+07
  0.203214E+00  0.105763E+07  0.105325E+07  0.000000E+00  0.000000E+00  0.584039E+05  0.105068E+07
  0.203903E+00  0.105252E+07  0.104814E+07  0.000000E+00  0.000000E+00  0.578372E+05  0.104560E+07
  0.204593E+00  0.104738E+07  0.104300E+07  0.000000E+00  0.000000E+00  0.572739E+05  0.104049E+07
  0.205283E+00  0.104221E+07  0.103783E+07  0.000000E+00  0.000000E+00  0.567142E+05  0.103535E+07
  0.205973E+00  0.103703E+07  0.103264E+07  0.000000E+00  0.000000E+00  0.561581E+05  0.103019E+07
  0.206663E+00  0.103182E+07  0.102742E+07  0.000000E+00  0.000000E+00  0.556057E+05  0.102501E+07
  0.207353E+00  0.102659E+07  0.102219E+07  0.000000E+00  0.000000E+00  0.550571E+05  0.101981E+07
  0.208043E+00  0.102136E+07  0.101694E+07  0.000000E+00  0.000000E+00  0.545124E+05  0.101460E+07
  0.208732E+00  0.101611E+07  0.101169E+07  0.000000E+00  0.000000E+00  0.539719E+05  0.100939E+07
  0.209422E+00  0.101086E+07  0.100642E+07  0.000000E+00  0.000000E+00  0.534356E+05  0.100416E+07
  0.210112E+00  0.100561E+07  0.100115E+07  0.000000E+00  0.000000E+00  0.529037E+05  0.998935E+06
  0.210802E+00  0.100035E+07  0.995881E+06  0.000000E+00  0.000000E+00  0.523764E+05  0.993710E+06
  0.211492E+00  0.995107E+06  0.990616E+06  0.000000E+00  0.000000E+00  0.518538E+05  0.988489E+06
  0.212182E+00  0.989868E+06  0.985358E+06  0.000000E+00  0.000000E+00  0.513361E+05  0.983277E+06
  0.212872E+00  0.984641E+06  0.980112E+06  0.000000E+00  0.000000E+00  0.508235E+05  0.978077E+06
  0.213561E+00  0.979431E+06  0.974882E+06  0.000000E+00  0.000000E+00  0.503159E+05  0.972893E+06
  0.214251E+00  0.974240E+06  0.969671E+06  0.000000E+00  0.000000E+00  0.498135E+05  0.967728E+06
  0.214941E+00  0.969072E+06  0.964484E+06  0.000000E+00  0.000000E+00  0.493165E+05  0.962587E+06
  0.215631E+00  0.963932E+06  0.959324E+06  0.000000E+00  0.000000E+00  0.488249E+05  0.957473E+06
  0.216321E+00  0.958822E+06  0.954195E+06  0.000000E+00  0.000000E+00  0.483391E+05  0.952390E+06
  0.217011E+00  0.953747E+06  0.949100E+06  0.000000E+00  0.000000E+00  0.478591E+05  0.947340E+06
  0.217701E+00  0.948709E+06  0.944045E+06  0.000000E+00  0.000000E+00  0.473850E+05  0.942328E+06
  0.218390E+00  0.943713E+06  0.939031E+06  0.000000E+00  0.000000E+00  0.469168E+05  0.937357E+06
  0.219080E+00  0.938760E+06  0.934062E+06  0.000000E+00  0.000000E+00  0.464545E+05  0.932431E+06
  0.219770E+00  0.933855E+06  0.929142E+06  0.000000E+00  0.000000E+00  0.459984E+05  0.927551E+06
  0.220460E+00  0.929001E+06  0.924273E+06  0.000000E+00  0.000000E+00  0.455485E+05  0.922722E+06
  0.221150E+00  0.924200E+06  0.919460E+06  0.000000E+00  0.000000E+00  0.451050E+05  0.917947E+06
  0.221840E+00  0.919455E+06  0.914704E+06  0.000000E+00  0.000000E+00  0.446678E+05  0.913227E+06
  0.224025E+00  0.904818E+06  0.900043E+06  0.000000E+00  0.000000E+00  0.433251E+05  0.898670E+06
  0.226232E+00  0.890696E+06  0.885914E+06  0.000000E+00  0.000000E+00  0.420349E+05  0.884627E+06
  0.228461E+00  0.877148E+06  0.872382E+06  0.000000E+00  0.000000E+00  0.407985E+05  0.871159E+06
  0.230712E+00  0.864213E+06  0.859484E+06  0.000000E+00  0.000000E+00  0.396161E+05  0.858304E+06
  0.232985E+00  0.851909E+06  0.847238E+06  0.000000E+00  0.000000E+00  0.384871E+05  0.846079E+06
  0.235281E+00  0.840231E+06  0.835640E+06  0.000000E+00  0.000000E+00  0.374090E+05  0.834480E+06
  0.237599E+00  0.829154E+06  0.824661E+06  0.000000E+00  0.000000E+00  0.363798E+05  0.823481E+06
  0.239939E+00  0.818631E+06  0.814252E+06  0.000000E+00  0.000000E+00  0.353954E+05  0.813036E+06
  0.242303E+00  0.808595E+06  0.804343E+06  0.000000E+00  0.000000E+00  0.344521E+05  0.803076E+06
  0.244691E+00  0.798960E+06  0.794844E+06  0.000000E+00  0.000000E+00  0.335444E+05  0.793518E+06
  0.247101E+00  0.789631E+06  0.785654E+06  0.000000E+00  0.000000E+00  0.326678E+05  0.784263E+06
  0.249536E+00  0.780504E+06  0.776665E+06  0.000000E+00  0.000000E+00  0.318170E+05  0.775209E+06
  0.251994E+00  0.771479E+06  0.767772E+06  0.000000E+00  0.000000E+00  0.309872E+05  0.766256E+06
  0.254477E+00  0.762462E+06  0.758878E+06  0.000000E+00  0.000000E+00  0.301744E+05  0.757309E+06
  0.256984E+00  0.753366E+06  0.749893E+06  0.000000E+00  0.000000E+00  0.293747E+05  0.748283E+06
  0.259516E+00  0.744121E+06  0.740742E+06  0.000000E+00  0.000000E+00  0.285856E+05  0.739105E+06
  0.262073E+00  0.734669E+06  0.731368E+06  0.000000E+00  0.000000E+00  0.278044E+05  0.729720E+06
  0.264655E+00  0.724977E+06  0.721735E+06  0.000000E+00  0.000000E+00  0.270305E+05  0.720092E+06
  0.267262E+00  0.715034E+06  0.711835E+06  0.000000E+00  0.000000E+00  0.262632E+05  0.710214E+06
  0.269895E+00  0.704857E+06  0.701684E+06  0.000000E+00  0.000000E+00  0.255035E+05  0.700100E+06
  0.272554E+00  0.694483E+06  0.691321E+06  0.000000E+00  0.000000E+00  0.247529E+05  0.689788E+06
  0.275239E+00  0.683966E+06  0.680805E+06  0.000000E+00  0.000000E+00  0.240132E+05  0.679333E+06
  0.277951E+00  0.673372E+06  0.670204E+06  0.000000E+00  0.000000E+00  0.232868E+05  0.668800E+06
  0.280690E+00  0.662780E+06  0.659602E+06  0.000000E+00  0.000000E+00  0.225760E+05  0.658268E+06
  0.283455E+00  0.652273E+06  0.649086E+06  0.000000E+00  0.000000E+00  0.218838E+05  0.647822E+06
  0.286248E+00  0.641937E+06  0.638744E+06  0.000000E+00  0.000000E+00  0.212122E+05  0.637546E+06
  0.289068E+00  0.631849E+06  0.628658E+06  0.000000E+00  0.000000E+00  0.205635E+05  0.627517E+06
  0.291916E+00  0.622073E+06  0.618893E+06  0.000000E+00  0.000000E+00  0.199390E+05  0.617800E+06
  0.294792E+00  0.612651E+06  0.609495E+06  0.000000E+00  0.000000E+00  0.193395E+05  0.608438E+06
  0.297696E+00  0.603612E+06  0.600490E+06  0.000000E+00  0.000000E+00  0.187650E+05  0.599457E+06
  0.300629E+00  0.594962E+06  0.591888E+06  0.000000E+00  0.000000E+00  0.182149E+05  0.590865E+06
  0.303591E+00  0.586688E+06  0.583672E+06  0.000000E+00  0.000000E+00  0.176881E+05  0.582648E+06
  0.306582E+00  0.578756E+06  0.575806E+06  0.000000E+00  0.000000E+00  0.171830E+05  0.574774E+06
  0.309602E+00  0.571113E+06  0.568236E+06  0.000000E+00  0.000000E+00  0.166971E+05  0.567187E+06
  0.312652E+00  0.563694E+06  0.560894E+06  0.000000E+00  0.000000E+00  0.162281E+05  0.559823E+06
  0.315733E+00  0.556431E+06  0.553706E+06  0.000000E+00  0.000000E+00  0.157736E+05  0.552614E+06
  0.318843E+00  0.549255E+06  0.546602E+06  0.000000E+00  0.000000E+00  0.153312E+05  0.545492E+06
  0.321985E+00  0.542102E+06  0.539516E+06  0.000000E+00  0.000000E+00  0.148989E+05  0.538391E+06
  0.325157E+00  0.534915E+06  0.532389E+06  0.000000E+00  0.000000E+00  0.144749E+05  0.531256E+06
  0.328360E+00  0.527654E+06  0.525178E+06  0.000000E+00  0.000000E+00  0.140581E+05  0.524046E+06
  0.331596E+00  0.520295E+06  0.517860E+06  0.000000E+00  0.000000E+00  0.136477E+05  0.516737E+06
  0.334862E+00  0.512839E+06  0.510435E+06  0.000000E+00  0.000000E+00  0.132438E+05  0.509330E+06
  0.338162E+00  0.505300E+06  0.502919E+06  0.000000E+00  0.000000E+00  0.128466E+05  0.501840E+06
  0.341493E+00  0.497708E+06  0.495343E+06  0.000000E+00  0.000000E+00  0.124569E+05  0.494295E+06
  0.344858E+00  0.490104E+06  0.487752E+06  0.000000E+00  0.000000E+00  0.120756E+05  0.486739E+06
  0.348255E+00  0.482541E+06  0.480200E+06  0.000000E+00  0.000000E+00  0.117037E+05  0.479222E+06
  0.351686E+00  0.475073E+06  0.472744E+06  0.000000E+00  0.000000E+00  0.113427E+05  0.471801E+06
  0.355151E+00  0.467751E+06  0.465437E+06  0.000000E+00  0.000000E+00  0.109931E+05  0.464525E+06
  0.358650E+00  0.460612E+06  0.458318E+06  0.000000E+00  0.000000E+00  0.106557E+05  0.457432E+06
  0.362184E+00  0.453686E+06  0.451417E+06  0.000000E+00  0.000000E+00  0.103308E+05  0.450551E+06
  0.365752E+00  0.446987E+06  0.444749E+06  0.000000E+00  0.000000E+00  0.100183E+05  0.443897E+06
  0.369355E+00  0.440515E+06  0.438314E+06  0.000000E+00  0.000000E+00  0.971784E+04  0.437470E+06
  0.372994E+00  0.434251E+06  0.432091E+06  0.000000E+00  0.000000E+00  0.942869E+04  0.431250E+06
  0.376669E+00  0.428164E+06  0.426048E+06  0.000000E+00  0.000000E+00  0.914981E+04  0.425205E+06
  0.380380E+00  0.422216E+06  0.420145E+06  0.000000E+00  0.000000E+00  0.888011E+04  0.419301E+06
  0.384128E+00  0.416369E+06  0.414342E+06  0.000000E+00  0.000000E+00  0.861850E+04  0.413495E+06
  0.387912E+00  0.410580E+06  0.408596E+06  0.000000E+00  0.000000E+00  0.836392E+04  0.407747E+06
  0.391734E+00  0.404813E+06  0.402868E+06  0.000000E+00  0.000000E+00  0.811552E+04  0.402021E+06
  0.395593E+00  0.399045E+06  0.397133E+06  0.000000E+00  0.000000E+00  0.787264E+04  0.396293E+06
  0.399491E+00  0.393265E+06  0.391382E+06  0.000000E+00  0.000000E+00  0.763498E+04  0.390552E+06
  0.403426E+00  0.387472E+06  0.385614E+06  0.000000E+00  0.000000E+00  0.740248E+04  0.384798E+06
  0.407401E+00  0.381676E+06  0.379840E+06  0.000000E+00  0.000000E+00  0.717525E+04  0.379040E+06
  0.411415E+00  0.375900E+06  0.374083E+06  0.000000E+00  0.000000E+00  0.695355E+04  0.373303E+06
  0.415468E+00  0.370174E+06  0.368374E+06  0.000000E+00  0.000000E+00  0.673788E+04  0.367613E+06
  0.419561E+00  0.364525E+06  0.362743E+06  0.000000E+00  0.000000E+00  0.652854E+04  0.362001E+06
  0.423695E+00  0.358977E+06  0.357215E+06  0.000000E+00  0.000000E+00  0.632585E+04  0.356490E+06
  0.427869E+00  0.353553E+06  0.351812E+06  0.000000E+00  0.000000E+00  0.612997E+04  0.351102E+06
  0.432085E+00  0.348263E+06  0.346547E+06  0.000000E+00  0.000000E+00  0.594093E+04  0.345848E+06
  0.436342E+00  0.343108E+06  0.341419E+06  0.000000E+00  0.000000E+00  0.575853E+04  0.340728E+06
  0.440641E+00  0.338075E+06  0.336415E+06  0.000000E+00  0.000000E+00  0.489312E+04  0.335726E+06
  0.444982E+00  0.333156E+06  0.331525E+06  0.000000E+00  0.000000E+00  0.474047E+04  0.330841E+06
  0.449366E+00  0.328327E+06  0.326725E+06  0.000000E+00  0.000000E+00  0.459275E+04  0.326046E+06
  0.453793E+00  0.323564E+06  0.321992E+06  0.000000E+00  0.000000E+00  0.444948E+04  0.321317E+06
  0.458264E+00  0.318848E+06  0.317303E+06  0.000000E+00  0.000000E+00  0.431028E+04  0.316634E+06
  0.462779E+00  0.314166E+06  0.312646E+06  0.000000E+00  0.000000E+00  0.417488E+04  0.311984E+06
  0.467338E+00  0.309509E+06  0.308013E+06  0.000000E+00  0.000000E+00  0.404307E+04  0.307360E+06
  0.471942E+00  0.304877E+06  0.303402E+06  0.000000E+00  0.000000E+00  0.391476E+04  0.302759E+06
  0.476592E+00  0.300277E+06  0.298821E+06  0.000000E+00  0.000000E+00  0.378998E+04  0.298190E+06
  0.481288E+00  0.295723E+06  0.294285E+06  0.000000E+00  0.000000E+00  0.366879E+04  0.293666E+06
  0.486029E+00  0.291225E+06  0.289806E+06  0.000000E+00  0.000000E+00  0.355125E+04  0.289199E+06
  0.490818E+00  0.286798E+06  0.285397E+06  0.000000E+00  0.000000E+00  0.343743E+04  0.284802E+06
  0.495653E+00  0.282453E+06  0.281072E+06  0.000000E+00  0.000000E+00  0.332736E+04  0.280486E+06
  0.500537E+00  0.278194E+06  0.276833E+06  0.000000E+00  0.000000E+00  0.322099E+04  0.276256E+06
  0.505468E+00  0.274019E+06  0.272679E+06  0.000000E+00  0.000000E+00  0.311819E+04  0.272111E+06
  0.510448E+00  0.269925E+06  0.268607E+06  0.000000E+00  0.000000E+00  0.301880E+04  0.268045E+06
  0.515477E+00  0.265902E+06  0.264606E+06  0.000000E+00  0.000000E+00  0.292264E+04  0.264050E+06
  0.520555E+00  0.261939E+06  0.260664E+06  0.000000E+00  0.000000E+00  0.282947E+04  0.260114E+06
  0.525684E+00  0.258025E+06  0.256772E+06  0.000000E+00  0.000000E+00  0.273913E+04  0.256228E+06
  0.530863E+00  0.254155E+06  0.252921E+06  0.000000E+00  0.000000E+00  0.265145E+04  0.252385E+06
  0.536093E+00  0.250323E+06  0.249108E+06  0.000000E+00  0.000000E+00  0.256632E+04  0.248579E+06
  0.541375E+00  0.246530E+06  0.245332E+06  0.000000E+00  0.000000E+00  0.248369E+04  0.244812E+06
  0.546709E+00  0.242780E+06  0.241599E+06  0.000000E+00  0.000000E+00  0.240352E+04  0.241088E+06
  0.552095E+00  0.239077E+06  0.237913E+06  0.000000E+00  0.000000E+00  0.232580E+04  0.237410E+06
  0.557534E+00  0.235428E+06  0.234281E+06  0.000000E+00  0.000000E+00  0.225053E+04  0.233787E+06
  0.563027E+00  0.231838E+06  0.230708E+06  0.000000E+00  0.000000E+00  0.217769E+04  0.230221E+06
  0.568574E+00  0.228309E+06  0.227195E+06  0.000000E+00  0.000000E+00  0.210721E+04  0.226716E+06
  0.574176E+00  0.224840E+06  0.223744E+06  0.000000E+00  0.000000E+00  0.203904E+04  0.223272E+06
  0.579833E+00  0.221429E+06  0.220350E+06  0.000000E+00  0.000000E+00  0.197308E+04  0.219884E+06
  0.585545E+00  0.218071E+06  0.217009E+06  0.000000E+00  0.000000E+00  0.190923E+04  0.216549E+06
  0.591314E+00  0.214761E+06  0.213716E+06  0.000000E+00  0.000000E+00  0.184739E+04  0.213262E+06
  0.597140E+00  0.211494E+06  0.210466E+06  0.000000E+00  0.000000E+00  0.178746E+04  0.210018E+06
  0.603023E+00  0.208269E+06  0.207256E+06  0.000000E+00  0.000000E+00  0.172937E+04  0.206815E+06
  0.608964E+00  0.205084E+06  0.204087E+06  0.000000E+00  0.000000E+00  0.167307E+04  0.203653E+06
  0.614964E+00  0.201941E+06  0.200958E+06  0.000000E+00  0.000000E+00  0.161851E+04  0.200531E+06
  0.621022E+00  0.198841E+06  0.197873E+06  0.000000E+00  0.000000E+00  0.156567E+04  0.197452E+06
  0.627141E+00  0.195786E+06  0.194833E+06  0.000000E+00  0.000000E+00  0.151451E+04  0.194419E+06
  0.633319E+00  0.192779E+06  0.191840E+06  0.000000E+00  0.000000E+00  0.146499E+04  0.191432E+06
  0.639559E+00  0.189819E+06  0.188895E+06  0.000000E+00  0.000000E+00  0.141708E+04  0.188493E+06
  0.645860E+00  0.186905E+06  0.185995E+06  0.000000E+00  0.000000E+00  0.137072E+04  0.185599E+06
  0.652223E+00  0.184036E+06  0.183140E+06  0.000000E+00  0.000000E+00  0.132585E+04  0.182750E+06
  0.658649E+00  0.181209E+06  0.180327E+06  0.000000E+00  0.000000E+00  0.128242E+04  0.179943E+06
  0.665138E+00  0.178422E+06  0.177554E+06  0.000000E+00  0.000000E+00  0.124036E+04  0.177175E+06
  0.703136E+00  0.163357E+06  0.162562E+06  0.000000E+00  0.000000E+00  0.102607E+04  0.162215E+06
  0.743304E+00  0.149516E+06  0.148789E+06  0.000000E+00  0.000000E+00  0.848090E+03  0.148470E+06
  0.785768E+00  0.136790E+06  0.136125E+06  0.000000E+00  0.000000E+00  0.700334E+03  0.135833E+06
  0.830657E+00  0.125102E+06  0.124494E+06  0.000000E+00  0.000000E+00  0.577833E+03  0.124226E+06
  0.878110E+00  0.114370E+06  0.113814E+06  0.000000E+00  0.000000E+00  0.476363E+03  0.113569E+06
  0.928275E+00  0.104521E+06  0.104012E+06  0.000000E+00  0.000000E+00  0.392397E+03  0.103788E+06
  0.981305E+00  0.954876E+05  0.950233E+05  0.000000E+00  0.000000E+00  0.322988E+03  0.948182E+05
  0.103736E+01  0.872060E+05  0.867820E+05  0.000000E+00  0.000000E+00  0.265662E+03  0.865945E+05
  0.109663E+01  0.796160E+05  0.792289E+05  0.000000E+00  0.000000E+00  0.218354E+03  0.790575E+05
  0.115927E+01  0.726628E+05  0.723096E+05  0.000000E+00  0.000000E+00  0.179347E+03  0.721531E+05
  0.122550E+01  0.662967E+05  0.659744E+05  0.000000E+00  0.000000E+00  0.147212E+03  0.658315E+05
  0.129551E+01  0.604701E+05  0.601761E+05  0.000000E+00  0.000000E+00  0.120759E+03  0.600456E+05
  0.136952E+01  0.551388E+05  0.548707E+05  0.000000E+00  0.000000E+00  0.989992E+02  0.547517E+05
  0.144776E+01  0.502630E+05  0.500187E+05  0.000000E+00  0.000000E+00  0.811127E+02  0.499101E+05
  0.153047E+01  0.458058E+05  0.455832E+05  0.000000E+00  0.000000E+00  0.904292E+02  0.454843E+05
  0.161790E+01  0.417321E+05  0.415293E+05  0.000000E+00  0.000000E+00  0.741510E+02  0.414391E+05
  0.171033E+01  0.380106E+05  0.378258E+05  0.000000E+00  0.000000E+00  0.607661E+02  0.377437E+05
  0.180803E+01  0.346119E+05  0.344436E+05  0.000000E+00  0.000000E+00  0.497679E+02  0.343688E+05
  0.191132E+01  0.315089E+05  0.313558E+05  0.000000E+00  0.000000E+00  0.407372E+02  0.312876E+05
  0.202051E+01  0.286771E+05  0.285378E+05  0.000000E+00  0.000000E+00  0.333270E+02  0.284757E+05
