  0.745045E-04  0.198016E+08  0.198016E+08  0.257040E+08  0.257030E+08  0.198013E+08  0.198016E+08
  0.809793E-04  0.198014E+08  0.198014E+08  0.255789E+08  0.255777E+08  0.198010E+08  0.198014E+08
  0.880167E-04  0.198011E+08  0.198011E+08  0.254318E+08  0.254304E+08  0.198007E+08  0.198011E+08
  0.956657E-04  0.198008E+08  0.198008E+08  0.252591E+08  0.252575E+08  0.198003E+08  0.198008E+08
  0.103979E-03  0.198005E+08  0.198005E+08  0.250564E+08  0.250545E+08  0.197998E+08  0.198005E+08
  0.113016E-03  0.198000E+08  0.198000E+08  0.248189E+08  0.248166E+08  0.197992E+08  0.198000E+08
  0.122837E-03  0.197995E+08  0.197995E+08  0.245410E+08  0.245383E+08  0.197985E+08  0.197995E+08
  0.133512E-03  0.197989E+08  0.197989E+08  0.242163E+08  0.242132E+08  0.197977E+08  0.197989E+08
  0.145115E-03  0.197982E+08  0.197982E+08  0.238378E+08  0.238342E+08  0.197968E+08  0.197982E+08
  0.157726E-03  0.197973E+08  0.197973E+08  0.233976E+08  0.233936E+08  0.197957E+08  0.197973E+08
  0.171433E-03  0.197963E+08  0.197963E+08  0.228873E+08  0.228826E+08  0.197944E+08  0.197963E+08
  0.186331E-03  0.197952E+08  0.197952E+08  0.222975E+08  0.222922E+08  0.197928E+08  0.197951E+08
  0.202524E-03  0.197938E+08  0.197938E+08  0.216188E+08  0.216127E+08  0.197910E+08  0.197938E+08
  0.220125E-03  0.197922E+08  0.197922E+08  0.208415E+08  0.208347E+08  0.197889E+08  0.197921E+08
  0.239254E-03  0.197903E+08  0.197902E+08  0.199564E+08  0.199489E+08  0.197863E+08  0.197902E+08
  0.260046E-03  0.197880E+08  0.197880E+08  0.189556E+08  0.189473E+08  0.197833E+08  0.197880E+08
  0.282645E-03  0.197854E+08  0.197854E+08  0.178332E+08  0.178242E+08  0.197798E+08  0.197853E+08
  0.307209E-03  0.197823E+08  0.197823E+08  0.165869E+08  0.165773E+08  0.197757E+08  0.197822E+08
  0.333906E-03  0.197786E+08  0.197786E+08  0.152194E+08  0.152094E+08  0.197709E+08  0.197786E+08
  0.362924E-03  0.197744E+08  0.197744E+08  0.137403E+08  0.137302E+08  0.197652E+08  0.197743E+08
  0.394464E-03  0.197694E+08  0.197694E+08  0.121680E+08  0.121583E+08  0.197586E+08  0.197693E+08
  0.428744E-03  0.197636E+08  0.197636E+08  0.105319E+08  0.105229E+08  0.197508E+08  0.197635E+08
  0.466004E-03  0.197569E+08  0.197569E+08  0.887301E+07  0.886529E+07  0.197418E+08  0.197567E+08
  0.506501E-03  0.197491E+08  0.197490E+08  0.724427E+07  0.723841E+07  0.197312E+08  0.197489E+08
  0.550518E-03  0.197400E+08  0.197400E+08  0.570823E+07  0.570471E+07  0.197189E+08  0.197397E+08
  0.598361E-03  0.197295E+08  0.197294E+08  0.433170E+07  0.433081E+07  0.197046E+08  0.197292E+08
  0.650360E-03  0.197174E+08  0.197173E+08  0.317682E+07  0.317846E+07  0.196880E+08  0.197170E+08
  0.706879E-03  0.197034E+08  0.197034E+08  0.228856E+07  0.229217E+07  0.196688E+08  0.197030E+08
  0.768310E-03  0.196874E+08  0.196874E+08  0.168089E+07  0.168541E+07  0.196466E+08  0.196870E+08
  0.835079E-03  0.196692E+08  0.196691E+08  0.132569E+07  0.132968E+07  0.196211E+08  0.196686E+08
  0.907651E-03  0.196483E+08  0.196482E+08  0.115098E+07  0.115307E+07  0.195917E+08  0.196476E+08
  0.986530E-03  0.196245E+08  0.196244E+08  0.105553E+07  0.105500E+07  0.195579E+08  0.196238E+08
  0.107226E-02  0.195976E+08  0.195974E+08  0.941714E+06  0.939096E+06  0.195192E+08  0.195967E+08
  0.116545E-02  0.195670E+08  0.195668E+08  0.757840E+06  0.754899E+06  0.194751E+08  0.195659E+08
  0.126673E-02  0.195324E+08  0.195322E+08  0.525851E+06  0.524685E+06  0.194246E+08  0.195312E+08
  0.137681E-02  0.194934E+08  0.194932E+08  0.324998E+06  0.326372E+06  0.193670E+08  0.194919E+08
  0.149646E-02  0.194494E+08  0.194491E+08  0.224455E+06  0.226755E+06  0.193015E+08  0.194476E+08
  0.162651E-02  0.193998E+08  0.193995E+08  0.211374E+06  0.211913E+06  0.192271E+08  0.193978E+08
  0.176786E-02  0.193442E+08  0.193438E+08  0.198307E+06  0.196612E+06  0.191428E+08  0.193418E+08
  0.192150E-02  0.192818E+08  0.192814E+08  0.130956E+06  0.129857E+06  0.190475E+08  0.192791E+08
  0.208848E-02  0.192120E+08  0.192115E+08  0.634868E+05  0.647366E+05  0.189400E+08  0.192088E+08
  0.226998E-02  0.191340E+08  0.191334E+08  0.576285E+05  0.582617E+05  0.188192E+08  0.191303E+08
  0.246725E-02  0.190470E+08  0.190463E+08  0.598012E+05  0.578577E+05  0.186838E+08  0.190428E+08
  0.268167E-02  0.189503E+08  0.189495E+08  0.232146E+05  0.234001E+05  0.185326E+08  0.189455E+08
  0.291471E-02  0.188431E+08  0.188421E+08  0.157203E+05  0.165476E+05  0.183646E+08  0.188375E+08
  0.316801E-02  0.187243E+08  0.187232E+08  0.195046E+05  0.182987E+05  0.181786E+08  0.187179E+08
  0.344333E-02  0.185931E+08  0.185918E+08  0.950239E+03  0.107480E+04  0.179736E+08  0.185859E+08
  0.374257E-02  0.184487E+08  0.184472E+08  0.975132E+04  0.724317E+04  0.177488E+08  0.184406E+08
  0.406781E-02  0.182901E+08  0.182883E+08 -0.600016E+03 -0.296785E+04  0.175032E+08  0.182810E+08
  0.442132E-02  0.181165E+08  0.181144E+08  0.268648E+04  0.147114E+04  0.172363E+08  0.181062E+08
  0.480555E-02  0.179270E+08  0.179245E+08 -0.578831E+04 -0.447149E+04  0.169474E+08  0.179155E+08
  0.484576E-02  0.179071E+08  0.179046E+08 -0.526334E+04 -0.404253E+04  0.169173E+08  0.178955E+08
  0.488631E-02  0.178871E+08  0.178845E+08 -0.439408E+04 -0.340409E+04  0.168869E+08  0.178754E+08
  0.492720E-02  0.178669E+08  0.178643E+08 -0.330773E+04 -0.266421E+04  0.168563E+08  0.178551E+08
  0.496843E-02  0.178465E+08  0.178439E+08 -0.216035E+04 -0.194464E+04  0.168255E+08  0.178346E+08
  0.501001E-02  0.178260E+08  0.178233E+08 -0.111551E+04 -0.136288E+04  0.167945E+08  0.178139E+08
  0.505194E-02  0.178053E+08  0.178025E+08 -0.321095E+03 -0.101422E+04  0.167632E+08  0.177931E+08
  0.509421E-02  0.177844E+08  0.177816E+08  0.112158E+03 -0.956860E+03  0.167317E+08  0.177721E+08
  0.513684E-02  0.177633E+08  0.177605E+08  0.127347E+03 -0.120230E+04  0.166999E+08  0.177509E+08
  0.517983E-02  0.177421E+08  0.177392E+08 -0.269709E+03 -0.171305E+04  0.166680E+08  0.177295E+08
  0.522317E-02  0.177207E+08  0.177178E+08 -0.101101E+04 -0.240813E+04  0.166358E+08  0.177080E+08
  0.526688E-02  0.176992E+08  0.176962E+08 -0.197673E+04 -0.317600E+04  0.166033E+08  0.176863E+08
  0.531095E-02  0.176774E+08  0.176744E+08 -0.301401E+04 -0.389292E+04  0.165707E+08  0.176644E+08
  0.535540E-02  0.176555E+08  0.176524E+08 -0.396163E+04 -0.444394E+04  0.165377E+08  0.176424E+08
  0.540021E-02  0.176334E+08  0.176303E+08 -0.467652E+04 -0.474296E+04  0.165046E+08  0.176201E+08
  0.544540E-02  0.176111E+08  0.176079E+08 -0.505760E+04 -0.474823E+04  0.164712E+08  0.175977E+08
  0.549097E-02  0.175886E+08  0.175854E+08 -0.506298E+04 -0.447037E+04  0.164376E+08  0.175751E+08
  0.553692E-02  0.175660E+08  0.175627E+08 -0.471686E+04 -0.397105E+04  0.164037E+08  0.175523E+08
  0.558325E-02  0.175432E+08  0.175399E+08 -0.410480E+04 -0.335214E+04  0.163696E+08  0.175294E+08
  0.562997E-02  0.175202E+08  0.175168E+08 -0.335769E+04 -0.273707E+04  0.163353E+08  0.175062E+08
  0.567709E-02  0.174970E+08  0.174936E+08 -0.262704E+04 -0.224739E+04  0.163007E+08  0.174829E+08
  0.572459E-02  0.174736E+08  0.174701E+08 -0.205595E+04 -0.197922E+04  0.162659E+08  0.174594E+08
  0.577250E-02  0.174501E+08  0.174465E+08 -0.175137E+04 -0.198392E+04  0.162308E+08  0.174357E+08
  0.582080E-02  0.174263E+08  0.174228E+08 -0.176314E+04 -0.225730E+04  0.161955E+08  0.174119E+08
  0.586951E-02  0.174024E+08  0.173988E+08 -0.207426E+04 -0.273987E+04  0.161600E+08  0.173878E+08
  0.591863E-02  0.173783E+08  0.173746E+08 -0.260487E+04 -0.332856E+04  0.161242E+08  0.173636E+08
  0.596816E-02  0.173540E+08  0.173503E+08 -0.322949E+04 -0.389804E+04  0.160881E+08  0.173391E+08
  0.601810E-02  0.173296E+08  0.173257E+08 -0.380447E+04 -0.432734E+04  0.160519E+08  0.173145E+08
  0.606846E-02  0.173049E+08  0.173010E+08 -0.419980E+04 -0.452633E+04  0.160153E+08  0.172897E+08
  0.611924E-02  0.172800E+08  0.172761E+08 -0.432858E+04 -0.445603E+04  0.159785E+08  0.172647E+08
  0.617045E-02  0.172550E+08  0.172510E+08 -0.416713E+04 -0.413799E+04  0.159415E+08  0.172395E+08
  0.622208E-02  0.172298E+08  0.172257E+08 -0.376094E+04 -0.365008E+04  0.159042E+08  0.172142E+08
  0.627415E-02  0.172043E+08  0.172002E+08 -0.321421E+04 -0.310896E+04  0.158667E+08  0.171886E+08
  0.632665E-02  0.171787E+08  0.171745E+08  0.000000E+00  0.000000E+00  0.158289E+08  0.171628E+08
  0.637960E-02  0.171529E+08  0.171487E+08  0.000000E+00  0.000000E+00  0.157909E+08  0.171369E+08
  0.643298E-02  0.171269E+08  0.171226E+08  0.000000E+00  0.000000E+00  0.157526E+08  0.171107E+08
  0.648681E-02  0.171008E+08  0.170964E+08  0.000000E+00  0.000000E+00  0.157141E+08  0.170844E+08
  0.654110E-02  0.170744E+08  0.170699E+08  0.000000E+00  0.000000E+00  0.156753E+08  0.170579E+08
  0.659583E-02  0.170478E+08  0.170433E+08  0.000000E+00  0.000000E+00  0.156363E+08  0.170311E+08
  0.665103E-02  0.170210E+08  0.170164E+08  0.000000E+00  0.000000E+00  0.155970E+08  0.170042E+08
  0.670669E-02  0.169941E+08  0.169894E+08  0.000000E+00  0.000000E+00  0.155574E+08  0.169771E+08
  0.676281E-02  0.169669E+08  0.169621E+08  0.000000E+00  0.000000E+00  0.155176E+08  0.169498E+08
  0.681940E-02  0.169395E+08  0.169347E+08  0.000000E+00  0.000000E+00  0.154775E+08  0.169223E+08
  0.687647E-02  0.169120E+08  0.169071E+08  0.000000E+00  0.000000E+00  0.154372E+08  0.168945E+08
  0.693401E-02  0.168842E+08  0.168792E+08  0.000000E+00  0.000000E+00  0.153967E+08  0.168666E+08
  0.699203E-02  0.168563E+08  0.168512E+08  0.000000E+00  0.000000E+00  0.153558E+08  0.168385E+08
  0.705054E-02  0.168281E+08  0.168230E+08  0.000000E+00  0.000000E+00  0.153147E+08  0.168102E+08
  0.710954E-02  0.167997E+08  0.167945E+08  0.000000E+00  0.000000E+00  0.152734E+08  0.167817E+08
  0.716904E-02  0.167712E+08  0.167659E+08  0.000000E+00  0.000000E+00  0.152318E+08  0.167530E+08
  0.722903E-02  0.167424E+08  0.167370E+08  0.000000E+00  0.000000E+00  0.151899E+08  0.167240E+08
  0.728952E-02  0.167135E+08  0.167080E+08  0.000000E+00  0.000000E+00  0.151478E+08  0.166949E+08
  0.735052E-02  0.166843E+08  0.166787E+08  0.000000E+00  0.000000E+00  0.151054E+08  0.166656E+08
  0.741203E-02  0.166549E+08  0.166493E+08  0.000000E+00  0.000000E+00  0.150628E+08  0.166360E+08
  0.747406E-02  0.166253E+08  0.166196E+08  0.000000E+00  0.000000E+00  0.150199E+08  0.166063E+08
  0.753660E-02  0.165956E+08  0.165898E+08  0.000000E+00  0.000000E+00  0.149767E+08  0.165764E+08
  0.759967E-02  0.165656E+08  0.165597E+08  0.000000E+00  0.000000E+00  0.149333E+08  0.165462E+08
  0.766327E-02  0.165354E+08  0.165294E+08  0.000000E+00  0.000000E+00  0.148896E+08  0.165158E+08
  0.772739E-02  0.165050E+08  0.164989E+08  0.000000E+00  0.000000E+00  0.148457E+08  0.164853E+08
  0.779206E-02  0.164744E+08  0.164682E+08  0.000000E+00  0.000000E+00  0.148015E+08  0.164545E+08
  0.785726E-02  0.164435E+08  0.164373E+08  0.000000E+00  0.000000E+00  0.147570E+08  0.164235E+08
  0.792301E-02  0.164125E+08  0.164062E+08  0.000000E+00  0.000000E+00  0.147123E+08  0.163923E+08
  0.798931E-02  0.163813E+08  0.163748E+08  0.000000E+00  0.000000E+00  0.146673E+08  0.163609E+08
  0.805617E-02  0.163498E+08  0.163433E+08  0.000000E+00  0.000000E+00  0.146221E+08  0.163293E+08
  0.812359E-02  0.163182E+08  0.163115E+08  0.000000E+00  0.000000E+00  0.145766E+08  0.162974E+08
  0.819156E-02  0.162863E+08  0.162795E+08  0.000000E+00  0.000000E+00  0.145308E+08  0.162654E+08
  0.826011E-02  0.162542E+08  0.162473E+08  0.000000E+00  0.000000E+00  0.144848E+08  0.162331E+08
  0.832923E-02  0.162219E+08  0.162149E+08  0.000000E+00  0.000000E+00  0.144385E+08  0.162007E+08
  0.839893E-02  0.161894E+08  0.161823E+08  0.000000E+00  0.000000E+00  0.143920E+08  0.161680E+08
  0.846922E-02  0.161567E+08  0.161495E+08  0.000000E+00  0.000000E+00  0.143452E+08  0.161351E+08
  0.854009E-02  0.161237E+08  0.161164E+08  0.000000E+00  0.000000E+00  0.142981E+08  0.161020E+08
  0.861155E-02  0.160906E+08  0.160832E+08  0.000000E+00  0.000000E+00  0.142508E+08  0.160686E+08
  0.868362E-02  0.160572E+08  0.160497E+08  0.000000E+00  0.000000E+00  0.142032E+08  0.160351E+08
  0.875628E-02  0.160236E+08  0.160160E+08  0.000000E+00  0.000000E+00  0.141554E+08  0.160013E+08
  0.882956E-02  0.159898E+08  0.159820E+08  0.000000E+00  0.000000E+00  0.141073E+08  0.159673E+08
  0.890344E-02  0.159557E+08  0.159479E+08  0.000000E+00  0.000000E+00  0.140590E+08  0.159331E+08
  0.897795E-02  0.159215E+08  0.159135E+08  0.000000E+00  0.000000E+00  0.140104E+08  0.158987E+08
  0.905308E-02  0.158870E+08  0.158789E+08  0.000000E+00  0.000000E+00  0.139615E+08  0.158640E+08
  0.912884E-02  0.158523E+08  0.158441E+08  0.000000E+00  0.000000E+00  0.139124E+08  0.158291E+08
  0.920523E-02  0.158174E+08  0.158091E+08  0.000000E+00  0.000000E+00  0.138630E+08  0.157940E+08
  0.928226E-02  0.157823E+08  0.157738E+08  0.000000E+00  0.000000E+00  0.138134E+08  0.157587E+08
  0.935993E-02  0.157469E+08  0.157383E+08  0.000000E+00  0.000000E+00  0.137636E+08  0.157232E+08
  0.943826E-02  0.157113E+08  0.157026E+08  0.000000E+00  0.000000E+00  0.137134E+08  0.156874E+08
  0.951724E-02  0.156755E+08  0.156667E+08  0.000000E+00  0.000000E+00  0.136631E+08  0.156514E+08
  0.959688E-02  0.156395E+08  0.156305E+08  0.000000E+00  0.000000E+00  0.136124E+08  0.156152E+08
  0.967719E-02  0.156033E+08  0.155941E+08  0.000000E+00  0.000000E+00  0.135616E+08  0.155788E+08
  0.975817E-02  0.155668E+08  0.155575E+08  0.000000E+00  0.000000E+00  0.135105E+08  0.155421E+08
  0.983983E-02  0.155301E+08  0.155207E+08  0.000000E+00  0.000000E+00  0.134591E+08  0.155052E+08
  0.992217E-02  0.154931E+08  0.154836E+08  0.000000E+00  0.000000E+00  0.134075E+08  0.154681E+08
  0.100052E-01  0.154560E+08  0.154463E+08  0.000000E+00  0.000000E+00  0.133556E+08  0.154307E+08
  0.100889E-01  0.154186E+08  0.154088E+08  0.000000E+00  0.000000E+00  0.133035E+08  0.153932E+08
  0.101733E-01  0.153810E+08  0.153710E+08  0.000000E+00  0.000000E+00  0.132512E+08  0.153553E+08
  0.102585E-01  0.153431E+08  0.153330E+08  0.000000E+00  0.000000E+00  0.131986E+08  0.153173E+08
  0.103443E-01  0.153050E+08  0.152948E+08  0.000000E+00  0.000000E+00  0.131458E+08  0.152790E+08
  0.104309E-01  0.152667E+08  0.152563E+08  0.000000E+00  0.000000E+00  0.130927E+08  0.152405E+08
  0.105182E-01  0.152282E+08  0.152176E+08  0.000000E+00  0.000000E+00  0.130394E+08  0.152018E+08
  0.106062E-01  0.151894E+08  0.151787E+08  0.000000E+00  0.000000E+00  0.129858E+08  0.151628E+08
  0.106949E-01  0.151504E+08  0.151395E+08  0.000000E+00  0.000000E+00  0.129320E+08  0.151236E+08
  0.107844E-01  0.151112E+08  0.151001E+08  0.000000E+00  0.000000E+00  0.128780E+08  0.150842E+08
  0.108747E-01  0.150717E+08  0.150605E+08  0.000000E+00  0.000000E+00  0.128238E+08  0.150445E+08
  0.109657E-01  0.150320E+08  0.150206E+08  0.000000E+00  0.000000E+00  0.127693E+08  0.150046E+08
  0.110575E-01  0.149920E+08  0.149805E+08  0.000000E+00  0.000000E+00  0.127145E+08  0.149645E+08
  0.111500E-01  0.149519E+08  0.149402E+08  0.000000E+00  0.000000E+00  0.126596E+08  0.149241E+08
  0.112433E-01  0.149114E+08  0.148996E+08  0.000000E+00  0.000000E+00  0.126044E+08  0.148835E+08
  0.113374E-01  0.148708E+08  0.148588E+08  0.000000E+00  0.000000E+00  0.125490E+08  0.148427E+08
  0.114322E-01  0.148299E+08  0.148177E+08  0.000000E+00  0.000000E+00  0.124934E+08  0.148016E+08
  0.115279E-01  0.147888E+08  0.147764E+08  0.000000E+00  0.000000E+00  0.124375E+08  0.147603E+08
  0.116244E-01  0.147474E+08  0.147348E+08  0.000000E+00  0.000000E+00  0.123814E+08  0.147187E+08
  0.117217E-01  0.147058E+08  0.146931E+08  0.000000E+00  0.000000E+00  0.123251E+08  0.146769E+08
  0.118197E-01  0.146640E+08  0.146510E+08  0.000000E+00  0.000000E+00  0.122686E+08  0.146349E+08
  0.119187E-01  0.146219E+08  0.146088E+08  0.000000E+00  0.000000E+00  0.122119E+08  0.145926E+08
  0.120184E-01  0.145795E+08  0.145662E+08  0.000000E+00  0.000000E+00  0.121549E+08  0.145501E+08
  0.121190E-01  0.145370E+08  0.145235E+08  0.000000E+00  0.000000E+00  0.120977E+08  0.145073E+08
  0.122204E-01  0.144942E+08  0.144805E+08  0.000000E+00  0.000000E+00  0.120403E+08  0.144643E+08
  0.123226E-01  0.144511E+08  0.144373E+08  0.000000E+00  0.000000E+00  0.119827E+08  0.144211E+08
  0.124258E-01  0.144078E+08  0.143938E+08  0.000000E+00  0.000000E+00  0.119249E+08  0.143776E+08
  0.125297E-01  0.143643E+08  0.143500E+08  0.000000E+00  0.000000E+00  0.118669E+08  0.143339E+08
  0.126346E-01  0.143205E+08  0.143061E+08  0.000000E+00  0.000000E+00  0.118087E+08  0.142899E+08
  0.127403E-01  0.142765E+08  0.142618E+08  0.000000E+00  0.000000E+00  0.117503E+08  0.142457E+08
  0.128469E-01  0.142322E+08  0.142174E+08  0.000000E+00  0.000000E+00  0.116916E+08  0.142012E+08
  0.129544E-01  0.141877E+08  0.141726E+08  0.000000E+00  0.000000E+00  0.116328E+08  0.141565E+08
  0.130628E-01  0.141430E+08  0.141277E+08  0.000000E+00  0.000000E+00  0.115738E+08  0.141116E+08
  0.131722E-01  0.140980E+08  0.140825E+08  0.000000E+00  0.000000E+00  0.115146E+08  0.140664E+08
  0.132824E-01  0.140527E+08  0.140370E+08  0.000000E+00  0.000000E+00  0.114551E+08  0.140209E+08
  0.133935E-01  0.140072E+08  0.139913E+08  0.000000E+00  0.000000E+00  0.113955E+08  0.139753E+08
  0.135056E-01  0.139615E+08  0.139453E+08  0.000000E+00  0.000000E+00  0.113357E+08  0.139293E+08
  0.136186E-01  0.139155E+08  0.138991E+08  0.000000E+00  0.000000E+00  0.112757E+08  0.138831E+08
  0.137326E-01  0.138693E+08  0.138527E+08  0.000000E+00  0.000000E+00  0.112156E+08  0.138367E+08
  0.138475E-01  0.138228E+08  0.138060E+08  0.000000E+00  0.000000E+00  0.111552E+08  0.137901E+08
  0.139634E-01  0.137761E+08  0.137590E+08  0.000000E+00  0.000000E+00  0.110947E+08  0.137431E+08
  0.140802E-01  0.137291E+08  0.137118E+08  0.000000E+00  0.000000E+00  0.110340E+08  0.136960E+08
  0.141981E-01  0.136819E+08  0.136644E+08  0.000000E+00  0.000000E+00  0.109731E+08  0.136486E+08
  0.143169E-01  0.136344E+08  0.136167E+08  0.000000E+00  0.000000E+00  0.109120E+08  0.136009E+08
  0.144367E-01  0.135867E+08  0.135687E+08  0.000000E+00  0.000000E+00  0.108508E+08  0.135530E+08
  0.145575E-01  0.135388E+08  0.135205E+08  0.000000E+00  0.000000E+00  0.107894E+08  0.135049E+08
  0.146793E-01  0.134906E+08  0.134721E+08  0.000000E+00  0.000000E+00  0.107279E+08  0.134565E+08
  0.148021E-01  0.134421E+08  0.134234E+08  0.000000E+00  0.000000E+00  0.106661E+08  0.134078E+08
  0.149260E-01  0.133934E+08  0.133744E+08  0.000000E+00  0.000000E+00  0.106043E+08  0.133589E+08
  0.150509E-01  0.133444E+08  0.133252E+08  0.000000E+00  0.000000E+00  0.105422E+08  0.133098E+08
  0.151769E-01  0.132952E+08  0.132757E+08  0.000000E+00  0.000000E+00  0.104800E+08  0.132604E+08
  0.153039E-01  0.132458E+08  0.132260E+08  0.000000E+00  0.000000E+00  0.104177E+08  0.132108E+08
  0.154319E-01  0.131961E+08  0.131761E+08  0.000000E+00  0.000000E+00  0.103552E+08  0.131609E+08
  0.155611E-01  0.131461E+08  0.131259E+08  0.000000E+00  0.000000E+00  0.102926E+08  0.131108E+08
  0.156913E-01  0.130960E+08  0.130754E+08  0.000000E+00  0.000000E+00  0.102298E+08  0.130604E+08
  0.158226E-01  0.130455E+08  0.130247E+08  0.000000E+00  0.000000E+00  0.101669E+08  0.130098E+08
  0.159550E-01  0.129948E+08  0.129738E+08  0.000000E+00  0.000000E+00  0.101038E+08  0.129589E+08
  0.160885E-01  0.129439E+08  0.129226E+08  0.000000E+00  0.000000E+00  0.100407E+08  0.129078E+08
  0.162231E-01  0.128927E+08  0.128711E+08  0.000000E+00  0.000000E+00  0.997736E+07  0.128564E+08
  0.163589E-01  0.128413E+08  0.128194E+08  0.000000E+00  0.000000E+00  0.991393E+07  0.128048E+08
  0.164958E-01  0.127896E+08  0.127675E+08  0.000000E+00  0.000000E+00  0.985038E+07  0.127530E+08
  0.166338E-01  0.127377E+08  0.127153E+08  0.000000E+00  0.000000E+00  0.978671E+07  0.127009E+08
  0.167730E-01  0.126856E+08  0.126628E+08  0.000000E+00  0.000000E+00  0.972293E+07  0.126486E+08
  0.169134E-01  0.126332E+08  0.126101E+08  0.000000E+00  0.000000E+00  0.965903E+07  0.125960E+08
  0.170549E-01  0.125805E+08  0.125572E+08  0.000000E+00  0.000000E+00  0.959503E+07  0.125432E+08
  0.171976E-01  0.125276E+08  0.125040E+08  0.000000E+00  0.000000E+00  0.953093E+07  0.124901E+08
  0.173415E-01  0.124745E+08  0.124506E+08  0.000000E+00  0.000000E+00  0.946672E+07  0.124368E+08
  0.174867E-01  0.124211E+08  0.123970E+08  0.000000E+00  0.000000E+00  0.940242E+07  0.123833E+08
  0.176330E-01  0.123675E+08  0.123431E+08  0.000000E+00  0.000000E+00  0.933803E+07  0.123295E+08
  0.177805E-01  0.123137E+08  0.122889E+08  0.000000E+00  0.000000E+00  0.927355E+07  0.122755E+08
  0.179293E-01  0.122596E+08  0.122345E+08  0.000000E+00  0.000000E+00  0.920898E+07  0.122212E+08
  0.180794E-01  0.122053E+08  0.121799E+08  0.000000E+00  0.000000E+00  0.914434E+07  0.121667E+08
  0.182307E-01  0.121507E+08  0.121251E+08  0.000000E+00  0.000000E+00  0.907962E+07  0.121120E+08
  0.183832E-01  0.120959E+08  0.120700E+08  0.000000E+00  0.000000E+00  0.901483E+07  0.120571E+08
  0.185371E-01  0.120409E+08  0.120146E+08  0.000000E+00  0.000000E+00  0.894997E+07  0.120019E+08
  0.186922E-01  0.119856E+08  0.119591E+08  0.000000E+00  0.000000E+00  0.888505E+07  0.119465E+08
  0.188486E-01  0.119302E+08  0.119033E+08  0.000000E+00  0.000000E+00  0.882007E+07  0.118908E+08
  0.190063E-01  0.118744E+08  0.118473E+08  0.000000E+00  0.000000E+00  0.875504E+07  0.118350E+08
  0.191654E-01  0.118185E+08  0.117910E+08  0.000000E+00  0.000000E+00  0.868996E+07  0.117789E+08
  0.193257E-01  0.117623E+08  0.117345E+08  0.000000E+00  0.000000E+00  0.862483E+07  0.117226E+08
  0.194875E-01  0.117059E+08  0.116778E+08  0.000000E+00  0.000000E+00  0.855966E+07  0.116660E+08
  0.196505E-01  0.116493E+08  0.116209E+08  0.000000E+00  0.000000E+00  0.849446E+07  0.116093E+08
  0.198150E-01  0.115925E+08  0.115638E+08  0.000000E+00  0.000000E+00  0.842923E+07  0.115523E+08
  0.199808E-01  0.115355E+08  0.115064E+08  0.000000E+00  0.000000E+00  0.836397E+07  0.114951E+08
  0.201480E-01  0.114782E+08  0.114488E+08  0.000000E+00  0.000000E+00  0.829869E+07  0.114377E+08
  0.203166E-01  0.114207E+08  0.113910E+08  0.000000E+00  0.000000E+00  0.823340E+07  0.113801E+08
  0.204866E-01  0.113631E+08  0.113330E+08  0.000000E+00  0.000000E+00  0.816810E+07  0.113223E+08
  0.206580E-01  0.113052E+08  0.112748E+08  0.000000E+00  0.000000E+00  0.810279E+07  0.112643E+08
  0.208309E-01  0.112471E+08  0.112164E+08  0.000000E+00  0.000000E+00  0.803748E+07  0.112061E+08
  0.210052E-01  0.111888E+08  0.111578E+08  0.000000E+00  0.000000E+00  0.797217E+07  0.111476E+08
  0.211810E-01  0.111303E+08  0.110990E+08  0.000000E+00  0.000000E+00  0.790688E+07  0.110890E+08
  0.213583E-01  0.110716E+08  0.110400E+08  0.000000E+00  0.000000E+00  0.784160E+07  0.110302E+08
  0.215370E-01  0.110127E+08  0.109808E+08  0.000000E+00  0.000000E+00  0.777635E+07  0.109712E+08
  0.217172E-01  0.109537E+08  0.109214E+08  0.000000E+00  0.000000E+00  0.771112E+07  0.109120E+08
  0.218989E-01  0.108944E+08  0.108618E+08  0.000000E+00  0.000000E+00  0.764593E+07  0.108526E+08
  0.220822E-01  0.108350E+08  0.108020E+08  0.000000E+00  0.000000E+00  0.758077E+07  0.107931E+08
  0.222670E-01  0.107753E+08  0.107421E+08  0.000000E+00  0.000000E+00  0.751566E+07  0.107334E+08
  0.224533E-01  0.107155E+08  0.106819E+08  0.000000E+00  0.000000E+00  0.745060E+07  0.106734E+08
  0.226412E-01  0.106556E+08  0.106217E+08  0.000000E+00  0.000000E+00  0.738560E+07  0.106134E+08
  0.228307E-01  0.105954E+08  0.105612E+08  0.000000E+00  0.000000E+00  0.732066E+07  0.105531E+08
  0.230217E-01  0.105352E+08  0.105006E+08  0.000000E+00  0.000000E+00  0.725579E+07  0.104927E+08
  0.232144E-01  0.104747E+08  0.104398E+08  0.000000E+00  0.000000E+00  0.719099E+07  0.104322E+08
  0.234086E-01  0.104141E+08  0.103789E+08  0.000000E+00  0.000000E+00  0.712627E+07  0.103715E+08
  0.236045E-01  0.103533E+08  0.103178E+08  0.000000E+00  0.000000E+00  0.706164E+07  0.103106E+08
  0.238020E-01  0.102924E+08  0.102566E+08  0.000000E+00  0.000000E+00  0.699711E+07  0.102496E+08
  0.240012E-01  0.102314E+08  0.101952E+08  0.000000E+00  0.000000E+00  0.693267E+07  0.101885E+08
  0.242021E-01  0.101702E+08  0.101337E+08  0.000000E+00  0.000000E+00  0.686835E+07  0.101273E+08
  0.244046E-01  0.101089E+08  0.100721E+08  0.000000E+00  0.000000E+00  0.680413E+07  0.100659E+08
  0.246088E-01  0.100475E+08  0.100104E+08  0.000000E+00  0.000000E+00  0.674004E+07  0.100044E+08
  0.248147E-01  0.998595E+07  0.994854E+07  0.000000E+00  0.000000E+00  0.667607E+07  0.994276E+07
  0.250224E-01  0.992429E+07  0.988658E+07  0.000000E+00  0.000000E+00  0.661223E+07  0.988103E+07
  0.252318E-01  0.986253E+07  0.982451E+07  0.000000E+00  0.000000E+00  0.654854E+07  0.981920E+07
  0.254429E-01  0.980067E+07  0.976235E+07  0.000000E+00  0.000000E+00  0.648499E+07  0.975727E+07
  0.256558E-01  0.973872E+07  0.970010E+07  0.000000E+00  0.000000E+00  0.642160E+07  0.969525E+07
  0.258705E-01  0.967667E+07  0.963776E+07  0.000000E+00  0.000000E+00  0.635837E+07  0.963315E+07
  0.260870E-01  0.961455E+07  0.957534E+07  0.000000E+00  0.000000E+00  0.629530E+07  0.957098E+07
  0.263053E-01  0.955235E+07  0.951286E+07  0.000000E+00  0.000000E+00  0.623241E+07  0.950873E+07
  0.265255E-01  0.949009E+07  0.945031E+07  0.000000E+00  0.000000E+00  0.616971E+07  0.944642E+07
  0.267474E-01  0.942777E+07  0.938771E+07  0.000000E+00  0.000000E+00  0.610719E+07  0.938405E+07
  0.269713E-01  0.936540E+07  0.932506E+07  0.000000E+00  0.000000E+00  0.604487E+07  0.932163E+07
  0.271970E-01  0.930298E+07  0.926237E+07  0.000000E+00  0.000000E+00  0.598275E+07  0.925918E+07
  0.274245E-01  0.924053E+07  0.919965E+07  0.000000E+00  0.000000E+00  0.592085E+07  0.919669E+07
  0.276540E-01  0.917804E+07  0.913690E+07  0.000000E+00  0.000000E+00  0.585916E+07  0.913418E+07
  0.278854E-01  0.911554E+07  0.907414E+07  0.000000E+00  0.000000E+00  0.579770E+07  0.907165E+07
  0.281188E-01  0.905303E+07  0.901138E+07  0.000000E+00  0.000000E+00  0.573647E+07  0.900911E+07
  0.283541E-01  0.899051E+07  0.894862E+07  0.000000E+00  0.000000E+00  0.567548E+07  0.894657E+07
  0.285914E-01  0.892800E+07  0.888586E+07  0.000000E+00  0.000000E+00  0.561474E+07  0.888404E+07
  0.288306E-01  0.886550E+07  0.882313E+07  0.000000E+00  0.000000E+00  0.555425E+07  0.882153E+07
  0.290719E-01  0.880303E+07  0.876043E+07  0.000000E+00  0.000000E+00  0.549403E+07  0.875904E+07
  0.293152E-01  0.874058E+07  0.869776E+07  0.000000E+00  0.000000E+00  0.543408E+07  0.869660E+07
  0.295605E-01  0.867818E+07  0.863515E+07  0.000000E+00  0.000000E+00  0.537440E+07  0.863419E+07
  0.298078E-01  0.861583E+07  0.857259E+07  0.000000E+00  0.000000E+00  0.531501E+07  0.857184E+07
  0.300573E-01  0.855354E+07  0.851010E+07  0.000000E+00  0.000000E+00  0.525591E+07  0.850956E+07
  0.303088E-01  0.849133E+07  0.844769E+07  0.000000E+00  0.000000E+00  0.519711E+07  0.844735E+07
  0.305624E-01  0.842919E+07  0.838537E+07  0.000000E+00  0.000000E+00  0.513862E+07  0.838523E+07
  0.308182E-01  0.836714E+07  0.832314E+07  0.000000E+00  0.000000E+00  0.508044E+07  0.832320E+07
  0.310761E-01  0.830520E+07  0.826103E+07  0.000000E+00  0.000000E+00  0.502258E+07  0.826127E+07
  0.313361E-01  0.824337E+07  0.819904E+07  0.000000E+00  0.000000E+00  0.496506E+07  0.819947E+07
  0.315983E-01  0.818166E+07  0.813718E+07  0.000000E+00  0.000000E+00  0.490786E+07  0.813778E+07
  0.318628E-01  0.812008E+07  0.807546E+07  0.000000E+00  0.000000E+00  0.485102E+07  0.807624E+07
  0.321294E-01  0.805865E+07  0.801390E+07  0.000000E+00  0.000000E+00  0.479452E+07  0.801484E+07
  0.323983E-01  0.799737E+07  0.795250E+07  0.000000E+00  0.000000E+00  0.473838E+07  0.795360E+07
  0.326694E-01  0.793626E+07  0.789127E+07  0.000000E+00  0.000000E+00  0.468260E+07  0.789253E+07
  0.329428E-01  0.787532E+07  0.783024E+07  0.000000E+00  0.000000E+00  0.462720E+07  0.783165E+07
  0.332184E-01  0.781458E+07  0.776940E+07  0.000000E+00  0.000000E+00  0.457218E+07  0.777095E+07
  0.334964E-01  0.775403E+07  0.770878E+07  0.000000E+00  0.000000E+00  0.451754E+07  0.771046E+07
  0.337767E-01  0.769370E+07  0.764837E+07  0.000000E+00  0.000000E+00  0.446329E+07  0.765019E+07
  0.340594E-01  0.763359E+07  0.758821E+07  0.000000E+00  0.000000E+00  0.440944E+07  0.759014E+07
  0.343444E-01  0.757372E+07  0.752828E+07  0.000000E+00  0.000000E+00  0.435600E+07  0.753033E+07
  0.346318E-01  0.751409E+07  0.746862E+07  0.000000E+00  0.000000E+00  0.430297E+07  0.747077E+07
  0.349216E-01  0.745472E+07  0.740923E+07  0.000000E+00  0.000000E+00  0.425036E+07  0.741147E+07
  0.352138E-01  0.739562E+07  0.735012E+07  0.000000E+00  0.000000E+00  0.419817E+07  0.735245E+07
  0.355085E-01  0.733680E+07  0.729130E+07  0.000000E+00  0.000000E+00  0.414641E+07  0.729371E+07
  0.358056E-01  0.727827E+07  0.723279E+07  0.000000E+00  0.000000E+00  0.409509E+07  0.723527E+07
  0.361052E-01  0.722005E+07  0.717460E+07  0.000000E+00  0.000000E+00  0.404421E+07  0.717714E+07
  0.364074E-01  0.716215E+07  0.711674E+07  0.000000E+00  0.000000E+00  0.399378E+07  0.711933E+07
  0.367120E-01  0.710457E+07  0.705922E+07  0.000000E+00  0.000000E+00  0.394380E+07  0.706184E+07
  0.370193E-01  0.704734E+07  0.700205E+07  0.000000E+00  0.000000E+00  0.389427E+07  0.700471E+07
  0.373290E-01  0.699045E+07  0.694525E+07  0.000000E+00  0.000000E+00  0.384522E+07  0.694792E+07
  0.376414E-01  0.693393E+07  0.688882E+07  0.000000E+00  0.000000E+00  0.379662E+07  0.689150E+07
  0.379564E-01  0.687778E+07  0.683278E+07  0.000000E+00  0.000000E+00  0.374850E+07  0.683546E+07
  0.382740E-01  0.682201E+07  0.677714E+07  0.000000E+00  0.000000E+00  0.370086E+07  0.677980E+07
  0.385943E-01  0.676664E+07  0.672191E+07  0.000000E+00  0.000000E+00  0.365370E+07  0.672455E+07
  0.389173E-01  0.671168E+07  0.666710E+07  0.000000E+00  0.000000E+00  0.360702E+07  0.666970E+07
  0.392429E-01  0.665713E+07  0.661272E+07  0.000000E+00  0.000000E+00  0.356083E+07  0.661528E+07
  0.395713E-01  0.660302E+07  0.655879E+07  0.000000E+00  0.000000E+00  0.351514E+07  0.656128E+07
  0.399025E-01  0.654934E+07  0.650531E+07  0.000000E+00  0.000000E+00  0.346994E+07  0.650773E+07
  0.402364E-01  0.649610E+07  0.645229E+07  0.000000E+00  0.000000E+00  0.342524E+07  0.645463E+07
  0.405731E-01  0.644333E+07  0.639974E+07  0.000000E+00  0.000000E+00  0.338103E+07  0.640198E+07
  0.409126E-01  0.639101E+07  0.634767E+07  0.000000E+00  0.000000E+00  0.333733E+07  0.634981E+07
  0.412550E-01  0.633918E+07  0.629609E+07  0.000000E+00  0.000000E+00  0.329414E+07  0.629811E+07
  0.416002E-01  0.628782E+07  0.624501E+07  0.000000E+00  0.000000E+00  0.325145E+07  0.624689E+07
  0.419483E-01  0.623696E+07  0.619444E+07  0.000000E+00  0.000000E+00  0.320927E+07  0.619617E+07
  0.422993E-01  0.618660E+07  0.614438E+07  0.000000E+00  0.000000E+00  0.316760E+07  0.614595E+07
  0.426533E-01  0.613674E+07  0.609484E+07  0.000000E+00  0.000000E+00  0.312643E+07  0.609625E+07
  0.430102E-01  0.608740E+07  0.604583E+07  0.000000E+00  0.000000E+00  0.308578E+07  0.604705E+07
  0.433702E-01  0.603858E+07  0.599736E+07  0.000000E+00  0.000000E+00  0.304564E+07  0.599838E+07
  0.437331E-01  0.599028E+07  0.594942E+07  0.000000E+00  0.000000E+00  0.300601E+07  0.595024E+07
  0.440990E-01  0.594251E+07  0.590203E+07  0.000000E+00  0.000000E+00  0.296688E+07  0.590262E+07
  0.444681E-01  0.589527E+07  0.585518E+07  0.000000E+00  0.000000E+00  0.292826E+07  0.585554E+07
  0.448402E-01  0.584857E+07  0.580888E+07  0.000000E+00  0.000000E+00  0.289015E+07  0.580900E+07
  0.452154E-01  0.580240E+07  0.576314E+07  0.000000E+00  0.000000E+00  0.285254E+07  0.576300E+07
  0.455938E-01  0.575679E+07  0.571795E+07  0.000000E+00  0.000000E+00  0.281543E+07  0.571754E+07
  0.459753E-01  0.571172E+07  0.567333E+07  0.000000E+00  0.000000E+00  0.277883E+07  0.567264E+07
  0.463601E-01  0.566720E+07  0.562927E+07  0.000000E+00  0.000000E+00  0.274272E+07  0.562829E+07
  0.467480E-01  0.562324E+07  0.558578E+07  0.000000E+00  0.000000E+00  0.270710E+07  0.558449E+07
  0.471392E-01  0.557982E+07  0.554284E+07  0.000000E+00  0.000000E+00  0.267198E+07  0.554124E+07
  0.475337E-01  0.553696E+07  0.550047E+07  0.000000E+00  0.000000E+00  0.263735E+07  0.549855E+07
  0.479314E-01  0.549464E+07  0.545866E+07  0.000000E+00  0.000000E+00  0.260319E+07  0.545640E+07
  0.483325E-01  0.545287E+07  0.541741E+07  0.000000E+00  0.000000E+00  0.256952E+07  0.541480E+07
  0.487370E-01  0.541164E+07  0.537670E+07  0.000000E+00  0.000000E+00  0.253631E+07  0.537374E+07
  0.491448E-01  0.537094E+07  0.533655E+07  0.000000E+00  0.000000E+00  0.250358E+07  0.533322E+07
  0.495561E-01  0.533078E+07  0.529693E+07  0.000000E+00  0.000000E+00  0.247130E+07  0.529323E+07
  0.499708E-01  0.529114E+07  0.525785E+07  0.000000E+00  0.000000E+00  0.243948E+07  0.525376E+07
  0.503889E-01  0.525203E+07  0.521930E+07  0.000000E+00  0.000000E+00  0.240810E+07  0.521482E+07
  0.508106E-01  0.521343E+07  0.518127E+07  0.000000E+00  0.000000E+00  0.237717E+07  0.517640E+07
  0.512358E-01  0.517534E+07  0.514375E+07  0.000000E+00  0.000000E+00  0.234667E+07  0.513848E+07
  0.516645E-01  0.513774E+07  0.510674E+07  0.000000E+00  0.000000E+00  0.231659E+07  0.510106E+07
  0.520969E-01  0.510064E+07  0.507022E+07  0.000000E+00  0.000000E+00  0.228694E+07  0.506413E+07
  0.525328E-01  0.506401E+07  0.503419E+07  0.000000E+00  0.000000E+00  0.225770E+07  0.502768E+07
  0.529724E-01  0.502784E+07  0.499862E+07  0.000000E+00  0.000000E+00  0.222886E+07  0.499169E+07
  0.534157E-01  0.499213E+07  0.496351E+07  0.000000E+00  0.000000E+00  0.220041E+07  0.495615E+07
  0.538627E-01  0.495686E+07  0.492884E+07  0.000000E+00  0.000000E+00  0.217234E+07  0.492106E+07
  0.543134E-01  0.492202E+07  0.489460E+07  0.000000E+00  0.000000E+00  0.214465E+07  0.488638E+07
  0.547679E-01  0.488758E+07  0.486077E+07  0.000000E+00  0.000000E+00  0.211733E+07  0.485212E+07
  0.552262E-01  0.485354E+07  0.482733E+07  0.000000E+00  0.000000E+00  0.209036E+07  0.481825E+07
  0.556884E-01  0.481987E+07  0.479426E+07  0.000000E+00  0.000000E+00  0.206373E+07  0.478476E+07
  0.561544E-01  0.478657E+07  0.476156E+07  0.000000E+00  0.000000E+00  0.203745E+07  0.475163E+07
  0.566243E-01  0.475360E+07  0.472919E+07  0.000000E+00  0.000000E+00  0.201148E+07  0.471883E+07
  0.570981E-01  0.472096E+07  0.469714E+07  0.000000E+00  0.000000E+00  0.198584E+07  0.468636E+07
  0.575759E-01  0.468863E+07  0.466539E+07  0.000000E+00  0.000000E+00  0.196050E+07  0.465420E+07
  0.580577E-01  0.465658E+07  0.463392E+07  0.000000E+00  0.000000E+00  0.193545E+07  0.462231E+07
  0.585436E-01  0.462479E+07  0.460270E+07  0.000000E+00  0.000000E+00  0.191069E+07  0.459069E+07
  0.592334E-01  0.458051E+07  0.455921E+07  0.000000E+00  0.000000E+00  0.187634E+07  0.454665E+07
  0.599233E-01  0.453715E+07  0.451662E+07  0.000000E+00  0.000000E+00  0.184289E+07  0.450352E+07
  0.606132E-01  0.449463E+07  0.447483E+07  0.000000E+00  0.000000E+00  0.181029E+07  0.446122E+07
  0.613030E-01  0.445286E+07  0.443377E+07  0.000000E+00  0.000000E+00  0.177848E+07  0.441968E+07
  0.619929E-01  0.441177E+07  0.439335E+07  0.000000E+00  0.000000E+00  0.174741E+07  0.437881E+07
  0.626827E-01  0.437130E+07  0.435351E+07  0.000000E+00  0.000000E+00  0.171705E+07  0.433854E+07
  0.633726E-01  0.433136E+07  0.431418E+07  0.000000E+00  0.000000E+00  0.168735E+07  0.429882E+07
  0.640624E-01  0.429190E+07  0.427529E+07  0.000000E+00  0.000000E+00  0.165827E+07  0.425956E+07
  0.647523E-01  0.425286E+07  0.423678E+07  0.000000E+00  0.000000E+00  0.162978E+07  0.422072E+07
  0.654422E-01  0.421417E+07  0.419859E+07  0.000000E+00  0.000000E+00  0.160184E+07  0.418223E+07
  0.661320E-01  0.417580E+07  0.416067E+07  0.000000E+00  0.000000E+00  0.157443E+07  0.414405E+07
  0.668219E-01  0.413768E+07  0.412297E+07  0.000000E+00  0.000000E+00  0.154751E+07  0.410612E+07
  0.675117E-01  0.409979E+07  0.408546E+07  0.000000E+00  0.000000E+00  0.152107E+07  0.406842E+07
  0.682016E-01  0.406208E+07  0.404810E+07  0.000000E+00  0.000000E+00  0.149507E+07  0.403090E+07
  0.688914E-01  0.402453E+07  0.401086E+07  0.000000E+00  0.000000E+00  0.146950E+07  0.399353E+07
  0.695813E-01  0.398709E+07  0.397370E+07  0.000000E+00  0.000000E+00  0.144434E+07  0.395627E+07
  0.702711E-01  0.394975E+07  0.393659E+07  0.000000E+00  0.000000E+00  0.141956E+07  0.391911E+07
  0.709610E-01  0.391249E+07  0.389953E+07  0.000000E+00  0.000000E+00  0.139517E+07  0.388202E+07
  0.716509E-01  0.387528E+07  0.386250E+07  0.000000E+00  0.000000E+00  0.137113E+07  0.384499E+07
  0.723407E-01  0.383812E+07  0.382547E+07  0.000000E+00  0.000000E+00  0.134746E+07  0.380801E+07
  0.730306E-01  0.380100E+07  0.378846E+07  0.000000E+00  0.000000E+00  0.132413E+07  0.377106E+07
  0.737204E-01  0.376391E+07  0.375144E+07  0.000000E+00  0.000000E+00  0.130113E+07  0.373414E+07
  0.744103E-01  0.372685E+07  0.371443E+07  0.000000E+00  0.000000E+00  0.127846E+07  0.369725E+07
  0.751002E-01  0.368982E+07  0.367741E+07  0.000000E+00  0.000000E+00  0.125612E+07  0.366039E+07
  0.757900E-01  0.365282E+07  0.364040E+07  0.000000E+00  0.000000E+00  0.123409E+07  0.362356E+07
  0.764799E-01  0.361586E+07  0.360341E+07  0.000000E+00  0.000000E+00  0.121238E+07  0.358676E+07
  0.771697E-01  0.357895E+07  0.356645E+07  0.000000E+00  0.000000E+00  0.119098E+07  0.355002E+07
  0.778596E-01  0.354211E+07  0.352953E+07  0.000000E+00  0.000000E+00  0.116989E+07  0.351335E+07
  0.785494E-01  0.350534E+07  0.349267E+07  0.000000E+00  0.000000E+00  0.114911E+07  0.347675E+07
  0.792393E-01  0.346867E+07  0.345588E+07  0.000000E+00  0.000000E+00  0.112865E+07  0.344024E+07
  0.799292E-01  0.343211E+07  0.341919E+07  0.000000E+00  0.000000E+00  0.110850E+07  0.340384E+07
  0.806190E-01  0.339568E+07  0.338261E+07  0.000000E+00  0.000000E+00  0.108867E+07  0.336758E+07
  0.813089E-01  0.335941E+07  0.334618E+07  0.000000E+00  0.000000E+00  0.106915E+07  0.333147E+07
  0.819987E-01  0.332331E+07  0.330992E+07  0.000000E+00  0.000000E+00  0.104994E+07  0.329554E+07
  0.826886E-01  0.328741E+07  0.327385E+07  0.000000E+00  0.000000E+00  0.103105E+07  0.325981E+07
  0.833784E-01  0.325174E+07  0.323799E+07  0.000000E+00  0.000000E+00  0.101248E+07  0.322430E+07
  0.840683E-01  0.321631E+07  0.320238E+07  0.000000E+00  0.000000E+00  0.994231E+06  0.318904E+07
  0.847581E-01  0.318116E+07  0.316704E+07  0.000000E+00  0.000000E+00  0.976307E+06  0.315406E+07
  0.854480E-01  0.314632E+07  0.313200E+07  0.000000E+00  0.000000E+00  0.958710E+06  0.311937E+07
  0.861379E-01  0.311180E+07  0.309729E+07  0.000000E+00  0.000000E+00  0.941443E+06  0.308502E+07
  0.868277E-01  0.307763E+07  0.306293E+07  0.000000E+00  0.000000E+00  0.924508E+06  0.305102E+07
  0.875176E-01  0.304384E+07  0.302896E+07  0.000000E+00  0.000000E+00  0.907905E+06  0.301740E+07
  0.882074E-01  0.301046E+07  0.299539E+07  0.000000E+00  0.000000E+00  0.891637E+06  0.298418E+07
  0.888973E-01  0.297750E+07  0.296226E+07  0.000000E+00  0.000000E+00  0.875704E+06  0.295139E+07
  0.895871E-01  0.294500E+07  0.292959E+07  0.000000E+00  0.000000E+00  0.860106E+06  0.291905E+07
  0.902770E-01  0.291297E+07  0.289740E+07  0.000000E+00  0.000000E+00  0.844846E+06  0.288719E+07
  0.909669E-01  0.288144E+07  0.286572E+07  0.000000E+00  0.000000E+00  0.829923E+06  0.285582E+07
  0.916567E-01  0.285042E+07  0.283457E+07  0.000000E+00  0.000000E+00  0.815336E+06  0.282497E+07
  0.923466E-01  0.281994E+07  0.280396E+07  0.000000E+00  0.000000E+00  0.801086E+06  0.279465E+07
  0.930364E-01  0.279002E+07  0.277393E+07  0.000000E+00  0.000000E+00  0.787170E+06  0.276489E+07
  0.937263E-01  0.276066E+07  0.274447E+07  0.000000E+00  0.000000E+00  0.773590E+06  0.273570E+07
  0.944161E-01  0.273189E+07  0.271562E+07  0.000000E+00  0.000000E+00  0.760342E+06  0.270709E+07
  0.951060E-01  0.270372E+07  0.268738E+07  0.000000E+00  0.000000E+00  0.747425E+06  0.267908E+07
  0.957959E-01  0.267616E+07  0.265977E+07  0.000000E+00  0.000000E+00  0.734836E+06  0.265168E+07
  0.964857E-01  0.264922E+07  0.263279E+07  0.000000E+00  0.000000E+00  0.722572E+06  0.262490E+07
  0.971756E-01  0.262290E+07  0.260645E+07  0.000000E+00  0.000000E+00  0.710627E+06  0.259874E+07
  0.978654E-01  0.259722E+07  0.258077E+07  0.000000E+00  0.000000E+00  0.698998E+06  0.257322E+07
  0.985553E-01  0.257218E+07  0.255574E+07  0.000000E+00  0.000000E+00  0.687681E+06  0.254834E+07
  0.992451E-01  0.254778E+07  0.253137E+07  0.000000E+00  0.000000E+00  0.676672E+06  0.252409E+07
  0.999350E-01  0.252402E+07  0.250766E+07  0.000000E+00  0.000000E+00  0.665966E+06  0.250049E+07
  0.100625E+00  0.250090E+07  0.248461E+07  0.000000E+00  0.000000E+00  0.655557E+06  0.247752E+07
  0.101315E+00  0.247842E+07  0.246221E+07  0.000000E+00  0.000000E+00  0.645439E+06  0.245520E+07
  0.102005E+00  0.245658E+07  0.244046E+07  0.000000E+00  0.000000E+00  0.635605E+06  0.243350E+07
  0.102694E+00  0.243535E+07  0.241935E+07  0.000000E+00  0.000000E+00  0.626048E+06  0.241243E+07
  0.103384E+00  0.241475E+07  0.239888E+07  0.000000E+00  0.000000E+00  0.616761E+06  0.239198E+07
  0.104074E+00  0.239476E+07  0.237904E+07  0.000000E+00  0.000000E+00  0.607738E+06  0.237213E+07
  0.104764E+00  0.237537E+07  0.235980E+07  0.000000E+00  0.000000E+00  0.598972E+06  0.235288E+07
  0.105454E+00  0.235657E+07  0.234117E+07  0.000000E+00  0.000000E+00  0.590456E+06  0.233422E+07
  0.106144E+00  0.233833E+07  0.232313E+07  0.000000E+00  0.000000E+00  0.582181E+06  0.231613E+07
  0.106834E+00  0.232066E+07  0.230565E+07  0.000000E+00  0.000000E+00  0.574139E+06  0.229860E+07
  0.107523E+00  0.230352E+07  0.228872E+07  0.000000E+00  0.000000E+00  0.566321E+06  0.228160E+07
  0.108213E+00  0.228691E+07  0.227233E+07  0.000000E+00  0.000000E+00  0.558720E+06  0.226512E+07
  0.108903E+00  0.227080E+07  0.225646E+07  0.000000E+00  0.000000E+00  0.551327E+06  0.224915E+07
  0.109593E+00  0.225518E+07  0.224107E+07  0.000000E+00  0.000000E+00  0.544135E+06  0.223366E+07
  0.110283E+00  0.224002E+07  0.222616E+07  0.000000E+00  0.000000E+00  0.537136E+06  0.221863E+07
  0.110973E+00  0.222531E+07  0.221171E+07  0.000000E+00  0.000000E+00  0.530320E+06  0.220405E+07
  0.111663E+00  0.221102E+07  0.219767E+07  0.000000E+00  0.000000E+00  0.523680E+06  0.218988E+07
  0.112352E+00  0.219713E+07  0.218405E+07  0.000000E+00  0.000000E+00  0.517207E+06  0.217612E+07
  0.113042E+00  0.218361E+07  0.217080E+07  0.000000E+00  0.000000E+00  0.510893E+06  0.216272E+07
  0.113732E+00  0.217045E+07  0.215791E+07  0.000000E+00  0.000000E+00  0.504731E+06  0.214968E+07
  0.114422E+00  0.215762E+07  0.214536E+07  0.000000E+00  0.000000E+00  0.498712E+06  0.213697E+07
  0.115112E+00  0.214509E+07  0.213311E+07  0.000000E+00  0.000000E+00  0.492829E+06  0.212456E+07
  0.115802E+00  0.213285E+07  0.212114E+07  0.000000E+00  0.000000E+00  0.487074E+06  0.211244E+07
  0.116492E+00  0.212087E+07  0.210944E+07  0.000000E+00  0.000000E+00  0.481439E+06  0.210057E+07
  0.117181E+00  0.210912E+07  0.209796E+07  0.000000E+00  0.000000E+00  0.475917E+06  0.208893E+07
  0.117871E+00  0.209759E+07  0.208670E+07  0.000000E+00  0.000000E+00  0.470502E+06  0.207751E+07
  0.118561E+00  0.208625E+07  0.207563E+07  0.000000E+00  0.000000E+00  0.465186E+06  0.206628E+07
  0.119251E+00  0.207508E+07  0.206472E+07  0.000000E+00  0.000000E+00  0.459964E+06  0.205522E+07
  0.119941E+00  0.206405E+07  0.205395E+07  0.000000E+00  0.000000E+00  0.454829E+06  0.204430E+07
  0.120631E+00  0.205315E+07  0.204331E+07  0.000000E+00  0.000000E+00  0.449776E+06  0.203350E+07
  0.121321E+00  0.204236E+07  0.203276E+07  0.000000E+00  0.000000E+00  0.444798E+06  0.202282E+07
  0.122010E+00  0.203166E+07  0.202230E+07  0.000000E+00  0.000000E+00  0.439890E+06  0.201221E+07
  0.122700E+00  0.202102E+07  0.201189E+07  0.000000E+00  0.000000E+00  0.435047E+06  0.200168E+07
  0.123390E+00  0.201043E+07  0.200152E+07  0.000000E+00  0.000000E+00  0.430265E+06  0.199119E+07
  0.124080E+00  0.199988E+07  0.199118E+07  0.000000E+00  0.000000E+00  0.425538E+06  0.198073E+07
  0.124770E+00  0.198934E+07  0.198085E+07  0.000000E+00  0.000000E+00  0.420863E+06  0.197029E+07
  0.125460E+00  0.197880E+07  0.197050E+07  0.000000E+00  0.000000E+00  0.416236E+06  0.195985E+07
  0.126150E+00  0.196826E+07  0.196014E+07  0.000000E+00  0.000000E+00  0.411653E+06  0.194940E+07
  0.126839E+00  0.195769E+07  0.194974E+07  0.000000E+00  0.000000E+00  0.407112E+06  0.193893E+07
  0.127529E+00  0.194708E+07  0.193930E+07  0.000000E+00  0.000000E+00  0.402608E+06  0.192841E+07
  0.128219E+00  0.193643E+07  0.192879E+07  0.000000E+00  0.000000E+00  0.398141E+06  0.191785E+07
  0.128909E+00  0.192572E+07  0.191822E+07  0.000000E+00  0.000000E+00  0.393706E+06  0.190724E+07
  0.129599E+00  0.191494E+07  0.190758E+07  0.000000E+00  0.000000E+00  0.389303E+06  0.189656E+07
  0.130289E+00  0.190410E+07  0.189685E+07  0.000000E+00  0.000000E+00  0.384929E+06  0.188580E+07
  0.130979E+00  0.189318E+07  0.188603E+07  0.000000E+00  0.000000E+00  0.380584E+06  0.187497E+07
  0.131668E+00  0.188218E+07  0.187512E+07  0.000000E+00  0.000000E+00  0.376264E+06  0.186406E+07
  0.132358E+00  0.187109E+07  0.186412E+07  0.000000E+00  0.000000E+00  0.371971E+06  0.185306E+07
  0.133048E+00  0.185991E+07  0.185301E+07  0.000000E+00  0.000000E+00  0.367702E+06  0.184198E+07
  0.133738E+00  0.184865E+07  0.184181E+07  0.000000E+00  0.000000E+00  0.363458E+06  0.183080E+07
  0.134428E+00  0.183730E+07  0.183050E+07  0.000000E+00  0.000000E+00  0.359239E+06  0.181954E+07
  0.135118E+00  0.182586E+07  0.181910E+07  0.000000E+00  0.000000E+00  0.355043E+06  0.180818E+07
  0.135808E+00  0.181433E+07  0.180760E+07  0.000000E+00  0.000000E+00  0.350872E+06  0.179675E+07
  0.136497E+00  0.180272E+07  0.179601E+07  0.000000E+00  0.000000E+00  0.346725E+06  0.178522E+07
  0.137187E+00  0.179103E+07  0.178432E+07  0.000000E+00  0.000000E+00  0.342603E+06  0.177362E+07
  0.137877E+00  0.177926E+07  0.177256E+07  0.000000E+00  0.000000E+00  0.338507E+06  0.176193E+07
  0.138567E+00  0.176742E+07  0.176071E+07  0.000000E+00  0.000000E+00  0.334437E+06  0.175018E+07
  0.139257E+00  0.175552E+07  0.174879E+07  0.000000E+00  0.000000E+00  0.330394E+06  0.173837E+07
  0.139947E+00  0.174356E+07  0.173680E+07  0.000000E+00  0.000000E+00  0.326380E+06  0.172649E+07
  0.140637E+00  0.173155E+07  0.172476E+07  0.000000E+00  0.000000E+00  0.322395E+06  0.171457E+07
  0.141326E+00  0.171950E+07  0.171267E+07  0.000000E+00  0.000000E+00  0.318441E+06  0.170260E+07
  0.142016E+00  0.170741E+07  0.170054E+07  0.000000E+00  0.000000E+00  0.314519E+06  0.169060E+07
  0.142706E+00  0.169530E+07  0.168838E+07  0.000000E+00  0.000000E+00  0.310629E+06  0.167858E+07
  0.143396E+00  0.168318E+07  0.167620E+07  0.000000E+00  0.000000E+00  0.306775E+06  0.166654E+07
  0.144086E+00  0.167104E+07  0.166401E+07  0.000000E+00  0.000000E+00  0.302956E+06  0.165449E+07
  0.144776E+00  0.165892E+07  0.165183E+07  0.000000E+00  0.000000E+00  0.299174E+06  0.164245E+07
  0.145466E+00  0.164681E+07  0.163965E+07  0.000000E+00  0.000000E+00  0.295431E+06  0.163042E+07
  0.146155E+00  0.163472E+07  0.162750E+07  0.000000E+00  0.000000E+00  0.291728E+06  0.161842E+07
  0.146845E+00  0.162268E+07  0.161538E+07  0.000000E+00  0.000000E+00  0.288066E+06  0.160646E+07
  0.147535E+00  0.161068E+07  0.160331E+07  0.000000E+00  0.000000E+00  0.284448E+06  0.159454E+07
  0.148225E+00  0.159873E+07  0.159130E+07  0.000000E+00  0.000000E+00  0.280874E+06  0.158268E+07
  0.148915E+00  0.158686E+07  0.157935E+07  0.000000E+00  0.000000E+00  0.277345E+06  0.157089E+07
  0.149605E+00  0.157506E+07  0.156749E+07  0.000000E+00  0.000000E+00  0.273864E+06  0.155918E+07
  0.150295E+00  0.156336E+07  0.155572E+07  0.000000E+00  0.000000E+00  0.270431E+06  0.154756E+07
  0.150984E+00  0.155175E+07  0.154405E+07  0.000000E+00  0.000000E+00  0.267047E+06  0.153604E+07
  0.151674E+00  0.154026E+07  0.153248E+07  0.000000E+00  0.000000E+00  0.263714E+06  0.152462E+07
  0.152364E+00  0.152888E+07  0.152104E+07  0.000000E+00  0.000000E+00  0.260431E+06  0.151333E+07
  0.153054E+00  0.151763E+07  0.150973E+07  0.000000E+00  0.000000E+00  0.257200E+06  0.150216E+07
  0.153744E+00  0.150651E+07  0.149856E+07  0.000000E+00  0.000000E+00  0.254022E+06  0.149112E+07
  0.154434E+00  0.149554E+07  0.148754E+07  0.000000E+00  0.000000E+00  0.250897E+06  0.148023E+07
  0.155124E+00  0.148472E+07  0.147667E+07  0.000000E+00  0.000000E+00  0.247826E+06  0.146949E+07
  0.155813E+00  0.147406E+07  0.146596E+07  0.000000E+00  0.000000E+00  0.244811E+06  0.145891E+07
  0.156503E+00  0.146356E+07  0.145543E+07  0.000000E+00  0.000000E+00  0.241851E+06  0.144850E+07
  0.157193E+00  0.145324E+07  0.144508E+07  0.000000E+00  0.000000E+00  0.238946E+06  0.143825E+07
  0.157883E+00  0.144310E+07  0.143491E+07  0.000000E+00  0.000000E+00  0.236097E+06  0.142819E+07
  0.158573E+00  0.143314E+07  0.142493E+07  0.000000E+00  0.000000E+00  0.233304E+06  0.141831E+07
  0.159263E+00  0.142338E+07  0.141514E+07  0.000000E+00  0.000000E+00  0.230566E+06  0.140862E+07
  0.159953E+00  0.141380E+07  0.140555E+07  0.000000E+00  0.000000E+00  0.227884E+06  0.139912E+07
  0.160642E+00  0.140442E+07  0.139617E+07  0.000000E+00  0.000000E+00  0.225258E+06  0.138981E+07
  0.161332E+00  0.139524E+07  0.138698E+07  0.000000E+00  0.000000E+00  0.222687E+06  0.138071E+07
  0.162022E+00  0.138626E+07  0.137801E+07  0.000000E+00  0.000000E+00  0.220171E+06  0.137180E+07
  0.162712E+00  0.137747E+07  0.136924E+07  0.000000E+00  0.000000E+00  0.217709E+06  0.136309E+07
  0.163402E+00  0.136890E+07  0.136068E+07  0.000000E+00  0.000000E+00  0.215301E+06  0.135458E+07
  0.164092E+00  0.136052E+07  0.135233E+07  0.000000E+00  0.000000E+00  0.212945E+06  0.134628E+07
  0.164782E+00  0.135234E+07  0.134418E+07  0.000000E+00  0.000000E+00  0.210641E+06  0.133817E+07
  0.165471E+00  0.134436E+07  0.133624E+07  0.000000E+00  0.000000E+00  0.208389E+06  0.133026E+07
  0.166161E+00  0.133658E+07  0.132850E+07  0.000000E+00  0.000000E+00  0.206186E+06  0.132255E+07
  0.166851E+00  0.132899E+07  0.132096E+07  0.000000E+00  0.000000E+00  0.204032E+06  0.131503E+07
  0.167541E+00  0.132160E+07  0.131362E+07  0.000000E+00  0.000000E+00  0.201927E+06  0.130771E+07
  0.168231E+00  0.131439E+07  0.130647E+07  0.000000E+00  0.000000E+00  0.199869E+06  0.130057E+07
  0.168921E+00  0.130737E+07  0.129951E+07  0.000000E+00  0.000000E+00  0.197856E+06  0.129361E+07
  0.169611E+00  0.130052E+07  0.129274E+07  0.000000E+00  0.000000E+00  0.195887E+06  0.128683E+07
  0.170300E+00  0.129385E+07  0.128614E+07  0.000000E+00  0.000000E+00  0.193962E+06  0.128023E+07
  0.170990E+00  0.128735E+07  0.127972E+07  0.000000E+00  0.000000E+00  0.192077E+06  0.127379E+07
  0.171680E+00  0.128102E+07  0.127346E+07  0.000000E+00  0.000000E+00  0.190234E+06  0.126752E+07
  0.172370E+00  0.127484E+07  0.126737E+07  0.000000E+00  0.000000E+00  0.188428E+06  0.126140E+07
  0.173060E+00  0.126881E+07  0.126143E+07  0.000000E+00  0.000000E+00  0.186661E+06  0.125544E+07
  0.173750E+00  0.126293E+07  0.125564E+07  0.000000E+00  0.000000E+00  0.184930E+06  0.124962E+07
  0.174440E+00  0.125719E+07  0.124999E+07  0.000000E+00  0.000000E+00  0.183233E+06  0.124393E+07
  0.175129E+00  0.125157E+07  0.124447E+07  0.000000E+00  0.000000E+00  0.181570E+06  0.123838E+07
  0.175819E+00  0.124608E+07  0.123908E+07  0.000000E+00  0.000000E+00  0.179938E+06  0.123295E+07
  0.176509E+00  0.124071E+07  0.123380E+07  0.000000E+00  0.000000E+00  0.178335E+06  0.122763E+07
  0.177199E+00  0.123545E+07  0.122864E+07  0.000000E+00  0.000000E+00  0.176762E+06  0.122242E+07
  0.177889E+00  0.123028E+07  0.122358E+07  0.000000E+00  0.000000E+00  0.175216E+06  0.121732E+07
  0.178579E+00  0.122521E+07  0.121861E+07  0.000000E+00  0.000000E+00  0.173695E+06  0.121230E+07
  0.179269E+00  0.122022E+07  0.121372E+07  0.000000E+00  0.000000E+00  0.172199E+06  0.120737E+07
  0.179958E+00  0.121531E+07  0.120892E+07  0.000000E+00  0.000000E+00  0.170726E+06  0.120251E+07
  0.180648E+00  0.121047E+07  0.120418E+07  0.000000E+00  0.000000E+00  0.169274E+06  0.119773E+07
  0.181338E+00  0.120569E+07  0.119950E+07  0.000000E+00  0.000000E+00  0.167842E+06  0.119300E+07
  0.182028E+00  0.120096E+07  0.119487E+07  0.000000E+00  0.000000E+00  0.166429E+06  0.118833E+07
  0.182718E+00  0.119628E+07  0.119029E+07  0.000000E+00  0.000000E+00  0.165034E+06  0.118370E+07
  0.183408E+00  0.119164E+07  0.118575E+07  0.000000E+00  0.000000E+00  0.163655E+06  0.117911E+07
  0.184098E+00  0.118703E+07  0.118123E+07  0.000000E+00  0.000000E+00  0.162291E+06  0.117455E+07
  0.184787E+00  0.118245E+07  0.117674E+07  0.000000E+00  0.000000E+00  0.160942E+06  0.117002E+07
  0.185477E+00  0.117788E+07  0.117227E+07  0.000000E+00  0.000000E+00  0.159606E+06  0.116550E+07
  0.186167E+00  0.117333E+07  0.116780E+07  0.000000E+00  0.000000E+00  0.158281E+06  0.116100E+07
  0.186857E+00  0.116878E+07  0.116334E+07  0.000000E+00  0.000000E+00  0.156968E+06  0.115650E+07
  0.187547E+00  0.116423E+07  0.115888E+07  0.000000E+00  0.000000E+00  0.155665E+06  0.115200E+07
  0.188237E+00  0.115968E+07  0.115441E+07  0.000000E+00  0.000000E+00  0.154372E+06  0.114750E+07
  0.188927E+00  0.115512E+07  0.114992E+07  0.000000E+00  0.000000E+00  0.153087E+06  0.114299E+07
  0.189616E+00  0.115055E+07  0.114542E+07  0.000000E+00  0.000000E+00  0.151811E+06  0.113846E+07
  0.190306E+00  0.114596E+07  0.114090E+07  0.000000E+00  0.000000E+00  0.150542E+06  0.113392E+07
  0.190996E+00  0.114134E+07  0.113635E+07  0.000000E+00  0.000000E+00  0.149281E+06  0.112936E+07
  0.191686E+00  0.113670E+07  0.113178E+07  0.000000E+00  0.000000E+00  0.148026E+06  0.112477E+07
  0.192376E+00  0.113204E+07  0.112717E+07  0.000000E+00  0.000000E+00  0.146776E+06  0.112015E+07
  0.193066E+00  0.112734E+07  0.112253E+07  0.000000E+00  0.000000E+00  0.145532E+06  0.111550E+07
  0.193756E+00  0.112261E+07  0.111785E+07  0.000000E+00  0.000000E+00  0.144294E+06  0.111082E+07
  0.194445E+00  0.111785E+07  0.111313E+07  0.000000E+00  0.000000E+00  0.143060E+06  0.110610E+07
  0.195135E+00  0.111305E+07  0.110837E+07  0.000000E+00  0.000000E+00  0.141831E+06  0.110135E+07
  0.195825E+00  0.110821E+07  0.110357E+07  0.000000E+00  0.000000E+00  0.140607E+06  0.109655E+07
  0.196515E+00  0.110333E+07  0.109872E+07  0.000000E+00  0.000000E+00  0.139387E+06  0.109172E+07
  0.197205E+00  0.109842E+07  0.109384E+07  0.000000E+00  0.000000E+00  0.138171E+06  0.108685E+07
  0.197895E+00  0.109346E+07  0.108891E+07  0.000000E+00  0.000000E+00  0.136960E+06  0.108194E+07
  0.198585E+00  0.108846E+07  0.108393E+07  0.000000E+00  0.000000E+00  0.135753E+06  0.107699E+07
  0.199274E+00  0.108343E+07  0.107892E+07  0.000000E+00  0.000000E+00  0.134550E+06  0.107200E+07
  0.199964E+00  0.107836E+07  0.107386E+07  0.000000E+00  0.000000E+00  0.133352E+06  0.106698E+07
  0.200654E+00  0.107325E+07  0.106876E+07  0.000000E+00  0.000000E+00  0.132158E+06  0.106192E+07
  0.201344E+00  0.106811E+07  0.106363E+07  0.000000E+00  0.000000E+00  0.130969E+06  0.105682E+07
  0.202034E+00  0.106294E+07  0.105846E+07  0.000000E+00  0.000000E+00  0.129785E+06  0.105170E+07
  0.202724E+00  0.105773E+07  0.105326E+07  0.000000E+00  0.000000E+00  0.128606E+06  0.104654E+07
  0.203414E+00  0.105250E+07  0.104803E+07  0.000000E+00  0.000000E+00  0.127433E+06  0.104135E+07
  0.204103E+00  0.104725E+07  0.104277E+07  0.000000E+00  0.000000E+00  0.126265E+06  0.103614E+07
  0.204793E+00  0.104197E+07  0.103749E+07  0.000000E+00  0.000000E+00  0.125104E+06  0.103091E+07
  0.205483E+00  0.103668E+07  0.103218E+07  0.000000E+00  0.000000E+00  0.123949E+06  0.102566E+07
  0.206173E+00  0.103137E+07  0.102686E+07  0.000000E+00  0.000000E+00  0.122801E+06  0.102040E+07
  0.206863E+00  0.102604E+07  0.102153E+07  0.000000E+00  0.000000E+00  0.121660E+06  0.101512E+07
  0.207553E+00  0.102072E+07  0.101619E+07  0.000000E+00  0.000000E+00  0.120527E+06  0.100984E+07
  0.208243E+00  0.101538E+07  0.101084E+07  0.000000E+00  0.000000E+00  0.119402E+06  0.100455E+07
  0.208932E+00  0.101005E+07  0.100549E+07  0.000000E+00  0.000000E+00  0.118285E+06  0.999261E+06
  0.209622E+00  0.100472E+07  0.100014E+07  0.000000E+00  0.000000E+00  0.117176E+06  0.993976E+06
  0.210312E+00  0.999395E+06  0.994796E+06  0.000000E+00  0.000000E+00  0.116077E+06  0.988698E+06
  0.211002E+00  0.994083E+06  0.989464E+06  0.000000E+00  0.000000E+00  0.114987E+06  0.983430E+06
  0.211692E+00  0.988786E+06  0.984147E+06  0.000000E+00  0.000000E+00  0.113907E+06  0.978178E+06
  0.212382E+00  0.983507E+06  0.978849E+06  0.000000E+00  0.000000E+00  0.112836E+06  0.972944E+06
  0.213072E+00  0.978252E+06  0.973573E+06  0.000000E+00  0.000000E+00  0.111777E+06  0.967733E+06
  0.213761E+00  0.973023E+06  0.968323E+06  0.000000E+00  0.000000E+00  0.110728E+06  0.962548E+06
  0.214451E+00  0.967824E+06  0.963104E+06  0.000000E+00  0.000000E+00  0.109690E+06  0.957392E+06
  0.215141E+00  0.962658E+06  0.957919E+06  0.000000E+00  0.000000E+00  0.108664E+06  0.952271E+06
  0.215831E+00  0.957531E+06  0.952773E+06  0.000000E+00  0.000000E+00  0.107649E+06  0.947187E+06
  0.216521E+00  0.952444E+06  0.947668E+06  0.000000E+00  0.000000E+00  0.106646E+06  0.942144E+06
  0.217211E+00  0.947401E+06  0.942608E+06  0.000000E+00  0.000000E+00  0.105656E+06  0.937144E+06
  0.217901E+00  0.942407E+06  0.937597E+06  0.000000E+00  0.000000E+00  0.104678E+06  0.932192E+06
  0.218590E+00  0.937463E+06  0.932639E+06  0.000000E+00  0.000000E+00  0.103712E+06  0.927291E+06
  0.219280E+00  0.932572E+06  0.927735E+06  0.000000E+00  0.000000E+00  0.102760E+06  0.922444E+06
  0.219970E+00  0.927739E+06  0.922890E+06  0.000000E+00  0.000000E+00  0.101821E+06  0.917652E+06
  0.222137E+00  0.912951E+06  0.908076E+06  0.000000E+00  0.000000E+00  0.989569E+05  0.902995E+06
  0.224326E+00  0.898677E+06  0.893794E+06  0.000000E+00  0.000000E+00  0.961998E+05  0.888850E+06
  0.226536E+00  0.884980E+06  0.880111E+06  0.000000E+00  0.000000E+00  0.935539E+05  0.875280E+06
  0.228768E+00  0.871903E+06  0.867069E+06  0.000000E+00  0.000000E+00  0.910212E+05  0.862328E+06
  0.231022E+00  0.859464E+06  0.854688E+06  0.000000E+00  0.000000E+00  0.885998E+05  0.850011E+06
  0.233298E+00  0.847660E+06  0.842964E+06  0.000000E+00  0.000000E+00  0.862870E+05  0.838327E+06
  0.235596E+00  0.836467E+06  0.831870E+06  0.000000E+00  0.000000E+00  0.840769E+05  0.827251E+06
  0.237917E+00  0.825839E+06  0.821358E+06  0.000000E+00  0.000000E+00  0.819621E+05  0.816737E+06
  0.240261E+00  0.815710E+06  0.811357E+06  0.000000E+00  0.000000E+00  0.799340E+05  0.806719E+06
  0.242628E+00  0.805995E+06  0.801780E+06  0.000000E+00  0.000000E+00  0.779812E+05  0.797113E+06
  0.245019E+00  0.796597E+06  0.792524E+06  0.000000E+00  0.000000E+00  0.760928E+05  0.787822E+06
  0.247433E+00  0.787412E+06  0.783481E+06  0.000000E+00  0.000000E+00  0.742577E+05  0.778742E+06
  0.249870E+00  0.778337E+06  0.774542E+06  0.000000E+00  0.000000E+00  0.724642E+05  0.769770E+06
  0.252332E+00  0.769275E+06  0.765606E+06  0.000000E+00  0.000000E+00  0.707032E+05  0.760810E+06
  0.254818E+00  0.760137E+06  0.756582E+06  0.000000E+00  0.000000E+00  0.689660E+05  0.751774E+06
  0.257329E+00  0.750851E+06  0.747394E+06  0.000000E+00  0.000000E+00  0.672460E+05  0.742588E+06
  0.259864E+00  0.741357E+06  0.737981E+06  0.000000E+00  0.000000E+00  0.655379E+05  0.733195E+06
  0.262424E+00  0.731620E+06  0.728306E+06  0.000000E+00  0.000000E+00  0.638390E+05  0.723558E+06
  0.265010E+00  0.721626E+06  0.718356E+06  0.000000E+00  0.000000E+00  0.621489E+05  0.713665E+06
  0.267621E+00  0.711390E+06  0.708147E+06  0.000000E+00  0.000000E+00  0.604687E+05  0.703530E+06
  0.270257E+00  0.700948E+06  0.697718E+06  0.000000E+00  0.000000E+00  0.588024E+05  0.693189E+06
  0.272920E+00  0.690354E+06  0.687125E+06  0.000000E+00  0.000000E+00  0.571545E+05  0.682696E+06
  0.275609E+00  0.679676E+06  0.676440E+06  0.000000E+00  0.000000E+00  0.555309E+05  0.672119E+06
  0.278324E+00  0.668991E+06  0.665745E+06  0.000000E+00  0.000000E+00  0.539377E+05  0.661536E+06
  0.281066E+00  0.658387E+06  0.655130E+06  0.000000E+00  0.000000E+00  0.523814E+05  0.651032E+06
  0.283835E+00  0.647947E+06  0.644684E+06  0.000000E+00  0.000000E+00  0.508680E+05  0.640693E+06
  0.286632E+00  0.637754E+06  0.634492E+06  0.000000E+00  0.000000E+00  0.494031E+05  0.630598E+06
  0.289455E+00  0.627872E+06  0.624620E+06  0.000000E+00  0.000000E+00  0.479903E+05  0.620813E+06
  0.292307E+00  0.618348E+06  0.615120E+06  0.000000E+00  0.000000E+00  0.466322E+05  0.611386E+06
  0.295187E+00  0.609212E+06  0.606018E+06  0.000000E+00  0.000000E+00  0.453291E+05  0.602344E+06
  0.298095E+00  0.600471E+06  0.597325E+06  0.000000E+00  0.000000E+00  0.440802E+05  0.593694E+06
  0.301032E+00  0.592113E+06  0.589025E+06  0.000000E+00  0.000000E+00  0.428831E+05  0.585426E+06
  0.303998E+00  0.584106E+06  0.581086E+06  0.000000E+00  0.000000E+00  0.417340E+05  0.577507E+06
  0.306993E+00  0.576396E+06  0.573451E+06  0.000000E+00  0.000000E+00  0.406278E+05  0.569884E+06
  0.310018E+00  0.568920E+06  0.566052E+06  0.000000E+00  0.000000E+00  0.395588E+05  0.562492E+06
  0.313072E+00  0.561605E+06  0.558814E+06  0.000000E+00  0.000000E+00  0.385212E+05  0.555260E+06
  0.316156E+00  0.554381E+06  0.551666E+06  0.000000E+00  0.000000E+00  0.375093E+05  0.548118E+06
  0.319271E+00  0.547184E+06  0.544538E+06  0.000000E+00  0.000000E+00  0.365184E+05  0.541002E+06
  0.322417E+00  0.539955E+06  0.537370E+06  0.000000E+00  0.000000E+00  0.355441E+05  0.533853E+06
  0.325593E+00  0.532651E+06  0.530118E+06  0.000000E+00  0.000000E+00  0.345835E+05  0.526628E+06
  0.328801E+00  0.525247E+06  0.522755E+06  0.000000E+00  0.000000E+00  0.336350E+05  0.519304E+06
  0.332040E+00  0.517739E+06  0.515280E+06  0.000000E+00  0.000000E+00  0.326983E+05  0.511875E+06
  0.335312E+00  0.510144E+06  0.507709E+06  0.000000E+00  0.000000E+00  0.317745E+05  0.504359E+06
  0.338615E+00  0.502491E+06  0.500073E+06  0.000000E+00  0.000000E+00  0.308652E+05  0.496785E+06
  0.341951E+00  0.494821E+06  0.492417E+06  0.000000E+00  0.000000E+00  0.299731E+05  0.489194E+06
  0.345320E+00  0.487188E+06  0.484794E+06  0.000000E+00  0.000000E+00  0.291009E+05  0.481639E+06
  0.348722E+00  0.479646E+06  0.477264E+06  0.000000E+00  0.000000E+00  0.282517E+05  0.474175E+06
  0.352158E+00  0.472249E+06  0.469882E+06  0.000000E+00  0.000000E+00  0.274281E+05  0.466854E+06
  0.355627E+00  0.465037E+06  0.462689E+06  0.000000E+00  0.000000E+00  0.266317E+05  0.459717E+06
  0.359131E+00  0.458039E+06  0.455716E+06  0.000000E+00  0.000000E+00  0.258636E+05  0.452794E+06
  0.362669E+00  0.451271E+06  0.448980E+06  0.000000E+00  0.000000E+00  0.251239E+05  0.446100E+06
  0.366242E+00  0.444735E+06  0.442481E+06  0.000000E+00  0.000000E+00  0.244118E+05  0.439635E+06
  0.369851E+00  0.438413E+06  0.436201E+06  0.000000E+00  0.000000E+00  0.237257E+05  0.433383E+06
  0.373495E+00  0.432273E+06  0.430106E+06  0.000000E+00  0.000000E+00  0.230630E+05  0.427311E+06
  0.377174E+00  0.426276E+06  0.424156E+06  0.000000E+00  0.000000E+00  0.224213E+05  0.421383E+06
  0.380890E+00  0.420383E+06  0.418308E+06  0.000000E+00  0.000000E+00  0.217978E+05  0.415556E+06
  0.384643E+00  0.414552E+06  0.412520E+06  0.000000E+00  0.000000E+00  0.211900E+05  0.409790E+06
  0.388432E+00  0.408744E+06  0.406752E+06  0.000000E+00  0.000000E+00  0.205956E+05  0.404048E+06
  0.392259E+00  0.402933E+06  0.400976E+06  0.000000E+00  0.000000E+00  0.200130E+05  0.398302E+06
  0.396124E+00  0.397108E+06  0.395182E+06  0.000000E+00  0.000000E+00  0.194415E+05  0.392541E+06
  0.400027E+00  0.391268E+06  0.389368E+06  0.000000E+00  0.000000E+00  0.188810E+05  0.386765E+06
  0.403968E+00  0.385424E+06  0.383545E+06  0.000000E+00  0.000000E+00  0.183317E+05  0.380984E+06
  0.407948E+00  0.379597E+06  0.377737E+06  0.000000E+00  0.000000E+00  0.177946E+05  0.375219E+06
  0.411967E+00  0.373816E+06  0.371974E+06  0.000000E+00  0.000000E+00  0.172707E+05  0.369500E+06
  0.416025E+00  0.368111E+06  0.366288E+06  0.000000E+00  0.000000E+00  0.167613E+05  0.363857E+06
  0.420124E+00  0.362509E+06  0.360706E+06  0.000000E+00  0.000000E+00  0.162671E+05  0.358316E+06
  0.424263E+00  0.357030E+06  0.355248E+06  0.000000E+00  0.000000E+00  0.157886E+05  0.352897E+06
  0.428443E+00  0.351688E+06  0.349931E+06  0.000000E+00  0.000000E+00  0.153262E+05  0.347613E+06
  0.432664E+00  0.346483E+06  0.344753E+06  0.000000E+00  0.000000E+00  0.148794E+05  0.342467E+06
  0.436927E+00  0.341407E+06  0.339706E+06  0.000000E+00  0.000000E+00  0.144474E+05  0.337448E+06
  0.441232E+00  0.336433E+06  0.334763E+06  0.000000E+00  0.000000E+00  0.128289E+05  0.332516E+06
  0.445579E+00  0.331562E+06  0.329923E+06  0.000000E+00  0.000000E+00  0.124495E+05  0.327701E+06
  0.449969E+00  0.326761E+06  0.325151E+06  0.000000E+00  0.000000E+00  0.120807E+05  0.322954E+06
  0.454402E+00  0.322006E+06  0.320424E+06  0.000000E+00  0.000000E+00  0.117218E+05  0.318254E+06
  0.458879E+00  0.317285E+06  0.315729E+06  0.000000E+00  0.000000E+00  0.113718E+05  0.313586E+06
  0.463400E+00  0.312589E+06  0.311057E+06  0.000000E+00  0.000000E+00  0.110305E+05  0.308943E+06
  0.467965E+00  0.307917E+06  0.306406E+06  0.000000E+00  0.000000E+00  0.106974E+05  0.304323E+06
  0.472575E+00  0.303275E+06  0.301785E+06  0.000000E+00  0.000000E+00  0.103727E+05  0.299734E+06
  0.477231E+00  0.298678E+06  0.297206E+06  0.000000E+00  0.000000E+00  0.100567E+05  0.295187E+06
  0.481933E+00  0.294138E+06  0.292685E+06  0.000000E+00  0.000000E+00  0.974967E+04  0.290698E+06
  0.486681E+00  0.289668E+06  0.288234E+06  0.000000E+00  0.000000E+00  0.945174E+04  0.286278E+06
  0.491476E+00  0.285280E+06  0.283866E+06  0.000000E+00  0.000000E+00  0.916312E+04  0.281940E+06
  0.496318E+00  0.280980E+06  0.279586E+06  0.000000E+00  0.000000E+00  0.888372E+04  0.277688E+06
  0.501208E+00  0.276766E+06  0.275394E+06  0.000000E+00  0.000000E+00  0.861326E+04  0.273522E+06
  0.506146E+00  0.272634E+06  0.271284E+06  0.000000E+00  0.000000E+00  0.835137E+04  0.269437E+06
  0.511133E+00  0.268575E+06  0.267248E+06  0.000000E+00  0.000000E+00  0.809755E+04  0.265425E+06
  0.516168E+00  0.264576E+06  0.263271E+06  0.000000E+00  0.000000E+00  0.785121E+04  0.261472E+06
  0.521254E+00  0.260628E+06  0.259344E+06  0.000000E+00  0.000000E+00  0.761190E+04  0.257569E+06
  0.526389E+00  0.256723E+06  0.255460E+06  0.000000E+00  0.000000E+00  0.737921E+04  0.253709E+06
  0.531575E+00  0.252857E+06  0.251612E+06  0.000000E+00  0.000000E+00  0.715285E+04  0.249887E+06
  0.536812E+00  0.249029E+06  0.247802E+06  0.000000E+00  0.000000E+00  0.693269E+04  0.246102E+06
  0.542101E+00  0.245243E+06  0.244035E+06  0.000000E+00  0.000000E+00  0.671870E+04  0.242360E+06
  0.547442E+00  0.241505E+06  0.240314E+06  0.000000E+00  0.000000E+00  0.651085E+04  0.238664E+06
  0.552835E+00  0.237821E+06  0.236647E+06  0.000000E+00  0.000000E+00  0.630918E+04  0.235022E+06
  0.558282E+00  0.234197E+06  0.233039E+06  0.000000E+00  0.000000E+00  0.611368E+04  0.231439E+06
  0.563782E+00  0.230633E+06  0.229493E+06  0.000000E+00  0.000000E+00  0.592422E+04  0.227917E+06
  0.569337E+00  0.227132E+06  0.226009E+06  0.000000E+00  0.000000E+00  0.574067E+04  0.224455E+06
  0.574946E+00  0.223689E+06  0.222584E+06  0.000000E+00  0.000000E+00  0.556279E+04  0.221052E+06
  0.580610E+00  0.220299E+06  0.219212E+06  0.000000E+00  0.000000E+00  0.539031E+04  0.217701E+06
  0.586331E+00  0.216958E+06  0.215888E+06  0.000000E+00  0.000000E+00  0.522297E+04  0.214399E+06
  0.592107E+00  0.213662E+06  0.212608E+06  0.000000E+00  0.000000E+00  0.506054E+04  0.211140E+06
  0.597941E+00  0.210406E+06  0.209369E+06  0.000000E+00  0.000000E+00  0.490282E+04  0.207922E+06
  0.603832E+00  0.207191E+06  0.206170E+06  0.000000E+00  0.000000E+00  0.474968E+04  0.204745E+06
  0.609781E+00  0.204018E+06  0.203012E+06  0.000000E+00  0.000000E+00  0.460103E+04  0.201608E+06
  0.615788E+00  0.200888E+06  0.199897E+06  0.000000E+00  0.000000E+00  0.445680E+04  0.198514E+06
  0.621855E+00  0.197804E+06  0.196828E+06  0.000000E+00  0.000000E+00  0.431694E+04  0.195466E+06
  0.627982E+00  0.194767E+06  0.193806E+06  0.000000E+00  0.000000E+00  0.418134E+04  0.192464E+06
  0.634169E+00  0.191778E+06  0.190832E+06  0.000000E+00  0.000000E+00  0.404994E+04  0.189510E+06
  0.640417E+00  0.188837E+06  0.187905E+06  0.000000E+00  0.000000E+00  0.392259E+04  0.186602E+06
  0.646726E+00  0.185940E+06  0.185023E+06  0.000000E+00  0.000000E+00  0.379915E+04  0.183739E+06
  0.653098E+00  0.183086E+06  0.182183E+06  0.000000E+00  0.000000E+00  0.367947E+04  0.180919E+06
  0.659532E+00  0.180273E+06  0.179384E+06  0.000000E+00  0.000000E+00  0.356339E+04  0.178138E+06
  0.697210E+00  0.165062E+06  0.164248E+06  0.000000E+00  0.000000E+00  0.296893E+04  0.163103E+06
  0.737040E+00  0.151086E+06  0.150341E+06  0.000000E+00  0.000000E+00  0.247091E+04  0.149290E+06
  0.779145E+00  0.138234E+06  0.137553E+06  0.000000E+00  0.000000E+00  0.205401E+04  0.136589E+06
  0.823656E+00  0.126430E+06  0.125807E+06  0.000000E+00  0.000000E+00  0.170557E+04  0.124924E+06
  0.870710E+00  0.115590E+06  0.115020E+06  0.000000E+00  0.000000E+00  0.141471E+04  0.114211E+06
  0.920451E+00  0.105642E+06  0.105121E+06  0.000000E+00  0.000000E+00  0.117223E+04  0.104380E+06
  0.973035E+00  0.965168E+05  0.960410E+05  0.000000E+00  0.000000E+00  0.970341E+03  0.953630E+05
  0.102862E+01  0.881506E+05  0.877160E+05  0.000000E+00  0.000000E+00  0.802447E+03  0.870959E+05
  0.108738E+01  0.804822E+05  0.800855E+05  0.000000E+00  0.000000E+00  0.662974E+03  0.795185E+05
  0.114950E+01  0.734570E+05  0.730950E+05  0.000000E+00  0.000000E+00  0.547245E+03  0.725768E+05
  0.121517E+01  0.670245E+05  0.666942E+05  0.000000E+00  0.000000E+00  0.451325E+03  0.662208E+05
  0.128459E+01  0.611367E+05  0.608354E+05  0.000000E+00  0.000000E+00  0.371904E+03  0.604032E+05
  0.135798E+01  0.557492E+05  0.554744E+05  0.000000E+00  0.000000E+00  0.306207E+03  0.550799E+05
  0.143556E+01  0.508217E+05  0.505712E+05  0.000000E+00  0.000000E+00  0.251919E+03  0.502113E+05
  0.151757E+01  0.463171E+05  0.460889E+05  0.000000E+00  0.000000E+00  0.274423E+03  0.457613E+05
  0.160426E+01  0.421997E+05  0.419917E+05  0.000000E+00  0.000000E+00  0.226127E+03  0.416930E+05
  0.169591E+01  0.384380E+05  0.382485E+05  0.000000E+00  0.000000E+00  0.186178E+03  0.379762E+05
  0.179279E+01  0.350024E+05  0.348299E+05  0.000000E+00  0.000000E+00  0.153166E+03  0.345818E+05
  0.189521E+01  0.318657E+05  0.317086E+05  0.000000E+00  0.000000E+00  0.125910E+03  0.314825E+05
  0.200348E+01  0.290028E+05  0.288599E+05  0.000000E+00  0.000000E+00  0.103429E+03  0.286540E+05
