    0.10000E-03    0.39998E+03
    0.10202E-03    0.40775E+03
    0.10408E-03    0.41567E+03
    0.10618E-03    0.42375E+03
    0.10833E-03    0.43198E+03
    0.11052E-03    0.44037E+03
    0.11275E-03    0.44892E+03
    0.11503E-03    0.45764E+03
    0.11735E-03    0.46653E+03
    0.11972E-03    0.47559E+03
    0.12214E-03    0.48483E+03
    0.12461E-03    0.49424E+03
    0.12712E-03    0.50384E+03
    0.12969E-03    0.51363E+03
    0.13231E-03    0.52360E+03
    0.13499E-03    0.53377E+03
    0.13771E-03    0.54413E+03
    0.14049E-03    0.55470E+03
    0.14333E-03    0.56547E+03
    0.14623E-03    0.57645E+03
    0.14918E-03    0.58764E+03
    0.15220E-03    0.59905E+03
    0.15527E-03    0.61068E+03
    0.15841E-03    0.62253E+03
    0.16161E-03    0.63462E+03
    0.16487E-03    0.64694E+03
    0.16820E-03    0.65949E+03
    0.17160E-03    0.67230E+03
    0.17507E-03    0.68534E+03
    0.17860E-03    0.69864E+03
    0.18221E-03    0.71220E+03
    0.18589E-03    0.72602E+03
    0.18965E-03    0.74011E+03
    0.19348E-03    0.75447E+03
    0.19739E-03    0.76911E+03
    0.20138E-03    0.78403E+03
    0.20544E-03    0.79924E+03
    0.20959E-03    0.81474E+03
    0.21383E-03    0.83054E+03
    0.21815E-03    0.84665E+03
    0.22255E-03    0.86307E+03
    0.22705E-03    0.87981E+03
    0.23164E-03    0.89687E+03
    0.23632E-03    0.91426E+03
    0.24109E-03    0.93198E+03
    0.24596E-03    0.95004E+03
    0.25093E-03    0.96846E+03
    0.25600E-03    0.98723E+03
    0.26117E-03    0.10064E+04
    0.26645E-03    0.10259E+04
    0.27183E-03    0.10457E+04
    0.27732E-03    0.10660E+04
    0.28292E-03    0.10866E+04
    0.28864E-03    0.11077E+04
    0.29447E-03    0.11291E+04
    0.30042E-03    0.11510E+04
    0.30649E-03    0.11733E+04
    0.31268E-03    0.11960E+04
    0.31899E-03    0.12191E+04
    0.32544E-03    0.12427E+04
    0.33201E-03    0.12667E+04
    0.33872E-03    0.12912E+04
    0.34556E-03    0.13162E+04
    0.35254E-03    0.13417E+04
    0.35966E-03    0.13676E+04
    0.36693E-03    0.13940E+04
    0.37434E-03    0.14210E+04
    0.38190E-03    0.14484E+04
    0.38962E-03    0.14764E+04
    0.39749E-03    0.15049E+04
    0.40552E-03    0.15339E+04
    0.41371E-03    0.15635E+04
    0.42207E-03    0.15937E+04
    0.43060E-03    0.16244E+04
    0.43929E-03    0.16558E+04
    0.44817E-03    0.16877E+04
    0.45722E-03    0.17202E+04
    0.46646E-03    0.17533E+04
    0.47588E-03    0.17871E+04
    0.48550E-03    0.18215E+04
    0.49530E-03    0.18566E+04
    0.50531E-03    0.18923E+04
    0.51552E-03    0.19287E+04
    0.52593E-03    0.19657E+04
    0.53656E-03    0.20035E+04
    0.54739E-03    0.20420E+04
    0.55845E-03    0.20812E+04
    0.56973E-03    0.21212E+04
    0.58124E-03    0.21618E+04
    0.59299E-03    0.22033E+04
    0.60496E-03    0.22455E+04
    0.61719E-03    0.22885E+04
    0.62965E-03    0.23323E+04
    0.64237E-03    0.23770E+04
    0.65535E-03    0.24224E+04
    0.66859E-03    0.24687E+04
    0.68210E-03    0.25159E+04
    0.69588E-03    0.25639E+04
    0.70993E-03    0.26129E+04
    0.72427E-03    0.26627E+04
    0.73891E-03    0.27134E+04
    0.75383E-03    0.27651E+04
    0.76906E-03    0.28177E+04
    0.78460E-03    0.28713E+04
    0.80045E-03    0.29258E+04
    0.81662E-03    0.29814E+04
    0.83311E-03    0.30380E+04
    0.84994E-03    0.30956E+04
    0.86711E-03    0.31542E+04
    0.88463E-03    0.32139E+04
    0.90250E-03    0.32747E+04
    0.92073E-03    0.33365E+04
    0.93933E-03    0.33995E+04
    0.95831E-03    0.34636E+04
    0.97767E-03    0.35289E+04
    0.99742E-03    0.35953E+04
    0.10176E-02    0.36629E+04
    0.10381E-02    0.37317E+04
    0.10591E-02    0.38017E+04
    0.10805E-02    0.38730E+04
    0.11023E-02    0.39455E+04
    0.11246E-02    0.40192E+04
    0.11473E-02    0.40943E+04
    0.11705E-02    0.41707E+04
    0.11941E-02    0.42484E+04
    0.12182E-02    0.43274E+04
    0.12429E-02    0.44078E+04
    0.12680E-02    0.44895E+04
    0.12936E-02    0.45727E+04
    0.13197E-02    0.46573E+04
    0.13464E-02    0.47433E+04
    0.13736E-02    0.48308E+04
    0.14013E-02    0.49197E+04
    0.14296E-02    0.50102E+04
    0.14585E-02    0.51021E+04
    0.14880E-02    0.51955E+04
    0.15180E-02    0.52905E+04
    0.15487E-02    0.53871E+04
    0.15800E-02    0.54852E+04
    0.16119E-02    0.55850E+04
    0.16445E-02    0.56863E+04
    0.16777E-02    0.57893E+04
    0.17116E-02    0.58939E+04
    0.17462E-02    0.60001E+04
    0.17814E-02    0.61081E+04
    0.18174E-02    0.62177E+04
    0.18541E-02    0.63290E+04
    0.18916E-02    0.64421E+04
    0.19298E-02    0.65569E+04
    0.19688E-02    0.66734E+04
    0.20086E-02    0.67917E+04
    0.20491E-02    0.69118E+04
    0.20905E-02    0.70336E+04
    0.21328E-02    0.71573E+04
    0.21758E-02    0.72827E+04
    0.22198E-02    0.74100E+04
    0.22646E-02    0.75391E+04
    0.23104E-02    0.76701E+04
    0.23571E-02    0.78028E+04
    0.24047E-02    0.79375E+04
    0.24533E-02    0.80740E+04
    0.25028E-02    0.82123E+04
    0.25534E-02    0.83525E+04
    0.26050E-02    0.84946E+04
    0.26576E-02    0.86386E+04
    0.27113E-02    0.87844E+04
    0.27660E-02    0.89321E+04
    0.28219E-02    0.90817E+04
    0.28789E-02    0.92331E+04
    0.29371E-02    0.93864E+04
    0.29964E-02    0.95416E+04
    0.30569E-02    0.96986E+04
    0.31187E-02    0.98575E+04
    0.31817E-02    0.10018E+05
    0.32460E-02    0.10181E+05
    0.33115E-02    0.10345E+05
    0.33784E-02    0.10511E+05
    0.34467E-02    0.10679E+05
    0.35163E-02    0.10849E+05
    0.35874E-02    0.11020E+05
    0.36598E-02    0.11194E+05
    0.37338E-02    0.11369E+05
    0.38092E-02    0.11545E+05
    0.38861E-02    0.11724E+05
    0.39646E-02    0.11903E+05
    0.40447E-02    0.12085E+05
    0.41264E-02    0.12268E+05
    0.42098E-02    0.12453E+05
    0.42948E-02    0.12639E+05
    0.43816E-02    0.12826E+05
    0.44701E-02    0.13015E+05
    0.45604E-02    0.13206E+05
    0.46525E-02    0.13397E+05
    0.47465E-02    0.13590E+05
    0.48424E-02    0.13790E+05
    0.49402E-02    0.13975E+05
    0.50400E-02    0.14137E+05
    0.51419E-02    0.14319E+05
    0.52457E-02    0.14521E+05
    0.53517E-02    0.14720E+05
    0.54598E-02    0.14917E+05
    0.55701E-02    0.15116E+05
    0.56826E-02    0.15316E+05
    0.57974E-02    0.15517E+05
    0.59145E-02    0.15717E+05
    0.60340E-02    0.15919E+05
    0.61559E-02    0.16120E+05
    0.62803E-02    0.16322E+05
    0.64072E-02    0.16524E+05
    0.65366E-02    0.16726E+05
    0.66686E-02    0.16928E+05
    0.68033E-02    0.17130E+05
    0.69408E-02    0.17331E+05
    0.70810E-02    0.17532E+05
    0.72240E-02    0.17732E+05
    0.73700E-02    0.17932E+05
    0.75189E-02    0.18130E+05
    0.76708E-02    0.18328E+05
    0.78257E-02    0.18525E+05
    0.79838E-02    0.18720E+05
    0.81451E-02    0.18914E+05
    0.83096E-02    0.19107E+05
    0.84775E-02    0.19298E+05
    0.86488E-02    0.19486E+05
    0.88235E-02    0.19673E+05
    0.90017E-02    0.19858E+05
    0.91836E-02    0.20040E+05
    0.93691E-02    0.20220E+05
    0.95583E-02    0.20397E+05
    0.97514E-02    0.20571E+05
    0.99484E-02    0.20742E+05
    0.10149E-01    0.20909E+05
    0.10354E-01    0.21073E+05
    0.10564E-01    0.21234E+05
    0.10777E-01    0.21390E+05
    0.10995E-01    0.21542E+05
    0.11217E-01    0.21690E+05
    0.11443E-01    0.21833E+05
    0.11675E-01    0.21971E+05
    0.11910E-01    0.22104E+05
    0.12151E-01    0.22232E+05
    0.12397E-01    0.22355E+05
    0.12647E-01    0.22471E+05
    0.12902E-01    0.22582E+05
    0.13163E-01    0.22686E+05
    0.13429E-01    0.22784E+05
    0.13700E-01    0.22875E+05
    0.13977E-01    0.22959E+05
    0.14259E-01    0.23036E+05
    0.14547E-01    0.23106E+05
    0.14841E-01    0.23167E+05
    0.15141E-01    0.23221E+05
    0.15447E-01    0.23266E+05
    0.15759E-01    0.23303E+05
    0.16077E-01    0.23332E+05
    0.16402E-01    0.23351E+05
    0.16734E-01    0.23361E+05
    0.17072E-01    0.23362E+05
    0.17416E-01    0.23353E+05
    0.17768E-01    0.23335E+05
    0.18127E-01    0.23306E+05
    0.18493E-01    0.23268E+05
    0.18867E-01    0.23219E+05
    0.19248E-01    0.23160E+05
    0.19637E-01    0.23090E+05
    0.20034E-01    0.23009E+05
    0.20438E-01    0.22918E+05
    0.20851E-01    0.22815E+05
    0.21272E-01    0.22702E+05
    0.21702E-01    0.22578E+05
    0.22141E-01    0.22443E+05
    0.22588E-01    0.22297E+05
    0.23044E-01    0.22140E+05
    0.23510E-01    0.21973E+05
    0.23985E-01    0.21794E+05
    0.24469E-01    0.21606E+05
    0.24964E-01    0.21407E+05
    0.25468E-01    0.21197E+05
    0.25982E-01    0.20978E+05
    0.26507E-01    0.20750E+05
    0.27043E-01    0.20512E+05
    0.27589E-01    0.20266E+05
    0.28146E-01    0.20011E+05
    0.28715E-01    0.19748E+05
    0.29295E-01    0.19478E+05
    0.29887E-01    0.19202E+05
    0.30490E-01    0.18918E+05
    0.31106E-01    0.18630E+05
    0.31735E-01    0.18336E+05
    0.32376E-01    0.18038E+05
    0.33030E-01    0.17736E+05
    0.33697E-01    0.17432E+05
    0.34378E-01    0.17126E+05
    0.35072E-01    0.16818E+05
    0.35781E-01    0.16510E+05
    0.36504E-01    0.16203E+05
    0.37241E-01    0.15896E+05
    0.37993E-01    0.15592E+05
    0.38761E-01    0.15290E+05
    0.39544E-01    0.14992E+05
    0.40343E-01    0.14699E+05
    0.41158E-01    0.14411E+05
    0.41989E-01    0.14128E+05
    0.42838E-01    0.13853E+05
    0.43703E-01    0.13584E+05
    0.44586E-01    0.13323E+05
    0.45486E-01    0.13071E+05
    0.46405E-01    0.12827E+05
    0.47343E-01    0.12592E+05
    0.48299E-01    0.12366E+05
    0.49275E-01    0.12150E+05
    0.50270E-01    0.11943E+05
    0.51286E-01    0.11745E+05
    0.52322E-01    0.11557E+05
    0.53379E-01    0.11377E+05
    0.54457E-01    0.11206E+05
    0.55557E-01    0.11043E+05
    0.56680E-01    0.10887E+05
    0.57825E-01    0.10737E+05
    0.58993E-01    0.10593E+05
    0.60184E-01    0.10453E+05
    0.61400E-01    0.10317E+05
    0.62641E-01    0.10182E+05
    0.63906E-01    0.10048E+05
    0.65197E-01    0.99140E+04
    0.66514E-01    0.97776E+04
    0.67858E-01    0.96377E+04
    0.69229E-01    0.94931E+04
    0.70627E-01    0.93424E+04
    0.72054E-01    0.91846E+04
    0.73510E-01    0.90188E+04
    0.74994E-01    0.88441E+04
    0.76509E-01    0.86601E+04
    0.78055E-01    0.84667E+04
    0.79632E-01    0.82641E+04
    0.81241E-01    0.80527E+04
    0.82882E-01    0.78335E+04
    0.84556E-01    0.76077E+04
    0.86264E-01    0.73769E+04
    0.88007E-01    0.71429E+04
    0.89785E-01    0.69079E+04
    0.91598E-01    0.66742E+04
    0.93449E-01    0.64440E+04
    0.95337E-01    0.62199E+04
    0.97263E-01    0.60041E+04
    0.99227E-01    0.57988E+04
    0.10123E+00    0.56056E+04
    0.10328E+00    0.54262E+04
    0.10536E+00    0.52617E+04
    0.10749E+00    0.51126E+04
    0.10966E+00    0.49790E+04
    0.11188E+00    0.48606E+04
    0.11414E+00    0.47564E+04
    0.11644E+00    0.46648E+04
    0.11880E+00    0.45840E+04
    0.12120E+00    0.45115E+04
    0.12365E+00    0.44445E+04
    0.12614E+00    0.43800E+04
    0.12869E+00    0.43148E+04
    0.13129E+00    0.42460E+04
    0.13394E+00    0.41710E+04
    0.13665E+00    0.40877E+04
    0.13941E+00    0.39948E+04
    0.14223E+00    0.38919E+04
    0.14510E+00    0.37793E+04
    0.14803E+00    0.36588E+04
    0.15102E+00    0.35329E+04
    0.15407E+00    0.34046E+04
    0.15718E+00    0.32773E+04
    0.16036E+00    0.31544E+04
    0.16360E+00    0.30391E+04
    0.16690E+00    0.29340E+04
    0.17028E+00    0.28408E+04
    0.17371E+00    0.27601E+04
    0.17722E+00    0.26917E+04
    0.18080E+00    0.26341E+04
    0.18446E+00    0.25853E+04
    0.18818E+00    0.25422E+04
    0.19198E+00    0.25016E+04
    0.19586E+00    0.24599E+04
    0.19982E+00    0.24144E+04
    0.20386E+00    0.23628E+04
    0.20797E+00    0.23044E+04
    0.21218E+00    0.22394E+04
    0.21646E+00    0.21697E+04
    0.22083E+00    0.20979E+04
    0.22530E+00    0.20270E+04
    0.22985E+00    0.19600E+04
    0.23449E+00    0.18993E+04
    0.23923E+00    0.18462E+04
    0.24406E+00    0.18007E+04
    0.24899E+00    0.17620E+04
    0.25402E+00    0.17280E+04
    0.25915E+00    0.16961E+04
    0.26439E+00    0.16639E+04
    0.26973E+00    0.16294E+04
    0.27518E+00    0.15914E+04
    0.28074E+00    0.15503E+04
    0.28641E+00    0.15073E+04
    0.29219E+00    0.14642E+04
    0.29810E+00    0.14232E+04
    0.30412E+00    0.13857E+04
    0.31026E+00    0.13523E+04
    0.31653E+00    0.13227E+04
    0.32292E+00    0.12958E+04
    0.32945E+00    0.12700E+04
    0.33610E+00    0.12439E+04
    0.34289E+00    0.12167E+04
    0.34982E+00    0.11882E+04
    0.35689E+00    0.11593E+04
    0.36409E+00    0.11311E+04
    0.37145E+00    0.11044E+04
    0.37895E+00    0.10798E+04
    0.38661E+00    0.10571E+04
    0.39442E+00    0.10356E+04
    0.40239E+00    0.10147E+04
    0.41052E+00    0.99361E+03
    0.41881E+00    0.97233E+03
    0.42727E+00    0.95113E+03
    0.43590E+00    0.93051E+03
    0.44471E+00    0.91087E+03
    0.45369E+00    0.89228E+03
    0.46286E+00    0.87450E+03
    0.47221E+00    0.85718E+03
    0.48174E+00    0.84005E+03
    0.49148E+00    0.82308E+03
    0.50141E+00    0.80644E+03
    0.51153E+00    0.79031E+03
    0.52187E+00    0.77477E+03
    0.53241E+00    0.75975E+03
    0.54317E+00    0.74509E+03
    0.55414E+00    0.73069E+03
    0.56533E+00    0.71655E+03
    0.57675E+00    0.70274E+03
    0.58840E+00    0.68929E+03
    0.60029E+00    0.67621E+03
    0.61242E+00    0.66342E+03
    0.62479E+00    0.65089E+03
    0.63741E+00    0.63860E+03
    0.65029E+00    0.62657E+03
    0.66342E+00    0.61482E+03
    0.67683E+00    0.60331E+03
    0.69050E+00    0.59203E+03
    0.70445E+00    0.58096E+03
    0.71868E+00    0.57010E+03
    0.73320E+00    0.55945E+03
    0.74801E+00    0.54900E+03
    0.76312E+00    0.53874E+03
    0.77854E+00    0.52865E+03
    0.79426E+00    0.51874E+03
    0.81031E+00    0.50900E+03
    0.82668E+00    0.49941E+03
    0.84338E+00    0.48999E+03
    0.86041E+00    0.48071E+03
    0.87780E+00    0.47157E+03
    0.89553E+00    0.46258E+03
    0.91362E+00    0.45371E+03
    0.93208E+00    0.44498E+03
    0.95091E+00    0.43637E+03
    0.97011E+00    0.42789E+03
    0.98971E+00    0.41952E+03
    0.10097E+01    0.41126E+03
    0.10301E+01    0.40312E+03
    0.10509E+01    0.39508E+03
    0.10721E+01    0.38715E+03
    0.10938E+01    0.37931E+03
    0.11159E+01    0.37158E+03
    0.11384E+01    0.36395E+03
    0.11614E+01    0.35641E+03
    0.11849E+01    0.34897E+03
    0.12088E+01    0.34161E+03
    0.12333E+01    0.33435E+03
    0.12582E+01    0.32718E+03
    0.12836E+01    0.32009E+03
    0.13095E+01    0.31309E+03
    0.13360E+01    0.30618E+03
    0.13630E+01    0.29935E+03
    0.13905E+01    0.29261E+03
    0.14186E+01    0.28595E+03
    0.14472E+01    0.27938E+03
    0.14765E+01    0.27289E+03
    0.15063E+01    0.26648E+03
    0.15367E+01    0.26016E+03
    0.15678E+01    0.25392E+03
    0.15994E+01    0.24777E+03
    0.16318E+01    0.24169E+03
    0.16647E+01    0.23570E+03
    0.16984E+01    0.22980E+03
    0.17327E+01    0.22399E+03
    0.17677E+01    0.21826E+03
    0.18034E+01    0.21262E+03
    0.18398E+01    0.20706E+03
    0.18770E+01    0.20157E+03
    0.19149E+01    0.19617E+03
    0.19536E+01    0.19086E+03
    0.19930E+01    0.18567E+03
