    0.10000E-03    0.43860E+03
    0.10202E-03    0.44712E+03
    0.10408E-03    0.45580E+03
    0.10618E-03    0.46465E+03
    0.10833E-03    0.47367E+03
    0.11052E-03    0.48287E+03
    0.11275E-03    0.49224E+03
    0.11503E-03    0.50180E+03
    0.11735E-03    0.51154E+03
    0.11972E-03    0.52147E+03
    0.12214E-03    0.53159E+03
    0.12461E-03    0.54191E+03
    0.12712E-03    0.55243E+03
    0.12969E-03    0.56315E+03
    0.13231E-03    0.57408E+03
    0.13499E-03    0.58522E+03
    0.13771E-03    0.59657E+03
    0.14049E-03    0.60815E+03
    0.14333E-03    0.61995E+03
    0.14623E-03    0.63198E+03
    0.14918E-03    0.64424E+03
    0.15220E-03    0.65673E+03
    0.15527E-03    0.66947E+03
    0.15841E-03    0.68245E+03
    0.16161E-03    0.69569E+03
    0.16487E-03    0.70918E+03
    0.16820E-03    0.72293E+03
    0.17160E-03    0.73695E+03
    0.17507E-03    0.75123E+03
    0.17860E-03    0.76580E+03
    0.18221E-03    0.78064E+03
    0.18589E-03    0.79577E+03
    0.18965E-03    0.81119E+03
    0.19348E-03    0.82690E+03
    0.19739E-03    0.84292E+03
    0.20138E-03    0.85925E+03
    0.20544E-03    0.87589E+03
    0.20959E-03    0.89286E+03
    0.21383E-03    0.91015E+03
    0.21815E-03    0.92777E+03
    0.22255E-03    0.94572E+03
    0.22705E-03    0.96403E+03
    0.23164E-03    0.98268E+03
    0.23632E-03    0.10017E+04
    0.24109E-03    0.10211E+04
    0.24596E-03    0.10408E+04
    0.25093E-03    0.10609E+04
    0.25600E-03    0.10815E+04
    0.26117E-03    0.11024E+04
    0.26645E-03    0.11237E+04
    0.27183E-03    0.11454E+04
    0.27732E-03    0.11675E+04
    0.28292E-03    0.11901E+04
    0.28864E-03    0.12130E+04
    0.29447E-03    0.12364E+04
    0.30042E-03    0.12603E+04
    0.30649E-03    0.12846E+04
    0.31268E-03    0.13094E+04
    0.31899E-03    0.13346E+04
    0.32544E-03    0.13604E+04
    0.33201E-03    0.13866E+04
    0.33872E-03    0.14133E+04
    0.34556E-03    0.14405E+04
    0.35254E-03    0.14683E+04
    0.35966E-03    0.14965E+04
    0.36693E-03    0.15253E+04
    0.37434E-03    0.15546E+04
    0.38190E-03    0.15845E+04
    0.38962E-03    0.16150E+04
    0.39749E-03    0.16460E+04
    0.40552E-03    0.16776E+04
    0.41371E-03    0.17098E+04
    0.42207E-03    0.17426E+04
    0.43060E-03    0.17760E+04
    0.43929E-03    0.18100E+04
    0.44817E-03    0.18447E+04
    0.45722E-03    0.18800E+04
    0.46646E-03    0.19160E+04
    0.47588E-03    0.19526E+04
    0.48550E-03    0.19900E+04
    0.49530E-03    0.20280E+04
    0.50531E-03    0.20667E+04
    0.51552E-03    0.21061E+04
    0.52593E-03    0.21463E+04
    0.53656E-03    0.21872E+04
    0.54739E-03    0.22289E+04
    0.55845E-03    0.22713E+04
    0.56973E-03    0.23145E+04
    0.58124E-03    0.23585E+04
    0.59299E-03    0.24033E+04
    0.60496E-03    0.24489E+04
    0.61719E-03    0.24954E+04
    0.62965E-03    0.25426E+04
    0.64237E-03    0.25908E+04
    0.65535E-03    0.26398E+04
    0.66859E-03    0.26897E+04
    0.68210E-03    0.27406E+04
    0.69588E-03    0.27923E+04
    0.70993E-03    0.28450E+04
    0.72427E-03    0.28986E+04
    0.73891E-03    0.29531E+04
    0.75383E-03    0.30087E+04
    0.76906E-03    0.30653E+04
    0.78460E-03    0.31228E+04
    0.80045E-03    0.31814E+04
    0.81662E-03    0.32410E+04
    0.83311E-03    0.33017E+04
    0.84994E-03    0.33635E+04
    0.86711E-03    0.34263E+04
    0.88463E-03    0.34903E+04
    0.90250E-03    0.35554E+04
    0.92073E-03    0.36216E+04
    0.93933E-03    0.36890E+04
    0.95831E-03    0.37576E+04
    0.97767E-03    0.38274E+04
    0.99742E-03    0.38984E+04
    0.10176E-02    0.39707E+04
    0.10381E-02    0.40442E+04
    0.10591E-02    0.41190E+04
    0.10805E-02    0.41950E+04
    0.11023E-02    0.42724E+04
    0.11246E-02    0.43511E+04
    0.11473E-02    0.44312E+04
    0.11705E-02    0.45126E+04
    0.11941E-02    0.45955E+04
    0.12182E-02    0.46797E+04
    0.12429E-02    0.47654E+04
    0.12680E-02    0.48525E+04
    0.12936E-02    0.49411E+04
    0.13197E-02    0.50312E+04
    0.13464E-02    0.51228E+04
    0.13736E-02    0.52160E+04
    0.14013E-02    0.53106E+04
    0.14296E-02    0.54069E+04
    0.14585E-02    0.55047E+04
    0.14880E-02    0.56042E+04
    0.15180E-02    0.57052E+04
    0.15487E-02    0.58079E+04
    0.15800E-02    0.59123E+04
    0.16119E-02    0.60184E+04
    0.16445E-02    0.61261E+04
    0.16777E-02    0.62356E+04
    0.17116E-02    0.63468E+04
    0.17462E-02    0.64597E+04
    0.17814E-02    0.65744E+04
    0.18174E-02    0.66909E+04
    0.18541E-02    0.68092E+04
    0.18916E-02    0.69293E+04
    0.19298E-02    0.70512E+04
    0.19688E-02    0.71749E+04
    0.20086E-02    0.73005E+04
    0.20491E-02    0.74280E+04
    0.20905E-02    0.75573E+04
    0.21328E-02    0.76886E+04
    0.21758E-02    0.78217E+04
    0.22198E-02    0.79567E+04
    0.22646E-02    0.80937E+04
    0.23104E-02    0.82325E+04
    0.23571E-02    0.83733E+04
    0.24047E-02    0.85160E+04
    0.24533E-02    0.86607E+04
    0.25028E-02    0.88073E+04
    0.25534E-02    0.89559E+04
    0.26050E-02    0.91064E+04
    0.26576E-02    0.92588E+04
    0.27113E-02    0.94132E+04
    0.27660E-02    0.95696E+04
    0.28219E-02    0.97279E+04
    0.28789E-02    0.98881E+04
    0.29371E-02    0.10050E+05
    0.29964E-02    0.10214E+05
    0.30569E-02    0.10380E+05
    0.31187E-02    0.10548E+05
    0.31817E-02    0.10718E+05
    0.32460E-02    0.10890E+05
    0.33115E-02    0.11063E+05
    0.33784E-02    0.11239E+05
    0.34467E-02    0.11416E+05
    0.35163E-02    0.11595E+05
    0.35874E-02    0.11776E+05
    0.36598E-02    0.11958E+05
    0.37338E-02    0.12143E+05
    0.38092E-02    0.12329E+05
    0.38861E-02    0.12516E+05
    0.39646E-02    0.12706E+05
    0.40447E-02    0.12897E+05
    0.41264E-02    0.13089E+05
    0.42098E-02    0.13283E+05
    0.42948E-02    0.13479E+05
    0.43816E-02    0.13676E+05
    0.44701E-02    0.13874E+05
    0.45604E-02    0.14075E+05
    0.46525E-02    0.14274E+05
    0.47465E-02    0.14477E+05
    0.48424E-02    0.14686E+05
    0.49402E-02    0.14880E+05
    0.50400E-02    0.15051E+05
    0.51419E-02    0.15240E+05
    0.52457E-02    0.15451E+05
    0.53517E-02    0.15659E+05
    0.54598E-02    0.15864E+05
    0.55701E-02    0.16072E+05
    0.56826E-02    0.16281E+05
    0.57974E-02    0.16490E+05
    0.59145E-02    0.16699E+05
    0.60340E-02    0.16908E+05
    0.61559E-02    0.17118E+05
    0.62803E-02    0.17327E+05
    0.64072E-02    0.17537E+05
    0.65366E-02    0.17746E+05
    0.66686E-02    0.17955E+05
    0.68033E-02    0.18163E+05
    0.69408E-02    0.18371E+05
    0.70810E-02    0.18579E+05
    0.72240E-02    0.18785E+05
    0.73700E-02    0.18991E+05
    0.75189E-02    0.19195E+05
    0.76708E-02    0.19398E+05
    0.78257E-02    0.19600E+05
    0.79838E-02    0.19800E+05
    0.81451E-02    0.19999E+05
    0.83096E-02    0.20195E+05
    0.84775E-02    0.20390E+05
    0.86488E-02    0.20582E+05
    0.88235E-02    0.20772E+05
    0.90017E-02    0.20959E+05
    0.91836E-02    0.21143E+05
    0.93691E-02    0.21325E+05
    0.95583E-02    0.21503E+05
    0.97514E-02    0.21678E+05
    0.99484E-02    0.21849E+05
    0.10149E-01    0.22016E+05
    0.10354E-01    0.22179E+05
    0.10564E-01    0.22338E+05
    0.10777E-01    0.22493E+05
    0.10995E-01    0.22643E+05
    0.11217E-01    0.22787E+05
    0.11443E-01    0.22927E+05
    0.11675E-01    0.23061E+05
    0.11910E-01    0.23190E+05
    0.12151E-01    0.23312E+05
    0.12397E-01    0.23429E+05
    0.12647E-01    0.23538E+05
    0.12902E-01    0.23642E+05
    0.13163E-01    0.23738E+05
    0.13429E-01    0.23827E+05
    0.13700E-01    0.23909E+05
    0.13977E-01    0.23983E+05
    0.14259E-01    0.24048E+05
    0.14547E-01    0.24106E+05
    0.14841E-01    0.24155E+05
    0.15141E-01    0.24196E+05
    0.15447E-01    0.24227E+05
    0.15759E-01    0.24250E+05
    0.16077E-01    0.24262E+05
    0.16402E-01    0.24266E+05
    0.16734E-01    0.24259E+05
    0.17072E-01    0.24242E+05
    0.17416E-01    0.24215E+05
    0.17768E-01    0.24177E+05
    0.18127E-01    0.24129E+05
    0.18493E-01    0.24070E+05
    0.18867E-01    0.24000E+05
    0.19248E-01    0.23919E+05
    0.19637E-01    0.23826E+05
    0.20034E-01    0.23723E+05
    0.20438E-01    0.23608E+05
    0.20851E-01    0.23481E+05
    0.21272E-01    0.23344E+05
    0.21702E-01    0.23195E+05
    0.22141E-01    0.23034E+05
    0.22588E-01    0.22863E+05
    0.23044E-01    0.22680E+05
    0.23510E-01    0.22487E+05
    0.23985E-01    0.22282E+05
    0.24469E-01    0.22067E+05
    0.24964E-01    0.21842E+05
    0.25468E-01    0.21607E+05
    0.25982E-01    0.21363E+05
    0.26507E-01    0.21109E+05
    0.27043E-01    0.20846E+05
    0.27589E-01    0.20575E+05
    0.28146E-01    0.20296E+05
    0.28715E-01    0.20010E+05
    0.29295E-01    0.19717E+05
    0.29887E-01    0.19419E+05
    0.30490E-01    0.19115E+05
    0.31106E-01    0.18806E+05
    0.31735E-01    0.18494E+05
    0.32376E-01    0.18178E+05
    0.33030E-01    0.17860E+05
    0.33697E-01    0.17541E+05
    0.34378E-01    0.17221E+05
    0.35072E-01    0.16901E+05
    0.35781E-01    0.16583E+05
    0.36504E-01    0.16266E+05
    0.37241E-01    0.15952E+05
    0.37993E-01    0.15642E+05
    0.38761E-01    0.15336E+05
    0.39544E-01    0.15035E+05
    0.40343E-01    0.14740E+05
    0.41158E-01    0.14452E+05
    0.41989E-01    0.14171E+05
    0.42838E-01    0.13898E+05
    0.43703E-01    0.13634E+05
    0.44586E-01    0.13378E+05
    0.45486E-01    0.13132E+05
    0.46405E-01    0.12895E+05
    0.47343E-01    0.12668E+05
    0.48299E-01    0.12451E+05
    0.49275E-01    0.12243E+05
    0.50270E-01    0.12045E+05
    0.51286E-01    0.11856E+05
    0.52322E-01    0.11676E+05
    0.53379E-01    0.11504E+05
    0.54457E-01    0.11340E+05
    0.55557E-01    0.11183E+05
    0.56680E-01    0.11032E+05
    0.57825E-01    0.10885E+05
    0.58993E-01    0.10742E+05
    0.60184E-01    0.10601E+05
    0.61400E-01    0.10462E+05
    0.62641E-01    0.10322E+05
    0.63906E-01    0.10180E+05
    0.65197E-01    0.10035E+05
    0.66514E-01    0.98847E+04
    0.67858E-01    0.97289E+04
    0.69229E-01    0.95660E+04
    0.70627E-01    0.93949E+04
    0.72054E-01    0.92148E+04
    0.73510E-01    0.90253E+04
    0.74994E-01    0.88260E+04
    0.76509E-01    0.86170E+04
    0.78055E-01    0.83990E+04
    0.79632E-01    0.81726E+04
    0.81241E-01    0.79392E+04
    0.82882E-01    0.77002E+04
    0.84556E-01    0.74576E+04
    0.86264E-01    0.72135E+04
    0.88007E-01    0.69702E+04
    0.89785E-01    0.67302E+04
    0.91598E-01    0.64959E+04
    0.93449E-01    0.62697E+04
    0.95337E-01    0.60538E+04
    0.97263E-01    0.58503E+04
    0.99227E-01    0.56606E+04
    0.10123E+00    0.54861E+04
    0.10328E+00    0.53274E+04
    0.10536E+00    0.51848E+04
    0.10749E+00    0.50580E+04
    0.10966E+00    0.49461E+04
    0.11188E+00    0.48476E+04
    0.11414E+00    0.47607E+04
    0.11644E+00    0.46829E+04
    0.11880E+00    0.46114E+04
    0.12120E+00    0.45432E+04
    0.12365E+00    0.44750E+04
    0.12614E+00    0.44037E+04
    0.12869E+00    0.43266E+04
    0.13129E+00    0.42415E+04
    0.13394E+00    0.41468E+04
    0.13665E+00    0.40418E+04
    0.13941E+00    0.39269E+04
    0.14223E+00    0.38034E+04
    0.14510E+00    0.36737E+04
    0.14803E+00    0.35410E+04
    0.15102E+00    0.34087E+04
    0.15407E+00    0.32802E+04
    0.15718E+00    0.31588E+04
    0.16036E+00    0.30474E+04
    0.16360E+00    0.29479E+04
    0.16690E+00    0.28613E+04
    0.17028E+00    0.27874E+04
    0.17371E+00    0.27250E+04
    0.17722E+00    0.26722E+04
    0.18080E+00    0.26260E+04
    0.18446E+00    0.25830E+04
    0.18818E+00    0.25398E+04
    0.19198E+00    0.24932E+04
    0.19586E+00    0.24410E+04
    0.19982E+00    0.23818E+04
    0.20386E+00    0.23159E+04
    0.20797E+00    0.22446E+04
    0.21218E+00    0.21705E+04
    0.21646E+00    0.20968E+04
    0.22083E+00    0.20265E+04
    0.22530E+00    0.19622E+04
    0.22985E+00    0.19055E+04
    0.23449E+00    0.18567E+04
    0.23923E+00    0.18151E+04
    0.24406E+00    0.17789E+04
    0.24899E+00    0.17454E+04
    0.25402E+00    0.17122E+04
    0.25915E+00    0.16770E+04
    0.26439E+00    0.16385E+04
    0.26973E+00    0.15967E+04
    0.27518E+00    0.15525E+04
    0.28074E+00    0.15079E+04
    0.28641E+00    0.14650E+04
    0.29219E+00    0.14254E+04
    0.29810E+00    0.13901E+04
    0.30412E+00    0.13587E+04
    0.31026E+00    0.13305E+04
    0.31653E+00    0.13037E+04
    0.32292E+00    0.12769E+04
    0.32945E+00    0.12491E+04
    0.33610E+00    0.12200E+04
    0.34289E+00    0.11903E+04
    0.34982E+00    0.11609E+04
    0.35689E+00    0.11331E+04
    0.36409E+00    0.11072E+04
    0.37145E+00    0.10835E+04
    0.37895E+00    0.10612E+04
    0.38661E+00    0.10396E+04
    0.39442E+00    0.10180E+04
    0.40239E+00    0.99621E+03
    0.41052E+00    0.97437E+03
    0.41881E+00    0.95304E+03
    0.42727E+00    0.93264E+03
    0.43590E+00    0.91334E+03
    0.44471E+00    0.89496E+03
    0.45369E+00    0.87713E+03
    0.46286E+00    0.85955E+03
    0.47221E+00    0.84212E+03
    0.48174E+00    0.82499E+03
    0.49148E+00    0.80835E+03
    0.50141E+00    0.79233E+03
    0.51153E+00    0.77687E+03
    0.52187E+00    0.76182E+03
    0.53241E+00    0.74705E+03
    0.54317E+00    0.73255E+03
    0.55414E+00    0.71837E+03
    0.56533E+00    0.70457E+03
    0.57675E+00    0.69115E+03
    0.58840E+00    0.67806E+03
    0.60029E+00    0.66523E+03
    0.61242E+00    0.65266E+03
    0.62479E+00    0.64036E+03
    0.63741E+00    0.62834E+03
    0.65029E+00    0.61658E+03
    0.66342E+00    0.60507E+03
    0.67683E+00    0.59378E+03
    0.69050E+00    0.58270E+03
    0.70445E+00    0.57185E+03
    0.71868E+00    0.56120E+03
    0.73320E+00    0.55076E+03
    0.74801E+00    0.54050E+03
    0.76312E+00    0.53042E+03
    0.77854E+00    0.52052E+03
    0.79426E+00    0.51079E+03
    0.81031E+00    0.50122E+03
    0.82668E+00    0.49181E+03
    0.84338E+00    0.48255E+03
    0.86041E+00    0.47343E+03
    0.87780E+00    0.46446E+03
    0.89553E+00    0.45562E+03
    0.91362E+00    0.44691E+03
    0.93208E+00    0.43833E+03
    0.95091E+00    0.42987E+03
    0.97011E+00    0.42153E+03
    0.98971E+00    0.41331E+03
    0.10097E+01    0.40519E+03
    0.10301E+01    0.39719E+03
    0.10509E+01    0.38930E+03
    0.10721E+01    0.38150E+03
    0.10938E+01    0.37381E+03
    0.11159E+01    0.36622E+03
    0.11384E+01    0.35872E+03
    0.11614E+01    0.35132E+03
    0.11849E+01    0.34401E+03
    0.12088E+01    0.33679E+03
    0.12333E+01    0.32967E+03
    0.12582E+01    0.32263E+03
    0.12836E+01    0.31568E+03
    0.13095E+01    0.30881E+03
    0.13360E+01    0.30203E+03
    0.13630E+01    0.29534E+03
    0.13905E+01    0.28873E+03
    0.14186E+01    0.28220E+03
    0.14472E+01    0.27576E+03
    0.14765E+01    0.26940E+03
    0.15063E+01    0.26312E+03
    0.15367E+01    0.25693E+03
    0.15678E+01    0.25082E+03
    0.15994E+01    0.24479E+03
    0.16318E+01    0.23885E+03
    0.16647E+01    0.23298E+03
    0.16984E+01    0.22720E+03
    0.17327E+01    0.22150E+03
    0.17677E+01    0.21589E+03
    0.18034E+01    0.21037E+03
    0.18398E+01    0.20493E+03
    0.18770E+01    0.19957E+03
    0.19149E+01    0.19430E+03
    0.19536E+01    0.18910E+03
    0.19930E+01    0.18398E+03
    0.20333E+01    0.17896E+03
    0.20744E+01    0.17406E+03
