  0.745045E-04  0.198016E+08  0.198016E+08  0.257040E+08  0.257030E+08  0.198009E+08  0.198016E+08
  0.832603E-04  0.198013E+08  0.198013E+08  0.255326E+08  0.255313E+08  0.198003E+08  0.198013E+08
  0.930449E-04  0.198009E+08  0.198009E+08  0.253199E+08  0.253183E+08  0.197996E+08  0.198009E+08
  0.103979E-03  0.198004E+08  0.198004E+08  0.250565E+08  0.250546E+08  0.197987E+08  0.198004E+08
  0.116199E-03  0.197998E+08  0.197998E+08  0.247312E+08  0.247288E+08  0.197976E+08  0.197998E+08
  0.129855E-03  0.197991E+08  0.197991E+08  0.243303E+08  0.243274E+08  0.197962E+08  0.197990E+08
  0.145115E-03  0.197981E+08  0.197981E+08  0.238380E+08  0.238344E+08  0.197944E+08  0.197981E+08
  0.162169E-03  0.197969E+08  0.197969E+08  0.232360E+08  0.232317E+08  0.197922E+08  0.197969E+08
  0.181227E-03  0.197955E+08  0.197955E+08  0.225038E+08  0.224987E+08  0.197894E+08  0.197954E+08
  0.202524E-03  0.197937E+08  0.197937E+08  0.216191E+08  0.216131E+08  0.197860E+08  0.197936E+08
  0.226325E-03  0.197914E+08  0.197914E+08  0.205593E+08  0.205522E+08  0.197818E+08  0.197914E+08
  0.252922E-03  0.197886E+08  0.197886E+08  0.193030E+08  0.192949E+08  0.197765E+08  0.197885E+08
  0.282645E-03  0.197851E+08  0.197851E+08  0.178338E+08  0.178248E+08  0.197699E+08  0.197850E+08
  0.315862E-03  0.197808E+08  0.197808E+08  0.161448E+08  0.161351E+08  0.197617E+08  0.197807E+08
  0.352982E-03  0.197755E+08  0.197755E+08  0.142454E+08  0.142353E+08  0.197516E+08  0.197754E+08
  0.394464E-03  0.197690E+08  0.197690E+08  0.121686E+08  0.121589E+08  0.197390E+08  0.197688E+08
  0.440821E-03  0.197610E+08  0.197610E+08  0.997964E+07  0.997101E+07  0.197235E+08  0.197607E+08
  0.492625E-03  0.197512E+08  0.197511E+08  0.778056E+07  0.777403E+07  0.197044E+08  0.197509E+08
  0.550518E-03  0.197392E+08  0.197391E+08  0.570848E+07  0.570497E+07  0.196808E+08  0.197388E+08
  0.615215E-03  0.197246E+08  0.197246E+08  0.391944E+07  0.391941E+07  0.196520E+08  0.197242E+08
  0.687514E-03  0.197070E+08  0.197070E+08  0.255317E+07  0.255621E+07  0.196166E+08  0.197065E+08
  0.768310E-03  0.196859E+08  0.196858E+08  0.168052E+07  0.168502E+07  0.195736E+08  0.196852E+08
  0.858601E-03  0.196606E+08  0.196605E+08  0.125162E+07  0.125510E+07  0.195214E+08  0.196597E+08
  0.959503E-03  0.196305E+08  0.196304E+08  0.108480E+07  0.108516E+07  0.194581E+08  0.196294E+08
  0.107226E-02  0.195947E+08  0.195946E+08  0.941613E+06  0.939002E+06  0.193819E+08  0.195934E+08
  0.119827E-02  0.195524E+08  0.195523E+08  0.682678E+06  0.680130E+06  0.192905E+08  0.195508E+08
  0.133909E-02  0.195027E+08  0.195025E+08  0.383012E+06  0.383596E+06  0.191820E+08  0.195006E+08
  0.149646E-02  0.194443E+08  0.194440E+08  0.224277E+06  0.226572E+06  0.190526E+08  0.194418E+08
  0.167233E-02  0.193759E+08  0.193756E+08  0.211533E+06  0.211192E+06  0.188998E+08  0.193728E+08
  0.186886E-02  0.192961E+08  0.192957E+08  0.158006E+06  0.156329E+06  0.187209E+08  0.192925E+08
  0.208848E-02  0.192035E+08  0.192030E+08  0.634324E+05  0.646773E+05  0.185132E+08  0.191991E+08
  0.233392E-02  0.190963E+08  0.190957E+08  0.621492E+05  0.618307E+05  0.182743E+08  0.190911E+08
  0.260820E-02  0.189728E+08  0.189720E+08  0.372636E+05  0.352896E+05  0.180022E+08  0.189666E+08
  0.291471E-02  0.188311E+08  0.188302E+08  0.192686E+05  0.164894E+05  0.176956E+08  0.188238E+08
  0.325725E-02  0.186694E+08  0.186682E+08  0.161685E+05  0.114724E+05  0.173533E+08  0.186609E+08
  0.364004E-02  0.184857E+08  0.184842E+08  0.476028E+04  0.544459E+04  0.169746E+08  0.184759E+08
  0.406781E-02  0.182781E+08  0.182763E+08 -0.279732E+04 -0.296993E+04  0.165580E+08  0.182670E+08
  0.454586E-02  0.180447E+08  0.180425E+08  0.225757E+03 -0.477655E+03  0.161015E+08  0.180322E+08
  0.508008E-02  0.177838E+08  0.177810E+08  0.000000E+00  0.000000E+00  0.156030E+08  0.177696E+08
  0.513684E-02  0.177561E+08  0.177533E+08  0.000000E+00  0.000000E+00  0.155507E+08  0.177418E+08
  0.519423E-02  0.177281E+08  0.177252E+08  0.000000E+00  0.000000E+00  0.154980E+08  0.177136E+08
  0.525227E-02  0.176998E+08  0.176969E+08  0.000000E+00  0.000000E+00  0.154449E+08  0.176852E+08
  0.531095E-02  0.176712E+08  0.176682E+08  0.000000E+00  0.000000E+00  0.153913E+08  0.176564E+08
  0.537029E-02  0.176424E+08  0.176393E+08  0.000000E+00  0.000000E+00  0.153373E+08  0.176274E+08
  0.543030E-02  0.176132E+08  0.176100E+08  0.000000E+00  0.000000E+00  0.152828E+08  0.175980E+08
  0.549097E-02  0.175837E+08  0.175805E+08  0.000000E+00  0.000000E+00  0.152279E+08  0.175684E+08
  0.555232E-02  0.175539E+08  0.175506E+08  0.000000E+00  0.000000E+00  0.151725E+08  0.175384E+08
  0.561436E-02  0.175238E+08  0.175204E+08  0.000000E+00  0.000000E+00  0.151167E+08  0.175081E+08
  0.567709E-02  0.174933E+08  0.174899E+08  0.000000E+00  0.000000E+00  0.150604E+08  0.174775E+08
  0.574052E-02  0.174626E+08  0.174591E+08  0.000000E+00  0.000000E+00  0.150037E+08  0.174466E+08
  0.580466E-02  0.174315E+08  0.174280E+08  0.000000E+00  0.000000E+00  0.149465E+08  0.174154E+08
  0.586951E-02  0.174002E+08  0.173966E+08  0.000000E+00  0.000000E+00  0.148889E+08  0.173838E+08
  0.593509E-02  0.173685E+08  0.173648E+08  0.000000E+00  0.000000E+00  0.148308E+08  0.173520E+08
  0.600141E-02  0.173365E+08  0.173327E+08  0.000000E+00  0.000000E+00  0.147723E+08  0.173198E+08
  0.606846E-02  0.173042E+08  0.173003E+08  0.000000E+00  0.000000E+00  0.147133E+08  0.172873E+08
  0.613626E-02  0.172715E+08  0.172676E+08  0.000000E+00  0.000000E+00  0.146539E+08  0.172545E+08
  0.620482E-02  0.172385E+08  0.172345E+08  0.000000E+00  0.000000E+00  0.145940E+08  0.172213E+08
  0.627415E-02  0.172052E+08  0.172011E+08  0.000000E+00  0.000000E+00  0.145337E+08  0.171878E+08
  0.634425E-02  0.171716E+08  0.171674E+08  0.000000E+00  0.000000E+00  0.144730E+08  0.171540E+08
  0.641514E-02  0.171376E+08  0.171333E+08  0.000000E+00  0.000000E+00  0.144118E+08  0.171198E+08
  0.648681E-02  0.171033E+08  0.170989E+08  0.000000E+00  0.000000E+00  0.143501E+08  0.170853E+08
  0.655929E-02  0.170687E+08  0.170642E+08  0.000000E+00  0.000000E+00  0.142880E+08  0.170505E+08
  0.663258E-02  0.170337E+08  0.170292E+08  0.000000E+00  0.000000E+00  0.142255E+08  0.170154E+08
  0.670669E-02  0.169984E+08  0.169937E+08  0.000000E+00  0.000000E+00  0.141626E+08  0.169799E+08
  0.678162E-02  0.169627E+08  0.169580E+08  0.000000E+00  0.000000E+00  0.140992E+08  0.169440E+08
  0.685739E-02  0.169268E+08  0.169219E+08  0.000000E+00  0.000000E+00  0.140353E+08  0.169078E+08
  0.693401E-02  0.168904E+08  0.168855E+08  0.000000E+00  0.000000E+00  0.139711E+08  0.168713E+08
  0.701148E-02  0.168537E+08  0.168487E+08  0.000000E+00  0.000000E+00  0.139064E+08  0.168344E+08
  0.708982E-02  0.168167E+08  0.168115E+08  0.000000E+00  0.000000E+00  0.138412E+08  0.167972E+08
  0.716904E-02  0.167793E+08  0.167740E+08  0.000000E+00  0.000000E+00  0.137757E+08  0.167596E+08
  0.724914E-02  0.167416E+08  0.167362E+08  0.000000E+00  0.000000E+00  0.137097E+08  0.167217E+08
  0.733013E-02  0.167035E+08  0.166980E+08  0.000000E+00  0.000000E+00  0.136433E+08  0.166834E+08
  0.741203E-02  0.166651E+08  0.166595E+08  0.000000E+00  0.000000E+00  0.135764E+08  0.166448E+08
  0.749485E-02  0.166262E+08  0.166205E+08  0.000000E+00  0.000000E+00  0.135091E+08  0.166058E+08
  0.757859E-02  0.165871E+08  0.165813E+08  0.000000E+00  0.000000E+00  0.134414E+08  0.165664E+08
  0.766327E-02  0.165476E+08  0.165416E+08  0.000000E+00  0.000000E+00  0.133733E+08  0.165267E+08
  0.774889E-02  0.165077E+08  0.165016E+08  0.000000E+00  0.000000E+00  0.133048E+08  0.164866E+08
  0.783547E-02  0.164675E+08  0.164613E+08  0.000000E+00  0.000000E+00  0.132359E+08  0.164462E+08
  0.792301E-02  0.164268E+08  0.164205E+08  0.000000E+00  0.000000E+00  0.131665E+08  0.164054E+08
  0.801154E-02  0.163859E+08  0.163794E+08  0.000000E+00  0.000000E+00  0.130968E+08  0.163642E+08
  0.810105E-02  0.163445E+08  0.163379E+08  0.000000E+00  0.000000E+00  0.130266E+08  0.163227E+08
  0.819156E-02  0.163028E+08  0.162961E+08  0.000000E+00  0.000000E+00  0.129561E+08  0.162807E+08
  0.828309E-02  0.162607E+08  0.162538E+08  0.000000E+00  0.000000E+00  0.128851E+08  0.162384E+08
  0.837564E-02  0.162182E+08  0.162112E+08  0.000000E+00  0.000000E+00  0.128138E+08  0.161958E+08
  0.846922E-02  0.161754E+08  0.161683E+08  0.000000E+00  0.000000E+00  0.127421E+08  0.161527E+08
  0.856385E-02  0.161322E+08  0.161249E+08  0.000000E+00  0.000000E+00  0.126701E+08  0.161093E+08
  0.865953E-02  0.160886E+08  0.160811E+08  0.000000E+00  0.000000E+00  0.125977E+08  0.160655E+08
  0.875628E-02  0.160446E+08  0.160370E+08  0.000000E+00  0.000000E+00  0.125249E+08  0.160213E+08
  0.885412E-02  0.160002E+08  0.159925E+08  0.000000E+00  0.000000E+00  0.124518E+08  0.159767E+08
  0.895305E-02  0.159555E+08  0.159476E+08  0.000000E+00  0.000000E+00  0.123783E+08  0.159318E+08
  0.905308E-02  0.159103E+08  0.159023E+08  0.000000E+00  0.000000E+00  0.123045E+08  0.158864E+08
  0.915423E-02  0.158648E+08  0.158566E+08  0.000000E+00  0.000000E+00  0.122303E+08  0.158407E+08
  0.925651E-02  0.158189E+08  0.158105E+08  0.000000E+00  0.000000E+00  0.121559E+08  0.157946E+08
  0.935993E-02  0.157726E+08  0.157640E+08  0.000000E+00  0.000000E+00  0.120811E+08  0.157481E+08
  0.946451E-02  0.157259E+08  0.157172E+08  0.000000E+00  0.000000E+00  0.120060E+08  0.157012E+08
  0.957026E-02  0.156788E+08  0.156699E+08  0.000000E+00  0.000000E+00  0.119306E+08  0.156539E+08
  0.967719E-02  0.156313E+08  0.156222E+08  0.000000E+00  0.000000E+00  0.118549E+08  0.156062E+08
  0.978531E-02  0.155834E+08  0.155741E+08  0.000000E+00  0.000000E+00  0.117789E+08  0.155581E+08
  0.989465E-02  0.155351E+08  0.155257E+08  0.000000E+00  0.000000E+00  0.117026E+08  0.155096E+08
  0.100052E-01  0.154864E+08  0.154768E+08  0.000000E+00  0.000000E+00  0.116260E+08  0.154607E+08
  0.101170E-01  0.154373E+08  0.154275E+08  0.000000E+00  0.000000E+00  0.115491E+08  0.154114E+08
  0.102300E-01  0.153878E+08  0.153778E+08  0.000000E+00  0.000000E+00  0.114719E+08  0.153616E+08
  0.103443E-01  0.153379E+08  0.153277E+08  0.000000E+00  0.000000E+00  0.113944E+08  0.153115E+08
  0.104599E-01  0.152876E+08  0.152771E+08  0.000000E+00  0.000000E+00  0.113166E+08  0.152610E+08
  0.105768E-01  0.152368E+08  0.152262E+08  0.000000E+00  0.000000E+00  0.112385E+08  0.152101E+08
  0.106949E-01  0.151857E+08  0.151748E+08  0.000000E+00  0.000000E+00  0.111601E+08  0.151587E+08
  0.108144E-01  0.151341E+08  0.151231E+08  0.000000E+00  0.000000E+00  0.110814E+08  0.151070E+08
  0.109353E-01  0.150821E+08  0.150709E+08  0.000000E+00  0.000000E+00  0.110024E+08  0.150548E+08
  0.110575E-01  0.150297E+08  0.150183E+08  0.000000E+00  0.000000E+00  0.109231E+08  0.150022E+08
  0.111810E-01  0.149769E+08  0.149652E+08  0.000000E+00  0.000000E+00  0.108436E+08  0.149492E+08
  0.113059E-01  0.149237E+08  0.149118E+08  0.000000E+00  0.000000E+00  0.107638E+08  0.148957E+08
  0.114322E-01  0.148701E+08  0.148579E+08  0.000000E+00  0.000000E+00  0.106837E+08  0.148419E+08
  0.115600E-01  0.148160E+08  0.148036E+08  0.000000E+00  0.000000E+00  0.106033E+08  0.147876E+08
  0.116891E-01  0.147615E+08  0.147488E+08  0.000000E+00  0.000000E+00  0.105227E+08  0.147329E+08
  0.118197E-01  0.147065E+08  0.146937E+08  0.000000E+00  0.000000E+00  0.104419E+08  0.146778E+08
  0.119518E-01  0.146512E+08  0.146381E+08  0.000000E+00  0.000000E+00  0.103609E+08  0.146222E+08
  0.120853E-01  0.145954E+08  0.145820E+08  0.000000E+00  0.000000E+00  0.102796E+08  0.145662E+08
  0.122204E-01  0.145392E+08  0.145256E+08  0.000000E+00  0.000000E+00  0.101981E+08  0.145098E+08
  0.123569E-01  0.144825E+08  0.144687E+08  0.000000E+00  0.000000E+00  0.101165E+08  0.144530E+08
  0.124950E-01  0.144255E+08  0.144113E+08  0.000000E+00  0.000000E+00  0.100347E+08  0.143957E+08
  0.126346E-01  0.143679E+08  0.143535E+08  0.000000E+00  0.000000E+00  0.995269E+07  0.143380E+08
  0.127758E-01  0.143100E+08  0.142953E+08  0.000000E+00  0.000000E+00  0.987057E+07  0.142798E+08
  0.129185E-01  0.142516E+08  0.142367E+08  0.000000E+00  0.000000E+00  0.978832E+07  0.142213E+08
  0.130628E-01  0.141928E+08  0.141775E+08  0.000000E+00  0.000000E+00  0.970594E+07  0.141622E+08
  0.132088E-01  0.141335E+08  0.141180E+08  0.000000E+00  0.000000E+00  0.962344E+07  0.141028E+08
  0.133564E-01  0.140738E+08  0.140580E+08  0.000000E+00  0.000000E+00  0.954084E+07  0.140429E+08
  0.135056E-01  0.140137E+08  0.139976E+08  0.000000E+00  0.000000E+00  0.945813E+07  0.139826E+08
  0.136565E-01  0.139531E+08  0.139367E+08  0.000000E+00  0.000000E+00  0.937533E+07  0.139218E+08
  0.138091E-01  0.138920E+08  0.138753E+08  0.000000E+00  0.000000E+00  0.929242E+07  0.138606E+08
  0.139634E-01  0.138306E+08  0.138136E+08  0.000000E+00  0.000000E+00  0.920943E+07  0.137989E+08
  0.141194E-01  0.137686E+08  0.137513E+08  0.000000E+00  0.000000E+00  0.912634E+07  0.137368E+08
  0.142772E-01  0.137063E+08  0.136887E+08  0.000000E+00  0.000000E+00  0.904317E+07  0.136743E+08
  0.144367E-01  0.136435E+08  0.136255E+08  0.000000E+00  0.000000E+00  0.895991E+07  0.136113E+08
  0.145980E-01  0.135802E+08  0.135620E+08  0.000000E+00  0.000000E+00  0.887657E+07  0.135478E+08
  0.147611E-01  0.135165E+08  0.134979E+08  0.000000E+00  0.000000E+00  0.879315E+07  0.134840E+08
  0.149260E-01  0.134524E+08  0.134334E+08  0.000000E+00  0.000000E+00  0.870967E+07  0.134196E+08
  0.150928E-01  0.133878E+08  0.133685E+08  0.000000E+00  0.000000E+00  0.862612E+07  0.133549E+08
  0.152614E-01  0.133227E+08  0.133031E+08  0.000000E+00  0.000000E+00  0.854253E+07  0.132897E+08
  0.154319E-01  0.132572E+08  0.132373E+08  0.000000E+00  0.000000E+00  0.845889E+07  0.132240E+08
  0.156043E-01  0.131913E+08  0.131710E+08  0.000000E+00  0.000000E+00  0.837522E+07  0.131579E+08
  0.157787E-01  0.131249E+08  0.131043E+08  0.000000E+00  0.000000E+00  0.829154E+07  0.130914E+08
  0.159550E-01  0.130581E+08  0.130371E+08  0.000000E+00  0.000000E+00  0.820785E+07  0.130244E+08
  0.161333E-01  0.129908E+08  0.129695E+08  0.000000E+00  0.000000E+00  0.812416E+07  0.129569E+08
  0.163135E-01  0.129231E+08  0.129014E+08  0.000000E+00  0.000000E+00  0.804049E+07  0.128891E+08
  0.164958E-01  0.128549E+08  0.128329E+08  0.000000E+00  0.000000E+00  0.795685E+07  0.128208E+08
  0.166801E-01  0.127863E+08  0.127639E+08  0.000000E+00  0.000000E+00  0.787325E+07  0.127520E+08
  0.168665E-01  0.127173E+08  0.126945E+08  0.000000E+00  0.000000E+00  0.778970E+07  0.126828E+08
  0.170549E-01  0.126478E+08  0.126246E+08  0.000000E+00  0.000000E+00  0.770621E+07  0.126132E+08
  0.172455E-01  0.125779E+08  0.125543E+08  0.000000E+00  0.000000E+00  0.762279E+07  0.125431E+08
  0.174382E-01  0.125075E+08  0.124835E+08  0.000000E+00  0.000000E+00  0.753945E+07  0.124726E+08
  0.176330E-01  0.124367E+08  0.124124E+08  0.000000E+00  0.000000E+00  0.745619E+07  0.124017E+08
  0.178300E-01  0.123655E+08  0.123407E+08  0.000000E+00  0.000000E+00  0.737304E+07  0.123303E+08
  0.180292E-01  0.122938E+08  0.122687E+08  0.000000E+00  0.000000E+00  0.728999E+07  0.122585E+08
  0.182307E-01  0.122217E+08  0.121962E+08  0.000000E+00  0.000000E+00  0.720707E+07  0.121863E+08
  0.184344E-01  0.121492E+08  0.121233E+08  0.000000E+00  0.000000E+00  0.712428E+07  0.121136E+08
  0.186403E-01  0.120763E+08  0.120499E+08  0.000000E+00  0.000000E+00  0.704163E+07  0.120406E+08
  0.188486E-01  0.120029E+08  0.119761E+08  0.000000E+00  0.000000E+00  0.695913E+07  0.119671E+08
  0.190592E-01  0.119291E+08  0.119019E+08  0.000000E+00  0.000000E+00  0.687680E+07  0.118932E+08
  0.192721E-01  0.118549E+08  0.118273E+08  0.000000E+00  0.000000E+00  0.679465E+07  0.118189E+08
  0.194875E-01  0.117803E+08  0.117523E+08  0.000000E+00  0.000000E+00  0.671268E+07  0.117442E+08
  0.197052E-01  0.117053E+08  0.116769E+08  0.000000E+00  0.000000E+00  0.663091E+07  0.116691E+08
  0.199254E-01  0.116299E+08  0.116011E+08  0.000000E+00  0.000000E+00  0.654935E+07  0.115936E+08
  0.201480E-01  0.115541E+08  0.115249E+08  0.000000E+00  0.000000E+00  0.646800E+07  0.115177E+08
  0.203731E-01  0.114780E+08  0.114483E+08  0.000000E+00  0.000000E+00  0.638688E+07  0.114414E+08
  0.206007E-01  0.114014E+08  0.113713E+08  0.000000E+00  0.000000E+00  0.630599E+07  0.113647E+08
  0.208309E-01  0.113244E+08  0.112939E+08  0.000000E+00  0.000000E+00  0.622535E+07  0.112877E+08
  0.210637E-01  0.112471E+08  0.112161E+08  0.000000E+00  0.000000E+00  0.614496E+07  0.112103E+08
  0.212990E-01  0.111695E+08  0.111380E+08  0.000000E+00  0.000000E+00  0.606486E+07  0.111325E+08
  0.215370E-01  0.110914E+08  0.110596E+08  0.000000E+00  0.000000E+00  0.598504E+07  0.110544E+08
  0.217776E-01  0.110130E+08  0.109808E+08  0.000000E+00  0.000000E+00  0.590552E+07  0.109760E+08
  0.220209E-01  0.109343E+08  0.109016E+08  0.000000E+00  0.000000E+00  0.582631E+07  0.108972E+08
  0.222670E-01  0.108553E+08  0.108221E+08  0.000000E+00  0.000000E+00  0.574742E+07  0.108181E+08
  0.225158E-01  0.107759E+08  0.107423E+08  0.000000E+00  0.000000E+00  0.566887E+07  0.107386E+08
  0.227673E-01  0.106962E+08  0.106622E+08  0.000000E+00  0.000000E+00  0.559065E+07  0.106589E+08
  0.230217E-01  0.106162E+08  0.105817E+08  0.000000E+00  0.000000E+00  0.551279E+07  0.105788E+08
  0.232789E-01  0.105359E+08  0.105010E+08  0.000000E+00  0.000000E+00  0.543528E+07  0.104985E+08
  0.235390E-01  0.104553E+08  0.104200E+08  0.000000E+00  0.000000E+00  0.535813E+07  0.104178E+08
  0.238020E-01  0.103744E+08  0.103387E+08  0.000000E+00  0.000000E+00  0.528136E+07  0.103369E+08
  0.240680E-01  0.102933E+08  0.102572E+08  0.000000E+00  0.000000E+00  0.520497E+07  0.102558E+08
  0.243369E-01  0.102119E+08  0.101754E+08  0.000000E+00  0.000000E+00  0.512898E+07  0.101744E+08
  0.246088E-01  0.101303E+08  0.100934E+08  0.000000E+00  0.000000E+00  0.505341E+07  0.100927E+08
  0.248838E-01  0.100485E+08  0.100111E+08  0.000000E+00  0.000000E+00  0.497828E+07  0.100109E+08
  0.251618E-01  0.996647E+07  0.992868E+07  0.000000E+00  0.000000E+00  0.490360E+07  0.992884E+07
  0.254429E-01  0.988424E+07  0.984605E+07  0.000000E+00  0.000000E+00  0.482939E+07  0.984660E+07
  0.257272E-01  0.980182E+07  0.976324E+07  0.000000E+00  0.000000E+00  0.475567E+07  0.976418E+07
  0.260147E-01  0.971924E+07  0.968026E+07  0.000000E+00  0.000000E+00  0.468245E+07  0.968160E+07
  0.263053E-01  0.963651E+07  0.959715E+07  0.000000E+00  0.000000E+00  0.460974E+07  0.959887E+07
  0.265992E-01  0.955365E+07  0.951391E+07  0.000000E+00  0.000000E+00  0.453756E+07  0.951602E+07
  0.268964E-01  0.947067E+07  0.943056E+07  0.000000E+00  0.000000E+00  0.446590E+07  0.943305E+07
  0.271970E-01  0.938760E+07  0.934712E+07  0.000000E+00  0.000000E+00  0.439478E+07  0.935000E+07
  0.275008E-01  0.930444E+07  0.926361E+07  0.000000E+00  0.000000E+00  0.432421E+07  0.926686E+07
  0.278081E-01  0.922123E+07  0.918004E+07  0.000000E+00  0.000000E+00  0.425418E+07  0.918368E+07
  0.281188E-01  0.913797E+07  0.909645E+07  0.000000E+00  0.000000E+00  0.418472E+07  0.910046E+07
  0.284330E-01  0.905469E+07  0.901284E+07  0.000000E+00  0.000000E+00  0.411583E+07  0.901722E+07
  0.287507E-01  0.897142E+07  0.892925E+07  0.000000E+00  0.000000E+00  0.404751E+07  0.893399E+07
  0.290719E-01  0.888816E+07  0.884569E+07  0.000000E+00  0.000000E+00  0.397979E+07  0.885078E+07
  0.293967E-01  0.880494E+07  0.876218E+07  0.000000E+00  0.000000E+00  0.391267E+07  0.876762E+07
  0.297252E-01  0.872179E+07  0.867874E+07  0.000000E+00  0.000000E+00  0.384616E+07  0.868453E+07
  0.300573E-01  0.863873E+07  0.859541E+07  0.000000E+00  0.000000E+00  0.378029E+07  0.860153E+07
  0.303931E-01  0.855578E+07  0.851220E+07  0.000000E+00  0.000000E+00  0.371506E+07  0.851865E+07
  0.307327E-01  0.847296E+07  0.842914E+07  0.000000E+00  0.000000E+00  0.365050E+07  0.843591E+07
  0.310761E-01  0.839030E+07  0.834626E+07  0.000000E+00  0.000000E+00  0.358662E+07  0.835334E+07
  0.314233E-01  0.830783E+07  0.826357E+07  0.000000E+00  0.000000E+00  0.352343E+07  0.827095E+07
  0.317744E-01  0.822556E+07  0.818111E+07  0.000000E+00  0.000000E+00  0.346093E+07  0.818878E+07
  0.321294E-01  0.814353E+07  0.809890E+07  0.000000E+00  0.000000E+00  0.339913E+07  0.810685E+07
  0.324884E-01  0.806176E+07  0.801697E+07  0.000000E+00  0.000000E+00  0.333803E+07  0.802519E+07
  0.328514E-01  0.798028E+07  0.793534E+07  0.000000E+00  0.000000E+00  0.327764E+07  0.794382E+07
  0.332184E-01  0.789912E+07  0.785405E+07  0.000000E+00  0.000000E+00  0.321796E+07  0.786277E+07
  0.335896E-01  0.781829E+07  0.777312E+07  0.000000E+00  0.000000E+00  0.315901E+07  0.778206E+07
  0.339649E-01  0.773784E+07  0.769258E+07  0.000000E+00  0.000000E+00  0.310079E+07  0.770173E+07
  0.343444E-01  0.765778E+07  0.761245E+07  0.000000E+00  0.000000E+00  0.304333E+07  0.762181E+07
  0.347281E-01  0.757815E+07  0.753277E+07  0.000000E+00  0.000000E+00  0.298662E+07  0.754231E+07
  0.351161E-01  0.749896E+07  0.745357E+07  0.000000E+00  0.000000E+00  0.293067E+07  0.746327E+07
  0.355085E-01  0.742026E+07  0.737487E+07  0.000000E+00  0.000000E+00  0.287549E+07  0.738472E+07
  0.359052E-01  0.734207E+07  0.729669E+07  0.000000E+00  0.000000E+00  0.282108E+07  0.730668E+07
  0.363064E-01  0.726442E+07  0.721908E+07  0.000000E+00  0.000000E+00  0.276744E+07  0.722918E+07
  0.367120E-01  0.718732E+07  0.714206E+07  0.000000E+00  0.000000E+00  0.271458E+07  0.715225E+07
  0.371222E-01  0.711082E+07  0.706565E+07  0.000000E+00  0.000000E+00  0.266251E+07  0.707592E+07
  0.375370E-01  0.703494E+07  0.698989E+07  0.000000E+00  0.000000E+00  0.261124E+07  0.700021E+07
  0.379564E-01  0.695971E+07  0.691479E+07  0.000000E+00  0.000000E+00  0.256077E+07  0.692515E+07
  0.383805E-01  0.688514E+07  0.684039E+07  0.000000E+00  0.000000E+00  0.251111E+07  0.685077E+07
  0.388093E-01  0.681126E+07  0.676671E+07  0.000000E+00  0.000000E+00  0.246225E+07  0.677708E+07
  0.392429E-01  0.673811E+07  0.669377E+07  0.000000E+00  0.000000E+00  0.241418E+07  0.670411E+07
  0.396814E-01  0.666570E+07  0.662160E+07  0.000000E+00  0.000000E+00  0.236691E+07  0.663190E+07
  0.401248E-01  0.659406E+07  0.655024E+07  0.000000E+00  0.000000E+00  0.232044E+07  0.656046E+07
  0.405731E-01  0.652323E+07  0.647970E+07  0.000000E+00  0.000000E+00  0.227477E+07  0.648983E+07
  0.410264E-01  0.645322E+07  0.641001E+07  0.000000E+00  0.000000E+00  0.222990E+07  0.642003E+07
  0.414848E-01  0.638405E+07  0.634120E+07  0.000000E+00  0.000000E+00  0.218584E+07  0.635107E+07
  0.419483E-01  0.631575E+07  0.627327E+07  0.000000E+00  0.000000E+00  0.214259E+07  0.628299E+07
  0.424170E-01  0.624833E+07  0.620625E+07  0.000000E+00  0.000000E+00  0.210013E+07  0.621578E+07
  0.428909E-01  0.618180E+07  0.614016E+07  0.000000E+00  0.000000E+00  0.205847E+07  0.614948E+07
  0.433702E-01  0.611619E+07  0.607500E+07  0.000000E+00  0.000000E+00  0.201761E+07  0.608410E+07
  0.438547E-01  0.605150E+07  0.601080E+07  0.000000E+00  0.000000E+00  0.197753E+07  0.601964E+07
  0.443447E-01  0.598775E+07  0.594755E+07  0.000000E+00  0.000000E+00  0.193823E+07  0.595612E+07
  0.448402E-01  0.592495E+07  0.588528E+07  0.000000E+00  0.000000E+00  0.189971E+07  0.589355E+07
  0.453412E-01  0.586310E+07  0.582400E+07  0.000000E+00  0.000000E+00  0.186194E+07  0.583194E+07
  0.458478E-01  0.580223E+07  0.576370E+07  0.000000E+00  0.000000E+00  0.182493E+07  0.577130E+07
  0.463601E-01  0.574232E+07  0.570440E+07  0.000000E+00  0.000000E+00  0.178867E+07  0.571164E+07
  0.468780E-01  0.568340E+07  0.564610E+07  0.000000E+00  0.000000E+00  0.175315E+07  0.565296E+07
  0.474018E-01  0.562544E+07  0.558879E+07  0.000000E+00  0.000000E+00  0.171838E+07  0.559525E+07
  0.479314E-01  0.556846E+07  0.553247E+07  0.000000E+00  0.000000E+00  0.168432E+07  0.553851E+07
  0.484670E-01  0.551243E+07  0.547714E+07  0.000000E+00  0.000000E+00  0.165096E+07  0.548273E+07
  0.490085E-01  0.545736E+07  0.542277E+07  0.000000E+00  0.000000E+00  0.161827E+07  0.542791E+07
  0.495561E-01  0.540324E+07  0.536937E+07  0.000000E+00  0.000000E+00  0.158627E+07  0.537404E+07
  0.501098E-01  0.535004E+07  0.531692E+07  0.000000E+00  0.000000E+00  0.155493E+07  0.532110E+07
  0.506696E-01  0.529778E+07  0.526540E+07  0.000000E+00  0.000000E+00  0.152426E+07  0.526908E+07
  0.512358E-01  0.524642E+07  0.521480E+07  0.000000E+00  0.000000E+00  0.149424E+07  0.521797E+07
  0.518082E-01  0.519595E+07  0.516511E+07  0.000000E+00  0.000000E+00  0.146485E+07  0.516776E+07
  0.523871E-01  0.514635E+07  0.511630E+07  0.000000E+00  0.000000E+00  0.143607E+07  0.511841E+07
  0.529724E-01  0.509759E+07  0.506833E+07  0.000000E+00  0.000000E+00  0.140788E+07  0.506991E+07
  0.535643E-01  0.504965E+07  0.502118E+07  0.000000E+00  0.000000E+00  0.138025E+07  0.502221E+07
  0.541628E-01  0.500247E+07  0.497481E+07  0.000000E+00  0.000000E+00  0.135319E+07  0.497528E+07
  0.547679E-01  0.495603E+07  0.492917E+07  0.000000E+00  0.000000E+00  0.132667E+07  0.492909E+07
  0.553799E-01  0.491029E+07  0.488423E+07  0.000000E+00  0.000000E+00  0.130067E+07  0.488360E+07
  0.559986E-01  0.486520E+07  0.483994E+07  0.000000E+00  0.000000E+00  0.127518E+07  0.483876E+07
  0.566243E-01  0.482073E+07  0.479626E+07  0.000000E+00  0.000000E+00  0.125019E+07  0.479453E+07
  0.572570E-01  0.477684E+07  0.475316E+07  0.000000E+00  0.000000E+00  0.122566E+07  0.475089E+07
  0.578967E-01  0.473349E+07  0.471058E+07  0.000000E+00  0.000000E+00  0.120158E+07  0.470777E+07
  0.585436E-01  0.469063E+07  0.466848E+07  0.000000E+00  0.000000E+00  0.117792E+07  0.466515E+07
  0.594634E-01  0.463121E+07  0.461012E+07  0.000000E+00  0.000000E+00  0.114544E+07  0.460606E+07
  0.603832E-01  0.457341E+07  0.455331E+07  0.000000E+00  0.000000E+00  0.111424E+07  0.454858E+07
  0.613030E-01  0.451701E+07  0.449786E+07  0.000000E+00  0.000000E+00  0.108418E+07  0.449249E+07
  0.622228E-01  0.446183E+07  0.444357E+07  0.000000E+00  0.000000E+00  0.105518E+07  0.443761E+07
  0.631426E-01  0.440770E+07  0.439026E+07  0.000000E+00  0.000000E+00  0.102716E+07  0.438378E+07
  0.640624E-01  0.435447E+07  0.433779E+07  0.000000E+00  0.000000E+00  0.100008E+07  0.433082E+07
  0.649823E-01  0.430199E+07  0.428602E+07  0.000000E+00  0.000000E+00  0.973863E+06  0.427862E+07
  0.659021E-01  0.425013E+07  0.423480E+07  0.000000E+00  0.000000E+00  0.948435E+06  0.422703E+07
  0.668219E-01  0.419878E+07  0.418402E+07  0.000000E+00  0.000000E+00  0.923746E+06  0.417593E+07
  0.677417E-01  0.414784E+07  0.413358E+07  0.000000E+00  0.000000E+00  0.899756E+06  0.412523E+07
  0.686615E-01  0.409720E+07  0.408339E+07  0.000000E+00  0.000000E+00  0.876429E+06  0.407484E+07
  0.695813E-01  0.404680E+07  0.403337E+07  0.000000E+00  0.000000E+00  0.853725E+06  0.402467E+07
  0.705011E-01  0.399658E+07  0.398346E+07  0.000000E+00  0.000000E+00  0.831598E+06  0.397468E+07
  0.714209E-01  0.394649E+07  0.393362E+07  0.000000E+00  0.000000E+00  0.810020E+06  0.392480E+07
  0.723407E-01  0.389649E+07  0.388381E+07  0.000000E+00  0.000000E+00  0.788981E+06  0.387501E+07
  0.732605E-01  0.384656E+07  0.383402E+07  0.000000E+00  0.000000E+00  0.768465E+06  0.382529E+07
  0.741803E-01  0.379668E+07  0.378423E+07  0.000000E+00  0.000000E+00  0.748440E+06  0.377562E+07
  0.751002E-01  0.374687E+07  0.373445E+07  0.000000E+00  0.000000E+00  0.728887E+06  0.372599E+07
  0.760200E-01  0.369711E+07  0.368468E+07  0.000000E+00  0.000000E+00  0.709801E+06  0.367643E+07
  0.769398E-01  0.364743E+07  0.363494E+07  0.000000E+00  0.000000E+00  0.691174E+06  0.362693E+07
  0.778596E-01  0.359784E+07  0.358526E+07  0.000000E+00  0.000000E+00  0.672993E+06  0.357753E+07
  0.787794E-01  0.354839E+07  0.353568E+07  0.000000E+00  0.000000E+00  0.655250E+06  0.352826E+07
  0.796992E-01  0.349912E+07  0.348624E+07  0.000000E+00  0.000000E+00  0.637939E+06  0.347916E+07
  0.806190E-01  0.345006E+07  0.343700E+07  0.000000E+00  0.000000E+00  0.621060E+06  0.343028E+07
  0.815388E-01  0.340128E+07  0.338801E+07  0.000000E+00  0.000000E+00  0.604614E+06  0.338166E+07
  0.824586E-01  0.335281E+07  0.333931E+07  0.000000E+00  0.000000E+00  0.588590E+06  0.333336E+07
  0.833784E-01  0.330472E+07  0.329098E+07  0.000000E+00  0.000000E+00  0.572978E+06  0.328544E+07
  0.842982E-01  0.325707E+07  0.324308E+07  0.000000E+00  0.000000E+00  0.557782E+06  0.323795E+07
  0.852180E-01  0.320992E+07  0.319568E+07  0.000000E+00  0.000000E+00  0.543010E+06  0.319097E+07
  0.861379E-01  0.316334E+07  0.314885E+07  0.000000E+00  0.000000E+00  0.528660E+06  0.314456E+07
  0.870577E-01  0.311739E+07  0.310265E+07  0.000000E+00  0.000000E+00  0.514721E+06  0.309877E+07
  0.879775E-01  0.307213E+07  0.305714E+07  0.000000E+00  0.000000E+00  0.501190E+06  0.305367E+07
  0.888973E-01  0.302761E+07  0.301238E+07  0.000000E+00  0.000000E+00  0.488068E+06  0.300931E+07
  0.898171E-01  0.298388E+07  0.296843E+07  0.000000E+00  0.000000E+00  0.475353E+06  0.296574E+07
  0.907369E-01  0.294100E+07  0.292535E+07  0.000000E+00  0.000000E+00  0.463041E+06  0.292302E+07
  0.916567E-01  0.289903E+07  0.288319E+07  0.000000E+00  0.000000E+00  0.451127E+06  0.288121E+07
  0.925765E-01  0.285801E+07  0.284201E+07  0.000000E+00  0.000000E+00  0.439607E+06  0.284036E+07
  0.934963E-01  0.281799E+07  0.280185E+07  0.000000E+00  0.000000E+00  0.428479E+06  0.280049E+07
  0.944161E-01  0.277900E+07  0.276274E+07  0.000000E+00  0.000000E+00  0.417738E+06  0.276166E+07
  0.953360E-01  0.274108E+07  0.272472E+07  0.000000E+00  0.000000E+00  0.407373E+06  0.272390E+07
  0.962558E-01  0.270424E+07  0.268783E+07  0.000000E+00  0.000000E+00  0.397374E+06  0.268722E+07
  0.971756E-01  0.266853E+07  0.265208E+07  0.000000E+00  0.000000E+00  0.387740E+06  0.265166E+07
  0.980954E-01  0.263394E+07  0.261749E+07  0.000000E+00  0.000000E+00  0.378465E+06  0.261724E+07
  0.990152E-01  0.260050E+07  0.258408E+07  0.000000E+00  0.000000E+00  0.369539E+06  0.258395E+07
  0.999350E-01  0.256820E+07  0.255183E+07  0.000000E+00  0.000000E+00  0.360947E+06  0.255181E+07
  0.100855E+00  0.253704E+07  0.252076E+07  0.000000E+00  0.000000E+00  0.352681E+06  0.252081E+07
  0.101775E+00  0.250701E+07  0.249085E+07  0.000000E+00  0.000000E+00  0.344732E+06  0.249094E+07
  0.102694E+00  0.247812E+07  0.246210E+07  0.000000E+00  0.000000E+00  0.337092E+06  0.246220E+07
  0.103614E+00  0.245034E+07  0.243449E+07  0.000000E+00  0.000000E+00  0.329749E+06  0.243457E+07
  0.104534E+00  0.242365E+07  0.240800E+07  0.000000E+00  0.000000E+00  0.322690E+06  0.240804E+07
  0.105454E+00  0.239801E+07  0.238259E+07  0.000000E+00  0.000000E+00  0.315903E+06  0.238256E+07
  0.106374E+00  0.237340E+07  0.235823E+07  0.000000E+00  0.000000E+00  0.309380E+06  0.235810E+07
  0.107293E+00  0.234978E+07  0.233488E+07  0.000000E+00  0.000000E+00  0.303106E+06  0.233463E+07
  0.108213E+00  0.232711E+07  0.231249E+07  0.000000E+00  0.000000E+00  0.297067E+06  0.231210E+07
  0.109133E+00  0.230535E+07  0.229104E+07  0.000000E+00  0.000000E+00  0.291251E+06  0.229049E+07
  0.110053E+00  0.228445E+07  0.227046E+07  0.000000E+00  0.000000E+00  0.285652E+06  0.226974E+07
  0.110973E+00  0.226436E+07  0.225071E+07  0.000000E+00  0.000000E+00  0.280256E+06  0.224980E+07
  0.111893E+00  0.224504E+07  0.223174E+07  0.000000E+00  0.000000E+00  0.275051E+06  0.223062E+07
  0.112812E+00  0.222642E+07  0.221347E+07  0.000000E+00  0.000000E+00  0.270022E+06  0.221214E+07
  0.113732E+00  0.220846E+07  0.219587E+07  0.000000E+00  0.000000E+00  0.265160E+06  0.219431E+07
  0.114652E+00  0.219110E+07  0.217887E+07  0.000000E+00  0.000000E+00  0.260454E+06  0.217708E+07
  0.115572E+00  0.217428E+07  0.216243E+07  0.000000E+00  0.000000E+00  0.255896E+06  0.216040E+07
  0.116492E+00  0.215796E+07  0.214647E+07  0.000000E+00  0.000000E+00  0.251474E+06  0.214421E+07
  0.117411E+00  0.214206E+07  0.213094E+07  0.000000E+00  0.000000E+00  0.247177E+06  0.212845E+07
  0.118331E+00  0.212655E+07  0.211579E+07  0.000000E+00  0.000000E+00  0.242996E+06  0.211306E+07
  0.119251E+00  0.211136E+07  0.210095E+07  0.000000E+00  0.000000E+00  0.238924E+06  0.209799E+07
  0.120171E+00  0.209644E+07  0.208637E+07  0.000000E+00  0.000000E+00  0.234950E+06  0.208319E+07
  0.121091E+00  0.208174E+07  0.207200E+07  0.000000E+00  0.000000E+00  0.231065E+06  0.206861E+07
  0.122010E+00  0.206720E+07  0.205779E+07  0.000000E+00  0.000000E+00  0.227262E+06  0.205420E+07
  0.122930E+00  0.205280E+07  0.204369E+07  0.000000E+00  0.000000E+00  0.223538E+06  0.203990E+07
  0.123850E+00  0.203847E+07  0.202966E+07  0.000000E+00  0.000000E+00  0.219885E+06  0.202569E+07
  0.124770E+00  0.202420E+07  0.201566E+07  0.000000E+00  0.000000E+00  0.216296E+06  0.201152E+07
  0.125690E+00  0.200993E+07  0.200165E+07  0.000000E+00  0.000000E+00  0.212765E+06  0.199736E+07
  0.126609E+00  0.199565E+07  0.198760E+07  0.000000E+00  0.000000E+00  0.209288E+06  0.198318E+07
  0.127529E+00  0.198131E+07  0.197348E+07  0.000000E+00  0.000000E+00  0.205863E+06  0.196895E+07
  0.128449E+00  0.196690E+07  0.195927E+07  0.000000E+00  0.000000E+00  0.202486E+06  0.195464E+07
  0.129369E+00  0.195239E+07  0.194494E+07  0.000000E+00  0.000000E+00  0.199152E+06  0.194023E+07
  0.130289E+00  0.193777E+07  0.193048E+07  0.000000E+00  0.000000E+00  0.195859E+06  0.192570E+07
  0.131209E+00  0.192301E+07  0.191586E+07  0.000000E+00  0.000000E+00  0.192605E+06  0.191104E+07
  0.132128E+00  0.190811E+07  0.190108E+07  0.000000E+00  0.000000E+00  0.189389E+06  0.189623E+07
  0.133048E+00  0.189306E+07  0.188613E+07  0.000000E+00  0.000000E+00  0.186208E+06  0.188127E+07
  0.133968E+00  0.187786E+07  0.187100E+07  0.000000E+00  0.000000E+00  0.183060E+06  0.186615E+07
  0.134888E+00  0.186249E+07  0.185570E+07  0.000000E+00  0.000000E+00  0.179947E+06  0.185087E+07
  0.135808E+00  0.184696E+07  0.184021E+07  0.000000E+00  0.000000E+00  0.176868E+06  0.183543E+07
  0.136727E+00  0.183128E+07  0.182456E+07  0.000000E+00  0.000000E+00  0.173822E+06  0.181984E+07
  0.137647E+00  0.181546E+07  0.180875E+07  0.000000E+00  0.000000E+00  0.170809E+06  0.180410E+07
  0.138567E+00  0.179951E+07  0.179279E+07  0.000000E+00  0.000000E+00  0.167830E+06  0.178823E+07
  0.139487E+00  0.178345E+07  0.177670E+07  0.000000E+00  0.000000E+00  0.164885E+06  0.177224E+07
  0.140407E+00  0.176728E+07  0.176050E+07  0.000000E+00  0.000000E+00  0.161977E+06  0.175615E+07
  0.141326E+00  0.175103E+07  0.174420E+07  0.000000E+00  0.000000E+00  0.159106E+06  0.173997E+07
  0.142246E+00  0.173471E+07  0.172782E+07  0.000000E+00  0.000000E+00  0.156273E+06  0.172373E+07
  0.143166E+00  0.171835E+07  0.171140E+07  0.000000E+00  0.000000E+00  0.153478E+06  0.170745E+07
  0.144086E+00  0.170198E+07  0.169495E+07  0.000000E+00  0.000000E+00  0.150725E+06  0.169115E+07
  0.145006E+00  0.168562E+07  0.167850E+07  0.000000E+00  0.000000E+00  0.148014E+06  0.167486E+07
  0.145925E+00  0.166928E+07  0.166209E+07  0.000000E+00  0.000000E+00  0.145346E+06  0.165860E+07
  0.146845E+00  0.165301E+07  0.164572E+07  0.000000E+00  0.000000E+00  0.142722E+06  0.164240E+07
  0.147765E+00  0.163682E+07  0.162944E+07  0.000000E+00  0.000000E+00  0.140146E+06  0.162628E+07
  0.148685E+00  0.162073E+07  0.161326E+07  0.000000E+00  0.000000E+00  0.137617E+06  0.161026E+07
  0.149605E+00  0.160477E+07  0.159721E+07  0.000000E+00  0.000000E+00  0.135136E+06  0.159437E+07
  0.150525E+00  0.158897E+07  0.158131E+07  0.000000E+00  0.000000E+00  0.132704E+06  0.157864E+07
  0.151444E+00  0.157335E+07  0.156560E+07  0.000000E+00  0.000000E+00  0.130322E+06  0.156309E+07
  0.152364E+00  0.155793E+07  0.155010E+07  0.000000E+00  0.000000E+00  0.127992E+06  0.154774E+07
  0.153284E+00  0.154273E+07  0.153482E+07  0.000000E+00  0.000000E+00  0.125715E+06  0.153261E+07
  0.154204E+00  0.152777E+07  0.151979E+07  0.000000E+00  0.000000E+00  0.123490E+06  0.151772E+07
  0.155124E+00  0.151308E+07  0.150503E+07  0.000000E+00  0.000000E+00  0.121319E+06  0.150310E+07
  0.156043E+00  0.149867E+07  0.149057E+07  0.000000E+00  0.000000E+00  0.119201E+06  0.148876E+07
  0.156963E+00  0.148457E+07  0.147641E+07  0.000000E+00  0.000000E+00  0.117137E+06  0.147472E+07
  0.157883E+00  0.147077E+07  0.146258E+07  0.000000E+00  0.000000E+00  0.115127E+06  0.146099E+07
  0.158803E+00  0.145730E+07  0.144908E+07  0.000000E+00  0.000000E+00  0.113171E+06  0.144759E+07
  0.159723E+00  0.144418E+07  0.143593E+07  0.000000E+00  0.000000E+00  0.111269E+06  0.143453E+07
  0.160642E+00  0.143139E+07  0.142313E+07  0.000000E+00  0.000000E+00  0.109420E+06  0.142182E+07
  0.161562E+00  0.141897E+07  0.141071E+07  0.000000E+00  0.000000E+00  0.107624E+06  0.140946E+07
  0.162482E+00  0.140690E+07  0.139865E+07  0.000000E+00  0.000000E+00  0.105880E+06  0.139745E+07
  0.163402E+00  0.139519E+07  0.138696E+07  0.000000E+00  0.000000E+00  0.104187E+06  0.138581E+07
  0.164322E+00  0.138384E+07  0.137565E+07  0.000000E+00  0.000000E+00  0.102543E+06  0.137453E+07
  0.165241E+00  0.137285E+07  0.136470E+07  0.000000E+00  0.000000E+00  0.100949E+06  0.136360E+07
  0.166161E+00  0.136221E+07  0.135412E+07  0.000000E+00  0.000000E+00  0.994035E+05  0.135303E+07
  0.167081E+00  0.135193E+07  0.134389E+07  0.000000E+00  0.000000E+00  0.979033E+05  0.134281E+07
  0.168001E+00  0.134198E+07  0.133402E+07  0.000000E+00  0.000000E+00  0.964476E+05  0.133293E+07
  0.168921E+00  0.133237E+07  0.132449E+07  0.000000E+00  0.000000E+00  0.950353E+05  0.132338E+07
  0.169840E+00  0.132308E+07  0.131529E+07  0.000000E+00  0.000000E+00  0.936649E+05  0.131416E+07
  0.170760E+00  0.131411E+07  0.130642E+07  0.000000E+00  0.000000E+00  0.923346E+05  0.130525E+07
  0.171680E+00  0.130543E+07  0.129785E+07  0.000000E+00  0.000000E+00  0.910427E+05  0.129664E+07
  0.172600E+00  0.129704E+07  0.128957E+07  0.000000E+00  0.000000E+00  0.897875E+05  0.128831E+07
  0.173520E+00  0.128892E+07  0.128157E+07  0.000000E+00  0.000000E+00  0.885674E+05  0.128025E+07
  0.174440E+00  0.128106E+07  0.127383E+07  0.000000E+00  0.000000E+00  0.873805E+05  0.127245E+07
  0.175359E+00  0.127343E+07  0.126633E+07  0.000000E+00  0.000000E+00  0.862247E+05  0.126488E+07
  0.176279E+00  0.126603E+07  0.125905E+07  0.000000E+00  0.000000E+00  0.850981E+05  0.125753E+07
  0.177199E+00  0.125882E+07  0.125198E+07  0.000000E+00  0.000000E+00  0.839998E+05  0.125039E+07
  0.178119E+00  0.125180E+07  0.124510E+07  0.000000E+00  0.000000E+00  0.829280E+05  0.124343E+07
  0.179039E+00  0.124495E+07  0.123838E+07  0.000000E+00  0.000000E+00  0.818805E+05  0.123663E+07
  0.179958E+00  0.123824E+07  0.123181E+07  0.000000E+00  0.000000E+00  0.808553E+05  0.122998E+07
  0.180878E+00  0.123166E+07  0.122537E+07  0.000000E+00  0.000000E+00  0.798510E+05  0.122346E+07
  0.181798E+00  0.122519E+07  0.121903E+07  0.000000E+00  0.000000E+00  0.788662E+05  0.121704E+07
  0.182718E+00  0.121882E+07  0.121279E+07  0.000000E+00  0.000000E+00  0.778996E+05  0.121072E+07
  0.183638E+00  0.121251E+07  0.120662E+07  0.000000E+00  0.000000E+00  0.769496E+05  0.120447E+07
  0.184557E+00  0.120626E+07  0.120050E+07  0.000000E+00  0.000000E+00  0.760146E+05  0.119828E+07
  0.185477E+00  0.120006E+07  0.119441E+07  0.000000E+00  0.000000E+00  0.750936E+05  0.119212E+07
  0.186397E+00  0.119388E+07  0.118835E+07  0.000000E+00  0.000000E+00  0.741854E+05  0.118599E+07
  0.187317E+00  0.118771E+07  0.118229E+07  0.000000E+00  0.000000E+00  0.732887E+05  0.117987E+07
  0.188237E+00  0.118154E+07  0.117623E+07  0.000000E+00  0.000000E+00  0.724024E+05  0.117375E+07
  0.189156E+00  0.117535E+07  0.117015E+07  0.000000E+00  0.000000E+00  0.715260E+05  0.116762E+07
  0.190076E+00  0.116915E+07  0.116404E+07  0.000000E+00  0.000000E+00  0.706590E+05  0.116146E+07
  0.190996E+00  0.116291E+07  0.115789E+07  0.000000E+00  0.000000E+00  0.698005E+05  0.115527E+07
  0.191916E+00  0.115663E+07  0.115169E+07  0.000000E+00  0.000000E+00  0.689494E+05  0.114904E+07
  0.192836E+00  0.115030E+07  0.114544E+07  0.000000E+00  0.000000E+00  0.681051E+05  0.114275E+07
  0.193756E+00  0.114391E+07  0.113912E+07  0.000000E+00  0.000000E+00  0.672674E+05  0.113641E+07
  0.194675E+00  0.113746E+07  0.113273E+07  0.000000E+00  0.000000E+00  0.664361E+05  0.113001E+07
  0.195595E+00  0.113095E+07  0.112627E+07  0.000000E+00  0.000000E+00  0.656109E+05  0.112354E+07
  0.196515E+00  0.112437E+07  0.111974E+07  0.000000E+00  0.000000E+00  0.647914E+05  0.111700E+07
  0.197435E+00  0.111772E+07  0.111313E+07  0.000000E+00  0.000000E+00  0.639774E+05  0.111039E+07
  0.198355E+00  0.111100E+07  0.110645E+07  0.000000E+00  0.000000E+00  0.631690E+05  0.110372E+07
  0.199274E+00  0.110421E+07  0.109968E+07  0.000000E+00  0.000000E+00  0.623661E+05  0.109697E+07
  0.200194E+00  0.109736E+07  0.109285E+07  0.000000E+00  0.000000E+00  0.615687E+05  0.109016E+07
  0.201114E+00  0.109044E+07  0.108595E+07  0.000000E+00  0.000000E+00  0.607767E+05  0.108328E+07
  0.202034E+00  0.108346E+07  0.107898E+07  0.000000E+00  0.000000E+00  0.599907E+05  0.107634E+07
  0.202954E+00  0.107643E+07  0.107195E+07  0.000000E+00  0.000000E+00  0.592110E+05  0.106935E+07
  0.203873E+00  0.106935E+07  0.106486E+07  0.000000E+00  0.000000E+00  0.584376E+05  0.106231E+07
  0.204793E+00  0.106223E+07  0.105774E+07  0.000000E+00  0.000000E+00  0.576706E+05  0.105522E+07
  0.205713E+00  0.105507E+07  0.105057E+07  0.000000E+00  0.000000E+00  0.569104E+05  0.104811E+07
  0.206633E+00  0.104789E+07  0.104337E+07  0.000000E+00  0.000000E+00  0.561575E+05  0.104096E+07
  0.207553E+00  0.104069E+07  0.103616E+07  0.000000E+00  0.000000E+00  0.554124E+05  0.103380E+07
  0.208472E+00  0.103348E+07  0.102893E+07  0.000000E+00  0.000000E+00  0.546753E+05  0.102663E+07
  0.209392E+00  0.102627E+07  0.102169E+07  0.000000E+00  0.000000E+00  0.539465E+05  0.101946E+07
  0.210312E+00  0.101907E+07  0.101447E+07  0.000000E+00  0.000000E+00  0.532263E+05  0.101229E+07
  0.211232E+00  0.101189E+07  0.100726E+07  0.000000E+00  0.000000E+00  0.525152E+05  0.100515E+07
  0.212152E+00  0.100473E+07  0.100008E+07  0.000000E+00  0.000000E+00  0.518135E+05  0.998027E+06
  0.213072E+00  0.997612E+06  0.992931E+06  0.000000E+00  0.000000E+00  0.511214E+05  0.990944E+06
  0.213991E+00  0.990538E+06  0.985830E+06  0.000000E+00  0.000000E+00  0.504394E+05  0.983907E+06
  0.214911E+00  0.983518E+06  0.978784E+06  0.000000E+00  0.000000E+00  0.497680E+05  0.976923E+06
  0.215831E+00  0.976562E+06  0.971802E+06  0.000000E+00  0.000000E+00  0.491073E+05  0.970002E+06
  0.216751E+00  0.969676E+06  0.964892E+06  0.000000E+00  0.000000E+00  0.484574E+05  0.963152E+06
  0.217671E+00  0.962870E+06  0.958064E+06  0.000000E+00  0.000000E+00  0.478185E+05  0.956381E+06
  0.218590E+00  0.956152E+06  0.951325E+06  0.000000E+00  0.000000E+00  0.471908E+05  0.949698E+06
  0.219510E+00  0.949528E+06  0.944683E+06  0.000000E+00  0.000000E+00  0.465749E+05  0.943109E+06
  0.222398E+00  0.929415E+06  0.924532E+06  0.000000E+00  0.000000E+00  0.447176E+05  0.923104E+06
  0.225325E+00  0.910222E+06  0.905334E+06  0.000000E+00  0.000000E+00  0.429553E+05  0.904021E+06
  0.228289E+00  0.892092E+06  0.887237E+06  0.000000E+00  0.000000E+00  0.412916E+05  0.885999E+06
  0.231293E+00  0.875096E+06  0.870314E+06  0.000000E+00  0.000000E+00  0.397254E+05  0.869112E+06
  0.234337E+00  0.859238E+06  0.854567E+06  0.000000E+00  0.000000E+00  0.382535E+05  0.853360E+06
  0.237420E+00  0.844448E+06  0.839921E+06  0.000000E+00  0.000000E+00  0.368683E+05  0.838678E+06
  0.240544E+00  0.830593E+06  0.826235E+06  0.000000E+00  0.000000E+00  0.355610E+05  0.824927E+06
  0.243709E+00  0.817480E+06  0.813306E+06  0.000000E+00  0.000000E+00  0.343198E+05  0.811917E+06
  0.246915E+00  0.804871E+06  0.800887E+06  0.000000E+00  0.000000E+00  0.331328E+05  0.799409E+06
  0.250164E+00  0.792523E+06  0.788721E+06  0.000000E+00  0.000000E+00  0.319877E+05  0.787159E+06
  0.253456E+00  0.780197E+06  0.776561E+06  0.000000E+00  0.000000E+00  0.308740E+05  0.774929E+06
  0.256791E+00  0.767693E+06  0.764199E+06  0.000000E+00  0.000000E+00  0.297830E+05  0.762519E+06
  0.260170E+00  0.754853E+06  0.751470E+06  0.000000E+00  0.000000E+00  0.287086E+05  0.749770E+06
  0.263593E+00  0.741581E+06  0.738277E+06  0.000000E+00  0.000000E+00  0.276473E+05  0.736587E+06
  0.267061E+00  0.727859E+06  0.724602E+06  0.000000E+00  0.000000E+00  0.265987E+05  0.722952E+06
  0.270575E+00  0.713746E+06  0.710509E+06  0.000000E+00  0.000000E+00  0.255654E+05  0.708924E+06
  0.274135E+00  0.699365E+06  0.696128E+06  0.000000E+00  0.000000E+00  0.245517E+05  0.694627E+06
  0.277742E+00  0.684883E+06  0.681634E+06  0.000000E+00  0.000000E+00  0.235637E+05  0.680228E+06
  0.281397E+00  0.670495E+06  0.667231E+06  0.000000E+00  0.000000E+00  0.226073E+05  0.665922E+06
  0.285099E+00  0.656404E+06  0.653134E+06  0.000000E+00  0.000000E+00  0.216885E+05  0.651913E+06
  0.288850E+00  0.642798E+06  0.639535E+06  0.000000E+00  0.000000E+00  0.208124E+05  0.638387E+06
  0.292651E+00  0.629809E+06  0.626575E+06  0.000000E+00  0.000000E+00  0.199812E+05  0.625479E+06
  0.296502E+00  0.617512E+06  0.614328E+06  0.000000E+00  0.000000E+00  0.191960E+05  0.613263E+06
  0.300403E+00  0.605919E+06  0.602805E+06  0.000000E+00  0.000000E+00  0.184549E+05  0.601748E+06
  0.304355E+00  0.594976E+06  0.591951E+06  0.000000E+00  0.000000E+00  0.177545E+05  0.590883E+06
  0.308360E+00  0.584565E+06  0.581640E+06  0.000000E+00  0.000000E+00  0.170898E+05  0.580550E+06
  0.312417E+00  0.574530E+06  0.571709E+06  0.000000E+00  0.000000E+00  0.164548E+05  0.570589E+06
  0.316528E+00  0.564700E+06  0.561980E+06  0.000000E+00  0.000000E+00  0.158435E+05  0.560833E+06
  0.320693E+00  0.554919E+06  0.552289E+06  0.000000E+00  0.000000E+00  0.152510E+05  0.551124E+06
  0.324912E+00  0.545055E+06  0.542500E+06  0.000000E+00  0.000000E+00  0.146731E+05  0.541329E+06
  0.329187E+00  0.535020E+06  0.532524E+06  0.000000E+00  0.000000E+00  0.126901E+05  0.531354E+06
  0.333519E+00  0.524811E+06  0.522355E+06  0.000000E+00  0.000000E+00  0.121813E+05  0.521212E+06
  0.337907E+00  0.514463E+06  0.512035E+06  0.000000E+00  0.000000E+00  0.116849E+05  0.510930E+06
  0.342353E+00  0.504062E+06  0.501652E+06  0.000000E+00  0.000000E+00  0.112023E+05  0.500595E+06
  0.346858E+00  0.493729E+06  0.491334E+06  0.000000E+00  0.000000E+00  0.107361E+05  0.490326E+06
  0.351422E+00  0.483594E+06  0.481217E+06  0.000000E+00  0.000000E+00  0.102886E+05  0.480255E+06
  0.356046E+00  0.473770E+06  0.471418E+06  0.000000E+00  0.000000E+00  0.986150E+04  0.470493E+06
  0.360730E+00  0.464330E+06  0.462013E+06  0.000000E+00  0.000000E+00  0.945549E+04  0.461115E+06
  0.365477E+00  0.455306E+06  0.453034E+06  0.000000E+00  0.000000E+00  0.907037E+04  0.452152E+06
  0.370286E+00  0.446677E+06  0.444461E+06  0.000000E+00  0.000000E+00  0.870489E+04  0.443584E+06
  0.375158E+00  0.438375E+06  0.436219E+06  0.000000E+00  0.000000E+00  0.835691E+04  0.435341E+06
  0.380094E+00  0.430307E+06  0.428213E+06  0.000000E+00  0.000000E+00  0.802399E+04  0.427331E+06
  0.385095E+00  0.422374E+06  0.420339E+06  0.000000E+00  0.000000E+00  0.770377E+04  0.419456E+06
  0.390162E+00  0.414487E+06  0.412503E+06  0.000000E+00  0.000000E+00  0.739420E+04  0.411624E+06
  0.395296E+00  0.406587E+06  0.404647E+06  0.000000E+00  0.000000E+00  0.709398E+04  0.403779E+06
  0.400497E+00  0.398662E+06  0.396757E+06  0.000000E+00  0.000000E+00  0.680264E+04  0.395907E+06
  0.405766E+00  0.390733E+06  0.388856E+06  0.000000E+00  0.000000E+00  0.652032E+04  0.388030E+06
  0.411105E+00  0.382852E+06  0.381000E+06  0.000000E+00  0.000000E+00  0.624768E+04  0.380201E+06
  0.416515E+00  0.375092E+06  0.373265E+06  0.000000E+00  0.000000E+00  0.598560E+04  0.372492E+06
  0.421995E+00  0.367517E+06  0.365716E+06  0.000000E+00  0.000000E+00  0.573471E+04  0.364967E+06
  0.427547E+00  0.360173E+06  0.358403E+06  0.000000E+00  0.000000E+00  0.549532E+04  0.357672E+06
  0.433173E+00  0.353077E+06  0.351343E+06  0.000000E+00  0.000000E+00  0.526725E+04  0.350625E+06
  0.438873E+00  0.346211E+06  0.344517E+06  0.000000E+00  0.000000E+00  0.504977E+04  0.343807E+06
  0.444647E+00  0.339536E+06  0.337883E+06  0.000000E+00  0.000000E+00  0.484190E+04  0.337179E+06
  0.450498E+00  0.333000E+06  0.331386E+06  0.000000E+00  0.000000E+00  0.464256E+04  0.330689E+06
  0.456425E+00  0.326550E+06  0.324974E+06  0.000000E+00  0.000000E+00  0.445070E+04  0.324284E+06
  0.462431E+00  0.320156E+06  0.318613E+06  0.000000E+00  0.000000E+00  0.426568E+04  0.317934E+06
  0.468515E+00  0.313806E+06  0.312292E+06  0.000000E+00  0.000000E+00  0.408713E+04  0.311627E+06
  0.474680E+00  0.307513E+06  0.306025E+06  0.000000E+00  0.000000E+00  0.391503E+04  0.305376E+06
  0.480926E+00  0.301308E+06  0.299845E+06  0.000000E+00  0.000000E+00  0.374956E+04  0.299213E+06
  0.487253E+00  0.295222E+06  0.293785E+06  0.000000E+00  0.000000E+00  0.359089E+04  0.293168E+06
  0.493665E+00  0.289284E+06  0.287874E+06  0.000000E+00  0.000000E+00  0.343909E+04  0.287271E+06
  0.500160E+00  0.283504E+06  0.282122E+06  0.000000E+00  0.000000E+00  0.329405E+04  0.281531E+06
  0.506741E+00  0.277874E+06  0.276521E+06  0.000000E+00  0.000000E+00  0.315540E+04  0.275940E+06
  0.513409E+00  0.272375E+06  0.271052E+06  0.000000E+00  0.000000E+00  0.302270E+04  0.270479E+06
  0.520164E+00  0.266979E+06  0.265685E+06  0.000000E+00  0.000000E+00  0.289540E+04  0.265121E+06
  0.527008E+00  0.261666E+06  0.260399E+06  0.000000E+00  0.000000E+00  0.277312E+04  0.259844E+06
  0.533942E+00  0.256422E+06  0.255181E+06  0.000000E+00  0.000000E+00  0.265553E+04  0.254637E+06
  0.540968E+00  0.251252E+06  0.250034E+06  0.000000E+00  0.000000E+00  0.254251E+04  0.249502E+06
  0.548086E+00  0.246164E+06  0.244969E+06  0.000000E+00  0.000000E+00  0.243400E+04  0.244449E+06
  0.555297E+00  0.241174E+06  0.240002E+06  0.000000E+00  0.000000E+00  0.232999E+04  0.239493E+06
  0.562604E+00  0.236293E+06  0.235144E+06  0.000000E+00  0.000000E+00  0.223043E+04  0.234645E+06
  0.570006E+00  0.231522E+06  0.230397E+06  0.000000E+00  0.000000E+00  0.213516E+04  0.229908E+06
  0.577506E+00  0.226858E+06  0.225756E+06  0.000000E+00  0.000000E+00  0.204398E+04  0.225276E+06
  0.585105E+00  0.222287E+06  0.221208E+06  0.000000E+00  0.000000E+00  0.195662E+04  0.220736E+06
  0.592803E+00  0.217799E+06  0.216743E+06  0.000000E+00  0.000000E+00  0.187286E+04  0.216280E+06
  0.600603E+00  0.213385E+06  0.212351E+06  0.000000E+00  0.000000E+00  0.179248E+04  0.211897E+06
  0.608506E+00  0.209046E+06  0.208033E+06  0.000000E+00  0.000000E+00  0.171538E+04  0.207588E+06
  0.616512E+00  0.204785E+06  0.203791E+06  0.000000E+00  0.000000E+00  0.164145E+04  0.203355E+06
  0.624624E+00  0.200606E+06  0.199632E+06  0.000000E+00  0.000000E+00  0.157063E+04  0.199206E+06
  0.632843E+00  0.196513E+06  0.195559E+06  0.000000E+00  0.000000E+00  0.150282E+04  0.195141E+06
  0.641170E+00  0.192506E+06  0.191572E+06  0.000000E+00  0.000000E+00  0.143791E+04  0.191162E+06
  0.649606E+00  0.188581E+06  0.187666E+06  0.000000E+00  0.000000E+00  0.137576E+04  0.187264E+06
  0.658153E+00  0.184732E+06  0.183836E+06  0.000000E+00  0.000000E+00  0.131623E+04  0.183441E+06
  0.708756E+00  0.164250E+06  0.163453E+06  0.000000E+00  0.000000E+00  0.102314E+04  0.163102E+06
  0.763250E+00  0.145946E+06  0.145238E+06  0.000000E+00  0.000000E+00  0.794047E+03  0.144925E+06
  0.821934E+00  0.129591E+06  0.128963E+06  0.000000E+00  0.000000E+00  0.615272E+03  0.128684E+06
  0.885130E+00  0.114992E+06  0.114435E+06  0.000000E+00  0.000000E+00  0.476020E+03  0.114187E+06
  0.953184E+00  0.101974E+06  0.101479E+06  0.000000E+00  0.000000E+00  0.367753E+03  0.101259E+06
  0.102647E+01  0.903746E+05  0.899364E+05  0.000000E+00  0.000000E+00  0.283722E+03  0.897411E+05
  0.110539E+01  0.800469E+05  0.796588E+05  0.000000E+00  0.000000E+00  0.218601E+03  0.794856E+05
  0.119038E+01  0.708588E+05  0.705153E+05  0.000000E+00  0.000000E+00  0.168214E+03  0.703618E+05
  0.128191E+01  0.626916E+05  0.623878E+05  0.000000E+00  0.000000E+00  0.129289E+03  0.622518E+05
  0.138047E+01  0.554357E+05  0.551670E+05  0.000000E+00  0.000000E+00  0.992561E+02  0.550466E+05
  0.148661E+01  0.489946E+05  0.487572E+05  0.000000E+00  0.000000E+00  0.761174E+02  0.486507E+05
  0.160091E+01  0.432802E+05  0.430705E+05  0.000000E+00  0.000000E+00  0.793110E+02  0.429765E+05
  0.172400E+01  0.382140E+05  0.380288E+05  0.000000E+00  0.000000E+00  0.608604E+02  0.379458E+05
  0.185655E+01  0.337251E+05  0.335617E+05  0.000000E+00  0.000000E+00  0.466513E+02  0.334883E+05
  0.199929E+01  0.297502E+05  0.296060E+05  0.000000E+00  0.000000E+00  0.357227E+02  0.295413E+05
  0.215301E+01  0.262322E+05  0.261051E+05  0.000000E+00  0.000000E+00  0.273273E+02  0.260480E+05
