  0.886959E-04  0.280551E+08  0.280551E+08  0.360167E+08  0.360150E+08  0.280520E+08  0.280551E+08
  0.987647E-04  0.280543E+08  0.280543E+08  0.356892E+08  0.356871E+08  0.280503E+08  0.280543E+08
  0.109977E-03  0.280533E+08  0.280533E+08  0.352869E+08  0.352844E+08  0.280481E+08  0.280533E+08
  0.122461E-03  0.280521E+08  0.280521E+08  0.347939E+08  0.347908E+08  0.280455E+08  0.280521E+08
  0.136363E-03  0.280506E+08  0.280506E+08  0.341913E+08  0.341875E+08  0.280422E+08  0.280505E+08
  0.151843E-03  0.280487E+08  0.280487E+08  0.334574E+08  0.334529E+08  0.280381E+08  0.280486E+08
  0.169080E-03  0.280464E+08  0.280463E+08  0.325675E+08  0.325620E+08  0.280330E+08  0.280463E+08
  0.188275E-03  0.280435E+08  0.280435E+08  0.314942E+08  0.314877E+08  0.280267E+08  0.280434E+08
  0.209648E-03  0.280399E+08  0.280399E+08  0.302084E+08  0.302008E+08  0.280190E+08  0.280398E+08
  0.233447E-03  0.280355E+08  0.280355E+08  0.286812E+08  0.286725E+08  0.280094E+08  0.280353E+08
  0.259948E-03  0.280301E+08  0.280301E+08  0.268865E+08  0.268765E+08  0.279975E+08  0.280299E+08
  0.289458E-03  0.280234E+08  0.280234E+08  0.248053E+08  0.247943E+08  0.279829E+08  0.280232E+08
  0.322317E-03  0.280153E+08  0.280153E+08  0.224327E+08  0.224209E+08  0.279649E+08  0.280150E+08
  0.358907E-03  0.280053E+08  0.280052E+08  0.197851E+08  0.197730E+08  0.279427E+08  0.280049E+08
  0.399650E-03  0.279930E+08  0.279930E+08  0.169108E+08  0.168991E+08  0.279154E+08  0.279925E+08
  0.445019E-03  0.279781E+08  0.279781E+08  0.138988E+08  0.138885E+08  0.278820E+08  0.279775E+08
  0.495538E-03  0.279600E+08  0.279599E+08  0.108847E+08  0.108770E+08  0.278410E+08  0.279592E+08
  0.551792E-03  0.279380E+08  0.279380E+08  0.804724E+07  0.804299E+07  0.277910E+08  0.279371E+08
  0.614431E-03  0.279116E+08  0.279115E+08  0.558763E+07  0.558743E+07  0.277301E+08  0.279105E+08
  0.684182E-03  0.278799E+08  0.278798E+08  0.368695E+07  0.369037E+07  0.276562E+08  0.278785E+08
  0.761851E-03  0.278421E+08  0.278420E+08  0.244239E+07  0.244774E+07  0.275668E+08  0.278404E+08
  0.848337E-03  0.277972E+08  0.277971E+08  0.180323E+07  0.180775E+07  0.274592E+08  0.277951E+08
  0.944641E-03  0.277441E+08  0.277440E+08  0.155054E+07  0.155168E+07  0.273302E+08  0.277415E+08
  0.105188E-02  0.276817E+08  0.276815E+08  0.137452E+07  0.137191E+07  0.271771E+08  0.276785E+08
  0.117129E-02  0.276085E+08  0.276083E+08  0.105591E+07  0.105241E+07  0.269948E+08  0.276046E+08
  0.130425E-02  0.275230E+08  0.275228E+08  0.634361E+06  0.633945E+06  0.267797E+08  0.275183E+08
  0.145231E-02  0.274236E+08  0.274232E+08  0.346939E+06  0.349635E+06  0.265278E+08  0.274179E+08
  0.161718E-02  0.273082E+08  0.273077E+08  0.294156E+06  0.295128E+06  0.262351E+08  0.273014E+08
  0.180076E-02  0.271748E+08  0.271743E+08  0.265496E+06  0.263282E+06  0.258981E+08  0.271667E+08
  0.200519E-02  0.270214E+08  0.270208E+08  0.128409E+06  0.128504E+06  0.255141E+08  0.270118E+08
  0.223282E-02  0.268455E+08  0.268448E+08  0.752474E+05  0.765159E+05  0.250812E+08  0.268343E+08
  0.248629E-02  0.266449E+08  0.266439E+08  0.818793E+05  0.790498E+05  0.245985E+08  0.266319E+08
  0.276854E-02  0.264171E+08  0.264159E+08  0.235179E+05  0.205681E+05  0.240661E+08  0.264021E+08
  0.308282E-02  0.261596E+08  0.261582E+08  0.384765E+05  0.302736E+05  0.234841E+08  0.261426E+08
  0.343279E-02  0.258703E+08  0.258685E+08  0.447294E+04  0.134119E+04  0.228521E+08  0.258511E+08
  0.382248E-02  0.255468E+08  0.255446E+08  0.855008E+04  0.890498E+04  0.221687E+08  0.255253E+08
  0.425641E-02  0.251870E+08  0.251843E+08 -0.102604E+04 -0.210550E+04  0.214315E+08  0.251630E+08
  0.473960E-02  0.247889E+08  0.247856E+08 -0.677772E+04 -0.632741E+04  0.206382E+08  0.247623E+08
  0.527764E-02  0.243506E+08  0.243465E+08  0.000000E+00  0.000000E+00  0.197882E+08  0.243213E+08
  0.533470E-02  0.243045E+08  0.243003E+08  0.000000E+00  0.000000E+00  0.197001E+08  0.242749E+08
  0.539237E-02  0.242579E+08  0.242537E+08  0.000000E+00  0.000000E+00  0.196115E+08  0.242281E+08
  0.545067E-02  0.242110E+08  0.242067E+08  0.000000E+00  0.000000E+00  0.195223E+08  0.241808E+08
  0.550959E-02  0.241636E+08  0.241592E+08  0.000000E+00  0.000000E+00  0.194326E+08  0.241332E+08
  0.556915E-02  0.241158E+08  0.241113E+08  0.000000E+00  0.000000E+00  0.193423E+08  0.240851E+08
  0.562936E-02  0.240675E+08  0.240629E+08  0.000000E+00  0.000000E+00  0.192516E+08  0.240366E+08
  0.569022E-02  0.240189E+08  0.240142E+08  0.000000E+00  0.000000E+00  0.191602E+08  0.239876E+08
  0.575173E-02  0.239698E+08  0.239650E+08  0.000000E+00  0.000000E+00  0.190684E+08  0.239382E+08
  0.581391E-02  0.239202E+08  0.239154E+08  0.000000E+00  0.000000E+00  0.189760E+08  0.238884E+08
  0.587677E-02  0.238703E+08  0.238653E+08  0.000000E+00  0.000000E+00  0.188832E+08  0.238382E+08
  0.594030E-02  0.238198E+08  0.238148E+08  0.000000E+00  0.000000E+00  0.187898E+08  0.237875E+08
  0.600452E-02  0.237690E+08  0.237638E+08  0.000000E+00  0.000000E+00  0.186959E+08  0.237363E+08
  0.606943E-02  0.237177E+08  0.237125E+08  0.000000E+00  0.000000E+00  0.186015E+08  0.236848E+08
  0.613504E-02  0.236660E+08  0.236606E+08  0.000000E+00  0.000000E+00  0.185066E+08  0.236328E+08
  0.620137E-02  0.236138E+08  0.236084E+08  0.000000E+00  0.000000E+00  0.184112E+08  0.235803E+08
  0.626841E-02  0.235612E+08  0.235556E+08  0.000000E+00  0.000000E+00  0.183154E+08  0.235274E+08
  0.633618E-02  0.235082E+08  0.235025E+08  0.000000E+00  0.000000E+00  0.182191E+08  0.234741E+08
  0.640467E-02  0.234547E+08  0.234489E+08  0.000000E+00  0.000000E+00  0.181222E+08  0.234203E+08
  0.647391E-02  0.234007E+08  0.233948E+08  0.000000E+00  0.000000E+00  0.180250E+08  0.233661E+08
  0.654390E-02  0.233463E+08  0.233403E+08  0.000000E+00  0.000000E+00  0.179272E+08  0.233114E+08
  0.661465E-02  0.232915E+08  0.232853E+08  0.000000E+00  0.000000E+00  0.178291E+08  0.232562E+08
  0.668615E-02  0.232362E+08  0.232299E+08  0.000000E+00  0.000000E+00  0.177304E+08  0.232006E+08
  0.675844E-02  0.231805E+08  0.231740E+08  0.000000E+00  0.000000E+00  0.176314E+08  0.231446E+08
  0.683150E-02  0.231243E+08  0.231177E+08  0.000000E+00  0.000000E+00  0.175319E+08  0.230881E+08
  0.690535E-02  0.230676E+08  0.230609E+08  0.000000E+00  0.000000E+00  0.174319E+08  0.230312E+08
  0.698001E-02  0.230105E+08  0.230037E+08  0.000000E+00  0.000000E+00  0.173316E+08  0.229738E+08
  0.705546E-02  0.229529E+08  0.229460E+08  0.000000E+00  0.000000E+00  0.172308E+08  0.229159E+08
  0.713174E-02  0.228949E+08  0.228878E+08  0.000000E+00  0.000000E+00  0.171296E+08  0.228576E+08
  0.720884E-02  0.228364E+08  0.228292E+08  0.000000E+00  0.000000E+00  0.170281E+08  0.227988E+08
  0.728677E-02  0.227775E+08  0.227701E+08  0.000000E+00  0.000000E+00  0.169261E+08  0.227396E+08
  0.736555E-02  0.227180E+08  0.227105E+08  0.000000E+00  0.000000E+00  0.168238E+08  0.226799E+08
  0.744517E-02  0.226582E+08  0.226505E+08  0.000000E+00  0.000000E+00  0.167210E+08  0.226197E+08
  0.752566E-02  0.225978E+08  0.225900E+08  0.000000E+00  0.000000E+00  0.166179E+08  0.225591E+08
  0.760702E-02  0.225370E+08  0.225290E+08  0.000000E+00  0.000000E+00  0.165145E+08  0.224980E+08
  0.768925E-02  0.224758E+08  0.224676E+08  0.000000E+00  0.000000E+00  0.164106E+08  0.224364E+08
  0.777238E-02  0.224140E+08  0.224057E+08  0.000000E+00  0.000000E+00  0.163065E+08  0.223744E+08
  0.785641E-02  0.223518E+08  0.223434E+08  0.000000E+00  0.000000E+00  0.162019E+08  0.223119E+08
  0.794134E-02  0.222891E+08  0.222805E+08  0.000000E+00  0.000000E+00  0.160971E+08  0.222489E+08
  0.802719E-02  0.222260E+08  0.222172E+08  0.000000E+00  0.000000E+00  0.159919E+08  0.221855E+08
  0.811397E-02  0.221624E+08  0.221534E+08  0.000000E+00  0.000000E+00  0.158864E+08  0.221216E+08
  0.820169E-02  0.220983E+08  0.220891E+08  0.000000E+00  0.000000E+00  0.157806E+08  0.220572E+08
  0.829035E-02  0.220337E+08  0.220244E+08  0.000000E+00  0.000000E+00  0.156746E+08  0.219923E+08
  0.837998E-02  0.219687E+08  0.219592E+08  0.000000E+00  0.000000E+00  0.155682E+08  0.219270E+08
  0.847057E-02  0.219032E+08  0.218935E+08  0.000000E+00  0.000000E+00  0.154615E+08  0.218612E+08
  0.856214E-02  0.218372E+08  0.218273E+08  0.000000E+00  0.000000E+00  0.153545E+08  0.217949E+08
  0.865471E-02  0.217707E+08  0.217606E+08  0.000000E+00  0.000000E+00  0.152473E+08  0.217282E+08
  0.874827E-02  0.217038E+08  0.216935E+08  0.000000E+00  0.000000E+00  0.151398E+08  0.216609E+08
  0.884285E-02  0.216363E+08  0.216259E+08  0.000000E+00  0.000000E+00  0.150321E+08  0.215932E+08
  0.893844E-02  0.215684E+08  0.215578E+08  0.000000E+00  0.000000E+00  0.149241E+08  0.215250E+08
  0.903507E-02  0.215000E+08  0.214892E+08  0.000000E+00  0.000000E+00  0.148159E+08  0.214564E+08
  0.913275E-02  0.214312E+08  0.214201E+08  0.000000E+00  0.000000E+00  0.147075E+08  0.213872E+08
  0.923148E-02  0.213618E+08  0.213505E+08  0.000000E+00  0.000000E+00  0.145989E+08  0.213176E+08
  0.933128E-02  0.212920E+08  0.212805E+08  0.000000E+00  0.000000E+00  0.144900E+08  0.212475E+08
  0.943216E-02  0.212217E+08  0.212100E+08  0.000000E+00  0.000000E+00  0.143810E+08  0.211769E+08
  0.953413E-02  0.211509E+08  0.211390E+08  0.000000E+00  0.000000E+00  0.142718E+08  0.211058E+08
  0.963720E-02  0.210796E+08  0.210675E+08  0.000000E+00  0.000000E+00  0.141624E+08  0.210343E+08
  0.974138E-02  0.210079E+08  0.209955E+08  0.000000E+00  0.000000E+00  0.140528E+08  0.209623E+08
  0.984669E-02  0.209356E+08  0.209230E+08  0.000000E+00  0.000000E+00  0.139431E+08  0.208897E+08
  0.995314E-02  0.208629E+08  0.208500E+08  0.000000E+00  0.000000E+00  0.138332E+08  0.208167E+08
  0.100607E-01  0.207897E+08  0.207765E+08  0.000000E+00  0.000000E+00  0.137232E+08  0.207433E+08
  0.101695E-01  0.207160E+08  0.207026E+08  0.000000E+00  0.000000E+00  0.136131E+08  0.206693E+08
  0.102794E-01  0.206418E+08  0.206281E+08  0.000000E+00  0.000000E+00  0.135028E+08  0.205948E+08
  0.103906E-01  0.205671E+08  0.205532E+08  0.000000E+00  0.000000E+00  0.133925E+08  0.205199E+08
  0.105029E-01  0.204919E+08  0.204778E+08  0.000000E+00  0.000000E+00  0.132820E+08  0.204444E+08
  0.106164E-01  0.204163E+08  0.204018E+08  0.000000E+00  0.000000E+00  0.131715E+08  0.203685E+08
  0.107312E-01  0.203401E+08  0.203254E+08  0.000000E+00  0.000000E+00  0.130608E+08  0.202921E+08
  0.108472E-01  0.202635E+08  0.202485E+08  0.000000E+00  0.000000E+00  0.129501E+08  0.202152E+08
  0.109645E-01  0.201863E+08  0.201711E+08  0.000000E+00  0.000000E+00  0.128394E+08  0.201378E+08
  0.110830E-01  0.201087E+08  0.200932E+08  0.000000E+00  0.000000E+00  0.127286E+08  0.200600E+08
  0.112028E-01  0.200306E+08  0.200148E+08  0.000000E+00  0.000000E+00  0.126177E+08  0.199816E+08
  0.113240E-01  0.199520E+08  0.199359E+08  0.000000E+00  0.000000E+00  0.125069E+08  0.199028E+08
  0.114464E-01  0.198729E+08  0.198565E+08  0.000000E+00  0.000000E+00  0.123960E+08  0.198234E+08
  0.115701E-01  0.197933E+08  0.197766E+08  0.000000E+00  0.000000E+00  0.122851E+08  0.197436E+08
  0.116952E-01  0.197132E+08  0.196962E+08  0.000000E+00  0.000000E+00  0.121742E+08  0.196633E+08
  0.118216E-01  0.196327E+08  0.196153E+08  0.000000E+00  0.000000E+00  0.120633E+08  0.195824E+08
  0.119494E-01  0.195516E+08  0.195340E+08  0.000000E+00  0.000000E+00  0.119525E+08  0.195011E+08
  0.120786E-01  0.194700E+08  0.194521E+08  0.000000E+00  0.000000E+00  0.118417E+08  0.194193E+08
  0.122092E-01  0.193880E+08  0.193697E+08  0.000000E+00  0.000000E+00  0.117309E+08  0.193371E+08
  0.123412E-01  0.193054E+08  0.192868E+08  0.000000E+00  0.000000E+00  0.116202E+08  0.192543E+08
  0.124746E-01  0.192224E+08  0.192034E+08  0.000000E+00  0.000000E+00  0.115096E+08  0.191710E+08
  0.126095E-01  0.191389E+08  0.191196E+08  0.000000E+00  0.000000E+00  0.113990E+08  0.190873E+08
  0.127458E-01  0.190548E+08  0.190352E+08  0.000000E+00  0.000000E+00  0.112886E+08  0.190030E+08
  0.128836E-01  0.189703E+08  0.189503E+08  0.000000E+00  0.000000E+00  0.111782E+08  0.189183E+08
  0.130229E-01  0.188853E+08  0.188649E+08  0.000000E+00  0.000000E+00  0.110680E+08  0.188330E+08
  0.131636E-01  0.187998E+08  0.187791E+08  0.000000E+00  0.000000E+00  0.109578E+08  0.187473E+08
  0.133059E-01  0.187138E+08  0.186927E+08  0.000000E+00  0.000000E+00  0.108478E+08  0.186611E+08
  0.134498E-01  0.186273E+08  0.186058E+08  0.000000E+00  0.000000E+00  0.107380E+08  0.185744E+08
  0.135952E-01  0.185403E+08  0.185185E+08  0.000000E+00  0.000000E+00  0.106283E+08  0.184872E+08
  0.137422E-01  0.184528E+08  0.184306E+08  0.000000E+00  0.000000E+00  0.105188E+08  0.183996E+08
  0.138907E-01  0.183649E+08  0.183422E+08  0.000000E+00  0.000000E+00  0.104094E+08  0.183114E+08
  0.140409E-01  0.182764E+08  0.182534E+08  0.000000E+00  0.000000E+00  0.103003E+08  0.182228E+08
  0.141927E-01  0.181875E+08  0.181640E+08  0.000000E+00  0.000000E+00  0.101913E+08  0.181336E+08
  0.143461E-01  0.180980E+08  0.180742E+08  0.000000E+00  0.000000E+00  0.100825E+08  0.180440E+08
  0.145012E-01  0.180081E+08  0.179839E+08  0.000000E+00  0.000000E+00  0.997399E+07  0.179539E+08
  0.146580E-01  0.179177E+08  0.178930E+08  0.000000E+00  0.000000E+00  0.986568E+07  0.178633E+08
  0.148164E-01  0.178268E+08  0.178017E+08  0.000000E+00  0.000000E+00  0.975761E+07  0.177722E+08
  0.149766E-01  0.177354E+08  0.177099E+08  0.000000E+00  0.000000E+00  0.964980E+07  0.176807E+08
  0.151385E-01  0.176435E+08  0.176176E+08  0.000000E+00  0.000000E+00  0.954224E+07  0.175886E+08
  0.153022E-01  0.175512E+08  0.175248E+08  0.000000E+00  0.000000E+00  0.943496E+07  0.174961E+08
  0.154676E-01  0.174584E+08  0.174315E+08  0.000000E+00  0.000000E+00  0.932796E+07  0.174031E+08
  0.156348E-01  0.173650E+08  0.173378E+08  0.000000E+00  0.000000E+00  0.922126E+07  0.173097E+08
  0.158039E-01  0.172712E+08  0.172435E+08  0.000000E+00  0.000000E+00  0.911486E+07  0.172157E+08
  0.159747E-01  0.171770E+08  0.171488E+08  0.000000E+00  0.000000E+00  0.900877E+07  0.171213E+08
  0.161474E-01  0.170822E+08  0.170536E+08  0.000000E+00  0.000000E+00  0.890301E+07  0.170264E+08
  0.163220E-01  0.169870E+08  0.169579E+08  0.000000E+00  0.000000E+00  0.879758E+07  0.169311E+08
  0.164984E-01  0.168913E+08  0.168617E+08  0.000000E+00  0.000000E+00  0.869250E+07  0.168353E+08
  0.166768E-01  0.167952E+08  0.167651E+08  0.000000E+00  0.000000E+00  0.858778E+07  0.167390E+08
  0.168571E-01  0.166985E+08  0.166680E+08  0.000000E+00  0.000000E+00  0.848342E+07  0.166422E+08
  0.170393E-01  0.166014E+08  0.165704E+08  0.000000E+00  0.000000E+00  0.837944E+07  0.165450E+08
  0.172235E-01  0.165039E+08  0.164724E+08  0.000000E+00  0.000000E+00  0.827585E+07  0.164473E+08
  0.174097E-01  0.164059E+08  0.163738E+08  0.000000E+00  0.000000E+00  0.817265E+07  0.163492E+08
  0.175979E-01  0.163074E+08  0.162749E+08  0.000000E+00  0.000000E+00  0.806986E+07  0.162507E+08
  0.177882E-01  0.162085E+08  0.161755E+08  0.000000E+00  0.000000E+00  0.796749E+07  0.161516E+08
  0.179805E-01  0.161092E+08  0.160756E+08  0.000000E+00  0.000000E+00  0.786555E+07  0.160522E+08
  0.181749E-01  0.160094E+08  0.159753E+08  0.000000E+00  0.000000E+00  0.776404E+07  0.159523E+08
  0.183713E-01  0.159091E+08  0.158745E+08  0.000000E+00  0.000000E+00  0.766299E+07  0.158520E+08
  0.185699E-01  0.158084E+08  0.157733E+08  0.000000E+00  0.000000E+00  0.756239E+07  0.157512E+08
  0.187707E-01  0.157073E+08  0.156716E+08  0.000000E+00  0.000000E+00  0.746226E+07  0.156500E+08
  0.189736E-01  0.156058E+08  0.155696E+08  0.000000E+00  0.000000E+00  0.736261E+07  0.155484E+08
  0.191787E-01  0.155038E+08  0.154671E+08  0.000000E+00  0.000000E+00  0.726346E+07  0.154464E+08
  0.193861E-01  0.154014E+08  0.153642E+08  0.000000E+00  0.000000E+00  0.716480E+07  0.153439E+08
  0.195957E-01  0.152987E+08  0.152608E+08  0.000000E+00  0.000000E+00  0.706665E+07  0.152411E+08
  0.198075E-01  0.151955E+08  0.151571E+08  0.000000E+00  0.000000E+00  0.696902E+07  0.151379E+08
  0.200216E-01  0.150919E+08  0.150529E+08  0.000000E+00  0.000000E+00  0.687193E+07  0.150342E+08
  0.202381E-01  0.149879E+08  0.149484E+08  0.000000E+00  0.000000E+00  0.677537E+07  0.149302E+08
  0.204569E-01  0.148835E+08  0.148435E+08  0.000000E+00  0.000000E+00  0.667937E+07  0.148258E+08
  0.206780E-01  0.147788E+08  0.147382E+08  0.000000E+00  0.000000E+00  0.658392E+07  0.147210E+08
  0.209016E-01  0.146737E+08  0.146325E+08  0.000000E+00  0.000000E+00  0.648905E+07  0.146159E+08
  0.211275E-01  0.145682E+08  0.145265E+08  0.000000E+00  0.000000E+00  0.639476E+07  0.145104E+08
  0.213559E-01  0.144624E+08  0.144201E+08  0.000000E+00  0.000000E+00  0.630105E+07  0.144046E+08
  0.215868E-01  0.143562E+08  0.143133E+08  0.000000E+00  0.000000E+00  0.620795E+07  0.142984E+08
  0.218202E-01  0.142497E+08  0.142062E+08  0.000000E+00  0.000000E+00  0.611545E+07  0.141919E+08
  0.220561E-01  0.141428E+08  0.140988E+08  0.000000E+00  0.000000E+00  0.602358E+07  0.140850E+08
  0.222945E-01  0.140357E+08  0.139911E+08  0.000000E+00  0.000000E+00  0.593233E+07  0.139779E+08
  0.225355E-01  0.139282E+08  0.138831E+08  0.000000E+00  0.000000E+00  0.584171E+07  0.138704E+08
  0.227791E-01  0.138204E+08  0.137747E+08  0.000000E+00  0.000000E+00  0.575175E+07  0.137627E+08
  0.230254E-01  0.137124E+08  0.136661E+08  0.000000E+00  0.000000E+00  0.566243E+07  0.136547E+08
  0.232743E-01  0.136041E+08  0.135572E+08  0.000000E+00  0.000000E+00  0.557378E+07  0.135464E+08
  0.235259E-01  0.134955E+08  0.134481E+08  0.000000E+00  0.000000E+00  0.548581E+07  0.134379E+08
  0.237803E-01  0.133866E+08  0.133387E+08  0.000000E+00  0.000000E+00  0.539851E+07  0.133291E+08
  0.240373E-01  0.132776E+08  0.132291E+08  0.000000E+00  0.000000E+00  0.531190E+07  0.132201E+08
  0.242972E-01  0.131683E+08  0.131192E+08  0.000000E+00  0.000000E+00  0.522600E+07  0.131108E+08
  0.245599E-01  0.130588E+08  0.130092E+08  0.000000E+00  0.000000E+00  0.514079E+07  0.130014E+08
  0.248254E-01  0.129491E+08  0.128989E+08  0.000000E+00  0.000000E+00  0.505631E+07  0.128918E+08
  0.250938E-01  0.128392E+08  0.127885E+08  0.000000E+00  0.000000E+00  0.497254E+07  0.127820E+08
  0.253650E-01  0.127292E+08  0.126779E+08  0.000000E+00  0.000000E+00  0.488951E+07  0.126721E+08
  0.256393E-01  0.126190E+08  0.125672E+08  0.000000E+00  0.000000E+00  0.480722E+07  0.125620E+08
  0.259164E-01  0.125087E+08  0.124564E+08  0.000000E+00  0.000000E+00  0.472568E+07  0.124518E+08
  0.261966E-01  0.123983E+08  0.123455E+08  0.000000E+00  0.000000E+00  0.464490E+07  0.123415E+08
  0.264798E-01  0.122878E+08  0.122344E+08  0.000000E+00  0.000000E+00  0.456488E+07  0.122311E+08
  0.267661E-01  0.121772E+08  0.121233E+08  0.000000E+00  0.000000E+00  0.448563E+07  0.121206E+08
  0.270554E-01  0.120666E+08  0.120122E+08  0.000000E+00  0.000000E+00  0.440716E+07  0.120101E+08
  0.273479E-01  0.119560E+08  0.119011E+08  0.000000E+00  0.000000E+00  0.432949E+07  0.118996E+08
  0.276436E-01  0.118453E+08  0.117899E+08  0.000000E+00  0.000000E+00  0.425260E+07  0.117890E+08
  0.279424E-01  0.117346E+08  0.116787E+08  0.000000E+00  0.000000E+00  0.417652E+07  0.116785E+08
  0.282445E-01  0.116240E+08  0.115676E+08  0.000000E+00  0.000000E+00  0.410125E+07  0.115680E+08
  0.285499E-01  0.115134E+08  0.114566E+08  0.000000E+00  0.000000E+00  0.402679E+07  0.114576E+08
  0.288585E-01  0.114029E+08  0.113457E+08  0.000000E+00  0.000000E+00  0.395316E+07  0.113473E+08
  0.291705E-01  0.112925E+08  0.112348E+08  0.000000E+00  0.000000E+00  0.388035E+07  0.112370E+08
  0.294858E-01  0.111822E+08  0.111241E+08  0.000000E+00  0.000000E+00  0.380837E+07  0.111269E+08
  0.298046E-01  0.110720E+08  0.110136E+08  0.000000E+00  0.000000E+00  0.373722E+07  0.110169E+08
  0.301268E-01  0.109621E+08  0.109032E+08  0.000000E+00  0.000000E+00  0.366692E+07  0.109072E+08
  0.304525E-01  0.108523E+08  0.107931E+08  0.000000E+00  0.000000E+00  0.359748E+07  0.107976E+08
  0.307817E-01  0.107428E+08  0.106832E+08  0.000000E+00  0.000000E+00  0.352888E+07  0.106883E+08
  0.311145E-01  0.106335E+08  0.105736E+08  0.000000E+00  0.000000E+00  0.346115E+07  0.105792E+08
  0.314508E-01  0.105245E+08  0.104643E+08  0.000000E+00  0.000000E+00  0.339428E+07  0.104704E+08
  0.317909E-01  0.104158E+08  0.103553E+08  0.000000E+00  0.000000E+00  0.332829E+07  0.103619E+08
  0.321345E-01  0.103074E+08  0.102466E+08  0.000000E+00  0.000000E+00  0.326318E+07  0.102538E+08
  0.324819E-01  0.101995E+08  0.101384E+08  0.000000E+00  0.000000E+00  0.319896E+07  0.101461E+08
  0.328331E-01  0.100919E+08  0.100306E+08  0.000000E+00  0.000000E+00  0.313562E+07  0.100387E+08
  0.331880E-01  0.998474E+07  0.992321E+07  0.000000E+00  0.000000E+00  0.307317E+07  0.993184E+07
  0.335468E-01  0.987805E+07  0.981633E+07  0.000000E+00  0.000000E+00  0.301161E+07  0.982540E+07
  0.339095E-01  0.977185E+07  0.970996E+07  0.000000E+00  0.000000E+00  0.295095E+07  0.971946E+07
  0.342761E-01  0.966618E+07  0.960414E+07  0.000000E+00  0.000000E+00  0.289118E+07  0.961405E+07
  0.346466E-01  0.956106E+07  0.949890E+07  0.000000E+00  0.000000E+00  0.283231E+07  0.950920E+07
  0.350212E-01  0.945652E+07  0.939426E+07  0.000000E+00  0.000000E+00  0.277434E+07  0.940495E+07
  0.353998E-01  0.935261E+07  0.929028E+07  0.000000E+00  0.000000E+00  0.271726E+07  0.930132E+07
  0.357825E-01  0.924934E+07  0.918697E+07  0.000000E+00  0.000000E+00  0.266108E+07  0.919834E+07
  0.361693E-01  0.914676E+07  0.908438E+07  0.000000E+00  0.000000E+00  0.260581E+07  0.909606E+07
  0.365603E-01  0.904490E+07  0.898253E+07  0.000000E+00  0.000000E+00  0.255144E+07  0.899449E+07
  0.369556E-01  0.894378E+07  0.888146E+07  0.000000E+00  0.000000E+00  0.249798E+07  0.889368E+07
  0.373551E-01  0.884344E+07  0.878119E+07  0.000000E+00  0.000000E+00  0.244544E+07  0.879366E+07
  0.377589E-01  0.874392E+07  0.868178E+07  0.000000E+00  0.000000E+00  0.239380E+07  0.869445E+07
  0.381671E-01  0.864524E+07  0.858323E+07  0.000000E+00  0.000000E+00  0.234307E+07  0.859610E+07
  0.385797E-01  0.854744E+07  0.848560E+07  0.000000E+00  0.000000E+00  0.229324E+07  0.849862E+07
  0.389968E-01  0.845055E+07  0.838891E+07  0.000000E+00  0.000000E+00  0.224430E+07  0.840206E+07
  0.394184E-01  0.835460E+07  0.829318E+07  0.000000E+00  0.000000E+00  0.219626E+07  0.830645E+07
  0.398445E-01  0.825958E+07  0.819844E+07  0.000000E+00  0.000000E+00  0.214909E+07  0.821177E+07
  0.402753E-01  0.816557E+07  0.810473E+07  0.000000E+00  0.000000E+00  0.210282E+07  0.811811E+07
  0.407107E-01  0.807260E+07  0.801209E+07  0.000000E+00  0.000000E+00  0.205743E+07  0.802549E+07
  0.411508E-01  0.798070E+07  0.792056E+07  0.000000E+00  0.000000E+00  0.201294E+07  0.793394E+07
  0.415957E-01  0.788990E+07  0.783015E+07  0.000000E+00  0.000000E+00  0.196932E+07  0.784350E+07
  0.420453E-01  0.780021E+07  0.774090E+07  0.000000E+00  0.000000E+00  0.192659E+07  0.775417E+07
  0.424999E-01  0.771166E+07  0.765282E+07  0.000000E+00  0.000000E+00  0.188472E+07  0.766599E+07
  0.429593E-01  0.762427E+07  0.756594E+07  0.000000E+00  0.000000E+00  0.184371E+07  0.757897E+07
  0.434238E-01  0.753805E+07  0.748026E+07  0.000000E+00  0.000000E+00  0.180355E+07  0.749312E+07
  0.438932E-01  0.745302E+07  0.739581E+07  0.000000E+00  0.000000E+00  0.176422E+07  0.740847E+07
  0.443677E-01  0.736920E+07  0.731259E+07  0.000000E+00  0.000000E+00  0.172573E+07  0.732502E+07
  0.448474E-01  0.728660E+07  0.723064E+07  0.000000E+00  0.000000E+00  0.168807E+07  0.724280E+07
  0.453322E-01  0.720524E+07  0.714995E+07  0.000000E+00  0.000000E+00  0.165123E+07  0.716183E+07
  0.458223E-01  0.712513E+07  0.707056E+07  0.000000E+00  0.000000E+00  0.161520E+07  0.708211E+07
  0.463176E-01  0.704631E+07  0.699248E+07  0.000000E+00  0.000000E+00  0.157996E+07  0.700367E+07
  0.468184E-01  0.696877E+07  0.691572E+07  0.000000E+00  0.000000E+00  0.154551E+07  0.692653E+07
  0.473245E-01  0.689253E+07  0.684029E+07  0.000000E+00  0.000000E+00  0.151182E+07  0.685068E+07
  0.478361E-01  0.681760E+07  0.676619E+07  0.000000E+00  0.000000E+00  0.147890E+07  0.677614E+07
  0.483533E-01  0.674397E+07  0.669343E+07  0.000000E+00  0.000000E+00  0.144673E+07  0.670291E+07
  0.488760E-01  0.667165E+07  0.662200E+07  0.000000E+00  0.000000E+00  0.141532E+07  0.663098E+07
  0.494044E-01  0.660062E+07  0.655190E+07  0.000000E+00  0.000000E+00  0.138464E+07  0.656034E+07
  0.499385E-01  0.653088E+07  0.648310E+07  0.000000E+00  0.000000E+00  0.135467E+07  0.649100E+07
  0.504783E-01  0.646242E+07  0.641562E+07  0.000000E+00  0.000000E+00  0.132540E+07  0.642294E+07
  0.510240E-01  0.639524E+07  0.634943E+07  0.000000E+00  0.000000E+00  0.129680E+07  0.635615E+07
  0.515756E-01  0.632931E+07  0.628452E+07  0.000000E+00  0.000000E+00  0.126886E+07  0.629062E+07
  0.521332E-01  0.626463E+07  0.622088E+07  0.000000E+00  0.000000E+00  0.124159E+07  0.622634E+07
  0.526968E-01  0.620118E+07  0.615848E+07  0.000000E+00  0.000000E+00  0.121497E+07  0.616327E+07
  0.532665E-01  0.613892E+07  0.609729E+07  0.000000E+00  0.000000E+00  0.118897E+07  0.610141E+07
  0.538424E-01  0.607783E+07  0.603728E+07  0.000000E+00  0.000000E+00  0.116358E+07  0.604071E+07
  0.544244E-01  0.601787E+07  0.597841E+07  0.000000E+00  0.000000E+00  0.113876E+07  0.598114E+07
  0.550128E-01  0.595901E+07  0.592065E+07  0.000000E+00  0.000000E+00  0.111451E+07  0.592266E+07
  0.556075E-01  0.590119E+07  0.586394E+07  0.000000E+00  0.000000E+00  0.109082E+07  0.586523E+07
  0.562087E-01  0.584440E+07  0.580826E+07  0.000000E+00  0.000000E+00  0.106768E+07  0.580882E+07
  0.568163E-01  0.578858E+07  0.575356E+07  0.000000E+00  0.000000E+00  0.104505E+07  0.575338E+07
  0.574306E-01  0.573371E+07  0.569980E+07  0.000000E+00  0.000000E+00  0.102293E+07  0.569889E+07
  0.580514E-01  0.567974E+07  0.564694E+07  0.000000E+00  0.000000E+00  0.100129E+07  0.564529E+07
  0.586790E-01  0.562662E+07  0.559492E+07  0.000000E+00  0.000000E+00  0.980121E+06  0.559254E+07
  0.593134E-01  0.557430E+07  0.554369E+07  0.000000E+00  0.000000E+00  0.959417E+06  0.554059E+07
  0.599546E-01  0.552271E+07  0.549319E+07  0.000000E+00  0.000000E+00  0.939149E+06  0.548937E+07
  0.606027E-01  0.547180E+07  0.544334E+07  0.000000E+00  0.000000E+00  0.919291E+06  0.543881E+07
  0.612579E-01  0.542148E+07  0.539407E+07  0.000000E+00  0.000000E+00  0.899829E+06  0.538885E+07
  0.619201E-01  0.537170E+07  0.534531E+07  0.000000E+00  0.000000E+00  0.880754E+06  0.533942E+07
  0.625895E-01  0.532238E+07  0.529700E+07  0.000000E+00  0.000000E+00  0.862050E+06  0.529045E+07
  0.632662E-01  0.527348E+07  0.524907E+07  0.000000E+00  0.000000E+00  0.843694E+06  0.524189E+07
  0.639501E-01  0.522494E+07  0.520147E+07  0.000000E+00  0.000000E+00  0.825673E+06  0.519368E+07
  0.646415E-01  0.517669E+07  0.515413E+07  0.000000E+00  0.000000E+00  0.807977E+06  0.514577E+07
  0.653403E-01  0.512867E+07  0.510699E+07  0.000000E+00  0.000000E+00  0.790592E+06  0.509807E+07
  0.660467E-01  0.508080E+07  0.505996E+07  0.000000E+00  0.000000E+00  0.773498E+06  0.505053E+07
  0.671064E-01  0.501009E+07  0.499041E+07  0.000000E+00  0.000000E+00  0.748700E+06  0.498028E+07
  0.681660E-01  0.494044E+07  0.492182E+07  0.000000E+00  0.000000E+00  0.724854E+06  0.491109E+07
  0.692257E-01  0.487164E+07  0.485396E+07  0.000000E+00  0.000000E+00  0.701880E+06  0.484272E+07
  0.702854E-01  0.480351E+07  0.478666E+07  0.000000E+00  0.000000E+00  0.679713E+06  0.477501E+07
  0.713451E-01  0.473589E+07  0.471974E+07  0.000000E+00  0.000000E+00  0.658300E+06  0.470778E+07
  0.724048E-01  0.466863E+07  0.465309E+07  0.000000E+00  0.000000E+00  0.637592E+06  0.464091E+07
  0.734645E-01  0.460163E+07  0.458657E+07  0.000000E+00  0.000000E+00  0.617552E+06  0.457428E+07
  0.745242E-01  0.453478E+07  0.452011E+07  0.000000E+00  0.000000E+00  0.598134E+06  0.450778E+07
  0.755839E-01  0.446802E+07  0.445364E+07  0.000000E+00  0.000000E+00  0.579304E+06  0.444138E+07
  0.766435E-01  0.440133E+07  0.438713E+07  0.000000E+00  0.000000E+00  0.561037E+06  0.437501E+07
  0.777032E-01  0.433467E+07  0.432057E+07  0.000000E+00  0.000000E+00  0.543317E+06  0.430868E+07
  0.787629E-01  0.426807E+07  0.425397E+07  0.000000E+00  0.000000E+00  0.526120E+06  0.424239E+07
  0.798226E-01  0.420153E+07  0.418737E+07  0.000000E+00  0.000000E+00  0.509423E+06  0.417615E+07
  0.808823E-01  0.413510E+07  0.412081E+07  0.000000E+00  0.000000E+00  0.493216E+06  0.411002E+07
  0.819420E-01  0.406883E+07  0.405434E+07  0.000000E+00  0.000000E+00  0.477493E+06  0.404404E+07
  0.830017E-01  0.400278E+07  0.398803E+07  0.000000E+00  0.000000E+00  0.462243E+06  0.397826E+07
  0.840614E-01  0.393702E+07  0.392197E+07  0.000000E+00  0.000000E+00  0.447449E+06  0.391278E+07
  0.851210E-01  0.387164E+07  0.385626E+07  0.000000E+00  0.000000E+00  0.433107E+06  0.384766E+07
  0.861807E-01  0.380674E+07  0.379099E+07  0.000000E+00  0.000000E+00  0.419219E+06  0.378303E+07
  0.872404E-01  0.374243E+07  0.372629E+07  0.000000E+00  0.000000E+00  0.405778E+06  0.371898E+07
  0.883001E-01  0.367881E+07  0.366226E+07  0.000000E+00  0.000000E+00  0.392773E+06  0.365561E+07
  0.893598E-01  0.361597E+07  0.359902E+07  0.000000E+00  0.000000E+00  0.380203E+06  0.359303E+07
  0.904195E-01  0.355404E+07  0.353667E+07  0.000000E+00  0.000000E+00  0.368066E+06  0.353134E+07
  0.914792E-01  0.349311E+07  0.347534E+07  0.000000E+00  0.000000E+00  0.356355E+06  0.347067E+07
  0.925389E-01  0.343330E+07  0.341514E+07  0.000000E+00  0.000000E+00  0.345063E+06  0.341110E+07
  0.935986E-01  0.337471E+07  0.335618E+07  0.000000E+00  0.000000E+00  0.334191E+06  0.335275E+07
  0.946582E-01  0.331741E+07  0.329854E+07  0.000000E+00  0.000000E+00  0.323732E+06  0.329569E+07
  0.957179E-01  0.326148E+07  0.324230E+07  0.000000E+00  0.000000E+00  0.313672E+06  0.324000E+07
  0.967776E-01  0.320701E+07  0.318755E+07  0.000000E+00  0.000000E+00  0.304007E+06  0.318577E+07
  0.978373E-01  0.315407E+07  0.313438E+07  0.000000E+00  0.000000E+00  0.294734E+06  0.313307E+07
  0.988970E-01  0.310274E+07  0.308285E+07  0.000000E+00  0.000000E+00  0.285844E+06  0.308198E+07
  0.999567E-01  0.305307E+07  0.303303E+07  0.000000E+00  0.000000E+00  0.277327E+06  0.303254E+07
  0.101016E+00  0.300509E+07  0.298495E+07  0.000000E+00  0.000000E+00  0.269176E+06  0.298480E+07
  0.102076E+00  0.295883E+07  0.293863E+07  0.000000E+00  0.000000E+00  0.261376E+06  0.293877E+07
  0.103136E+00  0.291431E+07  0.289411E+07  0.000000E+00  0.000000E+00  0.253917E+06  0.289448E+07
  0.104195E+00  0.287154E+07  0.285138E+07  0.000000E+00  0.000000E+00  0.246793E+06  0.285194E+07
  0.105255E+00  0.283052E+07  0.281046E+07  0.000000E+00  0.000000E+00  0.239990E+06  0.281116E+07
  0.106315E+00  0.279124E+07  0.277133E+07  0.000000E+00  0.000000E+00  0.233492E+06  0.277210E+07
  0.107374E+00  0.275367E+07  0.273395E+07  0.000000E+00  0.000000E+00  0.227289E+06  0.273476E+07
  0.108434E+00  0.271779E+07  0.269831E+07  0.000000E+00  0.000000E+00  0.221371E+06  0.269910E+07
  0.109494E+00  0.268356E+07  0.266435E+07  0.000000E+00  0.000000E+00  0.215722E+06  0.266509E+07
  0.110554E+00  0.265092E+07  0.263204E+07  0.000000E+00  0.000000E+00  0.210331E+06  0.263268E+07
  0.111613E+00  0.261982E+07  0.260130E+07  0.000000E+00  0.000000E+00  0.205183E+06  0.260180E+07
  0.112673E+00  0.259019E+07  0.257206E+07  0.000000E+00  0.000000E+00  0.200264E+06  0.257238E+07
  0.113733E+00  0.256195E+07  0.254425E+07  0.000000E+00  0.000000E+00  0.195563E+06  0.254435E+07
  0.114792E+00  0.253502E+07  0.251778E+07  0.000000E+00  0.000000E+00  0.191066E+06  0.251764E+07
  0.115852E+00  0.250934E+07  0.249257E+07  0.000000E+00  0.000000E+00  0.186759E+06  0.249217E+07
  0.116912E+00  0.248482E+07  0.246854E+07  0.000000E+00  0.000000E+00  0.182631E+06  0.246785E+07
  0.117971E+00  0.246136E+07  0.244559E+07  0.000000E+00  0.000000E+00  0.178671E+06  0.244459E+07
  0.119031E+00  0.243887E+07  0.242362E+07  0.000000E+00  0.000000E+00  0.174865E+06  0.242230E+07
  0.120091E+00  0.241724E+07  0.240252E+07  0.000000E+00  0.000000E+00  0.171201E+06  0.240087E+07
  0.121150E+00  0.239640E+07  0.238221E+07  0.000000E+00  0.000000E+00  0.167668E+06  0.238021E+07
  0.122210E+00  0.237625E+07  0.236258E+07  0.000000E+00  0.000000E+00  0.164257E+06  0.236024E+07
  0.123270E+00  0.235671E+07  0.234357E+07  0.000000E+00  0.000000E+00  0.160959E+06  0.234089E+07
  0.124329E+00  0.233768E+07  0.232505E+07  0.000000E+00  0.000000E+00  0.157762E+06  0.232204E+07
  0.125389E+00  0.231907E+07  0.230694E+07  0.000000E+00  0.000000E+00  0.154658E+06  0.230360E+07
  0.126449E+00  0.230078E+07  0.228914E+07  0.000000E+00  0.000000E+00  0.151640E+06  0.228548E+07
  0.127509E+00  0.228274E+07  0.227156E+07  0.000000E+00  0.000000E+00  0.148697E+06  0.226761E+07
  0.128568E+00  0.226488E+07  0.225415E+07  0.000000E+00  0.000000E+00  0.145823E+06  0.224991E+07
  0.129628E+00  0.224712E+07  0.223681E+07  0.000000E+00  0.000000E+00  0.143014E+06  0.223231E+07
  0.130688E+00  0.222941E+07  0.221949E+07  0.000000E+00  0.000000E+00  0.140263E+06  0.221476E+07
  0.131747E+00  0.221168E+07  0.220214E+07  0.000000E+00  0.000000E+00  0.137566E+06  0.219718E+07
  0.132807E+00  0.219390E+07  0.218468E+07  0.000000E+00  0.000000E+00  0.134915E+06  0.217954E+07
  0.133867E+00  0.217600E+07  0.216710E+07  0.000000E+00  0.000000E+00  0.132311E+06  0.216179E+07
  0.134926E+00  0.215796E+07  0.214933E+07  0.000000E+00  0.000000E+00  0.129748E+06  0.214389E+07
  0.135986E+00  0.213975E+07  0.213135E+07  0.000000E+00  0.000000E+00  0.127223E+06  0.212581E+07
  0.137046E+00  0.212133E+07  0.211314E+07  0.000000E+00  0.000000E+00  0.124734E+06  0.210752E+07
  0.138105E+00  0.210269E+07  0.209468E+07  0.000000E+00  0.000000E+00  0.122280E+06  0.208901E+07
  0.139165E+00  0.208382E+07  0.207596E+07  0.000000E+00  0.000000E+00  0.119859E+06  0.207027E+07
  0.140225E+00  0.206471E+07  0.205697E+07  0.000000E+00  0.000000E+00  0.117470E+06  0.205128E+07
  0.141285E+00  0.204536E+07  0.203770E+07  0.000000E+00  0.000000E+00  0.115112E+06  0.203205E+07
  0.142344E+00  0.202576E+07  0.201817E+07  0.000000E+00  0.000000E+00  0.112785E+06  0.201258E+07
  0.143404E+00  0.200594E+07  0.199837E+07  0.000000E+00  0.000000E+00  0.110488E+06  0.199287E+07
  0.144464E+00  0.198591E+07  0.197834E+07  0.000000E+00  0.000000E+00  0.108222E+06  0.197295E+07
  0.145523E+00  0.196568E+07  0.195809E+07  0.000000E+00  0.000000E+00  0.105989E+06  0.195283E+07
  0.146583E+00  0.194528E+07  0.193766E+07  0.000000E+00  0.000000E+00  0.103786E+06  0.193254E+07
  0.147643E+00  0.192475E+07  0.191706E+07  0.000000E+00  0.000000E+00  0.101617E+06  0.191211E+07
  0.148702E+00  0.190411E+07  0.189634E+07  0.000000E+00  0.000000E+00  0.994816E+05  0.189157E+07
  0.149762E+00  0.188340E+07  0.187554E+07  0.000000E+00  0.000000E+00  0.973827E+05  0.187097E+07
  0.150822E+00  0.186266E+07  0.185470E+07  0.000000E+00  0.000000E+00  0.953199E+05  0.185033E+07
  0.151881E+00  0.184194E+07  0.183386E+07  0.000000E+00  0.000000E+00  0.932947E+05  0.182971E+07
  0.152941E+00  0.182127E+07  0.181306E+07  0.000000E+00  0.000000E+00  0.913086E+05  0.180914E+07
  0.154001E+00  0.180069E+07  0.179235E+07  0.000000E+00  0.000000E+00  0.893626E+05  0.178865E+07
  0.155060E+00  0.178023E+07  0.177176E+07  0.000000E+00  0.000000E+00  0.874580E+05  0.176829E+07
  0.156120E+00  0.175995E+07  0.175134E+07  0.000000E+00  0.000000E+00  0.855955E+05  0.174810E+07
  0.157180E+00  0.173988E+07  0.173114E+07  0.000000E+00  0.000000E+00  0.837759E+05  0.172813E+07
  0.158240E+00  0.172005E+07  0.171119E+07  0.000000E+00  0.000000E+00  0.820004E+05  0.170840E+07
  0.159299E+00  0.170051E+07  0.169152E+07  0.000000E+00  0.000000E+00  0.802697E+05  0.168895E+07
  0.160359E+00  0.168129E+07  0.167218E+07  0.000000E+00  0.000000E+00  0.785835E+05  0.166982E+07
  0.161419E+00  0.166241E+07  0.165320E+07  0.000000E+00  0.000000E+00  0.769428E+05  0.165103E+07
  0.162478E+00  0.164391E+07  0.163460E+07  0.000000E+00  0.000000E+00  0.753481E+05  0.163262E+07
  0.163538E+00  0.162582E+07  0.161642E+07  0.000000E+00  0.000000E+00  0.737990E+05  0.161462E+07
  0.164598E+00  0.160816E+07  0.159869E+07  0.000000E+00  0.000000E+00  0.722957E+05  0.159705E+07
  0.165657E+00  0.159095E+07  0.158142E+07  0.000000E+00  0.000000E+00  0.708387E+05  0.157993E+07
  0.166717E+00  0.157422E+07  0.156465E+07  0.000000E+00  0.000000E+00  0.694275E+05  0.156329E+07
  0.167777E+00  0.155798E+07  0.154838E+07  0.000000E+00  0.000000E+00  0.680614E+05  0.154714E+07
  0.168836E+00  0.154225E+07  0.153263E+07  0.000000E+00  0.000000E+00  0.667397E+05  0.153150E+07
  0.169896E+00  0.152702E+07  0.151741E+07  0.000000E+00  0.000000E+00  0.654619E+05  0.151636E+07
  0.170956E+00  0.151231E+07  0.150271E+07  0.000000E+00  0.000000E+00  0.642274E+05  0.150173E+07
  0.172015E+00  0.149811E+07  0.148854E+07  0.000000E+00  0.000000E+00  0.630346E+05  0.148762E+07
  0.173075E+00  0.148442E+07  0.147490E+07  0.000000E+00  0.000000E+00  0.618822E+05  0.147401E+07
  0.174135E+00  0.147123E+07  0.146178E+07  0.000000E+00  0.000000E+00  0.607697E+05  0.146091E+07
  0.175195E+00  0.145853E+07  0.144917E+07  0.000000E+00  0.000000E+00  0.596957E+05  0.144830E+07
  0.176254E+00  0.144632E+07  0.143705E+07  0.000000E+00  0.000000E+00  0.586581E+05  0.143617E+07
  0.177314E+00  0.143456E+07  0.142540E+07  0.000000E+00  0.000000E+00  0.576555E+05  0.142450E+07
  0.178374E+00  0.142326E+07  0.141421E+07  0.000000E+00  0.000000E+00  0.566865E+05  0.141328E+07
  0.179433E+00  0.141238E+07  0.140347E+07  0.000000E+00  0.000000E+00  0.557497E+05  0.140248E+07
  0.180493E+00  0.140190E+07  0.139313E+07  0.000000E+00  0.000000E+00  0.548435E+05  0.139209E+07
  0.181553E+00  0.139181E+07  0.138320E+07  0.000000E+00  0.000000E+00  0.539663E+05  0.138208E+07
  0.182612E+00  0.138208E+07  0.137363E+07  0.000000E+00  0.000000E+00  0.531164E+05  0.137243E+07
  0.183672E+00  0.137269E+07  0.136440E+07  0.000000E+00  0.000000E+00  0.522921E+05  0.136312E+07
  0.184732E+00  0.136360E+07  0.135548E+07  0.000000E+00  0.000000E+00  0.514919E+05  0.135411E+07
  0.185791E+00  0.135479E+07  0.134684E+07  0.000000E+00  0.000000E+00  0.507145E+05  0.134537E+07
  0.186851E+00  0.134623E+07  0.133846E+07  0.000000E+00  0.000000E+00  0.499579E+05  0.133689E+07
  0.187911E+00  0.133789E+07  0.133030E+07  0.000000E+00  0.000000E+00  0.492205E+05  0.132863E+07
  0.188970E+00  0.132975E+07  0.132234E+07  0.000000E+00  0.000000E+00  0.485013E+05  0.132056E+07
  0.190030E+00  0.132178E+07  0.131454E+07  0.000000E+00  0.000000E+00  0.477989E+05  0.131266E+07
  0.191090E+00  0.131394E+07  0.130688E+07  0.000000E+00  0.000000E+00  0.471115E+05  0.130489E+07
  0.192150E+00  0.130621E+07  0.129932E+07  0.000000E+00  0.000000E+00  0.464381E+05  0.129723E+07
  0.193209E+00  0.129856E+07  0.129185E+07  0.000000E+00  0.000000E+00  0.457774E+05  0.128966E+07
  0.194269E+00  0.129098E+07  0.128442E+07  0.000000E+00  0.000000E+00  0.451282E+05  0.128214E+07
  0.195329E+00  0.128343E+07  0.127703E+07  0.000000E+00  0.000000E+00  0.444896E+05  0.127466E+07
  0.196388E+00  0.127590E+07  0.126965E+07  0.000000E+00  0.000000E+00  0.438606E+05  0.126719E+07
  0.197448E+00  0.126836E+07  0.126225E+07  0.000000E+00  0.000000E+00  0.432406E+05  0.125972E+07
  0.198508E+00  0.126081E+07  0.125483E+07  0.000000E+00  0.000000E+00  0.426285E+05  0.125223E+07
  0.199567E+00  0.125322E+07  0.124736E+07  0.000000E+00  0.000000E+00  0.420239E+05  0.124470E+07
  0.200627E+00  0.124558E+07  0.123984E+07  0.000000E+00  0.000000E+00  0.414262E+05  0.123713E+07
  0.201687E+00  0.123788E+07  0.123225E+07  0.000000E+00  0.000000E+00  0.408348E+05  0.122949E+07
  0.202746E+00  0.123011E+07  0.122458E+07  0.000000E+00  0.000000E+00  0.402496E+05  0.122178E+07
  0.203806E+00  0.122227E+07  0.121682E+07  0.000000E+00  0.000000E+00  0.396700E+05  0.121400E+07
  0.204866E+00  0.121434E+07  0.120897E+07  0.000000E+00  0.000000E+00  0.390955E+05  0.120613E+07
  0.205925E+00  0.120633E+07  0.120102E+07  0.000000E+00  0.000000E+00  0.385264E+05  0.119817E+07
  0.206985E+00  0.119823E+07  0.119297E+07  0.000000E+00  0.000000E+00  0.379624E+05  0.119013E+07
  0.208045E+00  0.119004E+07  0.118483E+07  0.000000E+00  0.000000E+00  0.374032E+05  0.118199E+07
  0.209105E+00  0.118176E+07  0.117659E+07  0.000000E+00  0.000000E+00  0.368488E+05  0.117377E+07
  0.210164E+00  0.117340E+07  0.116826E+07  0.000000E+00  0.000000E+00  0.362997E+05  0.116547E+07
  0.211224E+00  0.116496E+07  0.115984E+07  0.000000E+00  0.000000E+00  0.357557E+05  0.115708E+07
  0.212284E+00  0.115645E+07  0.115134E+07  0.000000E+00  0.000000E+00  0.352169E+05  0.114862E+07
  0.213343E+00  0.114788E+07  0.114276E+07  0.000000E+00  0.000000E+00  0.346833E+05  0.114009E+07
  0.214403E+00  0.113925E+07  0.113413E+07  0.000000E+00  0.000000E+00  0.341552E+05  0.113152E+07
  0.215463E+00  0.113057E+07  0.112545E+07  0.000000E+00  0.000000E+00  0.336332E+05  0.112289E+07
  0.216522E+00  0.112187E+07  0.111673E+07  0.000000E+00  0.000000E+00  0.331173E+05  0.111424E+07
  0.217582E+00  0.111315E+07  0.110799E+07  0.000000E+00  0.000000E+00  0.326078E+05  0.110557E+07
  0.218642E+00  0.110442E+07  0.109924E+07  0.000000E+00  0.000000E+00  0.321049E+05  0.109689E+07
  0.219701E+00  0.109570E+07  0.109050E+07  0.000000E+00  0.000000E+00  0.316089E+05  0.108821E+07
  0.220761E+00  0.108700E+07  0.108177E+07  0.000000E+00  0.000000E+00  0.311201E+05  0.107956E+07
  0.221821E+00  0.107833E+07  0.107307E+07  0.000000E+00  0.000000E+00  0.306388E+05  0.107094E+07
  0.222880E+00  0.106971E+07  0.106442E+07  0.000000E+00  0.000000E+00  0.301652E+05  0.106236E+07
  0.223940E+00  0.106115E+07  0.105583E+07  0.000000E+00  0.000000E+00  0.296994E+05  0.105385E+07
  0.225000E+00  0.105266E+07  0.104731E+07  0.000000E+00  0.000000E+00  0.292418E+05  0.104541E+07
  0.226060E+00  0.104425E+07  0.103887E+07  0.000000E+00  0.000000E+00  0.287926E+05  0.103704E+07
  0.227119E+00  0.103594E+07  0.103053E+07  0.000000E+00  0.000000E+00  0.283518E+05  0.102878E+07
  0.228179E+00  0.102773E+07  0.102230E+07  0.000000E+00  0.000000E+00  0.279195E+05  0.102061E+07
  0.229239E+00  0.101964E+07  0.101418E+07  0.000000E+00  0.000000E+00  0.274961E+05  0.101257E+07
  0.230298E+00  0.101168E+07  0.100620E+07  0.000000E+00  0.000000E+00  0.270817E+05  0.100465E+07
  0.231358E+00  0.100385E+07  0.998359E+06  0.000000E+00  0.000000E+00  0.266761E+05  0.996868E+06
  0.232418E+00  0.996171E+06  0.990664E+06  0.000000E+00  0.000000E+00  0.262796E+05  0.989230E+06
  0.233477E+00  0.988641E+06  0.983126E+06  0.000000E+00  0.000000E+00  0.258921E+05  0.981742E+06
  0.234537E+00  0.981267E+06  0.975748E+06  0.000000E+00  0.000000E+00  0.255137E+05  0.974412E+06
  0.235597E+00  0.974055E+06  0.968537E+06  0.000000E+00  0.000000E+00  0.251442E+05  0.967244E+06
  0.236656E+00  0.967009E+06  0.961497E+06  0.000000E+00  0.000000E+00  0.247837E+05  0.960240E+06
  0.237716E+00  0.960131E+06  0.954629E+06  0.000000E+00  0.000000E+00  0.244321E+05  0.953405E+06
  0.238776E+00  0.953423E+06  0.947936E+06  0.000000E+00  0.000000E+00  0.240890E+05  0.946739E+06
  0.239836E+00  0.946883E+06  0.941416E+06  0.000000E+00  0.000000E+00  0.237544E+05  0.940242E+06
  0.240895E+00  0.940512E+06  0.935070E+06  0.000000E+00  0.000000E+00  0.234283E+05  0.933912E+06
  0.241955E+00  0.934307E+06  0.928894E+06  0.000000E+00  0.000000E+00  0.231103E+05  0.927748E+06
  0.243015E+00  0.928264E+06  0.922886E+06  0.000000E+00  0.000000E+00  0.228003E+05  0.921747E+06
  0.244074E+00  0.922380E+06  0.917041E+06  0.000000E+00  0.000000E+00  0.224979E+05  0.915904E+06
  0.245134E+00  0.916651E+06  0.911354E+06  0.000000E+00  0.000000E+00  0.222028E+05  0.910216E+06
  0.246194E+00  0.911072E+06  0.905821E+06  0.000000E+00  0.000000E+00  0.219150E+05  0.904676E+06
  0.247253E+00  0.905636E+06  0.900435E+06  0.000000E+00  0.000000E+00  0.216342E+05  0.899281E+06
  0.248313E+00  0.900339E+06  0.895191E+06  0.000000E+00  0.000000E+00  0.213599E+05  0.894024E+06
  0.251474E+00  0.885285E+06  0.880311E+06  0.000000E+00  0.000000E+00  0.205785E+05  0.879086E+06
  0.254676E+00  0.871012E+06  0.866229E+06  0.000000E+00  0.000000E+00  0.198369E+05  0.864927E+06
  0.257918E+00  0.857308E+06  0.852724E+06  0.000000E+00  0.000000E+00  0.191289E+05  0.851336E+06
  0.261201E+00  0.843945E+06  0.839556E+06  0.000000E+00  0.000000E+00  0.184481E+05  0.838082E+06
  0.264526E+00  0.830701E+06  0.826496E+06  0.000000E+00  0.000000E+00  0.177888E+05  0.824946E+06
  0.267894E+00  0.817389E+06  0.813345E+06  0.000000E+00  0.000000E+00  0.171466E+05  0.811738E+06
  0.271304E+00  0.803858E+06  0.799948E+06  0.000000E+00  0.000000E+00  0.165178E+05  0.798309E+06
  0.274758E+00  0.790004E+06  0.786198E+06  0.000000E+00  0.000000E+00  0.159005E+05  0.784554E+06
  0.278256E+00  0.775777E+06  0.772044E+06  0.000000E+00  0.000000E+00  0.152934E+05  0.770424E+06
  0.281799E+00  0.761202E+06  0.757514E+06  0.000000E+00  0.000000E+00  0.146971E+05  0.755944E+06
  0.285386E+00  0.746366E+06  0.742700E+06  0.000000E+00  0.000000E+00  0.141132E+05  0.741201E+06
  0.289019E+00  0.731399E+06  0.727739E+06  0.000000E+00  0.000000E+00  0.135443E+05  0.726325E+06
  0.292698E+00  0.716453E+06  0.712793E+06  0.000000E+00  0.000000E+00  0.129927E+05  0.711470E+06
  0.296425E+00  0.701694E+06  0.698034E+06  0.000000E+00  0.000000E+00  0.124608E+05  0.696800E+06
  0.300198E+00  0.687292E+06  0.683640E+06  0.000000E+00  0.000000E+00  0.119513E+05  0.682486E+06
  0.304020E+00  0.673389E+06  0.669760E+06  0.000000E+00  0.000000E+00  0.114656E+05  0.668671E+06
  0.307890E+00  0.660079E+06  0.656492E+06  0.000000E+00  0.000000E+00  0.110045E+05  0.655449E+06
  0.311810E+00  0.647403E+06  0.643876E+06  0.000000E+00  0.000000E+00  0.105676E+05  0.642858E+06
  0.315780E+00  0.635350E+06  0.631902E+06  0.000000E+00  0.000000E+00  0.101538E+05  0.630891E+06
  0.319800E+00  0.623869E+06  0.620512E+06  0.000000E+00  0.000000E+00  0.976129E+04  0.619494E+06
  0.323871E+00  0.612858E+06  0.609602E+06  0.000000E+00  0.000000E+00  0.938766E+04  0.608565E+06
  0.327994E+00  0.602183E+06  0.599031E+06  0.000000E+00  0.000000E+00  0.903013E+04  0.597971E+06
  0.332169E+00  0.591709E+06  0.588657E+06  0.000000E+00  0.000000E+00  0.868612E+04  0.587576E+06
  0.336398E+00  0.581318E+06  0.578357E+06  0.000000E+00  0.000000E+00  0.835341E+04  0.577262E+06
  0.340681E+00  0.570912E+06  0.568030E+06  0.000000E+00  0.000000E+00  0.803040E+04  0.566932E+06
  0.345018E+00  0.560426E+06  0.557607E+06  0.000000E+00  0.000000E+00  0.771584E+04  0.556519E+06
  0.349410E+00  0.549845E+06  0.547076E+06  0.000000E+00  0.000000E+00  0.740946E+04  0.546010E+06
  0.353858E+00  0.539204E+06  0.536473E+06  0.000000E+00  0.000000E+00  0.711155E+04  0.535440E+06
  0.358363E+00  0.528561E+06  0.525860E+06  0.000000E+00  0.000000E+00  0.596554E+04  0.524861E+06
  0.362925E+00  0.518003E+06  0.515329E+06  0.000000E+00  0.000000E+00  0.571694E+04  0.514373E+06
  0.367545E+00  0.507624E+06  0.504977E+06  0.000000E+00  0.000000E+00  0.547817E+04  0.504061E+06
  0.372224E+00  0.497510E+06  0.494895E+06  0.000000E+00  0.000000E+00  0.524980E+04  0.494014E+06
  0.376963E+00  0.487716E+06  0.485140E+06  0.000000E+00  0.000000E+00  0.503203E+04  0.484286E+06
  0.381762E+00  0.478268E+06  0.475739E+06  0.000000E+00  0.000000E+00  0.482469E+04  0.474904E+06
  0.386622E+00  0.469164E+06  0.466690E+06  0.000000E+00  0.000000E+00  0.462735E+04  0.465865E+06
  0.391544E+00  0.460367E+06  0.457952E+06  0.000000E+00  0.000000E+00  0.443922E+04  0.457131E+06
  0.396529E+00  0.451810E+06  0.449456E+06  0.000000E+00  0.000000E+00  0.425932E+04  0.448636E+06
  0.401577E+00  0.443429E+06  0.441134E+06  0.000000E+00  0.000000E+00  0.408675E+04  0.440315E+06
  0.406689E+00  0.435161E+06  0.432922E+06  0.000000E+00  0.000000E+00  0.392065E+04  0.432107E+06
  0.411866E+00  0.426954E+06  0.424765E+06  0.000000E+00  0.000000E+00  0.376035E+04  0.423958E+06
  0.417110E+00  0.418783E+06  0.416638E+06  0.000000E+00  0.000000E+00  0.360548E+04  0.415844E+06
  0.422420E+00  0.410655E+06  0.408548E+06  0.000000E+00  0.000000E+00  0.345591E+04  0.407772E+06
  0.427797E+00  0.402589E+06  0.400515E+06  0.000000E+00  0.000000E+00  0.331165E+04  0.399761E+06
  0.433243E+00  0.394624E+06  0.392582E+06  0.000000E+00  0.000000E+00  0.317285E+04  0.391850E+06
  0.438759E+00  0.386806E+06  0.384796E+06  0.000000E+00  0.000000E+00  0.303970E+04  0.384086E+06
  0.444345E+00  0.379168E+06  0.377191E+06  0.000000E+00  0.000000E+00  0.291224E+04  0.376500E+06
  0.450001E+00  0.371729E+06  0.369789E+06  0.000000E+00  0.000000E+00  0.279042E+04  0.369113E+06
  0.455730E+00  0.364498E+06  0.362597E+06  0.000000E+00  0.000000E+00  0.267407E+04  0.361932E+06
  0.461532E+00  0.357455E+06  0.355595E+06  0.000000E+00  0.000000E+00  0.256284E+04  0.354939E+06
  0.467407E+00  0.350574E+06  0.348754E+06  0.000000E+00  0.000000E+00  0.245635E+04  0.348106E+06
  0.473358E+00  0.343826E+06  0.342047E+06  0.000000E+00  0.000000E+00  0.235422E+04  0.341406E+06
  0.479384E+00  0.337179E+06  0.335438E+06  0.000000E+00  0.000000E+00  0.225608E+04  0.334806E+06
  0.485487E+00  0.330617E+06  0.328912E+06  0.000000E+00  0.000000E+00  0.216169E+04  0.328291E+06
  0.491667E+00  0.324138E+06  0.322465E+06  0.000000E+00  0.000000E+00  0.207089E+04  0.321856E+06
  0.497926E+00  0.317742E+06  0.316100E+06  0.000000E+00  0.000000E+00  0.198359E+04  0.315506E+06
  0.504265E+00  0.311451E+06  0.309839E+06  0.000000E+00  0.000000E+00  0.189979E+04  0.309258E+06
  0.510685E+00  0.305278E+06  0.303695E+06  0.000000E+00  0.000000E+00  0.181943E+04  0.303128E+06
  0.517186E+00  0.299236E+06  0.297683E+06  0.000000E+00  0.000000E+00  0.174248E+04  0.297127E+06
  0.523770E+00  0.293332E+06  0.291809E+06  0.000000E+00  0.000000E+00  0.166884E+04  0.291265E+06
  0.530438E+00  0.287558E+06  0.286066E+06  0.000000E+00  0.000000E+00  0.159836E+04  0.285532E+06
  0.537191E+00  0.281908E+06  0.280447E+06  0.000000E+00  0.000000E+00  0.153086E+04  0.279921E+06
  0.544030E+00  0.276366E+06  0.274936E+06  0.000000E+00  0.000000E+00  0.146617E+04  0.274419E+06
  0.550955E+00  0.270920E+06  0.269519E+06  0.000000E+00  0.000000E+00  0.140410E+04  0.269011E+06
  0.557969E+00  0.265564E+06  0.264191E+06  0.000000E+00  0.000000E+00  0.134455E+04  0.263693E+06
  0.565073E+00  0.260294E+06  0.258948E+06  0.000000E+00  0.000000E+00  0.128738E+04  0.258459E+06
  0.572266E+00  0.255115E+06  0.253795E+06  0.000000E+00  0.000000E+00  0.123255E+04  0.253317E+06
  0.579552E+00  0.250031E+06  0.248736E+06  0.000000E+00  0.000000E+00  0.117999E+04  0.248268E+06
  0.586930E+00  0.245048E+06  0.243778E+06  0.000000E+00  0.000000E+00  0.112964E+04  0.243320E+06
  0.594402E+00  0.240166E+06  0.238922E+06  0.000000E+00  0.000000E+00  0.108143E+04  0.238472E+06
  0.601969E+00  0.235384E+06  0.234165E+06  0.000000E+00  0.000000E+00  0.103526E+04  0.233724E+06
  0.609632E+00  0.230697E+06  0.229503E+06  0.000000E+00  0.000000E+00  0.991032E+03  0.229070E+06
  0.617393E+00  0.226099E+06  0.224929E+06  0.000000E+00  0.000000E+00  0.948657E+03  0.224504E+06
  0.625253E+00  0.221586E+06  0.220439E+06  0.000000E+00  0.000000E+00  0.908044E+03  0.220022E+06
  0.633213E+00  0.217152E+06  0.216029E+06  0.000000E+00  0.000000E+00  0.869111E+03  0.215620E+06
  0.641274E+00  0.212801E+06  0.211700E+06  0.000000E+00  0.000000E+00  0.831802E+03  0.211300E+06
  0.649438E+00  0.208530E+06  0.207451E+06  0.000000E+00  0.000000E+00  0.796051E+03  0.207059E+06
  0.657705E+00  0.204343E+06  0.203285E+06  0.000000E+00  0.000000E+00  0.761812E+03  0.202901E+06
  0.666078E+00  0.200237E+06  0.199200E+06  0.000000E+00  0.000000E+00  0.729020E+03  0.198824E+06
  0.674558E+00  0.196213E+06  0.195197E+06  0.000000E+00  0.000000E+00  0.697622E+03  0.194828E+06
  0.683145E+00  0.192266E+06  0.191271E+06  0.000000E+00  0.000000E+00  0.667550E+03  0.190909E+06
  0.691842E+00  0.188395E+06  0.187420E+06  0.000000E+00  0.000000E+00  0.638750E+03  0.187065E+06
  0.700650E+00  0.184597E+06  0.183642E+06  0.000000E+00  0.000000E+00  0.611163E+03  0.183294E+06
  0.709570E+00  0.180871E+06  0.179936E+06  0.000000E+00  0.000000E+00  0.584740E+03  0.179594E+06
  0.718603E+00  0.177216E+06  0.176300E+06  0.000000E+00  0.000000E+00  0.559436E+03  0.175965E+06
  0.727751E+00  0.173632E+06  0.172734E+06  0.000000E+00  0.000000E+00  0.535205E+03  0.172406E+06
  0.737016E+00  0.170118E+06  0.169238E+06  0.000000E+00  0.000000E+00  0.512008E+03  0.168917E+06
  0.746398E+00  0.166672E+06  0.165810E+06  0.000000E+00  0.000000E+00  0.489797E+03  0.165495E+06
  0.801868E+00  0.148374E+06  0.147607E+06  0.000000E+00  0.000000E+00  0.380692E+03  0.147326E+06
  0.861460E+00  0.132011E+06  0.131329E+06  0.000000E+00  0.000000E+00  0.295553E+03  0.131079E+06
  0.925481E+00  0.117388E+06  0.116781E+06  0.000000E+00  0.000000E+00  0.229202E+03  0.116559E+06
  0.994259E+00  0.104327E+06  0.103787E+06  0.000000E+00  0.000000E+00  0.177556E+03  0.103589E+06
  0.106815E+01  0.926707E+05  0.921917E+05  0.000000E+00  0.000000E+00  0.137410E+03  0.920156E+05
  0.114753E+01  0.822774E+05  0.818521E+05  0.000000E+00  0.000000E+00  0.106242E+03  0.816956E+05
  0.123281E+01  0.730138E+05  0.726365E+05  0.000000E+00  0.000000E+00  0.820693E+02  0.724974E+05
  0.132443E+01  0.647619E+05  0.644273E+05  0.000000E+00  0.000000E+00  0.633411E+02  0.643039E+05
  0.142285E+01  0.574176E+05  0.571210E+05  0.000000E+00  0.000000E+00  0.488475E+02  0.570115E+05
  0.152860E+01  0.508834E+05  0.506205E+05  0.000000E+00  0.000000E+00  0.376407E+02  0.505235E+05
  0.164220E+01  0.450735E+05  0.448406E+05  0.000000E+00  0.000000E+00  0.289835E+02  0.447546E+05
  0.176424E+01  0.399109E+05  0.397047E+05  0.000000E+00  0.000000E+00  0.223020E+02  0.396285E+05
  0.189535E+01  0.353251E+05  0.351427E+05  0.000000E+00  0.000000E+00  0.236987E+02  0.350752E+05
  0.203621E+01  0.312544E+05  0.310930E+05  0.000000E+00  0.000000E+00  0.182379E+02  0.310333E+05
