  0.689857E-04  0.169784E+08  0.169784E+08  0.221231E+08  0.221223E+08  0.169779E+08  0.169783E+08
  0.768170E-04  0.169782E+08  0.169782E+08  0.220010E+08  0.220000E+08  0.169775E+08  0.169782E+08
  0.855373E-04  0.169779E+08  0.169779E+08  0.218504E+08  0.218492E+08  0.169771E+08  0.169779E+08
  0.952476E-04  0.169776E+08  0.169776E+08  0.216650E+08  0.216635E+08  0.169766E+08  0.169776E+08
  0.106060E-03  0.169772E+08  0.169772E+08  0.214371E+08  0.214353E+08  0.169759E+08  0.169772E+08
  0.118100E-03  0.169768E+08  0.169768E+08  0.211576E+08  0.211554E+08  0.169751E+08  0.169768E+08
  0.131507E-03  0.169762E+08  0.169762E+08  0.208157E+08  0.208130E+08  0.169741E+08  0.169762E+08
  0.146436E-03  0.169755E+08  0.169755E+08  0.203987E+08  0.203954E+08  0.169729E+08  0.169755E+08
  0.163059E-03  0.169747E+08  0.169747E+08  0.198924E+08  0.198884E+08  0.169713E+08  0.169746E+08
  0.181570E-03  0.169736E+08  0.169736E+08  0.192805E+08  0.192758E+08  0.169694E+08  0.169736E+08
  0.202182E-03  0.169723E+08  0.169723E+08  0.185459E+08  0.185404E+08  0.169671E+08  0.169722E+08
  0.225134E-03  0.169706E+08  0.169706E+08  0.176709E+08  0.176645E+08  0.169642E+08  0.169706E+08
  0.250691E-03  0.169686E+08  0.169686E+08  0.166387E+08  0.166314E+08  0.169606E+08  0.169686E+08
  0.279150E-03  0.169661E+08  0.169661E+08  0.154365E+08  0.154283E+08  0.169562E+08  0.169661E+08
  0.310839E-03  0.169631E+08  0.169631E+08  0.140578E+08  0.140490E+08  0.169507E+08  0.169630E+08
  0.346126E-03  0.169593E+08  0.169593E+08  0.125081E+08  0.124989E+08  0.169439E+08  0.169592E+08
  0.385418E-03  0.169547E+08  0.169547E+08  0.108096E+08  0.108006E+08  0.169356E+08  0.169546E+08
  0.429171E-03  0.169491E+08  0.169491E+08  0.900799E+07  0.899977E+07  0.169254E+08  0.169490E+08
  0.477891E-03  0.169423E+08  0.169423E+08  0.717597E+07  0.716940E+07  0.169129E+08  0.169421E+08
  0.532142E-03  0.169341E+08  0.169340E+08  0.541396E+07  0.540986E+07  0.168977E+08  0.169338E+08
  0.592551E-03  0.169241E+08  0.169240E+08  0.384118E+07  0.384011E+07  0.168790E+08  0.169238E+08
  0.659818E-03  0.169120E+08  0.169120E+08  0.257434E+07  0.257623E+07  0.168564E+08  0.169117E+08
  0.734721E-03  0.168976E+08  0.168975E+08  0.169251E+07  0.169636E+07  0.168289E+08  0.168971E+08
  0.818127E-03  0.168804E+08  0.168803E+08  0.119647E+07  0.120035E+07  0.167956E+08  0.168798E+08
  0.911001E-03  0.168599E+08  0.168598E+08  0.984658E+06  0.986436E+06  0.167556E+08  0.168592E+08
  0.101442E-02  0.168357E+08  0.168356E+08  0.878707E+06  0.877443E+06  0.167075E+08  0.168349E+08
  0.112958E-02  0.168072E+08  0.168070E+08  0.716301E+06  0.713486E+06  0.166499E+08  0.168061E+08
  0.125781E-02  0.167736E+08  0.167734E+08  0.467562E+06  0.466333E+06  0.165811E+08  0.167724E+08
  0.140059E-02  0.167343E+08  0.167341E+08  0.253420E+06  0.255058E+06  0.165000E+08  0.167328E+08
  0.155959E-02  0.166883E+08  0.166881E+08  0.182454E+06  0.183990E+06  0.164036E+08  0.166865E+08
  0.173664E-02  0.166348E+08  0.166345E+08  0.176502E+06  0.175225E+06  0.162903E+08  0.166326E+08
  0.193378E-02  0.165726E+08  0.165722E+08  0.106667E+06  0.105852E+06  0.161579E+08  0.165699E+08
  0.215331E-02  0.165006E+08  0.165001E+08  0.471333E+05  0.485448E+05  0.160044E+08  0.164974E+08
  0.239775E-02  0.164175E+08  0.164169E+08  0.548910E+05  0.537901E+05  0.158277E+08  0.164137E+08
  0.266994E-02  0.163220E+08  0.163213E+08  0.227219E+05  0.214451E+05  0.156262E+08  0.163176E+08
  0.297304E-02  0.162127E+08  0.162119E+08  0.198512E+05  0.168751E+05  0.153984E+08  0.162075E+08
  0.331054E-02  0.160882E+08  0.160871E+08  0.902883E+04  0.604844E+04  0.151432E+08  0.160821E+08
  0.368636E-02  0.159468E+08  0.159455E+08  0.524671E+04  0.581587E+04  0.148597E+08  0.159398E+08
  0.410483E-02  0.157871E+08  0.157855E+08 -0.263317E+04 -0.278449E+04  0.145466E+08  0.157791E+08
  0.457082E-02  0.156076E+08  0.156056E+08 -0.672737E+03 -0.111120E+04  0.142027E+08  0.155985E+08
  0.462023E-02  0.155885E+08  0.155865E+08 -0.209754E+04 -0.222779E+04  0.141666E+08  0.155792E+08
  0.467018E-02  0.155692E+08  0.155671E+08 -0.333569E+04 -0.317510E+04  0.141301E+08  0.155598E+08
  0.472067E-02  0.155496E+08  0.155476E+08 -0.414700E+04 -0.377563E+04  0.140933E+08  0.155402E+08
  0.477170E-02  0.155299E+08  0.155278E+08 -0.437758E+04 -0.392882E+04  0.140561E+08  0.155203E+08
  0.482329E-02  0.155099E+08  0.155077E+08 -0.399710E+04 -0.363496E+04  0.140186E+08  0.155002E+08
  0.487543E-02  0.154897E+08  0.154875E+08 -0.310987E+04 -0.299668E+04  0.139808E+08  0.154799E+08
  0.492814E-02  0.154693E+08  0.154670E+08  0.000000E+00  0.000000E+00  0.139427E+08  0.154593E+08
  0.498141E-02  0.154486E+08  0.154464E+08  0.000000E+00  0.000000E+00  0.139042E+08  0.154386E+08
  0.503527E-02  0.154278E+08  0.154254E+08  0.000000E+00  0.000000E+00  0.138653E+08  0.154176E+08
  0.508970E-02  0.154067E+08  0.154043E+08  0.000000E+00  0.000000E+00  0.138261E+08  0.153964E+08
  0.514472E-02  0.153854E+08  0.153829E+08  0.000000E+00  0.000000E+00  0.137866E+08  0.153749E+08
  0.520034E-02  0.153638E+08  0.153613E+08  0.000000E+00  0.000000E+00  0.137467E+08  0.153533E+08
  0.525656E-02  0.153420E+08  0.153395E+08  0.000000E+00  0.000000E+00  0.137065E+08  0.153313E+08
  0.531339E-02  0.153200E+08  0.153174E+08  0.000000E+00  0.000000E+00  0.136659E+08  0.153092E+08
  0.537083E-02  0.152977E+08  0.152951E+08  0.000000E+00  0.000000E+00  0.136249E+08  0.152868E+08
  0.542889E-02  0.152752E+08  0.152725E+08  0.000000E+00  0.000000E+00  0.135836E+08  0.152642E+08
  0.548758E-02  0.152525E+08  0.152498E+08  0.000000E+00  0.000000E+00  0.135420E+08  0.152413E+08
  0.554691E-02  0.152295E+08  0.152267E+08  0.000000E+00  0.000000E+00  0.135000E+08  0.152182E+08
  0.560687E-02  0.152063E+08  0.152034E+08  0.000000E+00  0.000000E+00  0.134576E+08  0.151949E+08
  0.566749E-02  0.151828E+08  0.151799E+08  0.000000E+00  0.000000E+00  0.134148E+08  0.151713E+08
  0.572876E-02  0.151591E+08  0.151562E+08  0.000000E+00  0.000000E+00  0.133717E+08  0.151475E+08
  0.579069E-02  0.151352E+08  0.151322E+08  0.000000E+00  0.000000E+00  0.133283E+08  0.151234E+08
  0.585329E-02  0.151110E+08  0.151079E+08  0.000000E+00  0.000000E+00  0.132844E+08  0.150990E+08
  0.591657E-02  0.150865E+08  0.150834E+08  0.000000E+00  0.000000E+00  0.132402E+08  0.150745E+08
  0.598053E-02  0.150618E+08  0.150586E+08  0.000000E+00  0.000000E+00  0.131957E+08  0.150496E+08
  0.604519E-02  0.150369E+08  0.150336E+08  0.000000E+00  0.000000E+00  0.131507E+08  0.150245E+08
  0.611054E-02  0.150117E+08  0.150083E+08  0.000000E+00  0.000000E+00  0.131054E+08  0.149992E+08
  0.617660E-02  0.149862E+08  0.149828E+08  0.000000E+00  0.000000E+00  0.130597E+08  0.149736E+08
  0.624337E-02  0.149605E+08  0.149570E+08  0.000000E+00  0.000000E+00  0.130137E+08  0.149477E+08
  0.631087E-02  0.149345E+08  0.149309E+08  0.000000E+00  0.000000E+00  0.129673E+08  0.149216E+08
  0.637909E-02  0.149083E+08  0.149046E+08  0.000000E+00  0.000000E+00  0.129205E+08  0.148952E+08
  0.644805E-02  0.148818E+08  0.148781E+08  0.000000E+00  0.000000E+00  0.128733E+08  0.148686E+08
  0.651776E-02  0.148550E+08  0.148512E+08  0.000000E+00  0.000000E+00  0.128258E+08  0.148417E+08
  0.658822E-02  0.148280E+08  0.148241E+08  0.000000E+00  0.000000E+00  0.127779E+08  0.148145E+08
  0.665945E-02  0.148007E+08  0.147967E+08  0.000000E+00  0.000000E+00  0.127296E+08  0.147870E+08
  0.673144E-02  0.147731E+08  0.147691E+08  0.000000E+00  0.000000E+00  0.126810E+08  0.147593E+08
  0.680421E-02  0.147453E+08  0.147411E+08  0.000000E+00  0.000000E+00  0.126320E+08  0.147313E+08
  0.687777E-02  0.147171E+08  0.147129E+08  0.000000E+00  0.000000E+00  0.125826E+08  0.147031E+08
  0.695212E-02  0.146887E+08  0.146845E+08  0.000000E+00  0.000000E+00  0.125328E+08  0.146745E+08
  0.702728E-02  0.146601E+08  0.146557E+08  0.000000E+00  0.000000E+00  0.124827E+08  0.146457E+08
  0.710325E-02  0.146311E+08  0.146267E+08  0.000000E+00  0.000000E+00  0.124322E+08  0.146166E+08
  0.718004E-02  0.146019E+08  0.145974E+08  0.000000E+00  0.000000E+00  0.123814E+08  0.145873E+08
  0.725766E-02  0.145724E+08  0.145678E+08  0.000000E+00  0.000000E+00  0.123301E+08  0.145576E+08
  0.733612E-02  0.145426E+08  0.145379E+08  0.000000E+00  0.000000E+00  0.122785E+08  0.145277E+08
  0.741543E-02  0.145126E+08  0.145077E+08  0.000000E+00  0.000000E+00  0.122266E+08  0.144975E+08
  0.749560E-02  0.144822E+08  0.144773E+08  0.000000E+00  0.000000E+00  0.121743E+08  0.144669E+08
  0.757663E-02  0.144516E+08  0.144465E+08  0.000000E+00  0.000000E+00  0.121216E+08  0.144362E+08
  0.765854E-02  0.144206E+08  0.144155E+08  0.000000E+00  0.000000E+00  0.120686E+08  0.144051E+08
  0.774133E-02  0.143894E+08  0.143842E+08  0.000000E+00  0.000000E+00  0.120152E+08  0.143737E+08
  0.782502E-02  0.143579E+08  0.143526E+08  0.000000E+00  0.000000E+00  0.119614E+08  0.143420E+08
  0.790962E-02  0.143261E+08  0.143206E+08  0.000000E+00  0.000000E+00  0.119073E+08  0.143101E+08
  0.799512E-02  0.142940E+08  0.142884E+08  0.000000E+00  0.000000E+00  0.118529E+08  0.142778E+08
  0.808156E-02  0.142616E+08  0.142559E+08  0.000000E+00  0.000000E+00  0.117981E+08  0.142452E+08
  0.816893E-02  0.142289E+08  0.142231E+08  0.000000E+00  0.000000E+00  0.117429E+08  0.142124E+08
  0.825724E-02  0.141959E+08  0.141900E+08  0.000000E+00  0.000000E+00  0.116874E+08  0.141792E+08
  0.834650E-02  0.141626E+08  0.141566E+08  0.000000E+00  0.000000E+00  0.116316E+08  0.141457E+08
  0.843674E-02  0.141290E+08  0.141228E+08  0.000000E+00  0.000000E+00  0.115754E+08  0.141120E+08
  0.852794E-02  0.140950E+08  0.140888E+08  0.000000E+00  0.000000E+00  0.115188E+08  0.140779E+08
  0.862014E-02  0.140608E+08  0.140545E+08  0.000000E+00  0.000000E+00  0.114619E+08  0.140435E+08
  0.871333E-02  0.140263E+08  0.140198E+08  0.000000E+00  0.000000E+00  0.114047E+08  0.140088E+08
  0.880752E-02  0.139914E+08  0.139848E+08  0.000000E+00  0.000000E+00  0.113472E+08  0.139738E+08
  0.890274E-02  0.139563E+08  0.139495E+08  0.000000E+00  0.000000E+00  0.112893E+08  0.139385E+08
  0.899898E-02  0.139208E+08  0.139139E+08  0.000000E+00  0.000000E+00  0.112311E+08  0.139029E+08
  0.909627E-02  0.138850E+08  0.138780E+08  0.000000E+00  0.000000E+00  0.111725E+08  0.138669E+08
  0.919461E-02  0.138489E+08  0.138418E+08  0.000000E+00  0.000000E+00  0.111137E+08  0.138306E+08
  0.929401E-02  0.138125E+08  0.138052E+08  0.000000E+00  0.000000E+00  0.110545E+08  0.137940E+08
  0.939448E-02  0.137758E+08  0.137683E+08  0.000000E+00  0.000000E+00  0.109949E+08  0.137571E+08
  0.949604E-02  0.137387E+08  0.137311E+08  0.000000E+00  0.000000E+00  0.109351E+08  0.137199E+08
  0.959870E-02  0.137013E+08  0.136936E+08  0.000000E+00  0.000000E+00  0.108750E+08  0.136823E+08
  0.970247E-02  0.136636E+08  0.136557E+08  0.000000E+00  0.000000E+00  0.108145E+08  0.136445E+08
  0.980736E-02  0.136255E+08  0.136175E+08  0.000000E+00  0.000000E+00  0.107537E+08  0.136062E+08
  0.991338E-02  0.135871E+08  0.135790E+08  0.000000E+00  0.000000E+00  0.106926E+08  0.135677E+08
  0.100206E-01  0.135484E+08  0.135401E+08  0.000000E+00  0.000000E+00  0.106313E+08  0.135288E+08
  0.101289E-01  0.135094E+08  0.135009E+08  0.000000E+00  0.000000E+00  0.105696E+08  0.134896E+08
  0.102384E-01  0.134700E+08  0.134613E+08  0.000000E+00  0.000000E+00  0.105076E+08  0.134501E+08
  0.103491E-01  0.134303E+08  0.134215E+08  0.000000E+00  0.000000E+00  0.104453E+08  0.134102E+08
  0.104609E-01  0.133902E+08  0.133812E+08  0.000000E+00  0.000000E+00  0.103828E+08  0.133700E+08
  0.105740E-01  0.133499E+08  0.133407E+08  0.000000E+00  0.000000E+00  0.103199E+08  0.133294E+08
  0.106884E-01  0.133091E+08  0.132998E+08  0.000000E+00  0.000000E+00  0.102568E+08  0.132885E+08
  0.108039E-01  0.132680E+08  0.132585E+08  0.000000E+00  0.000000E+00  0.101934E+08  0.132473E+08
  0.109207E-01  0.132266E+08  0.132169E+08  0.000000E+00  0.000000E+00  0.101297E+08  0.132057E+08
  0.110388E-01  0.131849E+08  0.131750E+08  0.000000E+00  0.000000E+00  0.100657E+08  0.131637E+08
  0.111581E-01  0.131427E+08  0.131327E+08  0.000000E+00  0.000000E+00  0.100015E+08  0.131215E+08
  0.112787E-01  0.131003E+08  0.130900E+08  0.000000E+00  0.000000E+00  0.993700E+07  0.130788E+08
  0.114007E-01  0.130575E+08  0.130470E+08  0.000000E+00  0.000000E+00  0.987225E+07  0.130358E+08
  0.115239E-01  0.130143E+08  0.130036E+08  0.000000E+00  0.000000E+00  0.980724E+07  0.129925E+08
  0.116485E-01  0.129708E+08  0.129599E+08  0.000000E+00  0.000000E+00  0.974198E+07  0.129488E+08
  0.117744E-01  0.129269E+08  0.129158E+08  0.000000E+00  0.000000E+00  0.967647E+07  0.129048E+08
  0.119017E-01  0.128826E+08  0.128714E+08  0.000000E+00  0.000000E+00  0.961072E+07  0.128604E+08
  0.120304E-01  0.128380E+08  0.128266E+08  0.000000E+00  0.000000E+00  0.954473E+07  0.128156E+08
  0.121604E-01  0.127931E+08  0.127814E+08  0.000000E+00  0.000000E+00  0.947851E+07  0.127705E+08
  0.122919E-01  0.127478E+08  0.127359E+08  0.000000E+00  0.000000E+00  0.941206E+07  0.127250E+08
  0.124248E-01  0.127021E+08  0.126900E+08  0.000000E+00  0.000000E+00  0.934538E+07  0.126791E+08
  0.125591E-01  0.126560E+08  0.126437E+08  0.000000E+00  0.000000E+00  0.927849E+07  0.126329E+08
  0.126949E-01  0.126096E+08  0.125971E+08  0.000000E+00  0.000000E+00  0.921138E+07  0.125863E+08
  0.128321E-01  0.125628E+08  0.125501E+08  0.000000E+00  0.000000E+00  0.914406E+07  0.125394E+08
  0.129708E-01  0.125157E+08  0.125027E+08  0.000000E+00  0.000000E+00  0.907654E+07  0.124921E+08
  0.131111E-01  0.124682E+08  0.124549E+08  0.000000E+00  0.000000E+00  0.900882E+07  0.124444E+08
  0.132528E-01  0.124203E+08  0.124068E+08  0.000000E+00  0.000000E+00  0.894090E+07  0.123964E+08
  0.133961E-01  0.123720E+08  0.123583E+08  0.000000E+00  0.000000E+00  0.887280E+07  0.123479E+08
  0.135409E-01  0.123234E+08  0.123094E+08  0.000000E+00  0.000000E+00  0.880451E+07  0.122991E+08
  0.136873E-01  0.122744E+08  0.122601E+08  0.000000E+00  0.000000E+00  0.873605E+07  0.122500E+08
  0.138352E-01  0.122250E+08  0.122105E+08  0.000000E+00  0.000000E+00  0.866741E+07  0.122004E+08
  0.139848E-01  0.121752E+08  0.121605E+08  0.000000E+00  0.000000E+00  0.859861E+07  0.121505E+08
  0.141360E-01  0.121251E+08  0.121101E+08  0.000000E+00  0.000000E+00  0.852965E+07  0.121002E+08
  0.142888E-01  0.120746E+08  0.120593E+08  0.000000E+00  0.000000E+00  0.846054E+07  0.120495E+08
  0.144433E-01  0.120237E+08  0.120081E+08  0.000000E+00  0.000000E+00  0.839128E+07  0.119984E+08
  0.145994E-01  0.119724E+08  0.119566E+08  0.000000E+00  0.000000E+00  0.832188E+07  0.119470E+08
  0.147573E-01  0.119207E+08  0.119046E+08  0.000000E+00  0.000000E+00  0.825234E+07  0.118952E+08
  0.149168E-01  0.118687E+08  0.118523E+08  0.000000E+00  0.000000E+00  0.818268E+07  0.118430E+08
  0.150781E-01  0.118163E+08  0.117996E+08  0.000000E+00  0.000000E+00  0.811289E+07  0.117904E+08
  0.152411E-01  0.117634E+08  0.117465E+08  0.000000E+00  0.000000E+00  0.804299E+07  0.117375E+08
  0.154058E-01  0.117103E+08  0.116931E+08  0.000000E+00  0.000000E+00  0.797298E+07  0.116841E+08
  0.155724E-01  0.116567E+08  0.116392E+08  0.000000E+00  0.000000E+00  0.790286E+07  0.116304E+08
  0.157407E-01  0.116027E+08  0.115849E+08  0.000000E+00  0.000000E+00  0.783265E+07  0.115763E+08
  0.159109E-01  0.115484E+08  0.115303E+08  0.000000E+00  0.000000E+00  0.776236E+07  0.115218E+08
  0.160829E-01  0.114937E+08  0.114753E+08  0.000000E+00  0.000000E+00  0.769198E+07  0.114669E+08
  0.162568E-01  0.114386E+08  0.114199E+08  0.000000E+00  0.000000E+00  0.762153E+07  0.114117E+08
  0.164325E-01  0.113831E+08  0.113641E+08  0.000000E+00  0.000000E+00  0.755102E+07  0.113561E+08
  0.166102E-01  0.113272E+08  0.113079E+08  0.000000E+00  0.000000E+00  0.748044E+07  0.113001E+08
  0.167897E-01  0.112709E+08  0.112513E+08  0.000000E+00  0.000000E+00  0.740982E+07  0.112437E+08
  0.169712E-01  0.112143E+08  0.111944E+08  0.000000E+00  0.000000E+00  0.733915E+07  0.111869E+08
  0.171547E-01  0.111573E+08  0.111370E+08  0.000000E+00  0.000000E+00  0.726845E+07  0.111297E+08
  0.173402E-01  0.110999E+08  0.110793E+08  0.000000E+00  0.000000E+00  0.719771E+07  0.110722E+08
  0.175276E-01  0.110421E+08  0.110212E+08  0.000000E+00  0.000000E+00  0.712696E+07  0.110143E+08
  0.177171E-01  0.109840E+08  0.109627E+08  0.000000E+00  0.000000E+00  0.705620E+07  0.109560E+08
  0.179086E-01  0.109254E+08  0.109039E+08  0.000000E+00  0.000000E+00  0.698543E+07  0.108974E+08
  0.181023E-01  0.108665E+08  0.108446E+08  0.000000E+00  0.000000E+00  0.691467E+07  0.108383E+08
  0.182979E-01  0.108073E+08  0.107850E+08  0.000000E+00  0.000000E+00  0.684392E+07  0.107789E+08
  0.184958E-01  0.107476E+08  0.107250E+08  0.000000E+00  0.000000E+00  0.677319E+07  0.107192E+08
  0.186957E-01  0.106876E+08  0.106647E+08  0.000000E+00  0.000000E+00  0.670249E+07  0.106590E+08
  0.188978E-01  0.106272E+08  0.106040E+08  0.000000E+00  0.000000E+00  0.663183E+07  0.105986E+08
  0.191021E-01  0.105665E+08  0.105429E+08  0.000000E+00  0.000000E+00  0.656122E+07  0.105377E+08
  0.193086E-01  0.105054E+08  0.104814E+08  0.000000E+00  0.000000E+00  0.649066E+07  0.104765E+08
  0.195174E-01  0.104439E+08  0.104196E+08  0.000000E+00  0.000000E+00  0.642017E+07  0.104149E+08
  0.197284E-01  0.103821E+08  0.103575E+08  0.000000E+00  0.000000E+00  0.634975E+07  0.103530E+08
  0.199416E-01  0.103200E+08  0.102949E+08  0.000000E+00  0.000000E+00  0.627941E+07  0.102907E+08
  0.201572E-01  0.102575E+08  0.102321E+08  0.000000E+00  0.000000E+00  0.620917E+07  0.102281E+08
  0.203751E-01  0.101946E+08  0.101689E+08  0.000000E+00  0.000000E+00  0.613903E+07  0.101652E+08
  0.205954E-01  0.101314E+08  0.101053E+08  0.000000E+00  0.000000E+00  0.606900E+07  0.101019E+08
  0.208181E-01  0.100679E+08  0.100414E+08  0.000000E+00  0.000000E+00  0.599909E+07  0.100382E+08
  0.210431E-01  0.100040E+08  0.997721E+07  0.000000E+00  0.000000E+00  0.592931E+07  0.997430E+07
  0.212706E-01  0.993985E+07  0.991267E+07  0.000000E+00  0.000000E+00  0.585967E+07  0.991003E+07
  0.215006E-01  0.987535E+07  0.984781E+07  0.000000E+00  0.000000E+00  0.579018E+07  0.984544E+07
  0.217330E-01  0.981054E+07  0.978264E+07  0.000000E+00  0.000000E+00  0.572084E+07  0.978055E+07
  0.219680E-01  0.974543E+07  0.971716E+07  0.000000E+00  0.000000E+00  0.565168E+07  0.971535E+07
  0.222054E-01  0.968001E+07  0.965139E+07  0.000000E+00  0.000000E+00  0.558270E+07  0.964986E+07
  0.224455E-01  0.961430E+07  0.958532E+07  0.000000E+00  0.000000E+00  0.551391E+07  0.958408E+07
  0.226881E-01  0.954831E+07  0.951896E+07  0.000000E+00  0.000000E+00  0.544531E+07  0.951801E+07
  0.229334E-01  0.948204E+07  0.945233E+07  0.000000E+00  0.000000E+00  0.537693E+07  0.945167E+07
  0.231814E-01  0.941549E+07  0.938543E+07  0.000000E+00  0.000000E+00  0.530877E+07  0.938506E+07
  0.234320E-01  0.934869E+07  0.931827E+07  0.000000E+00  0.000000E+00  0.524084E+07  0.931820E+07
  0.236853E-01  0.928163E+07  0.925086E+07  0.000000E+00  0.000000E+00  0.517315E+07  0.925108E+07
  0.239413E-01  0.921433E+07  0.918320E+07  0.000000E+00  0.000000E+00  0.510571E+07  0.918372E+07
  0.242002E-01  0.914679E+07  0.911532E+07  0.000000E+00  0.000000E+00  0.503854E+07  0.911613E+07
  0.244618E-01  0.907903E+07  0.904721E+07  0.000000E+00  0.000000E+00  0.497164E+07  0.904832E+07
  0.247262E-01  0.901105E+07  0.897889E+07  0.000000E+00  0.000000E+00  0.490503E+07  0.898030E+07
  0.249935E-01  0.894287E+07  0.891037E+07  0.000000E+00  0.000000E+00  0.483872E+07  0.891208E+07
  0.252637E-01  0.887450E+07  0.884166E+07  0.000000E+00  0.000000E+00  0.477271E+07  0.884367E+07
  0.255368E-01  0.880595E+07  0.877277E+07  0.000000E+00  0.000000E+00  0.470702E+07  0.877509E+07
  0.258129E-01  0.873723E+07  0.870372E+07  0.000000E+00  0.000000E+00  0.464165E+07  0.870634E+07
  0.260920E-01  0.866835E+07  0.863452E+07  0.000000E+00  0.000000E+00  0.457663E+07  0.863743E+07
  0.263740E-01  0.859933E+07  0.856518E+07  0.000000E+00  0.000000E+00  0.451197E+07  0.856839E+07
  0.266592E-01  0.853018E+07  0.849572E+07  0.000000E+00  0.000000E+00  0.444766E+07  0.849922E+07
  0.269474E-01  0.846091E+07  0.842614E+07  0.000000E+00  0.000000E+00  0.438373E+07  0.842994E+07
  0.272387E-01  0.839154E+07  0.835647E+07  0.000000E+00  0.000000E+00  0.432018E+07  0.836056E+07
  0.275332E-01  0.832208E+07  0.828672E+07  0.000000E+00  0.000000E+00  0.425703E+07  0.829110E+07
  0.278308E-01  0.825256E+07  0.821691E+07  0.000000E+00  0.000000E+00  0.419429E+07  0.822157E+07
  0.281317E-01  0.818297E+07  0.814705E+07  0.000000E+00  0.000000E+00  0.413197E+07  0.815199E+07
  0.284358E-01  0.811335E+07  0.807715E+07  0.000000E+00  0.000000E+00  0.407007E+07  0.808237E+07
  0.287432E-01  0.804371E+07  0.800725E+07  0.000000E+00  0.000000E+00  0.400862E+07  0.801274E+07
  0.290540E-01  0.797405E+07  0.793734E+07  0.000000E+00  0.000000E+00  0.394761E+07  0.794310E+07
  0.293680E-01  0.790441E+07  0.786746E+07  0.000000E+00  0.000000E+00  0.388707E+07  0.787348E+07
  0.296855E-01  0.783480E+07  0.779762E+07  0.000000E+00  0.000000E+00  0.382700E+07  0.780390E+07
  0.300065E-01  0.776524E+07  0.772783E+07  0.000000E+00  0.000000E+00  0.376742E+07  0.773436E+07
  0.303308E-01  0.769574E+07  0.765812E+07  0.000000E+00  0.000000E+00  0.370832E+07  0.766490E+07
  0.306587E-01  0.762633E+07  0.758851E+07  0.000000E+00  0.000000E+00  0.364974E+07  0.759552E+07
  0.309902E-01  0.755703E+07  0.751902E+07  0.000000E+00  0.000000E+00  0.359166E+07  0.752626E+07
  0.313252E-01  0.748785E+07  0.744966E+07  0.000000E+00  0.000000E+00  0.353411E+07  0.745713E+07
  0.316639E-01  0.741881E+07  0.738047E+07  0.000000E+00  0.000000E+00  0.347709E+07  0.738814E+07
  0.320062E-01  0.734994E+07  0.731145E+07  0.000000E+00  0.000000E+00  0.342062E+07  0.731933E+07
  0.323522E-01  0.728126E+07  0.724263E+07  0.000000E+00  0.000000E+00  0.336470E+07  0.725071E+07
  0.327019E-01  0.721279E+07  0.717404E+07  0.000000E+00  0.000000E+00  0.330934E+07  0.718230E+07
  0.330555E-01  0.714454E+07  0.710569E+07  0.000000E+00  0.000000E+00  0.325456E+07  0.711412E+07
  0.334128E-01  0.707655E+07  0.703761E+07  0.000000E+00  0.000000E+00  0.320036E+07  0.704620E+07
  0.337740E-01  0.700883E+07  0.696982E+07  0.000000E+00  0.000000E+00  0.314674E+07  0.697856E+07
  0.341392E-01  0.694141E+07  0.690234E+07  0.000000E+00  0.000000E+00  0.309373E+07  0.691122E+07
  0.345082E-01  0.687430E+07  0.683519E+07  0.000000E+00  0.000000E+00  0.304132E+07  0.684420E+07
  0.348813E-01  0.680754E+07  0.676840E+07  0.000000E+00  0.000000E+00  0.298952E+07  0.677752E+07
  0.352584E-01  0.674113E+07  0.670199E+07  0.000000E+00  0.000000E+00  0.293835E+07  0.671121E+07
  0.356395E-01  0.667511E+07  0.663598E+07  0.000000E+00  0.000000E+00  0.288780E+07  0.664529E+07
  0.360248E-01  0.660950E+07  0.657040E+07  0.000000E+00  0.000000E+00  0.283789E+07  0.657978E+07
  0.364143E-01  0.654432E+07  0.650527E+07  0.000000E+00  0.000000E+00  0.278862E+07  0.651471E+07
  0.368079E-01  0.647958E+07  0.644060E+07  0.000000E+00  0.000000E+00  0.273999E+07  0.645008E+07
  0.372059E-01  0.641531E+07  0.637642E+07  0.000000E+00  0.000000E+00  0.269201E+07  0.638593E+07
  0.376081E-01  0.635153E+07  0.631276E+07  0.000000E+00  0.000000E+00  0.264468E+07  0.632227E+07
  0.380147E-01  0.628828E+07  0.624963E+07  0.000000E+00  0.000000E+00  0.259802E+07  0.625914E+07
  0.384256E-01  0.622556E+07  0.618706E+07  0.000000E+00  0.000000E+00  0.255202E+07  0.619655E+07
  0.388410E-01  0.616341E+07  0.612508E+07  0.000000E+00  0.000000E+00  0.250669E+07  0.613453E+07
  0.392609E-01  0.610183E+07  0.606370E+07  0.000000E+00  0.000000E+00  0.246204E+07  0.607309E+07
  0.396854E-01  0.604086E+07  0.600294E+07  0.000000E+00  0.000000E+00  0.241806E+07  0.601226E+07
  0.401144E-01  0.598050E+07  0.594281E+07  0.000000E+00  0.000000E+00  0.237476E+07  0.595204E+07
  0.405481E-01  0.592078E+07  0.588334E+07  0.000000E+00  0.000000E+00  0.233213E+07  0.589246E+07
  0.409864E-01  0.586170E+07  0.582454E+07  0.000000E+00  0.000000E+00  0.229018E+07  0.583354E+07
  0.414295E-01  0.580328E+07  0.576643E+07  0.000000E+00  0.000000E+00  0.224892E+07  0.577528E+07
  0.418774E-01  0.574555E+07  0.570901E+07  0.000000E+00  0.000000E+00  0.220833E+07  0.571770E+07
  0.423301E-01  0.568851E+07  0.565231E+07  0.000000E+00  0.000000E+00  0.216841E+07  0.566082E+07
  0.427877E-01  0.563217E+07  0.559633E+07  0.000000E+00  0.000000E+00  0.212917E+07  0.560464E+07
  0.432503E-01  0.557656E+07  0.554110E+07  0.000000E+00  0.000000E+00  0.209060E+07  0.554919E+07
  0.437179E-01  0.552168E+07  0.548662E+07  0.000000E+00  0.000000E+00  0.205270E+07  0.549448E+07
  0.441905E-01  0.546754E+07  0.543290E+07  0.000000E+00  0.000000E+00  0.201547E+07  0.544051E+07
  0.446682E-01  0.541415E+07  0.537996E+07  0.000000E+00  0.000000E+00  0.197889E+07  0.538730E+07
  0.451511E-01  0.536152E+07  0.532779E+07  0.000000E+00  0.000000E+00  0.194297E+07  0.533485E+07
  0.456392E-01  0.530966E+07  0.527641E+07  0.000000E+00  0.000000E+00  0.190771E+07  0.528316E+07
  0.461326E-01  0.525856E+07  0.522581E+07  0.000000E+00  0.000000E+00  0.187308E+07  0.523224E+07
  0.466313E-01  0.520822E+07  0.517599E+07  0.000000E+00  0.000000E+00  0.183910E+07  0.518209E+07
  0.471355E-01  0.515866E+07  0.512696E+07  0.000000E+00  0.000000E+00  0.180575E+07  0.513271E+07
  0.476450E-01  0.510986E+07  0.507870E+07  0.000000E+00  0.000000E+00  0.177302E+07  0.508409E+07
  0.481601E-01  0.506182E+07  0.503123E+07  0.000000E+00  0.000000E+00  0.174091E+07  0.503624E+07
  0.486807E-01  0.501454E+07  0.498452E+07  0.000000E+00  0.000000E+00  0.170940E+07  0.498915E+07
  0.492070E-01  0.496800E+07  0.493858E+07  0.000000E+00  0.000000E+00  0.167849E+07  0.494280E+07
  0.497390E-01  0.492221E+07  0.489339E+07  0.000000E+00  0.000000E+00  0.164815E+07  0.489720E+07
  0.502767E-01  0.487714E+07  0.484893E+07  0.000000E+00  0.000000E+00  0.161839E+07  0.485232E+07
  0.508202E-01  0.483278E+07  0.480519E+07  0.000000E+00  0.000000E+00  0.158918E+07  0.480815E+07
  0.513696E-01  0.478911E+07  0.476216E+07  0.000000E+00  0.000000E+00  0.156052E+07  0.476467E+07
  0.519250E-01  0.474611E+07  0.471980E+07  0.000000E+00  0.000000E+00  0.153239E+07  0.472187E+07
  0.524863E-01  0.470377E+07  0.467810E+07  0.000000E+00  0.000000E+00  0.150478E+07  0.467972E+07
  0.530537E-01  0.466206E+07  0.463704E+07  0.000000E+00  0.000000E+00  0.147769E+07  0.463820E+07
  0.536273E-01  0.462095E+07  0.459659E+07  0.000000E+00  0.000000E+00  0.145108E+07  0.459729E+07
  0.542070E-01  0.458044E+07  0.455672E+07  0.000000E+00  0.000000E+00  0.142495E+07  0.455696E+07
  0.547930E-01  0.454047E+07  0.451741E+07  0.000000E+00  0.000000E+00  0.139929E+07  0.451719E+07
  0.553854E-01  0.450104E+07  0.447862E+07  0.000000E+00  0.000000E+00  0.137407E+07  0.447794E+07
  0.559841E-01  0.446209E+07  0.444032E+07  0.000000E+00  0.000000E+00  0.134929E+07  0.443918E+07
  0.568083E-01  0.440988E+07  0.438898E+07  0.000000E+00  0.000000E+00  0.131628E+07  0.438723E+07
  0.576326E-01  0.435915E+07  0.433909E+07  0.000000E+00  0.000000E+00  0.128446E+07  0.433674E+07
  0.584568E-01  0.430976E+07  0.429050E+07  0.000000E+00  0.000000E+00  0.125376E+07  0.428759E+07
  0.592810E-01  0.426156E+07  0.424309E+07  0.000000E+00  0.000000E+00  0.122408E+07  0.423963E+07
  0.601052E-01  0.421445E+07  0.419672E+07  0.000000E+00  0.000000E+00  0.119537E+07  0.419275E+07
  0.609294E-01  0.416830E+07  0.415126E+07  0.000000E+00  0.000000E+00  0.116756E+07  0.414682E+07
  0.617536E-01  0.412298E+07  0.410662E+07  0.000000E+00  0.000000E+00  0.114060E+07  0.410173E+07
  0.625778E-01  0.407840E+07  0.406266E+07  0.000000E+00  0.000000E+00  0.111443E+07  0.405736E+07
  0.634020E-01  0.403445E+07  0.401928E+07  0.000000E+00  0.000000E+00  0.108900E+07  0.401361E+07
  0.642262E-01  0.399104E+07  0.397640E+07  0.000000E+00  0.000000E+00  0.106425E+07  0.397040E+07
  0.650504E-01  0.394808E+07  0.393393E+07  0.000000E+00  0.000000E+00  0.104015E+07  0.392763E+07
  0.658746E-01  0.390550E+07  0.389179E+07  0.000000E+00  0.000000E+00  0.101666E+07  0.388524E+07
  0.666988E-01  0.386323E+07  0.384992E+07  0.000000E+00  0.000000E+00  0.993745E+06  0.384316E+07
  0.675230E-01  0.382123E+07  0.380827E+07  0.000000E+00  0.000000E+00  0.971379E+06  0.380132E+07
  0.683472E-01  0.377942E+07  0.376677E+07  0.000000E+00  0.000000E+00  0.949524E+06  0.375969E+07
  0.691714E-01  0.373778E+07  0.372539E+07  0.000000E+00  0.000000E+00  0.928157E+06  0.371822E+07
  0.699956E-01  0.369626E+07  0.368409E+07  0.000000E+00  0.000000E+00  0.907260E+06  0.367686E+07
  0.708198E-01  0.365484E+07  0.364285E+07  0.000000E+00  0.000000E+00  0.886816E+06  0.363560E+07
  0.716440E-01  0.361349E+07  0.360164E+07  0.000000E+00  0.000000E+00  0.866805E+06  0.359441E+07
  0.724682E-01  0.357221E+07  0.356045E+07  0.000000E+00  0.000000E+00  0.847210E+06  0.355328E+07
  0.732924E-01  0.353098E+07  0.351929E+07  0.000000E+00  0.000000E+00  0.828020E+06  0.351220E+07
  0.741166E-01  0.348981E+07  0.347815E+07  0.000000E+00  0.000000E+00  0.809228E+06  0.347118E+07
  0.749408E-01  0.344871E+07  0.343704E+07  0.000000E+00  0.000000E+00  0.790825E+06  0.343021E+07
  0.757650E-01  0.340767E+07  0.339597E+07  0.000000E+00  0.000000E+00  0.772801E+06  0.338932E+07
  0.765892E-01  0.336673E+07  0.335496E+07  0.000000E+00  0.000000E+00  0.755147E+06  0.334851E+07
  0.774134E-01  0.332588E+07  0.331403E+07  0.000000E+00  0.000000E+00  0.737861E+06  0.330780E+07
  0.782376E-01  0.328517E+07  0.327320E+07  0.000000E+00  0.000000E+00  0.720941E+06  0.326722E+07
  0.790618E-01  0.324461E+07  0.323252E+07  0.000000E+00  0.000000E+00  0.704382E+06  0.322679E+07
  0.798860E-01  0.320425E+07  0.319201E+07  0.000000E+00  0.000000E+00  0.688181E+06  0.318655E+07
  0.807102E-01  0.316411E+07  0.315170E+07  0.000000E+00  0.000000E+00  0.672337E+06  0.314654E+07
  0.815344E-01  0.312423E+07  0.311165E+07  0.000000E+00  0.000000E+00  0.656851E+06  0.310679E+07
  0.823586E-01  0.308464E+07  0.307189E+07  0.000000E+00  0.000000E+00  0.641720E+06  0.306733E+07
  0.831828E-01  0.304540E+07  0.303246E+07  0.000000E+00  0.000000E+00  0.626941E+06  0.302821E+07
  0.840070E-01  0.300653E+07  0.299340E+07  0.000000E+00  0.000000E+00  0.612516E+06  0.298947E+07
  0.848312E-01  0.296808E+07  0.295476E+07  0.000000E+00  0.000000E+00  0.598444E+06  0.295114E+07
  0.856554E-01  0.293009E+07  0.291658E+07  0.000000E+00  0.000000E+00  0.584725E+06  0.291327E+07
  0.864796E-01  0.289260E+07  0.287891E+07  0.000000E+00  0.000000E+00  0.571359E+06  0.287591E+07
  0.873038E-01  0.285565E+07  0.284178E+07  0.000000E+00  0.000000E+00  0.558342E+06  0.283908E+07
  0.881280E-01  0.281927E+07  0.280524E+07  0.000000E+00  0.000000E+00  0.545675E+06  0.280283E+07
  0.889522E-01  0.278351E+07  0.276931E+07  0.000000E+00  0.000000E+00  0.533355E+06  0.276718E+07
  0.897764E-01  0.274839E+07  0.273404E+07  0.000000E+00  0.000000E+00  0.521377E+06  0.273218E+07
  0.906006E-01  0.271394E+07  0.269946E+07  0.000000E+00  0.000000E+00  0.509741E+06  0.269786E+07
  0.914248E-01  0.268020E+07  0.266561E+07  0.000000E+00  0.000000E+00  0.498446E+06  0.266425E+07
  0.922490E-01  0.264720E+07  0.263251E+07  0.000000E+00  0.000000E+00  0.487488E+06  0.263137E+07
  0.930732E-01  0.261497E+07  0.260019E+07  0.000000E+00  0.000000E+00  0.476863E+06  0.259926E+07
  0.938974E-01  0.258351E+07  0.256867E+07  0.000000E+00  0.000000E+00  0.466566E+06  0.256793E+07
  0.947216E-01  0.255286E+07  0.253798E+07  0.000000E+00  0.000000E+00  0.456591E+06  0.253740E+07
  0.955458E-01  0.252303E+07  0.250812E+07  0.000000E+00  0.000000E+00  0.446933E+06  0.250769E+07
  0.963700E-01  0.249402E+07  0.247911E+07  0.000000E+00  0.000000E+00  0.437586E+06  0.247880E+07
  0.971942E-01  0.246585E+07  0.245095E+07  0.000000E+00  0.000000E+00  0.428546E+06  0.245075E+07
  0.980184E-01  0.243852E+07  0.242366E+07  0.000000E+00  0.000000E+00  0.419805E+06  0.242354E+07
  0.988426E-01  0.241203E+07  0.239724E+07  0.000000E+00  0.000000E+00  0.411357E+06  0.239718E+07
  0.996668E-01  0.238638E+07  0.237167E+07  0.000000E+00  0.000000E+00  0.403192E+06  0.237165E+07
  0.100491E+00  0.236157E+07  0.234696E+07  0.000000E+00  0.000000E+00  0.395304E+06  0.234696E+07
  0.101315E+00  0.233758E+07  0.232310E+07  0.000000E+00  0.000000E+00  0.387682E+06  0.232310E+07
  0.102139E+00  0.231441E+07  0.230007E+07  0.000000E+00  0.000000E+00  0.380320E+06  0.230005E+07
  0.102964E+00  0.229204E+07  0.227787E+07  0.000000E+00  0.000000E+00  0.373211E+06  0.227780E+07
  0.103788E+00  0.227046E+07  0.225646E+07  0.000000E+00  0.000000E+00  0.366344E+06  0.225634E+07
  0.104612E+00  0.224963E+07  0.223583E+07  0.000000E+00  0.000000E+00  0.359711E+06  0.223563E+07
  0.105436E+00  0.222955E+07  0.221596E+07  0.000000E+00  0.000000E+00  0.353301E+06  0.221567E+07
  0.106260E+00  0.221017E+07  0.219681E+07  0.000000E+00  0.000000E+00  0.347105E+06  0.219641E+07
  0.107085E+00  0.219148E+07  0.217836E+07  0.000000E+00  0.000000E+00  0.341112E+06  0.217783E+07
  0.107909E+00  0.217344E+07  0.216057E+07  0.000000E+00  0.000000E+00  0.335316E+06  0.215991E+07
  0.108733E+00  0.215603E+07  0.214342E+07  0.000000E+00  0.000000E+00  0.329707E+06  0.214262E+07
  0.109557E+00  0.213922E+07  0.212687E+07  0.000000E+00  0.000000E+00  0.324275E+06  0.212591E+07
  0.110381E+00  0.212295E+07  0.211089E+07  0.000000E+00  0.000000E+00  0.319011E+06  0.210976E+07
  0.111206E+00  0.210721E+07  0.209543E+07  0.000000E+00  0.000000E+00  0.313904E+06  0.209413E+07
  0.112030E+00  0.209195E+07  0.208046E+07  0.000000E+00  0.000000E+00  0.308946E+06  0.207898E+07
  0.112854E+00  0.207714E+07  0.206594E+07  0.000000E+00  0.000000E+00  0.304129E+06  0.206428E+07
  0.113678E+00  0.206274E+07  0.205183E+07  0.000000E+00  0.000000E+00  0.299445E+06  0.204998E+07
  0.114502E+00  0.204872E+07  0.203810E+07  0.000000E+00  0.000000E+00  0.294885E+06  0.203606E+07
  0.115327E+00  0.203503E+07  0.202471E+07  0.000000E+00  0.000000E+00  0.290441E+06  0.202248E+07
  0.116151E+00  0.202165E+07  0.201161E+07  0.000000E+00  0.000000E+00  0.286104E+06  0.200920E+07
  0.116975E+00  0.200852E+07  0.199877E+07  0.000000E+00  0.000000E+00  0.281868E+06  0.199617E+07
  0.117799E+00  0.199562E+07  0.198615E+07  0.000000E+00  0.000000E+00  0.277725E+06  0.198337E+07
  0.118623E+00  0.198291E+07  0.197371E+07  0.000000E+00  0.000000E+00  0.273669E+06  0.197076E+07
  0.119448E+00  0.197036E+07  0.196142E+07  0.000000E+00  0.000000E+00  0.269694E+06  0.195830E+07
  0.120272E+00  0.195794E+07  0.194925E+07  0.000000E+00  0.000000E+00  0.265792E+06  0.194597E+07
  0.121096E+00  0.194561E+07  0.193717E+07  0.000000E+00  0.000000E+00  0.261959E+06  0.193374E+07
  0.121920E+00  0.193336E+07  0.192515E+07  0.000000E+00  0.000000E+00  0.258190E+06  0.192157E+07
  0.122744E+00  0.192115E+07  0.191315E+07  0.000000E+00  0.000000E+00  0.254479E+06  0.190944E+07
  0.123569E+00  0.190895E+07  0.190117E+07  0.000000E+00  0.000000E+00  0.250824E+06  0.189733E+07
  0.124393E+00  0.189675E+07  0.188916E+07  0.000000E+00  0.000000E+00  0.247220E+06  0.188522E+07
  0.125217E+00  0.188453E+07  0.187712E+07  0.000000E+00  0.000000E+00  0.243662E+06  0.187308E+07
  0.126041E+00  0.187226E+07  0.186502E+07  0.000000E+00  0.000000E+00  0.240148E+06  0.186090E+07
  0.126866E+00  0.185994E+07  0.185285E+07  0.000000E+00  0.000000E+00  0.236676E+06  0.184865E+07
  0.127690E+00  0.184754E+07  0.184059E+07  0.000000E+00  0.000000E+00  0.233243E+06  0.183633E+07
  0.128514E+00  0.183506E+07  0.182823E+07  0.000000E+00  0.000000E+00  0.229846E+06  0.182392E+07
  0.129338E+00  0.182248E+07  0.181576E+07  0.000000E+00  0.000000E+00  0.226483E+06  0.181142E+07
  0.130162E+00  0.180979E+07  0.180317E+07  0.000000E+00  0.000000E+00  0.223153E+06  0.179881E+07
  0.130987E+00  0.179700E+07  0.179046E+07  0.000000E+00  0.000000E+00  0.219856E+06  0.178609E+07
  0.131811E+00  0.178410E+07  0.177762E+07  0.000000E+00  0.000000E+00  0.216590E+06  0.177325E+07
  0.132635E+00  0.177108E+07  0.176465E+07  0.000000E+00  0.000000E+00  0.213355E+06  0.176030E+07
  0.133459E+00  0.175795E+07  0.175156E+07  0.000000E+00  0.000000E+00  0.210149E+06  0.174724E+07
  0.134283E+00  0.174470E+07  0.173834E+07  0.000000E+00  0.000000E+00  0.206973E+06  0.173406E+07
  0.135108E+00  0.173135E+07  0.172500E+07  0.000000E+00  0.000000E+00  0.203827E+06  0.172078E+07
  0.135932E+00  0.171790E+07  0.171155E+07  0.000000E+00  0.000000E+00  0.200712E+06  0.170739E+07
  0.136756E+00  0.170436E+07  0.169800E+07  0.000000E+00  0.000000E+00  0.197628E+06  0.169391E+07
  0.137580E+00  0.169074E+07  0.168436E+07  0.000000E+00  0.000000E+00  0.194575E+06  0.168035E+07
  0.138404E+00  0.167704E+07  0.167064E+07  0.000000E+00  0.000000E+00  0.191555E+06  0.166672E+07
  0.139229E+00  0.166329E+07  0.165685E+07  0.000000E+00  0.000000E+00  0.188569E+06  0.165304E+07
  0.140053E+00  0.164950E+07  0.164302E+07  0.000000E+00  0.000000E+00  0.185618E+06  0.163931E+07
  0.140877E+00  0.163568E+07  0.162915E+07  0.000000E+00  0.000000E+00  0.182702E+06  0.162555E+07
  0.141701E+00  0.162185E+07  0.161526E+07  0.000000E+00  0.000000E+00  0.179822E+06  0.161178E+07
  0.142525E+00  0.160802E+07  0.160137E+07  0.000000E+00  0.000000E+00  0.176981E+06  0.159801E+07
  0.143350E+00  0.159421E+07  0.158749E+07  0.000000E+00  0.000000E+00  0.174179E+06  0.158426E+07
  0.144174E+00  0.158044E+07  0.157365E+07  0.000000E+00  0.000000E+00  0.171418E+06  0.157054E+07
  0.144998E+00  0.156672E+07  0.155986E+07  0.000000E+00  0.000000E+00  0.168699E+06  0.155688E+07
  0.145822E+00  0.155307E+07  0.154613E+07  0.000000E+00  0.000000E+00  0.166021E+06  0.154329E+07
  0.146646E+00  0.153950E+07  0.153250E+07  0.000000E+00  0.000000E+00  0.163388E+06  0.152978E+07
  0.147471E+00  0.152605E+07  0.151896E+07  0.000000E+00  0.000000E+00  0.160799E+06  0.151638E+07
  0.148295E+00  0.151271E+07  0.150555E+07  0.000000E+00  0.000000E+00  0.158256E+06  0.150310E+07
  0.149119E+00  0.149950E+07  0.149228E+07  0.000000E+00  0.000000E+00  0.155760E+06  0.148995E+07
  0.149943E+00  0.148645E+07  0.147917E+07  0.000000E+00  0.000000E+00  0.153311E+06  0.147696E+07
  0.150767E+00  0.147357E+07  0.146622E+07  0.000000E+00  0.000000E+00  0.150911E+06  0.146413E+07
  0.151592E+00  0.146087E+07  0.145346E+07  0.000000E+00  0.000000E+00  0.148559E+06  0.145148E+07
  0.152416E+00  0.144836E+07  0.144090E+07  0.000000E+00  0.000000E+00  0.146256E+06  0.143903E+07
  0.153240E+00  0.143606E+07  0.142855E+07  0.000000E+00  0.000000E+00  0.144004E+06  0.142679E+07
  0.154064E+00  0.142398E+07  0.141643E+07  0.000000E+00  0.000000E+00  0.141801E+06  0.141477E+07
  0.154888E+00  0.141214E+07  0.140455E+07  0.000000E+00  0.000000E+00  0.139649E+06  0.140298E+07
  0.155713E+00  0.140053E+07  0.139292E+07  0.000000E+00  0.000000E+00  0.137547E+06  0.139143E+07
  0.156537E+00  0.138918E+07  0.138155E+07  0.000000E+00  0.000000E+00  0.135496E+06  0.138013E+07
  0.157361E+00  0.137808E+07  0.137044E+07  0.000000E+00  0.000000E+00  0.133495E+06  0.136909E+07
  0.158185E+00  0.136725E+07  0.135960E+07  0.000000E+00  0.000000E+00  0.131543E+06  0.135831E+07
  0.159009E+00  0.135668E+07  0.134903E+07  0.000000E+00  0.000000E+00  0.129641E+06  0.134780E+07
  0.159834E+00  0.134639E+07  0.133875E+07  0.000000E+00  0.000000E+00  0.127788E+06  0.133756E+07
  0.160658E+00  0.133636E+07  0.132874E+07  0.000000E+00  0.000000E+00  0.125983E+06  0.132759E+07
  0.161482E+00  0.132662E+07  0.131902E+07  0.000000E+00  0.000000E+00  0.124226E+06  0.131789E+07
  0.162306E+00  0.131714E+07  0.130958E+07  0.000000E+00  0.000000E+00  0.122514E+06  0.130847E+07
  0.163130E+00  0.130793E+07  0.130041E+07  0.000000E+00  0.000000E+00  0.120848E+06  0.129931E+07
  0.163955E+00  0.129899E+07  0.129152E+07  0.000000E+00  0.000000E+00  0.119226E+06  0.129043E+07
  0.164779E+00  0.129032E+07  0.128290E+07  0.000000E+00  0.000000E+00  0.117648E+06  0.128181E+07
  0.165603E+00  0.128190E+07  0.127455E+07  0.000000E+00  0.000000E+00  0.116112E+06  0.127344E+07
  0.166427E+00  0.127373E+07  0.126645E+07  0.000000E+00  0.000000E+00  0.114616E+06  0.126533E+07
  0.167251E+00  0.126581E+07  0.125861E+07  0.000000E+00  0.000000E+00  0.113159E+06  0.125746E+07
  0.168076E+00  0.125813E+07  0.125101E+07  0.000000E+00  0.000000E+00  0.111741E+06  0.124983E+07
  0.168900E+00  0.125068E+07  0.124364E+07  0.000000E+00  0.000000E+00  0.110359E+06  0.124243E+07
  0.169724E+00  0.124344E+07  0.123650E+07  0.000000E+00  0.000000E+00  0.109012E+06  0.123525E+07
  0.170548E+00  0.123642E+07  0.122957E+07  0.000000E+00  0.000000E+00  0.107699E+06  0.122827E+07
  0.171372E+00  0.122959E+07  0.122285E+07  0.000000E+00  0.000000E+00  0.106417E+06  0.122150E+07
  0.172197E+00  0.122296E+07  0.121631E+07  0.000000E+00  0.000000E+00  0.105167E+06  0.121491E+07
  0.173021E+00  0.121649E+07  0.120996E+07  0.000000E+00  0.000000E+00  0.103945E+06  0.120850E+07
  0.173845E+00  0.121020E+07  0.120377E+07  0.000000E+00  0.000000E+00  0.102751E+06  0.120225E+07
  0.174669E+00  0.120405E+07  0.119773E+07  0.000000E+00  0.000000E+00  0.101583E+06  0.119615E+07
  0.175493E+00  0.119803E+07  0.119183E+07  0.000000E+00  0.000000E+00  0.100439E+06  0.119018E+07
  0.176318E+00  0.119215E+07  0.118606E+07  0.000000E+00  0.000000E+00  0.993180E+05  0.118434E+07
  0.177142E+00  0.118637E+07  0.118039E+07  0.000000E+00  0.000000E+00  0.982186E+05  0.117862E+07
  0.177966E+00  0.118070E+07  0.117483E+07  0.000000E+00  0.000000E+00  0.971393E+05  0.117299E+07
  0.178790E+00  0.117511E+07  0.116935E+07  0.000000E+00  0.000000E+00  0.960788E+05  0.116744E+07
  0.179614E+00  0.116959E+07  0.116394E+07  0.000000E+00  0.000000E+00  0.950356E+05  0.116197E+07
  0.180439E+00  0.116413E+07  0.115860E+07  0.000000E+00  0.000000E+00  0.940085E+05  0.115656E+07
  0.181263E+00  0.115872E+07  0.115329E+07  0.000000E+00  0.000000E+00  0.929961E+05  0.115119E+07
  0.182087E+00  0.115335E+07  0.114803E+07  0.000000E+00  0.000000E+00  0.919976E+05  0.114587E+07
  0.182911E+00  0.114801E+07  0.114278E+07  0.000000E+00  0.000000E+00  0.910119E+05  0.114056E+07
  0.183735E+00  0.114268E+07  0.113755E+07  0.000000E+00  0.000000E+00  0.900381E+05  0.113528E+07
  0.184560E+00  0.113736E+07  0.113233E+07  0.000000E+00  0.000000E+00  0.890750E+05  0.113000E+07
  0.185384E+00  0.113204E+07  0.112709E+07  0.000000E+00  0.000000E+00  0.881218E+05  0.112472E+07
  0.186208E+00  0.112671E+07  0.112185E+07  0.000000E+00  0.000000E+00  0.871775E+05  0.111943E+07
  0.187032E+00  0.112136E+07  0.111657E+07  0.000000E+00  0.000000E+00  0.862418E+05  0.111412E+07
  0.187856E+00  0.111599E+07  0.111127E+07  0.000000E+00  0.000000E+00  0.853139E+05  0.110878E+07
  0.188681E+00  0.111058E+07  0.110594E+07  0.000000E+00  0.000000E+00  0.843935E+05  0.110342E+07
  0.189505E+00  0.110514E+07  0.110056E+07  0.000000E+00  0.000000E+00  0.834798E+05  0.109801E+07
  0.190329E+00  0.109965E+07  0.109513E+07  0.000000E+00  0.000000E+00  0.825723E+05  0.109257E+07
  0.191153E+00  0.109412E+07  0.108966E+07  0.000000E+00  0.000000E+00  0.816708E+05  0.108707E+07
  0.191977E+00  0.108854E+07  0.108412E+07  0.000000E+00  0.000000E+00  0.807749E+05  0.108153E+07
  0.192802E+00  0.108291E+07  0.107854E+07  0.000000E+00  0.000000E+00  0.798843E+05  0.107594E+07
  0.193626E+00  0.107723E+07  0.107289E+07  0.000000E+00  0.000000E+00  0.789988E+05  0.107029E+07
  0.194450E+00  0.107149E+07  0.106718E+07  0.000000E+00  0.000000E+00  0.781185E+05  0.106459E+07
  0.195274E+00  0.106570E+07  0.106142E+07  0.000000E+00  0.000000E+00  0.772433E+05  0.105883E+07
  0.196098E+00  0.105985E+07  0.105560E+07  0.000000E+00  0.000000E+00  0.763733E+05  0.105302E+07
  0.196923E+00  0.105396E+07  0.104972E+07  0.000000E+00  0.000000E+00  0.755083E+05  0.104716E+07
  0.197747E+00  0.104801E+07  0.104378E+07  0.000000E+00  0.000000E+00  0.746485E+05  0.104124E+07
  0.198571E+00  0.104202E+07  0.103780E+07  0.000000E+00  0.000000E+00  0.737940E+05  0.103528E+07
  0.199395E+00  0.103598E+07  0.103176E+07  0.000000E+00  0.000000E+00  0.729450E+05  0.102928E+07
  0.200219E+00  0.102990E+07  0.102568E+07  0.000000E+00  0.000000E+00  0.721019E+05  0.102323E+07
  0.201044E+00  0.102379E+07  0.101957E+07  0.000000E+00  0.000000E+00  0.712648E+05  0.101715E+07
  0.201868E+00  0.101764E+07  0.101341E+07  0.000000E+00  0.000000E+00  0.704340E+05  0.101104E+07
  0.202692E+00  0.101147E+07  0.100724E+07  0.000000E+00  0.000000E+00  0.696097E+05  0.100490E+07
  0.203516E+00  0.100529E+07  0.100104E+07  0.000000E+00  0.000000E+00  0.687924E+05  0.998748E+06
  0.204340E+00  0.999085E+06  0.994819E+06  0.000000E+00  0.000000E+00  0.679823E+05  0.992578E+06
  0.205165E+00  0.992876E+06  0.988592E+06  0.000000E+00  0.000000E+00  0.671799E+05  0.986401E+06
  0.205989E+00  0.986666E+06  0.982363E+06  0.000000E+00  0.000000E+00  0.663854E+05  0.980222E+06
  0.206813E+00  0.980462E+06  0.976138E+06  0.000000E+00  0.000000E+00  0.655990E+05  0.974048E+06
  0.207637E+00  0.974269E+06  0.969923E+06  0.000000E+00  0.000000E+00  0.648212E+05  0.967886E+06
  0.208461E+00  0.968094E+06  0.963726E+06  0.000000E+00  0.000000E+00  0.640523E+05  0.961742E+06
  0.209286E+00  0.961945E+06  0.957554E+06  0.000000E+00  0.000000E+00  0.632926E+05  0.955623E+06
  0.211950E+00  0.942313E+06  0.937849E+06  0.000000E+00  0.000000E+00  0.609039E+05  0.936088E+06
  0.214648E+00  0.922984E+06  0.918456E+06  0.000000E+00  0.000000E+00  0.585958E+05  0.916856E+06
  0.217381E+00  0.904183E+06  0.899608E+06  0.000000E+00  0.000000E+00  0.563805E+05  0.898152E+06
  0.220148E+00  0.886104E+06  0.881509E+06  0.000000E+00  0.000000E+00  0.542669E+05  0.880170E+06
  0.222951E+00  0.868902E+06  0.864318E+06  0.000000E+00  0.000000E+00  0.522612E+05  0.863065E+06
  0.225789E+00  0.852678E+06  0.848138E+06  0.000000E+00  0.000000E+00  0.503652E+05  0.846938E+06
  0.228664E+00  0.837472E+06  0.833012E+06  0.000000E+00  0.000000E+00  0.485772E+05  0.831829E+06
  0.231575E+00  0.823269E+06  0.818921E+06  0.000000E+00  0.000000E+00  0.468923E+05  0.817722E+06
  0.234523E+00  0.809991E+06  0.805783E+06  0.000000E+00  0.000000E+00  0.453019E+05  0.804539E+06
  0.237508E+00  0.797505E+06  0.793455E+06  0.000000E+00  0.000000E+00  0.437951E+05  0.792146E+06
  0.240532E+00  0.785627E+06  0.781748E+06  0.000000E+00  0.000000E+00  0.423588E+05  0.780360E+06
  0.243594E+00  0.774149E+06  0.770443E+06  0.000000E+00  0.000000E+00  0.409792E+05  0.768972E+06
  0.246695E+00  0.762856E+06  0.759314E+06  0.000000E+00  0.000000E+00  0.396435E+05  0.757767E+06
  0.249836E+00  0.751543E+06  0.748149E+06  0.000000E+00  0.000000E+00  0.383397E+05  0.746540E+06
  0.253016E+00  0.740033E+06  0.736765E+06  0.000000E+00  0.000000E+00  0.370584E+05  0.735113E+06
  0.256237E+00  0.728190E+06  0.725018E+06  0.000000E+00  0.000000E+00  0.357929E+05  0.723351E+06
  0.259499E+00  0.715932E+06  0.712829E+06  0.000000E+00  0.000000E+00  0.345394E+05  0.711173E+06
  0.262803E+00  0.703248E+06  0.700185E+06  0.000000E+00  0.000000E+00  0.332981E+05  0.698567E+06
  0.266149E+00  0.690191E+06  0.687143E+06  0.000000E+00  0.000000E+00  0.320716E+05  0.685587E+06
  0.269537E+00  0.676867E+06  0.673817E+06  0.000000E+00  0.000000E+00  0.308655E+05  0.672339E+06
  0.272968E+00  0.663425E+06  0.660360E+06  0.000000E+00  0.000000E+00  0.296863E+05  0.658971E+06
  0.276443E+00  0.650040E+06  0.646960E+06  0.000000E+00  0.000000E+00  0.285415E+05  0.645661E+06
  0.279962E+00  0.636902E+06  0.633811E+06  0.000000E+00  0.000000E+00  0.274385E+05  0.632597E+06
  0.283526E+00  0.624181E+06  0.621091E+06  0.000000E+00  0.000000E+00  0.263832E+05  0.619949E+06
  0.287136E+00  0.612009E+06  0.608939E+06  0.000000E+00  0.000000E+00  0.253797E+05  0.607850E+06
  0.290791E+00  0.600468E+06  0.597439E+06  0.000000E+00  0.000000E+00  0.244293E+05  0.596383E+06
  0.294493E+00  0.589587E+06  0.586619E+06  0.000000E+00  0.000000E+00  0.235311E+05  0.585574E+06
  0.298242E+00  0.579332E+06  0.576441E+06  0.000000E+00  0.000000E+00  0.226817E+05  0.575390E+06
  0.302039E+00  0.569610E+06  0.566810E+06  0.000000E+00  0.000000E+00  0.218757E+05  0.565738E+06
  0.305884E+00  0.560286E+06  0.557583E+06  0.000000E+00  0.000000E+00  0.211062E+05  0.556482E+06
  0.309778E+00  0.551206E+06  0.548600E+06  0.000000E+00  0.000000E+00  0.203661E+05  0.547469E+06
  0.313722E+00  0.542215E+06  0.539698E+06  0.000000E+00  0.000000E+00  0.196490E+05  0.538544E+06
  0.317716E+00  0.533175E+06  0.530735E+06  0.000000E+00  0.000000E+00  0.189491E+05  0.529569E+06
  0.321761E+00  0.523986E+06  0.521607E+06  0.000000E+00  0.000000E+00  0.182628E+05  0.520443E+06
  0.325857E+00  0.514604E+06  0.512269E+06  0.000000E+00  0.000000E+00  0.175884E+05  0.511121E+06
  0.330005E+00  0.505038E+06  0.502733E+06  0.000000E+00  0.000000E+00  0.169263E+05  0.501617E+06
  0.334206E+00  0.495342E+06  0.493055E+06  0.000000E+00  0.000000E+00  0.147791E+05  0.491971E+06
  0.338461E+00  0.485628E+06  0.483352E+06  0.000000E+00  0.000000E+00  0.141945E+05  0.482315E+06
  0.342770E+00  0.476012E+06  0.473747E+06  0.000000E+00  0.000000E+00  0.136298E+05  0.472758E+06
  0.347133E+00  0.466617E+06  0.464367E+06  0.000000E+00  0.000000E+00  0.130878E+05  0.463421E+06
  0.351553E+00  0.457540E+06  0.455314E+06  0.000000E+00  0.000000E+00  0.125705E+05  0.454402E+06
  0.356028E+00  0.448846E+06  0.446653E+06  0.000000E+00  0.000000E+00  0.120786E+05  0.445764E+06
  0.360560E+00  0.440552E+06  0.438404E+06  0.000000E+00  0.000000E+00  0.116117E+05  0.437527E+06
  0.365151E+00  0.432626E+06  0.430532E+06  0.000000E+00  0.000000E+00  0.111680E+05  0.429656E+06
  0.369799E+00  0.424997E+06  0.422960E+06  0.000000E+00  0.000000E+00  0.107445E+05  0.422080E+06
  0.374507E+00  0.417571E+06  0.415592E+06  0.000000E+00  0.000000E+00  0.103385E+05  0.414707E+06
  0.379275E+00  0.410248E+06  0.408324E+06  0.000000E+00  0.000000E+00  0.994662E+04  0.407437E+06
  0.384103E+00  0.402942E+06  0.401067E+06  0.000000E+00  0.000000E+00  0.956652E+04  0.400182E+06
  0.388993E+00  0.395601E+06  0.393764E+06  0.000000E+00  0.000000E+00  0.919666E+04  0.392890E+06
  0.393945E+00  0.388208E+06  0.386403E+06  0.000000E+00  0.000000E+00  0.883648E+04  0.385547E+06
  0.398960E+00  0.380787E+06  0.379006E+06  0.000000E+00  0.000000E+00  0.848629E+04  0.378174E+06
  0.404039E+00  0.373393E+06  0.371633E+06  0.000000E+00  0.000000E+00  0.814710E+04  0.370827E+06
  0.409183E+00  0.366098E+06  0.364358E+06  0.000000E+00  0.000000E+00  0.782018E+04  0.363579E+06
  0.414392E+00  0.358969E+06  0.357252E+06  0.000000E+00  0.000000E+00  0.750656E+04  0.356496E+06
  0.419667E+00  0.352059E+06  0.350369E+06  0.000000E+00  0.000000E+00  0.720688E+04  0.349632E+06
  0.425010E+00  0.345392E+06  0.343734E+06  0.000000E+00  0.000000E+00  0.692107E+04  0.343010E+06
  0.430421E+00  0.338955E+06  0.337333E+06  0.000000E+00  0.000000E+00  0.664838E+04  0.336617E+06
  0.435900E+00  0.332712E+06  0.331129E+06  0.000000E+00  0.000000E+00  0.638760E+04  0.330418E+06
  0.441449E+00  0.326610E+06  0.325065E+06  0.000000E+00  0.000000E+00  0.613728E+04  0.324359E+06
  0.447069E+00  0.320592E+06  0.319083E+06  0.000000E+00  0.000000E+00  0.589601E+04  0.318382E+06
  0.452761E+00  0.314618E+06  0.313140E+06  0.000000E+00  0.000000E+00  0.566278E+04  0.312449E+06
  0.458525E+00  0.308666E+06  0.307217E+06  0.000000E+00  0.000000E+00  0.543698E+04  0.306538E+06
  0.464362E+00  0.302743E+06  0.301318E+06  0.000000E+00  0.000000E+00  0.521852E+04  0.300654E+06
  0.470273E+00  0.296876E+06  0.295473E+06  0.000000E+00  0.000000E+00  0.500767E+04  0.294826E+06
  0.476260E+00  0.291101E+06  0.289720E+06  0.000000E+00  0.000000E+00  0.480477E+04  0.289090E+06
  0.482323E+00  0.285453E+06  0.284095E+06  0.000000E+00  0.000000E+00  0.461017E+04  0.283480E+06
  0.488464E+00  0.279955E+06  0.278622E+06  0.000000E+00  0.000000E+00  0.442391E+04  0.278019E+06
  0.494682E+00  0.274609E+06  0.273302E+06  0.000000E+00  0.000000E+00  0.424574E+04  0.272709E+06
  0.500980E+00  0.269402E+06  0.268123E+06  0.000000E+00  0.000000E+00  0.407514E+04  0.267538E+06
  0.507357E+00  0.264305E+06  0.263054E+06  0.000000E+00  0.000000E+00  0.391142E+04  0.262476E+06
  0.513816E+00  0.259291E+06  0.258066E+06  0.000000E+00  0.000000E+00  0.375394E+04  0.257497E+06
  0.520358E+00  0.254338E+06  0.253138E+06  0.000000E+00  0.000000E+00  0.360219E+04  0.252578E+06
  0.526982E+00  0.249438E+06  0.248261E+06  0.000000E+00  0.000000E+00  0.345586E+04  0.247712E+06
  0.533691E+00  0.244598E+06  0.243442E+06  0.000000E+00  0.000000E+00  0.331488E+04  0.242904E+06
  0.540485E+00  0.239832E+06  0.238696E+06  0.000000E+00  0.000000E+00  0.317926E+04  0.238170E+06
  0.547366E+00  0.235158E+06  0.234043E+06  0.000000E+00  0.000000E+00  0.304908E+04  0.233528E+06
  0.554334E+00  0.230586E+06  0.229492E+06  0.000000E+00  0.000000E+00  0.292427E+04  0.228988E+06
  0.561391E+00  0.226122E+06  0.225049E+06  0.000000E+00  0.000000E+00  0.280469E+04  0.224554E+06
  0.568538E+00  0.221755E+06  0.220705E+06  0.000000E+00  0.000000E+00  0.269005E+04  0.220217E+06
  0.575776E+00  0.217474E+06  0.216445E+06  0.000000E+00  0.000000E+00  0.258002E+04  0.215966E+06
  0.583106E+00  0.213264E+06  0.212256E+06  0.000000E+00  0.000000E+00  0.247428E+04  0.211785E+06
  0.590529E+00  0.209118E+06  0.208130E+06  0.000000E+00  0.000000E+00  0.237258E+04  0.207667E+06
  0.598047E+00  0.205034E+06  0.204065E+06  0.000000E+00  0.000000E+00  0.227477E+04  0.203611E+06
  0.605660E+00  0.201017E+06  0.200066E+06  0.000000E+00  0.000000E+00  0.218079E+04  0.199622E+06
  0.613370E+00  0.197075E+06  0.196141E+06  0.000000E+00  0.000000E+00  0.209057E+04  0.195706E+06
  0.621179E+00  0.193212E+06  0.192297E+06  0.000000E+00  0.000000E+00  0.200405E+04  0.191870E+06
  0.629087E+00  0.189430E+06  0.188532E+06  0.000000E+00  0.000000E+00  0.192109E+04  0.188113E+06
  0.675838E+00  0.169287E+06  0.168486E+06  0.000000E+00  0.000000E+00  0.151032E+04  0.168109E+06
  0.726064E+00  0.151172E+06  0.150457E+06  0.000000E+00  0.000000E+00  0.118530E+04  0.150120E+06
  0.780023E+00  0.134900E+06  0.134262E+06  0.000000E+00  0.000000E+00  0.928685E+03  0.133960E+06
  0.837991E+00  0.120301E+06  0.119732E+06  0.000000E+00  0.000000E+00  0.726495E+03  0.119463E+06
  0.900268E+00  0.107216E+06  0.106708E+06  0.000000E+00  0.000000E+00  0.567485E+03  0.106467E+06
  0.967173E+00  0.954956E+05  0.950440E+05  0.000000E+00  0.000000E+00  0.442654E+03  0.948289E+05
  0.103905E+01  0.850062E+05  0.846042E+05  0.000000E+00  0.000000E+00  0.344814E+03  0.844124E+05
  0.111627E+01  0.756256E+05  0.752680E+05  0.000000E+00  0.000000E+00  0.268252E+03  0.750971E+05
  0.119922E+01  0.672436E+05  0.669257E+05  0.000000E+00  0.000000E+00  0.208434E+03  0.667735E+05
  0.128835E+01  0.597584E+05  0.594759E+05  0.000000E+00  0.000000E+00  0.161765E+03  0.593405E+05
  0.138409E+01  0.530793E+05  0.528283E+05  0.000000E+00  0.000000E+00  0.169006E+03  0.527082E+05
  0.148695E+01  0.471232E+05  0.469004E+05  0.000000E+00  0.000000E+00  0.131278E+03  0.467936E+05
  0.159746E+01  0.418151E+05  0.416174E+05  0.000000E+00  0.000000E+00  0.101851E+03  0.415226E+05
  0.171618E+01  0.370877E+05  0.369124E+05  0.000000E+00  0.000000E+00  0.789324E+02  0.368282E+05
  0.184372E+01  0.328799E+05  0.327245E+05  0.000000E+00  0.000000E+00  0.611049E+02  0.326498E+05
  0.198073E+01  0.291367E+05  0.289990E+05  0.000000E+00  0.000000E+00  0.472555E+02  0.289328E+05
  0.212794E+01  0.258088E+05  0.256868E+05  0.000000E+00  0.000000E+00  0.365096E+02  0.256281E+05
