  0.620871E-04  0.137540E+08  0.137540E+08  0.179998E+08  0.179992E+08  0.137538E+08  0.137540E+08
  0.693835E-04  0.137539E+08  0.137539E+08  0.179162E+08  0.179155E+08  0.137537E+08  0.137539E+08
  0.775374E-04  0.137537E+08  0.137537E+08  0.178124E+08  0.178115E+08  0.137534E+08  0.137537E+08
  0.866496E-04  0.137536E+08  0.137535E+08  0.176834E+08  0.176823E+08  0.137531E+08  0.137535E+08
  0.968325E-04  0.137533E+08  0.137533E+08  0.175236E+08  0.175222E+08  0.137528E+08  0.137533E+08
  0.108212E-03  0.137531E+08  0.137531E+08  0.173259E+08  0.173242E+08  0.137524E+08  0.137531E+08
  0.120929E-03  0.137527E+08  0.137527E+08  0.170818E+08  0.170797E+08  0.137518E+08  0.137527E+08
  0.135141E-03  0.137523E+08  0.137523E+08  0.167814E+08  0.167789E+08  0.137511E+08  0.137523E+08
  0.151022E-03  0.137518E+08  0.137518E+08  0.164130E+08  0.164100E+08  0.137503E+08  0.137518E+08
  0.168770E-03  0.137511E+08  0.137511E+08  0.159634E+08  0.159597E+08  0.137492E+08  0.137511E+08
  0.188604E-03  0.137503E+08  0.137503E+08  0.154178E+08  0.154134E+08  0.137479E+08  0.137503E+08
  0.210769E-03  0.137493E+08  0.137493E+08  0.147606E+08  0.147554E+08  0.137462E+08  0.137493E+08
  0.235538E-03  0.137481E+08  0.137481E+08  0.139760E+08  0.139700E+08  0.137441E+08  0.137481E+08
  0.263218E-03  0.137465E+08  0.137465E+08  0.130503E+08  0.130435E+08  0.137416E+08  0.137465E+08
  0.294151E-03  0.137446E+08  0.137446E+08  0.119741E+08  0.119666E+08  0.137384E+08  0.137446E+08
  0.328720E-03  0.137422E+08  0.137422E+08  0.107462E+08  0.107383E+08  0.137344E+08  0.137422E+08
  0.367350E-03  0.137393E+08  0.137393E+08  0.937854E+07  0.937047E+07  0.137295E+08  0.137393E+08
  0.410521E-03  0.137357E+08  0.137357E+08  0.790165E+07  0.789405E+07  0.137235E+08  0.137356E+08
  0.458765E-03  0.137313E+08  0.137313E+08  0.637000E+07  0.636361E+07  0.137160E+08  0.137312E+08
  0.512679E-03  0.137259E+08  0.137258E+08  0.486402E+07  0.485963E+07  0.137067E+08  0.137257E+08
  0.572928E-03  0.137192E+08  0.137192E+08  0.348559E+07  0.348383E+07  0.136954E+08  0.137191E+08
  0.640258E-03  0.137112E+08  0.137112E+08  0.234228E+07  0.234330E+07  0.136815E+08  0.137110E+08
  0.715501E-03  0.137015E+08  0.137015E+08  0.151787E+07  0.152098E+07  0.136645E+08  0.137013E+08
  0.799586E-03  0.136899E+08  0.136898E+08  0.103384E+07  0.103741E+07  0.136438E+08  0.136896E+08
  0.893553E-03  0.136759E+08  0.136758E+08  0.820058E+06  0.822032E+06  0.136186E+08  0.136755E+08
  0.998562E-03  0.136592E+08  0.136591E+08  0.726432E+06  0.725650E+06  0.135882E+08  0.136588E+08
  0.111591E-02  0.136394E+08  0.136393E+08  0.599707E+06  0.597248E+06  0.135514E+08  0.136388E+08
  0.124705E-02  0.136160E+08  0.136158E+08  0.395323E+06  0.394077E+06  0.135072E+08  0.136153E+08
  0.139361E-02  0.135882E+08  0.135881E+08  0.211472E+06  0.212855E+06  0.134543E+08  0.135874E+08
  0.155738E-02  0.135556E+08  0.135554E+08  0.149005E+06  0.150356E+06  0.133913E+08  0.135546E+08
  0.174040E-02  0.135173E+08  0.135171E+08  0.142876E+06  0.141693E+06  0.133163E+08  0.135160E+08
  0.194493E-02  0.134724E+08  0.134721E+08  0.823141E+05  0.817696E+05  0.132277E+08  0.134708E+08
  0.217350E-02  0.134201E+08  0.134197E+08  0.381124E+05  0.393359E+05  0.131236E+08  0.134181E+08
  0.242893E-02  0.133592E+08  0.133587E+08  0.437845E+05  0.425956E+05  0.130023E+08  0.133569E+08
  0.271437E-02  0.132886E+08  0.132880E+08  0.142832E+05  0.136056E+05  0.128621E+08  0.132858E+08
  0.303336E-02  0.132071E+08  0.132064E+08  0.180145E+05  0.151219E+05  0.127014E+08  0.132039E+08
  0.338984E-02  0.131135E+08  0.131126E+08  0.277008E+04  0.177072E+04  0.125189E+08  0.131096E+08
  0.378821E-02  0.130063E+08  0.130052E+08  0.453337E+04  0.460023E+04  0.123132E+08  0.130018E+08
  0.423340E-02  0.128842E+08  0.128829E+08 -0.518070E+03 -0.859165E+03  0.120834E+08  0.128790E+08
  0.428070E-02  0.128711E+08  0.128697E+08  0.419398E+03 -0.799603E+02  0.120590E+08  0.128658E+08
  0.432853E-02  0.128578E+08  0.128565E+08  0.122164E+04  0.571554E+03  0.120344E+08  0.128525E+08
  0.437689E-02  0.128444E+08  0.128430E+08  0.169396E+04  0.937829E+03  0.120095E+08  0.128390E+08
  0.442580E-02  0.128308E+08  0.128294E+08  0.170731E+04  0.922900E+03  0.119843E+08  0.128253E+08
  0.447524E-02  0.128171E+08  0.128156E+08  0.122810E+04  0.513294E+03  0.119589E+08  0.128115E+08
  0.452525E-02  0.128032E+08  0.128016E+08  0.329215E+03 -0.218009E+03  0.119333E+08  0.127975E+08
  0.457581E-02  0.127891E+08  0.127875E+08 -0.821643E+03 -0.112643E+04  0.119073E+08  0.127833E+08
  0.462693E-02  0.127748E+08  0.127732E+08 -0.199547E+04 -0.202722E+04  0.118811E+08  0.127689E+08
  0.467863E-02  0.127603E+08  0.127587E+08 -0.295137E+04 -0.273727E+04  0.118547E+08  0.127544E+08
  0.473091E-02  0.127457E+08  0.127440E+08  0.000000E+00  0.000000E+00  0.118279E+08  0.127397E+08
  0.478376E-02  0.127309E+08  0.127292E+08  0.000000E+00  0.000000E+00  0.118009E+08  0.127248E+08
  0.483721E-02  0.127159E+08  0.127142E+08  0.000000E+00  0.000000E+00  0.117736E+08  0.127097E+08
  0.489126E-02  0.127007E+08  0.126990E+08  0.000000E+00  0.000000E+00  0.117460E+08  0.126945E+08
  0.494591E-02  0.126854E+08  0.126836E+08  0.000000E+00  0.000000E+00  0.117182E+08  0.126790E+08
  0.500117E-02  0.126699E+08  0.126680E+08  0.000000E+00  0.000000E+00  0.116901E+08  0.126634E+08
  0.505705E-02  0.126541E+08  0.126523E+08  0.000000E+00  0.000000E+00  0.116617E+08  0.126476E+08
  0.511355E-02  0.126382E+08  0.126363E+08  0.000000E+00  0.000000E+00  0.116330E+08  0.126316E+08
  0.517069E-02  0.126221E+08  0.126202E+08  0.000000E+00  0.000000E+00  0.116040E+08  0.126154E+08
  0.522846E-02  0.126059E+08  0.126039E+08  0.000000E+00  0.000000E+00  0.115747E+08  0.125991E+08
  0.528688E-02  0.125894E+08  0.125873E+08  0.000000E+00  0.000000E+00  0.115452E+08  0.125825E+08
  0.534595E-02  0.125727E+08  0.125706E+08  0.000000E+00  0.000000E+00  0.115153E+08  0.125657E+08
  0.540568E-02  0.125558E+08  0.125537E+08  0.000000E+00  0.000000E+00  0.114852E+08  0.125488E+08
  0.546608E-02  0.125388E+08  0.125366E+08  0.000000E+00  0.000000E+00  0.114547E+08  0.125316E+08
  0.552715E-02  0.125215E+08  0.125193E+08  0.000000E+00  0.000000E+00  0.114240E+08  0.125143E+08
  0.558890E-02  0.125041E+08  0.125018E+08  0.000000E+00  0.000000E+00  0.113929E+08  0.124967E+08
  0.565135E-02  0.124864E+08  0.124841E+08  0.000000E+00  0.000000E+00  0.113616E+08  0.124790E+08
  0.571449E-02  0.124685E+08  0.124662E+08  0.000000E+00  0.000000E+00  0.113300E+08  0.124610E+08
  0.577834E-02  0.124505E+08  0.124480E+08  0.000000E+00  0.000000E+00  0.112980E+08  0.124429E+08
  0.584290E-02  0.124322E+08  0.124297E+08  0.000000E+00  0.000000E+00  0.112657E+08  0.124245E+08
  0.590819E-02  0.124137E+08  0.124112E+08  0.000000E+00  0.000000E+00  0.112332E+08  0.124059E+08
  0.597420E-02  0.123950E+08  0.123924E+08  0.000000E+00  0.000000E+00  0.112003E+08  0.123871E+08
  0.604095E-02  0.123761E+08  0.123735E+08  0.000000E+00  0.000000E+00  0.111671E+08  0.123681E+08
  0.610844E-02  0.123570E+08  0.123543E+08  0.000000E+00  0.000000E+00  0.111336E+08  0.123489E+08
  0.617669E-02  0.123377E+08  0.123349E+08  0.000000E+00  0.000000E+00  0.110998E+08  0.123295E+08
  0.624571E-02  0.123181E+08  0.123153E+08  0.000000E+00  0.000000E+00  0.110656E+08  0.123098E+08
  0.631549E-02  0.122984E+08  0.122955E+08  0.000000E+00  0.000000E+00  0.110311E+08  0.122900E+08
  0.638605E-02  0.122784E+08  0.122755E+08  0.000000E+00  0.000000E+00  0.109964E+08  0.122699E+08
  0.645741E-02  0.122582E+08  0.122552E+08  0.000000E+00  0.000000E+00  0.109613E+08  0.122496E+08
  0.652956E-02  0.122378E+08  0.122347E+08  0.000000E+00  0.000000E+00  0.109258E+08  0.122291E+08
  0.660251E-02  0.122171E+08  0.122140E+08  0.000000E+00  0.000000E+00  0.108901E+08  0.122083E+08
  0.667628E-02  0.121963E+08  0.121931E+08  0.000000E+00  0.000000E+00  0.108540E+08  0.121873E+08
  0.675088E-02  0.121752E+08  0.121719E+08  0.000000E+00  0.000000E+00  0.108176E+08  0.121661E+08
  0.682630E-02  0.121538E+08  0.121505E+08  0.000000E+00  0.000000E+00  0.107809E+08  0.121447E+08
  0.690257E-02  0.121323E+08  0.121289E+08  0.000000E+00  0.000000E+00  0.107438E+08  0.121230E+08
  0.697970E-02  0.121105E+08  0.121070E+08  0.000000E+00  0.000000E+00  0.107065E+08  0.121011E+08
  0.705768E-02  0.120885E+08  0.120849E+08  0.000000E+00  0.000000E+00  0.106688E+08  0.120790E+08
  0.713654E-02  0.120662E+08  0.120626E+08  0.000000E+00  0.000000E+00  0.106307E+08  0.120566E+08
  0.721627E-02  0.120437E+08  0.120400E+08  0.000000E+00  0.000000E+00  0.105924E+08  0.120340E+08
  0.729690E-02  0.120210E+08  0.120172E+08  0.000000E+00  0.000000E+00  0.105537E+08  0.120112E+08
  0.737843E-02  0.119980E+08  0.119941E+08  0.000000E+00  0.000000E+00  0.105147E+08  0.119881E+08
  0.746087E-02  0.119748E+08  0.119708E+08  0.000000E+00  0.000000E+00  0.104753E+08  0.119647E+08
  0.754423E-02  0.119513E+08  0.119473E+08  0.000000E+00  0.000000E+00  0.104356E+08  0.119412E+08
  0.762852E-02  0.119276E+08  0.119235E+08  0.000000E+00  0.000000E+00  0.103956E+08  0.119173E+08
  0.771376E-02  0.119036E+08  0.118994E+08  0.000000E+00  0.000000E+00  0.103553E+08  0.118933E+08
  0.779994E-02  0.118794E+08  0.118752E+08  0.000000E+00  0.000000E+00  0.103146E+08  0.118689E+08
  0.788709E-02  0.118550E+08  0.118506E+08  0.000000E+00  0.000000E+00  0.102736E+08  0.118443E+08
  0.797522E-02  0.118302E+08  0.118258E+08  0.000000E+00  0.000000E+00  0.102322E+08  0.118195E+08
  0.806432E-02  0.118053E+08  0.118007E+08  0.000000E+00  0.000000E+00  0.101906E+08  0.117944E+08
  0.815443E-02  0.117800E+08  0.117754E+08  0.000000E+00  0.000000E+00  0.101486E+08  0.117691E+08
  0.824554E-02  0.117546E+08  0.117498E+08  0.000000E+00  0.000000E+00  0.101062E+08  0.117435E+08
  0.833767E-02  0.117288E+08  0.117240E+08  0.000000E+00  0.000000E+00  0.100636E+08  0.117176E+08
  0.843082E-02  0.117028E+08  0.116979E+08  0.000000E+00  0.000000E+00  0.100206E+08  0.116915E+08
  0.852502E-02  0.116765E+08  0.116715E+08  0.000000E+00  0.000000E+00  0.997725E+07  0.116651E+08
  0.862027E-02  0.116500E+08  0.116449E+08  0.000000E+00  0.000000E+00  0.993359E+07  0.116384E+08
  0.871659E-02  0.116232E+08  0.116180E+08  0.000000E+00  0.000000E+00  0.988959E+07  0.116115E+08
  0.881398E-02  0.115961E+08  0.115908E+08  0.000000E+00  0.000000E+00  0.984527E+07  0.115843E+08
  0.891246E-02  0.115688E+08  0.115633E+08  0.000000E+00  0.000000E+00  0.980061E+07  0.115568E+08
  0.901204E-02  0.115411E+08  0.115356E+08  0.000000E+00  0.000000E+00  0.975562E+07  0.115291E+08
  0.911273E-02  0.115132E+08  0.115076E+08  0.000000E+00  0.000000E+00  0.971031E+07  0.115010E+08
  0.921455E-02  0.114850E+08  0.114793E+08  0.000000E+00  0.000000E+00  0.966466E+07  0.114727E+08
  0.931750E-02  0.114566E+08  0.114507E+08  0.000000E+00  0.000000E+00  0.961869E+07  0.114441E+08
  0.942161E-02  0.114279E+08  0.114218E+08  0.000000E+00  0.000000E+00  0.957240E+07  0.114153E+08
  0.952687E-02  0.113988E+08  0.113927E+08  0.000000E+00  0.000000E+00  0.952578E+07  0.113861E+08
  0.963332E-02  0.113695E+08  0.113633E+08  0.000000E+00  0.000000E+00  0.947883E+07  0.113567E+08
  0.974095E-02  0.113399E+08  0.113335E+08  0.000000E+00  0.000000E+00  0.943157E+07  0.113270E+08
  0.984979E-02  0.113100E+08  0.113035E+08  0.000000E+00  0.000000E+00  0.938399E+07  0.112969E+08
  0.995984E-02  0.112799E+08  0.112732E+08  0.000000E+00  0.000000E+00  0.933609E+07  0.112666E+08
  0.100711E-01  0.112494E+08  0.112426E+08  0.000000E+00  0.000000E+00  0.928789E+07  0.112360E+08
  0.101836E-01  0.112186E+08  0.112117E+08  0.000000E+00  0.000000E+00  0.923937E+07  0.112051E+08
  0.102974E-01  0.111876E+08  0.111805E+08  0.000000E+00  0.000000E+00  0.919055E+07  0.111739E+08
  0.104125E-01  0.111562E+08  0.111490E+08  0.000000E+00  0.000000E+00  0.914142E+07  0.111425E+08
  0.105288E-01  0.111246E+08  0.111172E+08  0.000000E+00  0.000000E+00  0.909200E+07  0.111107E+08
  0.106465E-01  0.110926E+08  0.110851E+08  0.000000E+00  0.000000E+00  0.904228E+07  0.110786E+08
  0.107654E-01  0.110603E+08  0.110527E+08  0.000000E+00  0.000000E+00  0.899226E+07  0.110462E+08
  0.108857E-01  0.110278E+08  0.110200E+08  0.000000E+00  0.000000E+00  0.894195E+07  0.110135E+08
  0.110073E-01  0.109949E+08  0.109869E+08  0.000000E+00  0.000000E+00  0.889136E+07  0.109804E+08
  0.111303E-01  0.109617E+08  0.109536E+08  0.000000E+00  0.000000E+00  0.884048E+07  0.109471E+08
  0.112547E-01  0.109282E+08  0.109199E+08  0.000000E+00  0.000000E+00  0.878932E+07  0.109135E+08
  0.113804E-01  0.108944E+08  0.108860E+08  0.000000E+00  0.000000E+00  0.873787E+07  0.108795E+08
  0.115076E-01  0.108602E+08  0.108517E+08  0.000000E+00  0.000000E+00  0.868615E+07  0.108453E+08
  0.116362E-01  0.108258E+08  0.108171E+08  0.000000E+00  0.000000E+00  0.863414E+07  0.108107E+08
  0.117662E-01  0.107910E+08  0.107821E+08  0.000000E+00  0.000000E+00  0.858186E+07  0.107758E+08
  0.118976E-01  0.107559E+08  0.107469E+08  0.000000E+00  0.000000E+00  0.852930E+07  0.107406E+08
  0.120306E-01  0.107205E+08  0.107113E+08  0.000000E+00  0.000000E+00  0.847647E+07  0.107050E+08
  0.121650E-01  0.106848E+08  0.106754E+08  0.000000E+00  0.000000E+00  0.842336E+07  0.106691E+08
  0.123009E-01  0.106487E+08  0.106391E+08  0.000000E+00  0.000000E+00  0.836997E+07  0.106329E+08
  0.124383E-01  0.106123E+08  0.106025E+08  0.000000E+00  0.000000E+00  0.831631E+07  0.105964E+08
  0.125773E-01  0.105756E+08  0.105656E+08  0.000000E+00  0.000000E+00  0.826238E+07  0.105595E+08
  0.127178E-01  0.105386E+08  0.105284E+08  0.000000E+00  0.000000E+00  0.820817E+07  0.105224E+08
  0.128599E-01  0.105012E+08  0.104908E+08  0.000000E+00  0.000000E+00  0.815368E+07  0.104848E+08
  0.130036E-01  0.104635E+08  0.104529E+08  0.000000E+00  0.000000E+00  0.809893E+07  0.104470E+08
  0.131489E-01  0.104254E+08  0.104146E+08  0.000000E+00  0.000000E+00  0.804391E+07  0.104088E+08
  0.132958E-01  0.103870E+08  0.103760E+08  0.000000E+00  0.000000E+00  0.798863E+07  0.103702E+08
  0.134444E-01  0.103483E+08  0.103371E+08  0.000000E+00  0.000000E+00  0.793308E+07  0.103314E+08
  0.135946E-01  0.103092E+08  0.102978E+08  0.000000E+00  0.000000E+00  0.787728E+07  0.102922E+08
  0.137465E-01  0.102698E+08  0.102582E+08  0.000000E+00  0.000000E+00  0.782123E+07  0.102526E+08
  0.139001E-01  0.102300E+08  0.102182E+08  0.000000E+00  0.000000E+00  0.776494E+07  0.102127E+08
  0.140554E-01  0.101899E+08  0.101779E+08  0.000000E+00  0.000000E+00  0.770840E+07  0.101725E+08
  0.142124E-01  0.101494E+08  0.101372E+08  0.000000E+00  0.000000E+00  0.765164E+07  0.101319E+08
  0.143712E-01  0.101086E+08  0.100962E+08  0.000000E+00  0.000000E+00  0.759465E+07  0.100909E+08
  0.145318E-01  0.100675E+08  0.100548E+08  0.000000E+00  0.000000E+00  0.753745E+07  0.100496E+08
  0.146942E-01  0.100260E+08  0.100131E+08  0.000000E+00  0.000000E+00  0.748004E+07  0.100080E+08
  0.148583E-01  0.998411E+07  0.997096E+07  0.000000E+00  0.000000E+00  0.742243E+07  0.996599E+07
  0.150243E-01  0.994190E+07  0.992852E+07  0.000000E+00  0.000000E+00  0.736463E+07  0.992365E+07
  0.151922E-01  0.989934E+07  0.988572E+07  0.000000E+00  0.000000E+00  0.730664E+07  0.988095E+07
  0.153620E-01  0.985642E+07  0.984256E+07  0.000000E+00  0.000000E+00  0.724847E+07  0.983790E+07
  0.155336E-01  0.981315E+07  0.979904E+07  0.000000E+00  0.000000E+00  0.719014E+07  0.979450E+07
  0.157072E-01  0.976952E+07  0.975517E+07  0.000000E+00  0.000000E+00  0.713163E+07  0.975073E+07
  0.158827E-01  0.972553E+07  0.971093E+07  0.000000E+00  0.000000E+00  0.707297E+07  0.970662E+07
  0.160601E-01  0.968119E+07  0.966634E+07  0.000000E+00  0.000000E+00  0.701414E+07  0.966215E+07
  0.162396E-01  0.963649E+07  0.962138E+07  0.000000E+00  0.000000E+00  0.695516E+07  0.961732E+07
  0.164210E-01  0.959143E+07  0.957607E+07  0.000000E+00  0.000000E+00  0.689604E+07  0.957213E+07
  0.166045E-01  0.954602E+07  0.953039E+07  0.000000E+00  0.000000E+00  0.683676E+07  0.952659E+07
  0.167900E-01  0.950025E+07  0.948436E+07  0.000000E+00  0.000000E+00  0.677734E+07  0.948069E+07
  0.169776E-01  0.945412E+07  0.943796E+07  0.000000E+00  0.000000E+00  0.671779E+07  0.943444E+07
  0.171673E-01  0.940764E+07  0.939121E+07  0.000000E+00  0.000000E+00  0.665810E+07  0.938783E+07
  0.173591E-01  0.936080E+07  0.934410E+07  0.000000E+00  0.000000E+00  0.659827E+07  0.934087E+07
  0.175531E-01  0.931360E+07  0.929663E+07  0.000000E+00  0.000000E+00  0.653832E+07  0.929355E+07
  0.177492E-01  0.926605E+07  0.924880E+07  0.000000E+00  0.000000E+00  0.647826E+07  0.924588E+07
  0.179475E-01  0.921814E+07  0.920061E+07  0.000000E+00  0.000000E+00  0.641808E+07  0.919785E+07
  0.181480E-01  0.916988E+07  0.915207E+07  0.000000E+00  0.000000E+00  0.635779E+07  0.914947E+07
  0.183508E-01  0.912127E+07  0.910318E+07  0.000000E+00  0.000000E+00  0.629741E+07  0.910075E+07
  0.185558E-01  0.907231E+07  0.905393E+07  0.000000E+00  0.000000E+00  0.623694E+07  0.905167E+07
  0.187631E-01  0.902301E+07  0.900434E+07  0.000000E+00  0.000000E+00  0.617639E+07  0.900225E+07
  0.189728E-01  0.897335E+07  0.895439E+07  0.000000E+00  0.000000E+00  0.611577E+07  0.895248E+07
  0.191848E-01  0.892335E+07  0.890410E+07  0.000000E+00  0.000000E+00  0.605508E+07  0.890236E+07
  0.193991E-01  0.887301E+07  0.885346E+07  0.000000E+00  0.000000E+00  0.599435E+07  0.885191E+07
  0.196159E-01  0.882232E+07  0.880248E+07  0.000000E+00  0.000000E+00  0.593356E+07  0.880112E+07
  0.198350E-01  0.877130E+07  0.875117E+07  0.000000E+00  0.000000E+00  0.587275E+07  0.874999E+07
  0.200567E-01  0.871995E+07  0.869952E+07  0.000000E+00  0.000000E+00  0.581190E+07  0.869853E+07
  0.202808E-01  0.866826E+07  0.864753E+07  0.000000E+00  0.000000E+00  0.575104E+07  0.864674E+07
  0.205073E-01  0.861625E+07  0.859522E+07  0.000000E+00  0.000000E+00  0.569017E+07  0.859463E+07
  0.207365E-01  0.856392E+07  0.854258E+07  0.000000E+00  0.000000E+00  0.562930E+07  0.854219E+07
  0.209682E-01  0.851126E+07  0.848962E+07  0.000000E+00  0.000000E+00  0.556843E+07  0.848944E+07
  0.212024E-01  0.845829E+07  0.843635E+07  0.000000E+00  0.000000E+00  0.550758E+07  0.843637E+07
  0.214393E-01  0.840500E+07  0.838276E+07  0.000000E+00  0.000000E+00  0.544676E+07  0.838299E+07
  0.216789E-01  0.835142E+07  0.832887E+07  0.000000E+00  0.000000E+00  0.538598E+07  0.832931E+07
  0.219211E-01  0.829753E+07  0.827468E+07  0.000000E+00  0.000000E+00  0.532524E+07  0.827533E+07
  0.221660E-01  0.824334E+07  0.822019E+07  0.000000E+00  0.000000E+00  0.526457E+07  0.822106E+07
  0.224137E-01  0.818887E+07  0.816541E+07  0.000000E+00  0.000000E+00  0.520396E+07  0.816650E+07
  0.226641E-01  0.813411E+07  0.811035E+07  0.000000E+00  0.000000E+00  0.514343E+07  0.811166E+07
  0.229174E-01  0.807908E+07  0.805502E+07  0.000000E+00  0.000000E+00  0.508299E+07  0.805655E+07
  0.231734E-01  0.802378E+07  0.799942E+07  0.000000E+00  0.000000E+00  0.502265E+07  0.800117E+07
  0.234323E-01  0.796822E+07  0.794355E+07  0.000000E+00  0.000000E+00  0.496241E+07  0.794553E+07
  0.236941E-01  0.791240E+07  0.788744E+07  0.000000E+00  0.000000E+00  0.490230E+07  0.788964E+07
  0.239589E-01  0.785633E+07  0.783108E+07  0.000000E+00  0.000000E+00  0.484231E+07  0.783351E+07
  0.242266E-01  0.780003E+07  0.777448E+07  0.000000E+00  0.000000E+00  0.478246E+07  0.777714E+07
  0.244973E-01  0.774350E+07  0.771766E+07  0.000000E+00  0.000000E+00  0.472277E+07  0.772054E+07
  0.247710E-01  0.768675E+07  0.766063E+07  0.000000E+00  0.000000E+00  0.466323E+07  0.766373E+07
  0.250477E-01  0.762979E+07  0.760338E+07  0.000000E+00  0.000000E+00  0.460386E+07  0.760672E+07
  0.253276E-01  0.757264E+07  0.754594E+07  0.000000E+00  0.000000E+00  0.454469E+07  0.754950E+07
  0.256106E-01  0.751529E+07  0.748832E+07  0.000000E+00  0.000000E+00  0.448571E+07  0.749210E+07
  0.258967E-01  0.745777E+07  0.743052E+07  0.000000E+00  0.000000E+00  0.442694E+07  0.743453E+07
  0.261861E-01  0.740007E+07  0.737256E+07  0.000000E+00  0.000000E+00  0.436840E+07  0.737679E+07
  0.264787E-01  0.734223E+07  0.731445E+07  0.000000E+00  0.000000E+00  0.431008E+07  0.731890E+07
  0.267745E-01  0.728424E+07  0.725620E+07  0.000000E+00  0.000000E+00  0.425201E+07  0.726087E+07
  0.270737E-01  0.722613E+07  0.719783E+07  0.000000E+00  0.000000E+00  0.419420E+07  0.720272E+07
  0.273761E-01  0.716789E+07  0.713935E+07  0.000000E+00  0.000000E+00  0.413665E+07  0.714445E+07
  0.276820E-01  0.710956E+07  0.708077E+07  0.000000E+00  0.000000E+00  0.407937E+07  0.708609E+07
  0.279913E-01  0.705113E+07  0.702211E+07  0.000000E+00  0.000000E+00  0.402238E+07  0.702764E+07
  0.283041E-01  0.699264E+07  0.696338E+07  0.000000E+00  0.000000E+00  0.396568E+07  0.696911E+07
  0.286203E-01  0.693408E+07  0.690461E+07  0.000000E+00  0.000000E+00  0.390928E+07  0.691054E+07
  0.289401E-01  0.687548E+07  0.684579E+07  0.000000E+00  0.000000E+00  0.385321E+07  0.685192E+07
  0.292634E-01  0.681685E+07  0.678696E+07  0.000000E+00  0.000000E+00  0.379748E+07  0.679328E+07
  0.295904E-01  0.675822E+07  0.672813E+07  0.000000E+00  0.000000E+00  0.374209E+07  0.673463E+07
  0.299210E-01  0.669958E+07  0.666931E+07  0.000000E+00  0.000000E+00  0.368707E+07  0.667599E+07
  0.302553E-01  0.664097E+07  0.661052E+07  0.000000E+00  0.000000E+00  0.363243E+07  0.661738E+07
  0.305934E-01  0.658240E+07  0.655178E+07  0.000000E+00  0.000000E+00  0.357818E+07  0.655881E+07
  0.309352E-01  0.652389E+07  0.649311E+07  0.000000E+00  0.000000E+00  0.352434E+07  0.650030E+07
  0.312808E-01  0.646545E+07  0.643452E+07  0.000000E+00  0.000000E+00  0.347092E+07  0.644187E+07
  0.316303E-01  0.640711E+07  0.637604E+07  0.000000E+00  0.000000E+00  0.341792E+07  0.638354E+07
  0.319837E-01  0.634888E+07  0.631769E+07  0.000000E+00  0.000000E+00  0.336536E+07  0.632533E+07
  0.323411E-01  0.629078E+07  0.625948E+07  0.000000E+00  0.000000E+00  0.331325E+07  0.626725E+07
  0.327024E-01  0.623284E+07  0.620144E+07  0.000000E+00  0.000000E+00  0.326160E+07  0.620933E+07
  0.330678E-01  0.617506E+07  0.614358E+07  0.000000E+00  0.000000E+00  0.321041E+07  0.615159E+07
  0.334373E-01  0.611748E+07  0.608592E+07  0.000000E+00  0.000000E+00  0.315969E+07  0.609404E+07
  0.338109E-01  0.606011E+07  0.602849E+07  0.000000E+00  0.000000E+00  0.310945E+07  0.603670E+07
  0.341887E-01  0.600297E+07  0.597131E+07  0.000000E+00  0.000000E+00  0.305971E+07  0.597960E+07
  0.345707E-01  0.594608E+07  0.591439E+07  0.000000E+00  0.000000E+00  0.301047E+07  0.592276E+07
  0.349569E-01  0.588947E+07  0.585776E+07  0.000000E+00  0.000000E+00  0.296174E+07  0.586619E+07
  0.353475E-01  0.583314E+07  0.580143E+07  0.000000E+00  0.000000E+00  0.291353E+07  0.580992E+07
  0.357424E-01  0.577714E+07  0.574544E+07  0.000000E+00  0.000000E+00  0.286585E+07  0.575396E+07
  0.361418E-01  0.572146E+07  0.568980E+07  0.000000E+00  0.000000E+00  0.281872E+07  0.569835E+07
  0.365456E-01  0.566614E+07  0.563453E+07  0.000000E+00  0.000000E+00  0.277215E+07  0.564309E+07
  0.369539E-01  0.561119E+07  0.557964E+07  0.000000E+00  0.000000E+00  0.272614E+07  0.558820E+07
  0.373668E-01  0.555663E+07  0.552516E+07  0.000000E+00  0.000000E+00  0.268071E+07  0.553371E+07
  0.377843E-01  0.550248E+07  0.547111E+07  0.000000E+00  0.000000E+00  0.263585E+07  0.547963E+07
  0.382065E-01  0.544875E+07  0.541750E+07  0.000000E+00  0.000000E+00  0.259157E+07  0.542599E+07
  0.386334E-01  0.539548E+07  0.536436E+07  0.000000E+00  0.000000E+00  0.254787E+07  0.537280E+07
  0.390650E-01  0.534268E+07  0.531172E+07  0.000000E+00  0.000000E+00  0.250476E+07  0.532008E+07
  0.395015E-01  0.529037E+07  0.525957E+07  0.000000E+00  0.000000E+00  0.246224E+07  0.526786E+07
  0.399429E-01  0.523856E+07  0.520795E+07  0.000000E+00  0.000000E+00  0.242032E+07  0.521614E+07
  0.403891E-01  0.518728E+07  0.515687E+07  0.000000E+00  0.000000E+00  0.237901E+07  0.516495E+07
  0.408404E-01  0.513653E+07  0.510635E+07  0.000000E+00  0.000000E+00  0.233830E+07  0.511430E+07
  0.412967E-01  0.508633E+07  0.505639E+07  0.000000E+00  0.000000E+00  0.229820E+07  0.506420E+07
  0.417581E-01  0.503670E+07  0.500702E+07  0.000000E+00  0.000000E+00  0.225872E+07  0.501467E+07
  0.422247E-01  0.498764E+07  0.495824E+07  0.000000E+00  0.000000E+00  0.221984E+07  0.496572E+07
  0.426965E-01  0.493918E+07  0.491007E+07  0.000000E+00  0.000000E+00  0.218157E+07  0.491737E+07
  0.431735E-01  0.489131E+07  0.486252E+07  0.000000E+00  0.000000E+00  0.214390E+07  0.486961E+07
  0.436559E-01  0.484405E+07  0.481559E+07  0.000000E+00  0.000000E+00  0.210685E+07  0.482247E+07
  0.441437E-01  0.479741E+07  0.476930E+07  0.000000E+00  0.000000E+00  0.207040E+07  0.477595E+07
  0.446369E-01  0.475140E+07  0.472365E+07  0.000000E+00  0.000000E+00  0.203456E+07  0.473006E+07
  0.451356E-01  0.470602E+07  0.467865E+07  0.000000E+00  0.000000E+00  0.199933E+07  0.468480E+07
  0.456399E-01  0.466127E+07  0.463429E+07  0.000000E+00  0.000000E+00  0.196470E+07  0.464017E+07
  0.461499E-01  0.461716E+07  0.459059E+07  0.000000E+00  0.000000E+00  0.193066E+07  0.459619E+07
  0.466655E-01  0.457368E+07  0.454754E+07  0.000000E+00  0.000000E+00  0.189721E+07  0.455284E+07
  0.471869E-01  0.453084E+07  0.450513E+07  0.000000E+00  0.000000E+00  0.186432E+07  0.451013E+07
  0.477141E-01  0.448863E+07  0.446337E+07  0.000000E+00  0.000000E+00  0.183201E+07  0.446805E+07
  0.482473E-01  0.444704E+07  0.442225E+07  0.000000E+00  0.000000E+00  0.180026E+07  0.442659E+07
  0.487863E-01  0.440608E+07  0.438176E+07  0.000000E+00  0.000000E+00  0.176906E+07  0.438577E+07
  0.493314E-01  0.436573E+07  0.434190E+07  0.000000E+00  0.000000E+00  0.173842E+07  0.434555E+07
  0.498826E-01  0.432599E+07  0.430265E+07  0.000000E+00  0.000000E+00  0.170831E+07  0.430595E+07
  0.504399E-01  0.428684E+07  0.426400E+07  0.000000E+00  0.000000E+00  0.167873E+07  0.426694E+07
  0.510035E-01  0.424828E+07  0.422594E+07  0.000000E+00  0.000000E+00  0.164966E+07  0.422851E+07
  0.515734E-01  0.421027E+07  0.418845E+07  0.000000E+00  0.000000E+00  0.162110E+07  0.419064E+07
  0.521496E-01  0.417280E+07  0.415150E+07  0.000000E+00  0.000000E+00  0.159303E+07  0.415331E+07
  0.527323E-01  0.413585E+07  0.411507E+07  0.000000E+00  0.000000E+00  0.156544E+07  0.411650E+07
  0.534988E-01  0.408861E+07  0.406850E+07  0.000000E+00  0.000000E+00  0.153030E+07  0.406944E+07
  0.542653E-01  0.404280E+07  0.402337E+07  0.000000E+00  0.000000E+00  0.149638E+07  0.402381E+07
  0.550318E-01  0.399833E+07  0.397956E+07  0.000000E+00  0.000000E+00  0.146362E+07  0.397951E+07
  0.557983E-01  0.395509E+07  0.393696E+07  0.000000E+00  0.000000E+00  0.143197E+07  0.393645E+07
  0.565648E-01  0.391300E+07  0.389550E+07  0.000000E+00  0.000000E+00  0.140134E+07  0.389452E+07
  0.573313E-01  0.387194E+07  0.385504E+07  0.000000E+00  0.000000E+00  0.137167E+07  0.385363E+07
  0.580978E-01  0.383183E+07  0.381552E+07  0.000000E+00  0.000000E+00  0.134289E+07  0.381368E+07
  0.588643E-01  0.379257E+07  0.377682E+07  0.000000E+00  0.000000E+00  0.131495E+07  0.377458E+07
  0.596308E-01  0.375407E+07  0.373886E+07  0.000000E+00  0.000000E+00  0.128780E+07  0.373623E+07
  0.603974E-01  0.371626E+07  0.370155E+07  0.000000E+00  0.000000E+00  0.126141E+07  0.369857E+07
  0.611639E-01  0.367906E+07  0.366484E+07  0.000000E+00  0.000000E+00  0.123572E+07  0.366152E+07
  0.619304E-01  0.364240E+07  0.362863E+07  0.000000E+00  0.000000E+00  0.121068E+07  0.362500E+07
  0.626969E-01  0.360621E+07  0.359287E+07  0.000000E+00  0.000000E+00  0.118627E+07  0.358896E+07
  0.634634E-01  0.357044E+07  0.355748E+07  0.000000E+00  0.000000E+00  0.116243E+07  0.355332E+07
  0.642299E-01  0.353502E+07  0.352242E+07  0.000000E+00  0.000000E+00  0.113914E+07  0.351803E+07
  0.649964E-01  0.349990E+07  0.348764E+07  0.000000E+00  0.000000E+00  0.111636E+07  0.348304E+07
  0.657629E-01  0.346504E+07  0.345308E+07  0.000000E+00  0.000000E+00  0.109408E+07  0.344830E+07
  0.665294E-01  0.343040E+07  0.341870E+07  0.000000E+00  0.000000E+00  0.107228E+07  0.341378E+07
  0.672959E-01  0.339594E+07  0.338447E+07  0.000000E+00  0.000000E+00  0.105091E+07  0.337944E+07
  0.680624E-01  0.336162E+07  0.335036E+07  0.000000E+00  0.000000E+00  0.102998E+07  0.334524E+07
  0.688289E-01  0.332743E+07  0.331635E+07  0.000000E+00  0.000000E+00  0.100944E+07  0.331116E+07
  0.695954E-01  0.329335E+07  0.328241E+07  0.000000E+00  0.000000E+00  0.989294E+06  0.327719E+07
  0.703620E-01  0.325935E+07  0.324853E+07  0.000000E+00  0.000000E+00  0.969528E+06  0.324330E+07
  0.711285E-01  0.322543E+07  0.321470E+07  0.000000E+00  0.000000E+00  0.950133E+06  0.320948E+07
  0.718950E-01  0.319158E+07  0.318092E+07  0.000000E+00  0.000000E+00  0.931097E+06  0.317574E+07
  0.726615E-01  0.315780E+07  0.314717E+07  0.000000E+00  0.000000E+00  0.912404E+06  0.314205E+07
  0.734280E-01  0.312407E+07  0.311347E+07  0.000000E+00  0.000000E+00  0.894046E+06  0.310843E+07
  0.741945E-01  0.309042E+07  0.307981E+07  0.000000E+00  0.000000E+00  0.876019E+06  0.307488E+07
  0.749610E-01  0.305685E+07  0.304621E+07  0.000000E+00  0.000000E+00  0.858321E+06  0.304140E+07
  0.757275E-01  0.302336E+07  0.301268E+07  0.000000E+00  0.000000E+00  0.840950E+06  0.300801E+07
  0.764940E-01  0.298998E+07  0.297924E+07  0.000000E+00  0.000000E+00  0.823901E+06  0.297472E+07
  0.772605E-01  0.295672E+07  0.294590E+07  0.000000E+00  0.000000E+00  0.807170E+06  0.294155E+07
  0.780270E-01  0.292360E+07  0.291269E+07  0.000000E+00  0.000000E+00  0.790754E+06  0.290852E+07
  0.787935E-01  0.289064E+07  0.287962E+07  0.000000E+00  0.000000E+00  0.774652E+06  0.287565E+07
  0.795600E-01  0.285785E+07  0.284673E+07  0.000000E+00  0.000000E+00  0.758863E+06  0.284295E+07
  0.803266E-01  0.282528E+07  0.281403E+07  0.000000E+00  0.000000E+00  0.743388E+06  0.281046E+07
  0.810931E-01  0.279293E+07  0.278156E+07  0.000000E+00  0.000000E+00  0.728229E+06  0.277821E+07
  0.818596E-01  0.276085E+07  0.274935E+07  0.000000E+00  0.000000E+00  0.713388E+06  0.274621E+07
  0.826261E-01  0.272905E+07  0.271742E+07  0.000000E+00  0.000000E+00  0.698861E+06  0.271450E+07
  0.833926E-01  0.269757E+07  0.268580E+07  0.000000E+00  0.000000E+00  0.684646E+06  0.268311E+07
  0.841591E-01  0.266643E+07  0.265453E+07  0.000000E+00  0.000000E+00  0.670742E+06  0.265206E+07
  0.849256E-01  0.263566E+07  0.262363E+07  0.000000E+00  0.000000E+00  0.657152E+06  0.262137E+07
  0.856921E-01  0.260528E+07  0.259312E+07  0.000000E+00  0.000000E+00  0.643878E+06  0.259108E+07
  0.864586E-01  0.257531E+07  0.256304E+07  0.000000E+00  0.000000E+00  0.630919E+06  0.256121E+07
  0.872251E-01  0.254580E+07  0.253341E+07  0.000000E+00  0.000000E+00  0.618274E+06  0.253178E+07
  0.879916E-01  0.251676E+07  0.250426E+07  0.000000E+00  0.000000E+00  0.605940E+06  0.250283E+07
  0.887581E-01  0.248821E+07  0.247561E+07  0.000000E+00  0.000000E+00  0.593915E+06  0.247437E+07
  0.895246E-01  0.246017E+07  0.244750E+07  0.000000E+00  0.000000E+00  0.582200E+06  0.244642E+07
  0.902911E-01  0.243268E+07  0.241992E+07  0.000000E+00  0.000000E+00  0.570792E+06  0.241901E+07
  0.910577E-01  0.240573E+07  0.239292E+07  0.000000E+00  0.000000E+00  0.559689E+06  0.239216E+07
  0.918242E-01  0.237936E+07  0.236649E+07  0.000000E+00  0.000000E+00  0.548890E+06  0.236588E+07
  0.925907E-01  0.235358E+07  0.234067E+07  0.000000E+00  0.000000E+00  0.538389E+06  0.234019E+07
  0.933572E-01  0.232839E+07  0.231546E+07  0.000000E+00  0.000000E+00  0.528183E+06  0.231509E+07
  0.941237E-01  0.230382E+07  0.229088E+07  0.000000E+00  0.000000E+00  0.518268E+06  0.229061E+07
  0.948902E-01  0.227986E+07  0.226693E+07  0.000000E+00  0.000000E+00  0.508638E+06  0.226674E+07
  0.956567E-01  0.225652E+07  0.224361E+07  0.000000E+00  0.000000E+00  0.499292E+06  0.224349E+07
  0.964232E-01  0.223381E+07  0.222094E+07  0.000000E+00  0.000000E+00  0.490223E+06  0.222088E+07
  0.971897E-01  0.221173E+07  0.219891E+07  0.000000E+00  0.000000E+00  0.481427E+06  0.219888E+07
  0.979562E-01  0.219028E+07  0.217752E+07  0.000000E+00  0.000000E+00  0.472895E+06  0.217752E+07
  0.987227E-01  0.216945E+07  0.215677E+07  0.000000E+00  0.000000E+00  0.464619E+06  0.215679E+07
  0.994892E-01  0.214924E+07  0.213666E+07  0.000000E+00  0.000000E+00  0.456595E+06  0.213667E+07
  0.100256E+00  0.212965E+07  0.211718E+07  0.000000E+00  0.000000E+00  0.448817E+06  0.211717E+07
  0.101022E+00  0.211067E+07  0.209831E+07  0.000000E+00  0.000000E+00  0.441278E+06  0.209828E+07
  0.101789E+00  0.209227E+07  0.208005E+07  0.000000E+00  0.000000E+00  0.433972E+06  0.207997E+07
  0.102555E+00  0.207445E+07  0.206238E+07  0.000000E+00  0.000000E+00  0.426888E+06  0.206224E+07
  0.103322E+00  0.205720E+07  0.204529E+07  0.000000E+00  0.000000E+00  0.420019E+06  0.204508E+07
  0.104088E+00  0.204049E+07  0.202876E+07  0.000000E+00  0.000000E+00  0.413357E+06  0.202846E+07
  0.104855E+00  0.202432E+07  0.201276E+07  0.000000E+00  0.000000E+00  0.406895E+06  0.201238E+07
  0.105621E+00  0.200866E+07  0.199729E+07  0.000000E+00  0.000000E+00  0.400624E+06  0.199680E+07
  0.106388E+00  0.199348E+07  0.198231E+07  0.000000E+00  0.000000E+00  0.394537E+06  0.198172E+07
  0.107154E+00  0.197878E+07  0.196781E+07  0.000000E+00  0.000000E+00  0.388627E+06  0.196710E+07
  0.107921E+00  0.196452E+07  0.195376E+07  0.000000E+00  0.000000E+00  0.382883E+06  0.195292E+07
  0.108687E+00  0.195067E+07  0.194013E+07  0.000000E+00  0.000000E+00  0.377298E+06  0.193916E+07
  0.109454E+00  0.193723E+07  0.192691E+07  0.000000E+00  0.000000E+00  0.371863E+06  0.192580E+07
  0.110220E+00  0.192415E+07  0.191406E+07  0.000000E+00  0.000000E+00  0.366573E+06  0.191281E+07
  0.110987E+00  0.191143E+07  0.190155E+07  0.000000E+00  0.000000E+00  0.361419E+06  0.190017E+07
  0.111753E+00  0.189902E+07  0.188937E+07  0.000000E+00  0.000000E+00  0.356396E+06  0.188784E+07
  0.112520E+00  0.188691E+07  0.187749E+07  0.000000E+00  0.000000E+00  0.351493E+06  0.187581E+07
  0.113286E+00  0.187506E+07  0.186587E+07  0.000000E+00  0.000000E+00  0.346702E+06  0.186404E+07
  0.114053E+00  0.186346E+07  0.185449E+07  0.000000E+00  0.000000E+00  0.342017E+06  0.185252E+07
  0.114819E+00  0.185207E+07  0.184332E+07  0.000000E+00  0.000000E+00  0.337432E+06  0.184121E+07
  0.115586E+00  0.184087E+07  0.183234E+07  0.000000E+00  0.000000E+00  0.332941E+06  0.183008E+07
  0.116352E+00  0.182983E+07  0.182152E+07  0.000000E+00  0.000000E+00  0.328538E+06  0.181912E+07
  0.117119E+00  0.181894E+07  0.181083E+07  0.000000E+00  0.000000E+00  0.324216E+06  0.180830E+07
  0.117885E+00  0.180816E+07  0.180025E+07  0.000000E+00  0.000000E+00  0.319971E+06  0.179760E+07
  0.118652E+00  0.179748E+07  0.178977E+07  0.000000E+00  0.000000E+00  0.315795E+06  0.178699E+07
  0.119418E+00  0.178688E+07  0.177935E+07  0.000000E+00  0.000000E+00  0.311685E+06  0.177645E+07
  0.120185E+00  0.177633E+07  0.176898E+07  0.000000E+00  0.000000E+00  0.307635E+06  0.176597E+07
  0.120951E+00  0.176581E+07  0.175864E+07  0.000000E+00  0.000000E+00  0.303643E+06  0.175552E+07
  0.121718E+00  0.175532E+07  0.174830E+07  0.000000E+00  0.000000E+00  0.299704E+06  0.174510E+07
  0.122484E+00  0.174484E+07  0.173797E+07  0.000000E+00  0.000000E+00  0.295815E+06  0.173467E+07
  0.123251E+00  0.173434E+07  0.172761E+07  0.000000E+00  0.000000E+00  0.291972E+06  0.172424E+07
  0.124017E+00  0.172382E+07  0.171722E+07  0.000000E+00  0.000000E+00  0.288171E+06  0.171378E+07
  0.124784E+00  0.171326E+07  0.170678E+07  0.000000E+00  0.000000E+00  0.284411E+06  0.170328E+07
  0.125551E+00  0.170265E+07  0.169629E+07  0.000000E+00  0.000000E+00  0.280690E+06  0.169274E+07
  0.126317E+00  0.169200E+07  0.168573E+07  0.000000E+00  0.000000E+00  0.277006E+06  0.168214E+07
  0.127084E+00  0.168127E+07  0.167510E+07  0.000000E+00  0.000000E+00  0.273357E+06  0.167148E+07
  0.127850E+00  0.167048E+07  0.166439E+07  0.000000E+00  0.000000E+00  0.269740E+06  0.166074E+07
  0.128617E+00  0.165962E+07  0.165359E+07  0.000000E+00  0.000000E+00  0.266154E+06  0.164994E+07
  0.129383E+00  0.164867E+07  0.164270E+07  0.000000E+00  0.000000E+00  0.262598E+06  0.163905E+07
  0.130150E+00  0.163765E+07  0.163173E+07  0.000000E+00  0.000000E+00  0.259072E+06  0.162808E+07
  0.130916E+00  0.162655E+07  0.162066E+07  0.000000E+00  0.000000E+00  0.255576E+06  0.161703E+07
  0.131683E+00  0.161536E+07  0.160950E+07  0.000000E+00  0.000000E+00  0.252111E+06  0.160590E+07
  0.132449E+00  0.160410E+07  0.159826E+07  0.000000E+00  0.000000E+00  0.248675E+06  0.159469E+07
  0.133216E+00  0.159277E+07  0.158694E+07  0.000000E+00  0.000000E+00  0.245268E+06  0.158341E+07
  0.133982E+00  0.158137E+07  0.157554E+07  0.000000E+00  0.000000E+00  0.241891E+06  0.157206E+07
  0.134749E+00  0.156991E+07  0.156407E+07  0.000000E+00  0.000000E+00  0.238544E+06  0.156065E+07
  0.135515E+00  0.155839E+07  0.155254E+07  0.000000E+00  0.000000E+00  0.235227E+06  0.154918E+07
  0.136282E+00  0.154682E+07  0.154095E+07  0.000000E+00  0.000000E+00  0.231943E+06  0.153766E+07
  0.137048E+00  0.153522E+07  0.152932E+07  0.000000E+00  0.000000E+00  0.228692E+06  0.152610E+07
  0.137815E+00  0.152359E+07  0.151765E+07  0.000000E+00  0.000000E+00  0.225475E+06  0.151452E+07
  0.138581E+00  0.151194E+07  0.150597E+07  0.000000E+00  0.000000E+00  0.222292E+06  0.150291E+07
  0.139348E+00  0.150028E+07  0.149427E+07  0.000000E+00  0.000000E+00  0.219146E+06  0.149130E+07
  0.140114E+00  0.148862E+07  0.148257E+07  0.000000E+00  0.000000E+00  0.216036E+06  0.147969E+07
  0.140881E+00  0.147698E+07  0.147088E+07  0.000000E+00  0.000000E+00  0.212965E+06  0.146810E+07
  0.141647E+00  0.146537E+07  0.145922E+07  0.000000E+00  0.000000E+00  0.209933E+06  0.145654E+07
  0.142414E+00  0.145380E+07  0.144759E+07  0.000000E+00  0.000000E+00  0.206942E+06  0.144501E+07
  0.143180E+00  0.144227E+07  0.143601E+07  0.000000E+00  0.000000E+00  0.203992E+06  0.143353E+07
  0.143947E+00  0.143081E+07  0.142450E+07  0.000000E+00  0.000000E+00  0.201084E+06  0.142212E+07
  0.144713E+00  0.141943E+07  0.141306E+07  0.000000E+00  0.000000E+00  0.198220E+06  0.141078E+07
  0.145480E+00  0.140813E+07  0.140171E+07  0.000000E+00  0.000000E+00  0.195400E+06  0.139952E+07
  0.146246E+00  0.139693E+07  0.139046E+07  0.000000E+00  0.000000E+00  0.192627E+06  0.138837E+07
  0.147013E+00  0.138584E+07  0.137932E+07  0.000000E+00  0.000000E+00  0.189900E+06  0.137732E+07
  0.147779E+00  0.137487E+07  0.136830E+07  0.000000E+00  0.000000E+00  0.187221E+06  0.136640E+07
  0.148546E+00  0.136404E+07  0.135742E+07  0.000000E+00  0.000000E+00  0.184589E+06  0.135561E+07
  0.149312E+00  0.135335E+07  0.134669E+07  0.000000E+00  0.000000E+00  0.182006E+06  0.134496E+07
  0.150079E+00  0.134281E+07  0.133611E+07  0.000000E+00  0.000000E+00  0.179472E+06  0.133447E+07
  0.150845E+00  0.133243E+07  0.132570E+07  0.000000E+00  0.000000E+00  0.176988E+06  0.132413E+07
  0.151612E+00  0.132222E+07  0.131546E+07  0.000000E+00  0.000000E+00  0.174554E+06  0.131397E+07
  0.152378E+00  0.131219E+07  0.130541E+07  0.000000E+00  0.000000E+00  0.172171E+06  0.130399E+07
  0.153145E+00  0.130235E+07  0.129555E+07  0.000000E+00  0.000000E+00  0.169838E+06  0.129419E+07
  0.153911E+00  0.129270E+07  0.128588E+07  0.000000E+00  0.000000E+00  0.167556E+06  0.128458E+07
  0.154678E+00  0.128325E+07  0.127642E+07  0.000000E+00  0.000000E+00  0.165324E+06  0.127517E+07
  0.155444E+00  0.127399E+07  0.126717E+07  0.000000E+00  0.000000E+00  0.163142E+06  0.126596E+07
  0.156211E+00  0.126495E+07  0.125812E+07  0.000000E+00  0.000000E+00  0.161010E+06  0.125696E+07
  0.156977E+00  0.125611E+07  0.124930E+07  0.000000E+00  0.000000E+00  0.158928E+06  0.124817E+07
  0.157744E+00  0.124749E+07  0.124068E+07  0.000000E+00  0.000000E+00  0.156895E+06  0.123959E+07
  0.158510E+00  0.123907E+07  0.123229E+07  0.000000E+00  0.000000E+00  0.154909E+06  0.123121E+07
  0.159277E+00  0.123087E+07  0.122411E+07  0.000000E+00  0.000000E+00  0.152971E+06  0.122305E+07
  0.160043E+00  0.122287E+07  0.121615E+07  0.000000E+00  0.000000E+00  0.151079E+06  0.121510E+07
  0.160810E+00  0.121508E+07  0.120840E+07  0.000000E+00  0.000000E+00  0.149234E+06  0.120736E+07
  0.161576E+00  0.120751E+07  0.120086E+07  0.000000E+00  0.000000E+00  0.147433E+06  0.119982E+07
  0.162343E+00  0.120013E+07  0.119354E+07  0.000000E+00  0.000000E+00  0.145676E+06  0.119249E+07
  0.163109E+00  0.119296E+07  0.118642E+07  0.000000E+00  0.000000E+00  0.143962E+06  0.118536E+07
  0.163876E+00  0.118598E+07  0.117950E+07  0.000000E+00  0.000000E+00  0.142288E+06  0.117842E+07
  0.164642E+00  0.117919E+07  0.117277E+07  0.000000E+00  0.000000E+00  0.140655E+06  0.117167E+07
  0.165409E+00  0.117258E+07  0.116623E+07  0.000000E+00  0.000000E+00  0.139060E+06  0.116511E+07
  0.166175E+00  0.116616E+07  0.115988E+07  0.000000E+00  0.000000E+00  0.137503E+06  0.115873E+07
  0.166942E+00  0.115990E+07  0.115370E+07  0.000000E+00  0.000000E+00  0.135982E+06  0.115251E+07
  0.167708E+00  0.115381E+07  0.114769E+07  0.000000E+00  0.000000E+00  0.134496E+06  0.114647E+07
  0.168475E+00  0.114788E+07  0.114184E+07  0.000000E+00  0.000000E+00  0.133042E+06  0.114057E+07
  0.169241E+00  0.114209E+07  0.113614E+07  0.000000E+00  0.000000E+00  0.131621E+06  0.113483E+07
  0.170008E+00  0.113645E+07  0.113058E+07  0.000000E+00  0.000000E+00  0.130229E+06  0.112922E+07
  0.170774E+00  0.113094E+07  0.112515E+07  0.000000E+00  0.000000E+00  0.128867E+06  0.112375E+07
  0.171541E+00  0.112554E+07  0.111985E+07  0.000000E+00  0.000000E+00  0.127532E+06  0.111840E+07
  0.172307E+00  0.112027E+07  0.111466E+07  0.000000E+00  0.000000E+00  0.126223E+06  0.111316E+07
  0.173074E+00  0.111509E+07  0.110958E+07  0.000000E+00  0.000000E+00  0.124938E+06  0.110802E+07
  0.173840E+00  0.111001E+07  0.110459E+07  0.000000E+00  0.000000E+00  0.123676E+06  0.110298E+07
  0.174607E+00  0.110501E+07  0.109968E+07  0.000000E+00  0.000000E+00  0.122436E+06  0.109801E+07
  0.175374E+00  0.110008E+07  0.109485E+07  0.000000E+00  0.000000E+00  0.121216E+06  0.109313E+07
  0.176140E+00  0.109523E+07  0.109008E+07  0.000000E+00  0.000000E+00  0.120015E+06  0.108831E+07
  0.176907E+00  0.109042E+07  0.108537E+07  0.000000E+00  0.000000E+00  0.118832E+06  0.108354E+07
  0.177673E+00  0.108567E+07  0.108070E+07  0.000000E+00  0.000000E+00  0.117666E+06  0.107882E+07
  0.178440E+00  0.108095E+07  0.107607E+07  0.000000E+00  0.000000E+00  0.116514E+06  0.107414E+07
  0.179206E+00  0.107626E+07  0.107146E+07  0.000000E+00  0.000000E+00  0.115377E+06  0.106949E+07
  0.179973E+00  0.107160E+07  0.106688E+07  0.000000E+00  0.000000E+00  0.114252E+06  0.106485E+07
  0.180739E+00  0.106695E+07  0.106230E+07  0.000000E+00  0.000000E+00  0.113140E+06  0.106024E+07
  0.181506E+00  0.106230E+07  0.105774E+07  0.000000E+00  0.000000E+00  0.112039E+06  0.105563E+07
  0.182272E+00  0.105766E+07  0.105316E+07  0.000000E+00  0.000000E+00  0.110949E+06  0.105102E+07
  0.183039E+00  0.105301E+07  0.104858E+07  0.000000E+00  0.000000E+00  0.109869E+06  0.104640E+07
  0.183805E+00  0.104835E+07  0.104399E+07  0.000000E+00  0.000000E+00  0.108797E+06  0.104178E+07
  0.184572E+00  0.104367E+07  0.103937E+07  0.000000E+00  0.000000E+00  0.107733E+06  0.103713E+07
  0.185338E+00  0.103897E+07  0.103473E+07  0.000000E+00  0.000000E+00  0.106677E+06  0.103246E+07
  0.186105E+00  0.103425E+07  0.103006E+07  0.000000E+00  0.000000E+00  0.105629E+06  0.102777E+07
  0.186871E+00  0.102949E+07  0.102535E+07  0.000000E+00  0.000000E+00  0.104587E+06  0.102304E+07
  0.187638E+00  0.102470E+07  0.102061E+07  0.000000E+00  0.000000E+00  0.103551E+06  0.101829E+07
  0.188404E+00  0.101988E+07  0.101582E+07  0.000000E+00  0.000000E+00  0.102520E+06  0.101349E+07
  0.189171E+00  0.101501E+07  0.101100E+07  0.000000E+00  0.000000E+00  0.101496E+06  0.100866E+07
  0.189937E+00  0.101011E+07  0.100613E+07  0.000000E+00  0.000000E+00  0.100477E+06  0.100378E+07
  0.190704E+00  0.100516E+07  0.100121E+07  0.000000E+00  0.000000E+00  0.994630E+05  0.998865E+06
  0.191470E+00  0.100018E+07  0.996246E+06  0.000000E+00  0.000000E+00  0.984545E+05  0.993906E+06
  0.192237E+00  0.995148E+06  0.991238E+06  0.000000E+00  0.000000E+00  0.974512E+05  0.988906E+06
  0.193003E+00  0.990077E+06  0.986184E+06  0.000000E+00  0.000000E+00  0.964528E+05  0.983863E+06
  0.193770E+00  0.984966E+06  0.981087E+06  0.000000E+00  0.000000E+00  0.954594E+05  0.978780E+06
  0.194536E+00  0.979817E+06  0.975947E+06  0.000000E+00  0.000000E+00  0.944712E+05  0.973659E+06
  0.195303E+00  0.974631E+06  0.970767E+06  0.000000E+00  0.000000E+00  0.934886E+05  0.968500E+06
  0.196069E+00  0.969411E+06  0.965550E+06  0.000000E+00  0.000000E+00  0.925118E+05  0.963307E+06
  0.196836E+00  0.964159E+06  0.960298E+06  0.000000E+00  0.000000E+00  0.915409E+05  0.958082E+06
  0.199426E+00  0.946230E+06  0.942349E+06  0.000000E+00  0.000000E+00  0.883070E+05  0.940242E+06
  0.202050E+00  0.927892E+06  0.923967E+06  0.000000E+00  0.000000E+00  0.851136E+05  0.921993E+06
  0.204708E+00  0.909324E+06  0.905340E+06  0.000000E+00  0.000000E+00  0.819773E+05  0.903512E+06
  0.207402E+00  0.890731E+06  0.886682E+06  0.000000E+00  0.000000E+00  0.789170E+05  0.885007E+06
  0.210131E+00  0.872335E+06  0.868226E+06  0.000000E+00  0.000000E+00  0.759496E+05  0.866699E+06
  0.212895E+00  0.854362E+06  0.850206E+06  0.000000E+00  0.000000E+00  0.730938E+05  0.848814E+06
  0.215697E+00  0.837020E+06  0.832840E+06  0.000000E+00  0.000000E+00  0.703629E+05  0.831559E+06
  0.218535E+00  0.820478E+06  0.816302E+06  0.000000E+00  0.000000E+00  0.677674E+05  0.815106E+06
  0.221410E+00  0.804856E+06  0.800716E+06  0.000000E+00  0.000000E+00  0.653124E+05  0.799572E+06
  0.224323E+00  0.790214E+06  0.786144E+06  0.000000E+00  0.000000E+00  0.629972E+05  0.785018E+06
  0.227275E+00  0.776551E+06  0.772581E+06  0.000000E+00  0.000000E+00  0.608169E+05  0.771443E+06
  0.230265E+00  0.763801E+06  0.759959E+06  0.000000E+00  0.000000E+00  0.587609E+05  0.758780E+06
  0.233295E+00  0.751839E+06  0.748143E+06  0.000000E+00  0.000000E+00  0.568150E+05  0.746903E+06
  0.236365E+00  0.740486E+06  0.736949E+06  0.000000E+00  0.000000E+00  0.549620E+05  0.735634E+06
  0.239475E+00  0.729533E+06  0.726157E+06  0.000000E+00  0.000000E+00  0.531829E+05  0.724764E+06
  0.242626E+00  0.718760E+06  0.715536E+06  0.000000E+00  0.000000E+00  0.514598E+05  0.714071E+06
  0.245818E+00  0.707956E+06  0.704870E+06  0.000000E+00  0.000000E+00  0.497759E+05  0.703346E+06
  0.249052E+00  0.696941E+06  0.693968E+06  0.000000E+00  0.000000E+00  0.481184E+05  0.692406E+06
  0.252329E+00  0.685573E+06  0.682687E+06  0.000000E+00  0.000000E+00  0.464776E+05  0.681114E+06
  0.255650E+00  0.673778E+06  0.670949E+06  0.000000E+00  0.000000E+00  0.448490E+05  0.669391E+06
  0.259013E+00  0.661548E+06  0.658750E+06  0.000000E+00  0.000000E+00  0.432332E+05  0.657233E+06
  0.262421E+00  0.648948E+06  0.646158E+06  0.000000E+00  0.000000E+00  0.416349E+05  0.644703E+06
  0.265874E+00  0.636098E+06  0.633298E+06  0.000000E+00  0.000000E+00  0.400624E+05  0.631922E+06
  0.269372E+00  0.623161E+06  0.620344E+06  0.000000E+00  0.000000E+00  0.385257E+05  0.619055E+06
  0.272917E+00  0.610331E+06  0.607497E+06  0.000000E+00  0.000000E+00  0.370366E+05  0.606292E+06
  0.276508E+00  0.597802E+06  0.594959E+06  0.000000E+00  0.000000E+00  0.356052E+05  0.593832E+06
  0.280146E+00  0.585745E+06  0.582909E+06  0.000000E+00  0.000000E+00  0.342400E+05  0.581843E+06
  0.283832E+00  0.574285E+06  0.571475E+06  0.000000E+00  0.000000E+00  0.329456E+05  0.570451E+06
  0.287567E+00  0.563487E+06  0.560725E+06  0.000000E+00  0.000000E+00  0.317236E+05  0.559721E+06
  0.291350E+00  0.553355E+06  0.550659E+06  0.000000E+00  0.000000E+00  0.305707E+05  0.549655E+06
  0.295184E+00  0.543821E+06  0.541208E+06  0.000000E+00  0.000000E+00  0.294809E+05  0.540187E+06
  0.299068E+00  0.534760E+06  0.532240E+06  0.000000E+00  0.000000E+00  0.284449E+05  0.531191E+06
  0.303003E+00  0.526011E+06  0.523586E+06  0.000000E+00  0.000000E+00  0.274523E+05  0.522505E+06
  0.306990E+00  0.517404E+06  0.515068E+06  0.000000E+00  0.000000E+00  0.264928E+05  0.513960E+06
  0.311029E+00  0.508776E+06  0.506519E+06  0.000000E+00  0.000000E+00  0.255572E+05  0.505393E+06
  0.315121E+00  0.499991E+06  0.497796E+06  0.000000E+00  0.000000E+00  0.227519E+05  0.496655E+06
  0.319268E+00  0.490998E+06  0.488848E+06  0.000000E+00  0.000000E+00  0.218985E+05  0.487720E+06
  0.323468E+00  0.481781E+06  0.479659E+06  0.000000E+00  0.000000E+00  0.210591E+05  0.478560E+06
  0.327725E+00  0.472394E+06  0.470288E+06  0.000000E+00  0.000000E+00  0.202359E+05  0.469229E+06
  0.332037E+00  0.462939E+06  0.460841E+06  0.000000E+00  0.000000E+00  0.194332E+05  0.459830E+06
  0.336405E+00  0.453555E+06  0.451463E+06  0.000000E+00  0.000000E+00  0.186565E+05  0.450500E+06
  0.340832E+00  0.444381E+06  0.442300E+06  0.000000E+00  0.000000E+00  0.179107E+05  0.441381E+06
  0.345316E+00  0.435534E+06  0.433473E+06  0.000000E+00  0.000000E+00  0.171994E+05  0.432588E+06
  0.349860E+00  0.427092E+06  0.425062E+06  0.000000E+00  0.000000E+00  0.165244E+05  0.424200E+06
  0.354463E+00  0.419078E+06  0.417092E+06  0.000000E+00  0.000000E+00  0.158852E+05  0.416239E+06
  0.359127E+00  0.411456E+06  0.409522E+06  0.000000E+00  0.000000E+00  0.152789E+05  0.408669E+06
  0.363853E+00  0.404142E+06  0.402266E+06  0.000000E+00  0.000000E+00  0.147012E+05  0.401406E+06
  0.368640E+00  0.397026E+06  0.395207E+06  0.000000E+00  0.000000E+00  0.141471E+05  0.394340E+06
  0.373490E+00  0.389991E+06  0.388225E+06  0.000000E+00  0.000000E+00  0.136115E+05  0.387354E+06
  0.378405E+00  0.382938E+06  0.381217E+06  0.000000E+00  0.000000E+00  0.130907E+05  0.380349E+06
  0.383384E+00  0.375812E+06  0.374127E+06  0.000000E+00  0.000000E+00  0.125824E+05  0.373271E+06
  0.388428E+00  0.368605E+06  0.366946E+06  0.000000E+00  0.000000E+00  0.120861E+05  0.366110E+06
  0.393539E+00  0.361354E+06  0.359715E+06  0.000000E+00  0.000000E+00  0.116030E+05  0.358905E+06
  0.398717E+00  0.354137E+06  0.352514E+06  0.000000E+00  0.000000E+00  0.111352E+05  0.351732E+06
  0.403963E+00  0.347041E+06  0.345435E+06  0.000000E+00  0.000000E+00  0.106850E+05  0.344680E+06
  0.409278E+00  0.340146E+06  0.338562E+06  0.000000E+00  0.000000E+00  0.102543E+05  0.337829E+06
  0.414664E+00  0.333505E+06  0.331948E+06  0.000000E+00  0.000000E+00  0.984396E+04  0.331232E+06
  0.420120E+00  0.327131E+06  0.325607E+06  0.000000E+00  0.000000E+00  0.945357E+04  0.324900E+06
  0.425647E+00  0.320993E+06  0.319506E+06  0.000000E+00  0.000000E+00  0.908149E+04  0.318804E+06
  0.431248E+00  0.315033E+06  0.313585E+06  0.000000E+00  0.000000E+00  0.872540E+04  0.312886E+06
  0.436922E+00  0.309180E+06  0.307768E+06  0.000000E+00  0.000000E+00  0.838274E+04  0.307073E+06
  0.442671E+00  0.303369E+06  0.301991E+06  0.000000E+00  0.000000E+00  0.805140E+04  0.301302E+06
  0.448496E+00  0.297565E+06  0.296214E+06  0.000000E+00  0.000000E+00  0.773009E+04  0.295536E+06
  0.454397E+00  0.291760E+06  0.290432E+06  0.000000E+00  0.000000E+00  0.741841E+04  0.289769E+06
  0.460376E+00  0.285983E+06  0.284676E+06  0.000000E+00  0.000000E+00  0.711684E+04  0.284030E+06
  0.466433E+00  0.280282E+06  0.278993E+06  0.000000E+00  0.000000E+00  0.682625E+04  0.278365E+06
  0.472570E+00  0.274704E+06  0.273436E+06  0.000000E+00  0.000000E+00  0.654748E+04  0.272824E+06
  0.478788E+00  0.269287E+06  0.268042E+06  0.000000E+00  0.000000E+00  0.628097E+04  0.267443E+06
  0.485088E+00  0.264040E+06  0.262820E+06  0.000000E+00  0.000000E+00  0.602649E+04  0.262231E+06
  0.491471E+00  0.258948E+06  0.257755E+06  0.000000E+00  0.000000E+00  0.578326E+04  0.257174E+06
  0.497937E+00  0.253976E+06  0.252811E+06  0.000000E+00  0.000000E+00  0.555008E+04  0.252236E+06
  0.504489E+00  0.249085E+06  0.247946E+06  0.000000E+00  0.000000E+00  0.532575E+04  0.247378E+06
  0.511127E+00  0.244245E+06  0.243129E+06  0.000000E+00  0.000000E+00  0.510933E+04  0.242570E+06
  0.517852E+00  0.239442E+06  0.238348E+06  0.000000E+00  0.000000E+00  0.490036E+04  0.237800E+06
  0.524666E+00  0.234688E+06  0.233614E+06  0.000000E+00  0.000000E+00  0.469879E+04  0.233078E+06
  0.531569E+00  0.230004E+06  0.228948E+06  0.000000E+00  0.000000E+00  0.450484E+04  0.228425E+06
  0.538563E+00  0.225417E+06  0.224379E+06  0.000000E+00  0.000000E+00  0.431877E+04  0.223868E+06
  0.545650E+00  0.220942E+06  0.219924E+06  0.000000E+00  0.000000E+00  0.414062E+04  0.219423E+06
  0.552829E+00  0.216583E+06  0.215586E+06  0.000000E+00  0.000000E+00  0.397014E+04  0.215093E+06
  0.560103E+00  0.212326E+06  0.211351E+06  0.000000E+00  0.000000E+00  0.380682E+04  0.210866E+06
  0.567473E+00  0.208152E+06  0.207198E+06  0.000000E+00  0.000000E+00  0.365005E+04  0.206720E+06
  0.574940E+00  0.204041E+06  0.203107E+06  0.000000E+00  0.000000E+00  0.349927E+04  0.202638E+06
  0.582504E+00  0.199986E+06  0.199070E+06  0.000000E+00  0.000000E+00  0.335415E+04  0.198610E+06
  0.590169E+00  0.195987E+06  0.195089E+06  0.000000E+00  0.000000E+00  0.321451E+04  0.194638E+06
  0.635545E+00  0.174780E+06  0.173979E+06  0.000000E+00  0.000000E+00  0.252414E+04  0.173574E+06
  0.684410E+00  0.155738E+06  0.155023E+06  0.000000E+00  0.000000E+00  0.197792E+04  0.154662E+06
  0.737032E+00  0.138679E+06  0.138042E+06  0.000000E+00  0.000000E+00  0.154703E+04  0.137719E+06
  0.793700E+00  0.123392E+06  0.122827E+06  0.000000E+00  0.000000E+00  0.120769E+04  0.122538E+06
  0.854724E+00  0.109710E+06  0.109207E+06  0.000000E+00  0.000000E+00  0.941047E+03  0.108949E+06
  0.920441E+00  0.974771E+05  0.970302E+05  0.000000E+00  0.000000E+00  0.731994E+03  0.968004E+05
  0.991211E+00  0.865487E+05  0.861519E+05  0.000000E+00  0.000000E+00  0.568420E+03  0.859474E+05
  0.106742E+01  0.767956E+05  0.764435E+05  0.000000E+00  0.000000E+00  0.440688E+03  0.762616E+05
  0.114949E+01  0.680987E+05  0.677865E+05  0.000000E+00  0.000000E+00  0.341131E+03  0.676249E+05
  0.123787E+01  0.603496E+05  0.600729E+05  0.000000E+00  0.000000E+00  0.263673E+03  0.599295E+05
  0.133305E+01  0.534513E+05  0.532063E+05  0.000000E+00  0.000000E+00  0.270165E+03  0.530794E+05
  0.143554E+01  0.473142E+05  0.470973E+05  0.000000E+00  0.000000E+00  0.209046E+03  0.469848E+05
  0.154592E+01  0.418589E+05  0.416671E+05  0.000000E+00  0.000000E+00  0.161519E+03  0.415674E+05
  0.166478E+01  0.370129E+05  0.368432E+05  0.000000E+00  0.000000E+00  0.124622E+03  0.367550E+05
  0.179277E+01  0.327111E+05  0.325612E+05  0.000000E+00  0.000000E+00  0.960245E+02  0.324831E+05
  0.193061E+01  0.288950E+05  0.287626E+05  0.000000E+00  0.000000E+00  0.738946E+02  0.286935E+05
  0.207905E+01  0.255118E+05  0.253949E+05  0.000000E+00  0.000000E+00  0.567949E+02  0.253339E+05
