  0.642281E-04  0.147184E+08  0.147184E+08  0.192369E+08  0.192362E+08  0.147181E+08  0.147184E+08
  0.715193E-04  0.147183E+08  0.147183E+08  0.191448E+08  0.191440E+08  0.147179E+08  0.147183E+08
  0.796382E-04  0.147181E+08  0.147181E+08  0.190311E+08  0.190301E+08  0.147176E+08  0.147181E+08
  0.886788E-04  0.147179E+08  0.147179E+08  0.188910E+08  0.188898E+08  0.147173E+08  0.147179E+08
  0.987457E-04  0.147177E+08  0.147177E+08  0.187186E+08  0.187171E+08  0.147169E+08  0.147177E+08
  0.109955E-03  0.147174E+08  0.147174E+08  0.185069E+08  0.185051E+08  0.147164E+08  0.147174E+08
  0.122438E-03  0.147170E+08  0.147170E+08  0.182474E+08  0.182452E+08  0.147157E+08  0.147170E+08
  0.136337E-03  0.147165E+08  0.147165E+08  0.179302E+08  0.179275E+08  0.147150E+08  0.147165E+08
  0.151814E-03  0.147159E+08  0.147159E+08  0.175440E+08  0.175408E+08  0.147140E+08  0.147159E+08
  0.169048E-03  0.147152E+08  0.147152E+08  0.170757E+08  0.170719E+08  0.147128E+08  0.147152E+08
  0.188238E-03  0.147143E+08  0.147143E+08  0.165110E+08  0.165065E+08  0.147113E+08  0.147143E+08
  0.209607E-03  0.147132E+08  0.147132E+08  0.158347E+08  0.158294E+08  0.147094E+08  0.147132E+08
  0.233402E-03  0.147119E+08  0.147119E+08  0.150316E+08  0.150254E+08  0.147072E+08  0.147119E+08
  0.259898E-03  0.147102E+08  0.147102E+08  0.140880E+08  0.140810E+08  0.147043E+08  0.147102E+08
  0.289402E-03  0.147082E+08  0.147082E+08  0.129943E+08  0.129866E+08  0.147009E+08  0.147081E+08
  0.322255E-03  0.147057E+08  0.147057E+08  0.117479E+08  0.117397E+08  0.146966E+08  0.147056E+08
  0.358838E-03  0.147026E+08  0.147026E+08  0.103580E+08  0.103495E+08  0.146913E+08  0.147025E+08
  0.399573E-03  0.146988E+08  0.146988E+08  0.885006E+07  0.884195E+07  0.146848E+08  0.146987E+08
  0.444933E-03  0.146942E+08  0.146942E+08  0.727136E+07  0.726426E+07  0.146768E+08  0.146941E+08
  0.495442E-03  0.146886E+08  0.146886E+08  0.569339E+07  0.568808E+07  0.146670E+08  0.146885E+08
  0.551685E-03  0.146818E+08  0.146818E+08  0.420999E+07  0.420716E+07  0.146551E+08  0.146816E+08
  0.614313E-03  0.146736E+08  0.146736E+08  0.292640E+07  0.292641E+07  0.146406E+08  0.146734E+08
  0.684050E-03  0.146637E+08  0.146637E+08  0.193654E+07  0.193905E+07  0.146229E+08  0.146635E+08
  0.761704E-03  0.146519E+08  0.146519E+08  0.128959E+07  0.129336E+07  0.146015E+08  0.146516E+08
  0.848174E-03  0.146378E+08  0.146378E+08  0.956868E+06  0.959961E+06  0.145756E+08  0.146374E+08
  0.944459E-03  0.146211E+08  0.146210E+08  0.822437E+06  0.823103E+06  0.145445E+08  0.146206E+08
  0.105167E-02  0.146013E+08  0.146012E+08  0.725064E+06  0.723139E+06  0.145070E+08  0.146007E+08
  0.117106E-02  0.145779E+08  0.145778E+08  0.553642E+06  0.551238E+06  0.144622E+08  0.145772E+08
  0.130400E-02  0.145504E+08  0.145503E+08  0.332725E+06  0.332570E+06  0.144088E+08  0.145495E+08
  0.145203E-02  0.145182E+08  0.145180E+08  0.185442E+06  0.187368E+06  0.143455E+08  0.145171E+08
  0.161687E-02  0.144806E+08  0.144803E+08  0.158441E+06  0.158995E+06  0.142704E+08  0.144792E+08
  0.180042E-02  0.144366E+08  0.144364E+08  0.139832E+06  0.138258E+06  0.141820E+08  0.144350E+08
  0.200480E-02  0.143855E+08  0.143852E+08  0.673400E+05  0.675594E+05  0.140784E+08  0.143836E+08
  0.223239E-02  0.143264E+08  0.143259E+08  0.417068E+05  0.426248E+05  0.139579E+08  0.143240E+08
  0.248581E-02  0.142580E+08  0.142575E+08  0.427701E+05  0.412112E+05  0.138188E+08  0.142551E+08
  0.276800E-02  0.141793E+08  0.141786E+08  0.122953E+05  0.115792E+05  0.136595E+08  0.141759E+08
  0.308223E-02  0.140890E+08  0.140882E+08  0.196863E+05  0.161017E+05  0.134786E+08  0.140851E+08
  0.343212E-02  0.139860E+08  0.139850E+08  0.163240E+04  0.108349E+04  0.132750E+08  0.139814E+08
  0.382174E-02  0.138688E+08  0.138676E+08  0.431578E+04  0.429105E+04  0.130475E+08  0.138634E+08
  0.425559E-02  0.137361E+08  0.137347E+08 -0.113457E+03 -0.565383E+03  0.127951E+08  0.137300E+08
  0.430160E-02  0.137219E+08  0.137204E+08  0.829386E+03  0.216590E+03  0.127684E+08  0.137157E+08
  0.434810E-02  0.137076E+08  0.137061E+08  0.155147E+04  0.801190E+03  0.127415E+08  0.137013E+08
  0.439510E-02  0.136931E+08  0.136915E+08  0.188400E+04  0.105404E+04  0.127143E+08  0.136867E+08
  0.444262E-02  0.136784E+08  0.136768E+08  0.173212E+04  0.907789E+03  0.126869E+08  0.136719E+08
  0.449065E-02  0.136635E+08  0.136619E+08  0.109666E+04  0.376291E+03  0.126591E+08  0.136570E+08
  0.453919E-02  0.136485E+08  0.136469E+08  0.775554E+02 -0.447140E+03  0.126312E+08  0.136419E+08
  0.458827E-02  0.136333E+08  0.136316E+08 -0.114279E+04 -0.140800E+04  0.126029E+08  0.136266E+08
  0.463787E-02  0.136179E+08  0.136162E+08 -0.233455E+04 -0.232241E+04  0.125744E+08  0.136111E+08
  0.468801E-02  0.136023E+08  0.136006E+08 -0.326757E+04 -0.301640E+04  0.125456E+08  0.135954E+08
  0.473869E-02  0.135866E+08  0.135848E+08 -0.376117E+04 -0.336444E+04  0.125165E+08  0.135796E+08
  0.478992E-02  0.135706E+08  0.135688E+08 -0.372578E+04 -0.331830E+04  0.124871E+08  0.135636E+08
  0.484170E-02  0.135545E+08  0.135527E+08 -0.318624E+04 -0.291933E+04  0.124575E+08  0.135473E+08
  0.489404E-02  0.135382E+08  0.135363E+08  0.000000E+00  0.000000E+00  0.124276E+08  0.135310E+08
  0.494695E-02  0.135217E+08  0.135198E+08  0.000000E+00  0.000000E+00  0.123973E+08  0.135144E+08
  0.500043E-02  0.135051E+08  0.135031E+08  0.000000E+00  0.000000E+00  0.123668E+08  0.134976E+08
  0.505449E-02  0.134882E+08  0.134862E+08  0.000000E+00  0.000000E+00  0.123361E+08  0.134806E+08
  0.510913E-02  0.134711E+08  0.134691E+08  0.000000E+00  0.000000E+00  0.123050E+08  0.134635E+08
  0.516436E-02  0.134539E+08  0.134518E+08  0.000000E+00  0.000000E+00  0.122736E+08  0.134461E+08
  0.522019E-02  0.134364E+08  0.134343E+08  0.000000E+00  0.000000E+00  0.122420E+08  0.134286E+08
  0.527663E-02  0.134188E+08  0.134166E+08  0.000000E+00  0.000000E+00  0.122100E+08  0.134109E+08
  0.533367E-02  0.134010E+08  0.133987E+08  0.000000E+00  0.000000E+00  0.121778E+08  0.133929E+08
  0.539133E-02  0.133829E+08  0.133806E+08  0.000000E+00  0.000000E+00  0.121452E+08  0.133748E+08
  0.544962E-02  0.133647E+08  0.133623E+08  0.000000E+00  0.000000E+00  0.121123E+08  0.133565E+08
  0.550853E-02  0.133462E+08  0.133439E+08  0.000000E+00  0.000000E+00  0.120792E+08  0.133379E+08
  0.556808E-02  0.133276E+08  0.133252E+08  0.000000E+00  0.000000E+00  0.120457E+08  0.133192E+08
  0.562828E-02  0.133088E+08  0.133063E+08  0.000000E+00  0.000000E+00  0.120120E+08  0.133002E+08
  0.568912E-02  0.132897E+08  0.132872E+08  0.000000E+00  0.000000E+00  0.119779E+08  0.132811E+08
  0.575062E-02  0.132705E+08  0.132679E+08  0.000000E+00  0.000000E+00  0.119435E+08  0.132617E+08
  0.581279E-02  0.132510E+08  0.132484E+08  0.000000E+00  0.000000E+00  0.119088E+08  0.132422E+08
  0.587563E-02  0.132313E+08  0.132286E+08  0.000000E+00  0.000000E+00  0.118738E+08  0.132224E+08
  0.593915E-02  0.132114E+08  0.132087E+08  0.000000E+00  0.000000E+00  0.118385E+08  0.132024E+08
  0.600336E-02  0.131913E+08  0.131885E+08  0.000000E+00  0.000000E+00  0.118028E+08  0.131822E+08
  0.606826E-02  0.131710E+08  0.131682E+08  0.000000E+00  0.000000E+00  0.117669E+08  0.131618E+08
  0.613386E-02  0.131505E+08  0.131476E+08  0.000000E+00  0.000000E+00  0.117306E+08  0.131411E+08
  0.620017E-02  0.131297E+08  0.131268E+08  0.000000E+00  0.000000E+00  0.116940E+08  0.131203E+08
  0.626720E-02  0.131088E+08  0.131057E+08  0.000000E+00  0.000000E+00  0.116571E+08  0.130992E+08
  0.633495E-02  0.130876E+08  0.130845E+08  0.000000E+00  0.000000E+00  0.116199E+08  0.130779E+08
  0.640344E-02  0.130662E+08  0.130630E+08  0.000000E+00  0.000000E+00  0.115823E+08  0.130564E+08
  0.647267E-02  0.130445E+08  0.130413E+08  0.000000E+00  0.000000E+00  0.115444E+08  0.130346E+08
  0.654264E-02  0.130227E+08  0.130194E+08  0.000000E+00  0.000000E+00  0.115062E+08  0.130126E+08
  0.661337E-02  0.130006E+08  0.129972E+08  0.000000E+00  0.000000E+00  0.114676E+08  0.129905E+08
  0.668487E-02  0.129783E+08  0.129748E+08  0.000000E+00  0.000000E+00  0.114288E+08  0.129680E+08
  0.675713E-02  0.129557E+08  0.129522E+08  0.000000E+00  0.000000E+00  0.113896E+08  0.129454E+08
  0.683018E-02  0.129330E+08  0.129294E+08  0.000000E+00  0.000000E+00  0.113501E+08  0.129225E+08
  0.690402E-02  0.129100E+08  0.129063E+08  0.000000E+00  0.000000E+00  0.113102E+08  0.128993E+08
  0.697866E-02  0.128867E+08  0.128830E+08  0.000000E+00  0.000000E+00  0.112701E+08  0.128760E+08
  0.705410E-02  0.128632E+08  0.128594E+08  0.000000E+00  0.000000E+00  0.112295E+08  0.128524E+08
  0.713036E-02  0.128395E+08  0.128356E+08  0.000000E+00  0.000000E+00  0.111887E+08  0.128285E+08
  0.720745E-02  0.128156E+08  0.128116E+08  0.000000E+00  0.000000E+00  0.111476E+08  0.128045E+08
  0.728537E-02  0.127914E+08  0.127873E+08  0.000000E+00  0.000000E+00  0.111061E+08  0.127801E+08
  0.736413E-02  0.127669E+08  0.127628E+08  0.000000E+00  0.000000E+00  0.110642E+08  0.127556E+08
  0.744374E-02  0.127422E+08  0.127380E+08  0.000000E+00  0.000000E+00  0.110221E+08  0.127308E+08
  0.752421E-02  0.127173E+08  0.127130E+08  0.000000E+00  0.000000E+00  0.109796E+08  0.127057E+08
  0.760555E-02  0.126921E+08  0.126877E+08  0.000000E+00  0.000000E+00  0.109368E+08  0.126804E+08
  0.768777E-02  0.126667E+08  0.126622E+08  0.000000E+00  0.000000E+00  0.108937E+08  0.126549E+08
  0.777088E-02  0.126410E+08  0.126365E+08  0.000000E+00  0.000000E+00  0.108502E+08  0.126291E+08
  0.785489E-02  0.126151E+08  0.126104E+08  0.000000E+00  0.000000E+00  0.108064E+08  0.126030E+08
  0.793981E-02  0.125889E+08  0.125841E+08  0.000000E+00  0.000000E+00  0.107623E+08  0.125767E+08
  0.802564E-02  0.125624E+08  0.125576E+08  0.000000E+00  0.000000E+00  0.107179E+08  0.125501E+08
  0.811241E-02  0.125357E+08  0.125308E+08  0.000000E+00  0.000000E+00  0.106731E+08  0.125233E+08
  0.820011E-02  0.125088E+08  0.125037E+08  0.000000E+00  0.000000E+00  0.106280E+08  0.124962E+08
  0.828876E-02  0.124815E+08  0.124764E+08  0.000000E+00  0.000000E+00  0.105826E+08  0.124688E+08
  0.837836E-02  0.124541E+08  0.124488E+08  0.000000E+00  0.000000E+00  0.105369E+08  0.124412E+08
  0.846894E-02  0.124263E+08  0.124210E+08  0.000000E+00  0.000000E+00  0.104908E+08  0.124133E+08
  0.856049E-02  0.123983E+08  0.123929E+08  0.000000E+00  0.000000E+00  0.104444E+08  0.123852E+08
  0.865304E-02  0.123700E+08  0.123645E+08  0.000000E+00  0.000000E+00  0.103977E+08  0.123568E+08
  0.874658E-02  0.123415E+08  0.123358E+08  0.000000E+00  0.000000E+00  0.103507E+08  0.123281E+08
  0.884114E-02  0.123126E+08  0.123069E+08  0.000000E+00  0.000000E+00  0.103034E+08  0.122991E+08
  0.893672E-02  0.122835E+08  0.122777E+08  0.000000E+00  0.000000E+00  0.102557E+08  0.122699E+08
  0.903333E-02  0.122542E+08  0.122482E+08  0.000000E+00  0.000000E+00  0.102078E+08  0.122404E+08
  0.913099E-02  0.122245E+08  0.122184E+08  0.000000E+00  0.000000E+00  0.101595E+08  0.122106E+08
  0.922970E-02  0.121946E+08  0.121884E+08  0.000000E+00  0.000000E+00  0.101109E+08  0.121805E+08
  0.932948E-02  0.121644E+08  0.121580E+08  0.000000E+00  0.000000E+00  0.100620E+08  0.121502E+08
  0.943034E-02  0.121339E+08  0.121274E+08  0.000000E+00  0.000000E+00  0.100128E+08  0.121196E+08
  0.953229E-02  0.121031E+08  0.120965E+08  0.000000E+00  0.000000E+00  0.996324E+07  0.120886E+08
  0.963534E-02  0.120721E+08  0.120653E+08  0.000000E+00  0.000000E+00  0.991341E+07  0.120575E+08
  0.973950E-02  0.120407E+08  0.120338E+08  0.000000E+00  0.000000E+00  0.986327E+07  0.120260E+08
  0.984479E-02  0.120091E+08  0.120021E+08  0.000000E+00  0.000000E+00  0.981284E+07  0.119942E+08
  0.995122E-02  0.119771E+08  0.119700E+08  0.000000E+00  0.000000E+00  0.976210E+07  0.119621E+08
  0.100588E-01  0.119449E+08  0.119377E+08  0.000000E+00  0.000000E+00  0.971106E+07  0.119298E+08
  0.101675E-01  0.119124E+08  0.119050E+08  0.000000E+00  0.000000E+00  0.965973E+07  0.118971E+08
  0.102775E-01  0.118796E+08  0.118721E+08  0.000000E+00  0.000000E+00  0.960810E+07  0.118642E+08
  0.103886E-01  0.118465E+08  0.118388E+08  0.000000E+00  0.000000E+00  0.955618E+07  0.118309E+08
  0.105009E-01  0.118131E+08  0.118053E+08  0.000000E+00  0.000000E+00  0.950397E+07  0.117974E+08
  0.106144E-01  0.117794E+08  0.117714E+08  0.000000E+00  0.000000E+00  0.945146E+07  0.117635E+08
  0.107292E-01  0.117454E+08  0.117372E+08  0.000000E+00  0.000000E+00  0.939868E+07  0.117294E+08
  0.108451E-01  0.117111E+08  0.117028E+08  0.000000E+00  0.000000E+00  0.934560E+07  0.116949E+08
  0.109624E-01  0.116765E+08  0.116680E+08  0.000000E+00  0.000000E+00  0.929225E+07  0.116602E+08
  0.110809E-01  0.116415E+08  0.116329E+08  0.000000E+00  0.000000E+00  0.923861E+07  0.116251E+08
  0.112007E-01  0.116063E+08  0.115975E+08  0.000000E+00  0.000000E+00  0.918470E+07  0.115897E+08
  0.113218E-01  0.115708E+08  0.115618E+08  0.000000E+00  0.000000E+00  0.913052E+07  0.115541E+08
  0.114442E-01  0.115349E+08  0.115258E+08  0.000000E+00  0.000000E+00  0.907606E+07  0.115181E+08
  0.115679E-01  0.114987E+08  0.114894E+08  0.000000E+00  0.000000E+00  0.902134E+07  0.114817E+08
  0.116929E-01  0.114622E+08  0.114528E+08  0.000000E+00  0.000000E+00  0.896635E+07  0.114451E+08
  0.118194E-01  0.114254E+08  0.114158E+08  0.000000E+00  0.000000E+00  0.891109E+07  0.114082E+08
  0.119471E-01  0.113883E+08  0.113785E+08  0.000000E+00  0.000000E+00  0.885558E+07  0.113709E+08
  0.120763E-01  0.113509E+08  0.113409E+08  0.000000E+00  0.000000E+00  0.879981E+07  0.113333E+08
  0.122068E-01  0.113131E+08  0.113029E+08  0.000000E+00  0.000000E+00  0.874379E+07  0.112954E+08
  0.123388E-01  0.112750E+08  0.112646E+08  0.000000E+00  0.000000E+00  0.868752E+07  0.112572E+08
  0.124722E-01  0.112366E+08  0.112260E+08  0.000000E+00  0.000000E+00  0.863100E+07  0.112186E+08
  0.126070E-01  0.111978E+08  0.111871E+08  0.000000E+00  0.000000E+00  0.857424E+07  0.111797E+08
  0.127433E-01  0.111588E+08  0.111478E+08  0.000000E+00  0.000000E+00  0.851724E+07  0.111405E+08
  0.128811E-01  0.111194E+08  0.111082E+08  0.000000E+00  0.000000E+00  0.846000E+07  0.111009E+08
  0.130203E-01  0.110796E+08  0.110683E+08  0.000000E+00  0.000000E+00  0.840253E+07  0.110611E+08
  0.131611E-01  0.110396E+08  0.110280E+08  0.000000E+00  0.000000E+00  0.834484E+07  0.110208E+08
  0.133034E-01  0.109992E+08  0.109874E+08  0.000000E+00  0.000000E+00  0.828691E+07  0.109803E+08
  0.134472E-01  0.109584E+08  0.109464E+08  0.000000E+00  0.000000E+00  0.822877E+07  0.109394E+08
  0.135926E-01  0.109173E+08  0.109051E+08  0.000000E+00  0.000000E+00  0.817042E+07  0.108982E+08
  0.137395E-01  0.108759E+08  0.108635E+08  0.000000E+00  0.000000E+00  0.811185E+07  0.108566E+08
  0.138881E-01  0.108342E+08  0.108215E+08  0.000000E+00  0.000000E+00  0.805307E+07  0.108148E+08
  0.140382E-01  0.107921E+08  0.107792E+08  0.000000E+00  0.000000E+00  0.799409E+07  0.107725E+08
  0.141900E-01  0.107496E+08  0.107365E+08  0.000000E+00  0.000000E+00  0.793491E+07  0.107299E+08
  0.143434E-01  0.107069E+08  0.106935E+08  0.000000E+00  0.000000E+00  0.787554E+07  0.106870E+08
  0.144984E-01  0.106637E+08  0.106502E+08  0.000000E+00  0.000000E+00  0.781598E+07  0.106438E+08
  0.146552E-01  0.106203E+08  0.106065E+08  0.000000E+00  0.000000E+00  0.775624E+07  0.106002E+08
  0.148136E-01  0.105765E+08  0.105624E+08  0.000000E+00  0.000000E+00  0.769631E+07  0.105562E+08
  0.149737E-01  0.105323E+08  0.105180E+08  0.000000E+00  0.000000E+00  0.763621E+07  0.105119E+08
  0.151356E-01  0.104878E+08  0.104733E+08  0.000000E+00  0.000000E+00  0.757594E+07  0.104673E+08
  0.152992E-01  0.104429E+08  0.104282E+08  0.000000E+00  0.000000E+00  0.751551E+07  0.104223E+08
  0.154646E-01  0.103977E+08  0.103827E+08  0.000000E+00  0.000000E+00  0.745492E+07  0.103769E+08
  0.156318E-01  0.103522E+08  0.103369E+08  0.000000E+00  0.000000E+00  0.739418E+07  0.103312E+08
  0.158008E-01  0.103063E+08  0.102907E+08  0.000000E+00  0.000000E+00  0.733329E+07  0.102852E+08
  0.159716E-01  0.102600E+08  0.102442E+08  0.000000E+00  0.000000E+00  0.727225E+07  0.102388E+08
  0.161443E-01  0.102134E+08  0.101974E+08  0.000000E+00  0.000000E+00  0.721109E+07  0.101921E+08
  0.163188E-01  0.101665E+08  0.101501E+08  0.000000E+00  0.000000E+00  0.714979E+07  0.101450E+08
  0.164952E-01  0.101192E+08  0.101026E+08  0.000000E+00  0.000000E+00  0.708836E+07  0.100976E+08
  0.166736E-01  0.100715E+08  0.100546E+08  0.000000E+00  0.000000E+00  0.702682E+07  0.100498E+08
  0.168538E-01  0.100235E+08  0.100064E+08  0.000000E+00  0.000000E+00  0.696517E+07  0.100016E+08
  0.170360E-01  0.997514E+07  0.995773E+07  0.000000E+00  0.000000E+00  0.690341E+07  0.995316E+07
  0.172202E-01  0.992644E+07  0.990875E+07  0.000000E+00  0.000000E+00  0.684156E+07  0.990433E+07
  0.174064E-01  0.987739E+07  0.985941E+07  0.000000E+00  0.000000E+00  0.677961E+07  0.985516E+07
  0.175945E-01  0.982799E+07  0.980973E+07  0.000000E+00  0.000000E+00  0.671758E+07  0.980564E+07
  0.177847E-01  0.977824E+07  0.975970E+07  0.000000E+00  0.000000E+00  0.665547E+07  0.975577E+07
  0.179770E-01  0.972815E+07  0.970932E+07  0.000000E+00  0.000000E+00  0.659329E+07  0.970556E+07
  0.181713E-01  0.967772E+07  0.965859E+07  0.000000E+00  0.000000E+00  0.653104E+07  0.965500E+07
  0.183678E-01  0.962694E+07  0.960751E+07  0.000000E+00  0.000000E+00  0.646874E+07  0.960410E+07
  0.185664E-01  0.957582E+07  0.955610E+07  0.000000E+00  0.000000E+00  0.640639E+07  0.955287E+07
  0.187671E-01  0.952436E+07  0.950434E+07  0.000000E+00  0.000000E+00  0.634399E+07  0.950129E+07
  0.189700E-01  0.947256E+07  0.945224E+07  0.000000E+00  0.000000E+00  0.628156E+07  0.944938E+07
  0.191750E-01  0.942042E+07  0.939980E+07  0.000000E+00  0.000000E+00  0.621911E+07  0.939713E+07
  0.193823E-01  0.936795E+07  0.934703E+07  0.000000E+00  0.000000E+00  0.615663E+07  0.934456E+07
  0.195919E-01  0.931515E+07  0.929392E+07  0.000000E+00  0.000000E+00  0.609415E+07  0.929165E+07
  0.198037E-01  0.926202E+07  0.924049E+07  0.000000E+00  0.000000E+00  0.603166E+07  0.923841E+07
  0.200178E-01  0.920857E+07  0.918672E+07  0.000000E+00  0.000000E+00  0.596918E+07  0.918485E+07
  0.202342E-01  0.915480E+07  0.913264E+07  0.000000E+00  0.000000E+00  0.590671E+07  0.913098E+07
  0.204529E-01  0.910070E+07  0.907823E+07  0.000000E+00  0.000000E+00  0.584426E+07  0.907678E+07
  0.206740E-01  0.904629E+07  0.902351E+07  0.000000E+00  0.000000E+00  0.578185E+07  0.902227E+07
  0.208975E-01  0.899157E+07  0.896848E+07  0.000000E+00  0.000000E+00  0.571947E+07  0.896746E+07
  0.211235E-01  0.893654E+07  0.891314E+07  0.000000E+00  0.000000E+00  0.565714E+07  0.891233E+07
  0.213518E-01  0.888121E+07  0.885749E+07  0.000000E+00  0.000000E+00  0.559487E+07  0.885691E+07
  0.215826E-01  0.882558E+07  0.880155E+07  0.000000E+00  0.000000E+00  0.553267E+07  0.880119E+07
  0.218160E-01  0.876966E+07  0.874531E+07  0.000000E+00  0.000000E+00  0.547054E+07  0.874518E+07
  0.220518E-01  0.871346E+07  0.868879E+07  0.000000E+00  0.000000E+00  0.540849E+07  0.868889E+07
  0.222902E-01  0.865696E+07  0.863199E+07  0.000000E+00  0.000000E+00  0.534654E+07  0.863232E+07
  0.225312E-01  0.860020E+07  0.857491E+07  0.000000E+00  0.000000E+00  0.528469E+07  0.857548E+07
  0.227748E-01  0.854316E+07  0.851756E+07  0.000000E+00  0.000000E+00  0.522296E+07  0.851836E+07
  0.230210E-01  0.848587E+07  0.845995E+07  0.000000E+00  0.000000E+00  0.516134E+07  0.846099E+07
  0.232698E-01  0.842832E+07  0.840209E+07  0.000000E+00  0.000000E+00  0.509986E+07  0.840336E+07
  0.235214E-01  0.837051E+07  0.834398E+07  0.000000E+00  0.000000E+00  0.503853E+07  0.834549E+07
  0.237757E-01  0.831247E+07  0.828563E+07  0.000000E+00  0.000000E+00  0.497734E+07  0.828738E+07
  0.240327E-01  0.825420E+07  0.822705E+07  0.000000E+00  0.000000E+00  0.491632E+07  0.822905E+07
  0.242925E-01  0.819570E+07  0.816825E+07  0.000000E+00  0.000000E+00  0.485547E+07  0.817048E+07
  0.245551E-01  0.813698E+07  0.810923E+07  0.000000E+00  0.000000E+00  0.479481E+07  0.811171E+07
  0.248206E-01  0.807806E+07  0.805001E+07  0.000000E+00  0.000000E+00  0.473433E+07  0.805274E+07
  0.250889E-01  0.801895E+07  0.799060E+07  0.000000E+00  0.000000E+00  0.467407E+07  0.799356E+07
  0.253602E-01  0.795964E+07  0.793100E+07  0.000000E+00  0.000000E+00  0.461402E+07  0.793421E+07
  0.256343E-01  0.790016E+07  0.787124E+07  0.000000E+00  0.000000E+00  0.455419E+07  0.787468E+07
  0.259114E-01  0.784051E+07  0.781131E+07  0.000000E+00  0.000000E+00  0.449460E+07  0.781499E+07
  0.261916E-01  0.778071E+07  0.775123E+07  0.000000E+00  0.000000E+00  0.443526E+07  0.775515E+07
  0.264747E-01  0.772077E+07  0.769101E+07  0.000000E+00  0.000000E+00  0.437617E+07  0.769517E+07
  0.267609E-01  0.766069E+07  0.763066E+07  0.000000E+00  0.000000E+00  0.431736E+07  0.763506E+07
  0.270502E-01  0.760050E+07  0.757020E+07  0.000000E+00  0.000000E+00  0.425882E+07  0.757484E+07
  0.273427E-01  0.754020E+07  0.750964E+07  0.000000E+00  0.000000E+00  0.420058E+07  0.751451E+07
  0.276383E-01  0.747980E+07  0.744900E+07  0.000000E+00  0.000000E+00  0.414264E+07  0.745409E+07
  0.279370E-01  0.741933E+07  0.738828E+07  0.000000E+00  0.000000E+00  0.408501E+07  0.739360E+07
  0.282391E-01  0.735879E+07  0.732750E+07  0.000000E+00  0.000000E+00  0.402771E+07  0.733304E+07
  0.285444E-01  0.729820E+07  0.726668E+07  0.000000E+00  0.000000E+00  0.397074E+07  0.727244E+07
  0.288529E-01  0.723758E+07  0.720584E+07  0.000000E+00  0.000000E+00  0.391412E+07  0.721181E+07
  0.291649E-01  0.717693E+07  0.714497E+07  0.000000E+00  0.000000E+00  0.385786E+07  0.715116E+07
  0.294801E-01  0.711628E+07  0.708412E+07  0.000000E+00  0.000000E+00  0.380196E+07  0.709051E+07
  0.297989E-01  0.705564E+07  0.702328E+07  0.000000E+00  0.000000E+00  0.374645E+07  0.702987E+07
  0.301210E-01  0.699503E+07  0.696248E+07  0.000000E+00  0.000000E+00  0.369133E+07  0.696926E+07
  0.304466E-01  0.693446E+07  0.690173E+07  0.000000E+00  0.000000E+00  0.363661E+07  0.690870E+07
  0.307758E-01  0.687395E+07  0.684105E+07  0.000000E+00  0.000000E+00  0.358229E+07  0.684820E+07
  0.311085E-01  0.681352E+07  0.678047E+07  0.000000E+00  0.000000E+00  0.352841E+07  0.678779E+07
  0.314448E-01  0.675319E+07  0.671999E+07  0.000000E+00  0.000000E+00  0.347495E+07  0.672748E+07
  0.317847E-01  0.669297E+07  0.665963E+07  0.000000E+00  0.000000E+00  0.342194E+07  0.666728E+07
  0.321283E-01  0.663288E+07  0.659942E+07  0.000000E+00  0.000000E+00  0.336938E+07  0.660722E+07
  0.324757E-01  0.657294E+07  0.653937E+07  0.000000E+00  0.000000E+00  0.331728E+07  0.654732E+07
  0.328268E-01  0.651318E+07  0.647951E+07  0.000000E+00  0.000000E+00  0.326566E+07  0.648759E+07
  0.331816E-01  0.645360E+07  0.641985E+07  0.000000E+00  0.000000E+00  0.321452E+07  0.642805E+07
  0.335404E-01  0.639423E+07  0.636041E+07  0.000000E+00  0.000000E+00  0.316387E+07  0.636873E+07
  0.339030E-01  0.633509E+07  0.630121E+07  0.000000E+00  0.000000E+00  0.311373E+07  0.630963E+07
  0.342695E-01  0.627619E+07  0.624227E+07  0.000000E+00  0.000000E+00  0.306409E+07  0.625079E+07
  0.346399E-01  0.621756E+07  0.618361E+07  0.000000E+00  0.000000E+00  0.301497E+07  0.619221E+07
  0.350144E-01  0.615922E+07  0.612525E+07  0.000000E+00  0.000000E+00  0.296638E+07  0.613393E+07
  0.353930E-01  0.610118E+07  0.606722E+07  0.000000E+00  0.000000E+00  0.291832E+07  0.607595E+07
  0.357756E-01  0.604347E+07  0.600953E+07  0.000000E+00  0.000000E+00  0.287081E+07  0.601831E+07
  0.361623E-01  0.598610E+07  0.595219E+07  0.000000E+00  0.000000E+00  0.282385E+07  0.596101E+07
  0.365533E-01  0.592909E+07  0.589523E+07  0.000000E+00  0.000000E+00  0.277744E+07  0.590407E+07
  0.369484E-01  0.587246E+07  0.583867E+07  0.000000E+00  0.000000E+00  0.273160E+07  0.584753E+07
  0.373479E-01  0.581624E+07  0.578254E+07  0.000000E+00  0.000000E+00  0.268632E+07  0.579139E+07
  0.377516E-01  0.576044E+07  0.572684E+07  0.000000E+00  0.000000E+00  0.264163E+07  0.573567E+07
  0.381598E-01  0.570509E+07  0.567161E+07  0.000000E+00  0.000000E+00  0.259752E+07  0.568041E+07
  0.385723E-01  0.565020E+07  0.561685E+07  0.000000E+00  0.000000E+00  0.255399E+07  0.562561E+07
  0.389893E-01  0.559578E+07  0.556260E+07  0.000000E+00  0.000000E+00  0.251106E+07  0.557129E+07
  0.394108E-01  0.554186E+07  0.550885E+07  0.000000E+00  0.000000E+00  0.246872E+07  0.551747E+07
  0.398369E-01  0.548845E+07  0.545563E+07  0.000000E+00  0.000000E+00  0.242698E+07  0.546416E+07
  0.402675E-01  0.543557E+07  0.540296E+07  0.000000E+00  0.000000E+00  0.238584E+07  0.541138E+07
  0.407028E-01  0.538322E+07  0.535084E+07  0.000000E+00  0.000000E+00  0.234530E+07  0.535915E+07
  0.411429E-01  0.533143E+07  0.529930E+07  0.000000E+00  0.000000E+00  0.230536E+07  0.530747E+07
  0.415876E-01  0.528021E+07  0.524834E+07  0.000000E+00  0.000000E+00  0.226603E+07  0.525636E+07
  0.420372E-01  0.522956E+07  0.519798E+07  0.000000E+00  0.000000E+00  0.222730E+07  0.520584E+07
  0.424917E-01  0.517951E+07  0.514823E+07  0.000000E+00  0.000000E+00  0.218917E+07  0.515591E+07
  0.429511E-01  0.513007E+07  0.509910E+07  0.000000E+00  0.000000E+00  0.215165E+07  0.510659E+07
  0.434154E-01  0.508124E+07  0.505061E+07  0.000000E+00  0.000000E+00  0.211474E+07  0.505788E+07
  0.438847E-01  0.503303E+07  0.500276E+07  0.000000E+00  0.000000E+00  0.207843E+07  0.500981E+07
  0.443592E-01  0.498546E+07  0.495556E+07  0.000000E+00  0.000000E+00  0.204272E+07  0.496237E+07
  0.448387E-01  0.493853E+07  0.490901E+07  0.000000E+00  0.000000E+00  0.200761E+07  0.491557E+07
  0.453235E-01  0.489224E+07  0.486312E+07  0.000000E+00  0.000000E+00  0.197309E+07  0.486942E+07
  0.458134E-01  0.484660E+07  0.481790E+07  0.000000E+00  0.000000E+00  0.193916E+07  0.482391E+07
  0.463087E-01  0.480160E+07  0.477334E+07  0.000000E+00  0.000000E+00  0.190581E+07  0.477905E+07
  0.468093E-01  0.475725E+07  0.472943E+07  0.000000E+00  0.000000E+00  0.187303E+07  0.473485E+07
  0.473154E-01  0.471355E+07  0.468620E+07  0.000000E+00  0.000000E+00  0.184083E+07  0.469129E+07
  0.478269E-01  0.467049E+07  0.464361E+07  0.000000E+00  0.000000E+00  0.180918E+07  0.464838E+07
  0.483439E-01  0.462808E+07  0.460168E+07  0.000000E+00  0.000000E+00  0.177809E+07  0.460611E+07
  0.488666E-01  0.458630E+07  0.456040E+07  0.000000E+00  0.000000E+00  0.174755E+07  0.456447E+07
  0.493948E-01  0.454514E+07  0.451975E+07  0.000000E+00  0.000000E+00  0.171754E+07  0.452346E+07
  0.499288E-01  0.450459E+07  0.447972E+07  0.000000E+00  0.000000E+00  0.168806E+07  0.448307E+07
  0.504686E-01  0.446465E+07  0.444030E+07  0.000000E+00  0.000000E+00  0.165910E+07  0.444327E+07
  0.510142E-01  0.442529E+07  0.440148E+07  0.000000E+00  0.000000E+00  0.163064E+07  0.440406E+07
  0.515657E-01  0.438650E+07  0.436323E+07  0.000000E+00  0.000000E+00  0.160268E+07  0.436543E+07
  0.521232E-01  0.434827E+07  0.432554E+07  0.000000E+00  0.000000E+00  0.157519E+07  0.432734E+07
  0.526867E-01  0.431057E+07  0.428838E+07  0.000000E+00  0.000000E+00  0.154818E+07  0.428980E+07
  0.532562E-01  0.427338E+07  0.425175E+07  0.000000E+00  0.000000E+00  0.152163E+07  0.425276E+07
  0.538320E-01  0.423669E+07  0.421561E+07  0.000000E+00  0.000000E+00  0.149552E+07  0.421623E+07
  0.545993E-01  0.418911E+07  0.416875E+07  0.000000E+00  0.000000E+00  0.146180E+07  0.416884E+07
  0.553667E-01  0.414292E+07  0.412328E+07  0.000000E+00  0.000000E+00  0.142925E+07  0.412285E+07
  0.561341E-01  0.409802E+07  0.407907E+07  0.000000E+00  0.000000E+00  0.139780E+07  0.407814E+07
  0.569014E-01  0.405430E+07  0.403602E+07  0.000000E+00  0.000000E+00  0.136738E+07  0.403460E+07
  0.576688E-01  0.401164E+07  0.399401E+07  0.000000E+00  0.000000E+00  0.133793E+07  0.399213E+07
  0.584361E-01  0.396996E+07  0.395296E+07  0.000000E+00  0.000000E+00  0.130938E+07  0.395063E+07
  0.592035E-01  0.392917E+07  0.391277E+07  0.000000E+00  0.000000E+00  0.128167E+07  0.391001E+07
  0.599709E-01  0.388917E+07  0.387334E+07  0.000000E+00  0.000000E+00  0.125477E+07  0.387018E+07
  0.607382E-01  0.384987E+07  0.383459E+07  0.000000E+00  0.000000E+00  0.122861E+07  0.383105E+07
  0.615056E-01  0.381121E+07  0.379644E+07  0.000000E+00  0.000000E+00  0.120316E+07  0.379255E+07
  0.622729E-01  0.377309E+07  0.375881E+07  0.000000E+00  0.000000E+00  0.117837E+07  0.375459E+07
  0.630403E-01  0.373545E+07  0.372162E+07  0.000000E+00  0.000000E+00  0.115419E+07  0.371711E+07
  0.638077E-01  0.369823E+07  0.368482E+07  0.000000E+00  0.000000E+00  0.113060E+07  0.368003E+07
  0.645750E-01  0.366136E+07  0.364833E+07  0.000000E+00  0.000000E+00  0.110755E+07  0.364331E+07
  0.653424E-01  0.362480E+07  0.361212E+07  0.000000E+00  0.000000E+00  0.108502E+07  0.360689E+07
  0.661097E-01  0.358850E+07  0.357613E+07  0.000000E+00  0.000000E+00  0.106299E+07  0.357072E+07
  0.668771E-01  0.355240E+07  0.354033E+07  0.000000E+00  0.000000E+00  0.104144E+07  0.353477E+07
  0.676445E-01  0.351649E+07  0.350466E+07  0.000000E+00  0.000000E+00  0.102033E+07  0.349899E+07
  0.684118E-01  0.348072E+07  0.346911E+07  0.000000E+00  0.000000E+00  0.999640E+06  0.346334E+07
  0.691792E-01  0.344507E+07  0.343364E+07  0.000000E+00  0.000000E+00  0.979358E+06  0.342782E+07
  0.699465E-01  0.340951E+07  0.339823E+07  0.000000E+00  0.000000E+00  0.959469E+06  0.339238E+07
  0.707139E-01  0.337404E+07  0.336288E+07  0.000000E+00  0.000000E+00  0.939963E+06  0.335703E+07
  0.714813E-01  0.333863E+07  0.332757E+07  0.000000E+00  0.000000E+00  0.920827E+06  0.332174E+07
  0.722486E-01  0.330329E+07  0.329229E+07  0.000000E+00  0.000000E+00  0.902048E+06  0.328651E+07
  0.730160E-01  0.326800E+07  0.325704E+07  0.000000E+00  0.000000E+00  0.883614E+06  0.325134E+07
  0.737833E-01  0.323278E+07  0.322183E+07  0.000000E+00  0.000000E+00  0.865519E+06  0.321622E+07
  0.745507E-01  0.319763E+07  0.318667E+07  0.000000E+00  0.000000E+00  0.847759E+06  0.318118E+07
  0.753181E-01  0.316255E+07  0.315156E+07  0.000000E+00  0.000000E+00  0.830330E+06  0.314620E+07
  0.760854E-01  0.312756E+07  0.311651E+07  0.000000E+00  0.000000E+00  0.813227E+06  0.311132E+07
  0.768528E-01  0.309267E+07  0.308155E+07  0.000000E+00  0.000000E+00  0.796445E+06  0.307653E+07
  0.776201E-01  0.305790E+07  0.304670E+07  0.000000E+00  0.000000E+00  0.779979E+06  0.304186E+07
  0.783875E-01  0.302327E+07  0.301196E+07  0.000000E+00  0.000000E+00  0.763831E+06  0.300733E+07
  0.791549E-01  0.298880E+07  0.297739E+07  0.000000E+00  0.000000E+00  0.748000E+06  0.297297E+07
  0.799222E-01  0.295453E+07  0.294299E+07  0.000000E+00  0.000000E+00  0.732485E+06  0.293879E+07
  0.806896E-01  0.292047E+07  0.290879E+07  0.000000E+00  0.000000E+00  0.717285E+06  0.290483E+07
  0.814569E-01  0.288665E+07  0.287484E+07  0.000000E+00  0.000000E+00  0.702398E+06  0.287111E+07
  0.822243E-01  0.285310E+07  0.284115E+07  0.000000E+00  0.000000E+00  0.687824E+06  0.283766E+07
  0.829917E-01  0.281985E+07  0.280775E+07  0.000000E+00  0.000000E+00  0.673564E+06  0.280450E+07
  0.837590E-01  0.278693E+07  0.277468E+07  0.000000E+00  0.000000E+00  0.659619E+06  0.277168E+07
  0.845264E-01  0.275437E+07  0.274198E+07  0.000000E+00  0.000000E+00  0.645988E+06  0.273921E+07
  0.852937E-01  0.272220E+07  0.270966E+07  0.000000E+00  0.000000E+00  0.632670E+06  0.270714E+07
  0.860611E-01  0.269044E+07  0.267777E+07  0.000000E+00  0.000000E+00  0.619665E+06  0.267548E+07
  0.868285E-01  0.265913E+07  0.264632E+07  0.000000E+00  0.000000E+00  0.606974E+06  0.264426E+07
  0.875958E-01  0.262828E+07  0.261535E+07  0.000000E+00  0.000000E+00  0.594594E+06  0.261351E+07
  0.883632E-01  0.259793E+07  0.258488E+07  0.000000E+00  0.000000E+00  0.582523E+06  0.258326E+07
  0.891306E-01  0.256810E+07  0.255494E+07  0.000000E+00  0.000000E+00  0.570761E+06  0.255353E+07
  0.898979E-01  0.253881E+07  0.252556E+07  0.000000E+00  0.000000E+00  0.559306E+06  0.252434E+07
  0.906653E-01  0.251009E+07  0.249675E+07  0.000000E+00  0.000000E+00  0.548156E+06  0.249571E+07
  0.914326E-01  0.248196E+07  0.246855E+07  0.000000E+00  0.000000E+00  0.537309E+06  0.246768E+07
  0.922000E-01  0.245443E+07  0.244096E+07  0.000000E+00  0.000000E+00  0.526763E+06  0.244024E+07
  0.929674E-01  0.242752E+07  0.241400E+07  0.000000E+00  0.000000E+00  0.516512E+06  0.241343E+07
  0.937347E-01  0.240123E+07  0.238769E+07  0.000000E+00  0.000000E+00  0.506555E+06  0.238724E+07
  0.945021E-01  0.237559E+07  0.236204E+07  0.000000E+00  0.000000E+00  0.496885E+06  0.236170E+07
  0.952694E-01  0.235060E+07  0.233705E+07  0.000000E+00  0.000000E+00  0.487499E+06  0.233681E+07
  0.960368E-01  0.232627E+07  0.231274E+07  0.000000E+00  0.000000E+00  0.478391E+06  0.231258E+07
  0.968041E-01  0.230260E+07  0.228911E+07  0.000000E+00  0.000000E+00  0.469556E+06  0.228901E+07
  0.975715E-01  0.227960E+07  0.226615E+07  0.000000E+00  0.000000E+00  0.460990E+06  0.226610E+07
  0.983389E-01  0.225725E+07  0.224387E+07  0.000000E+00  0.000000E+00  0.452686E+06  0.224385E+07
  0.991062E-01  0.223557E+07  0.222227E+07  0.000000E+00  0.000000E+00  0.444637E+06  0.222227E+07
  0.998736E-01  0.221453E+07  0.220134E+07  0.000000E+00  0.000000E+00  0.436837E+06  0.220133E+07
  0.100641E+00  0.219415E+07  0.218107E+07  0.000000E+00  0.000000E+00  0.429279E+06  0.218105E+07
  0.101408E+00  0.217440E+07  0.216145E+07  0.000000E+00  0.000000E+00  0.421956E+06  0.216140E+07
  0.102176E+00  0.215528E+07  0.214247E+07  0.000000E+00  0.000000E+00  0.414860E+06  0.214238E+07
  0.102943E+00  0.213678E+07  0.212412E+07  0.000000E+00  0.000000E+00  0.407983E+06  0.212396E+07
  0.103710E+00  0.211886E+07  0.210637E+07  0.000000E+00  0.000000E+00  0.401318E+06  0.210615E+07
  0.104478E+00  0.210152E+07  0.208921E+07  0.000000E+00  0.000000E+00  0.394858E+06  0.208890E+07
  0.105245E+00  0.208474E+07  0.207262E+07  0.000000E+00  0.000000E+00  0.388595E+06  0.207222E+07
  0.106012E+00  0.206850E+07  0.205658E+07  0.000000E+00  0.000000E+00  0.382520E+06  0.205607E+07
  0.106780E+00  0.205278E+07  0.204107E+07  0.000000E+00  0.000000E+00  0.376626E+06  0.204044E+07
  0.107547E+00  0.203755E+07  0.202606E+07  0.000000E+00  0.000000E+00  0.370904E+06  0.202531E+07
  0.108315E+00  0.202279E+07  0.201152E+07  0.000000E+00  0.000000E+00  0.365345E+06  0.201064E+07
  0.109082E+00  0.200847E+07  0.199743E+07  0.000000E+00  0.000000E+00  0.359943E+06  0.199641E+07
  0.109849E+00  0.199457E+07  0.198376E+07  0.000000E+00  0.000000E+00  0.354690E+06  0.198260E+07
  0.110617E+00  0.198106E+07  0.197049E+07  0.000000E+00  0.000000E+00  0.349578E+06  0.196918E+07
  0.111384E+00  0.196791E+07  0.195758E+07  0.000000E+00  0.000000E+00  0.344599E+06  0.195612E+07
  0.112151E+00  0.195511E+07  0.194502E+07  0.000000E+00  0.000000E+00  0.339747E+06  0.194340E+07
  0.112919E+00  0.194261E+07  0.193276E+07  0.000000E+00  0.000000E+00  0.335014E+06  0.193099E+07
  0.113686E+00  0.193040E+07  0.192079E+07  0.000000E+00  0.000000E+00  0.330391E+06  0.191886E+07
  0.114453E+00  0.191844E+07  0.190907E+07  0.000000E+00  0.000000E+00  0.325873E+06  0.190699E+07
  0.115221E+00  0.190670E+07  0.189757E+07  0.000000E+00  0.000000E+00  0.321453E+06  0.189534E+07
  0.115988E+00  0.189517E+07  0.188627E+07  0.000000E+00  0.000000E+00  0.317124E+06  0.188388E+07
  0.116756E+00  0.188380E+07  0.187513E+07  0.000000E+00  0.000000E+00  0.312881E+06  0.187260E+07
  0.117523E+00  0.187259E+07  0.186414E+07  0.000000E+00  0.000000E+00  0.308718E+06  0.186146E+07
  0.118290E+00  0.186150E+07  0.185326E+07  0.000000E+00  0.000000E+00  0.304629E+06  0.185045E+07
  0.119058E+00  0.185051E+07  0.184248E+07  0.000000E+00  0.000000E+00  0.300609E+06  0.183954E+07
  0.119825E+00  0.183960E+07  0.183177E+07  0.000000E+00  0.000000E+00  0.296653E+06  0.182870E+07
  0.120592E+00  0.182875E+07  0.182112E+07  0.000000E+00  0.000000E+00  0.292757E+06  0.181793E+07
  0.121360E+00  0.181794E+07  0.181049E+07  0.000000E+00  0.000000E+00  0.288917E+06  0.180719E+07
  0.122127E+00  0.180716E+07  0.179987E+07  0.000000E+00  0.000000E+00  0.285130E+06  0.179647E+07
  0.122894E+00  0.179637E+07  0.178925E+07  0.000000E+00  0.000000E+00  0.281390E+06  0.178575E+07
  0.123662E+00  0.178557E+07  0.177860E+07  0.000000E+00  0.000000E+00  0.277696E+06  0.177503E+07
  0.124429E+00  0.177475E+07  0.176792E+07  0.000000E+00  0.000000E+00  0.274043E+06  0.176427E+07
  0.125196E+00  0.176389E+07  0.175719E+07  0.000000E+00  0.000000E+00  0.270430E+06  0.175347E+07
  0.125964E+00  0.175297E+07  0.174640E+07  0.000000E+00  0.000000E+00  0.266854E+06  0.174262E+07
  0.126731E+00  0.174200E+07  0.173553E+07  0.000000E+00  0.000000E+00  0.263315E+06  0.173172E+07
  0.127499E+00  0.173096E+07  0.172459E+07  0.000000E+00  0.000000E+00  0.259808E+06  0.172074E+07
  0.128266E+00  0.171985E+07  0.171356E+07  0.000000E+00  0.000000E+00  0.256334E+06  0.170968E+07
  0.129033E+00  0.170865E+07  0.170243E+07  0.000000E+00  0.000000E+00  0.252890E+06  0.169855E+07
  0.129801E+00  0.169737E+07  0.169122E+07  0.000000E+00  0.000000E+00  0.249476E+06  0.168733E+07
  0.130568E+00  0.168601E+07  0.167990E+07  0.000000E+00  0.000000E+00  0.246091E+06  0.167602E+07
  0.131335E+00  0.167456E+07  0.166849E+07  0.000000E+00  0.000000E+00  0.242735E+06  0.166463E+07
  0.132103E+00  0.166302E+07  0.165698E+07  0.000000E+00  0.000000E+00  0.239407E+06  0.165314E+07
  0.132870E+00  0.165139E+07  0.164538E+07  0.000000E+00  0.000000E+00  0.236108E+06  0.164158E+07
  0.133637E+00  0.163969E+07  0.163369E+07  0.000000E+00  0.000000E+00  0.232836E+06  0.162993E+07
  0.134405E+00  0.162792E+07  0.162192E+07  0.000000E+00  0.000000E+00  0.229594E+06  0.161821E+07
  0.135172E+00  0.161607E+07  0.161007E+07  0.000000E+00  0.000000E+00  0.226381E+06  0.160641E+07
  0.135940E+00  0.160416E+07  0.159814E+07  0.000000E+00  0.000000E+00  0.223199E+06  0.159456E+07
  0.136707E+00  0.159220E+07  0.158616E+07  0.000000E+00  0.000000E+00  0.220047E+06  0.158265E+07
  0.137474E+00  0.158020E+07  0.157413E+07  0.000000E+00  0.000000E+00  0.216926E+06  0.157070E+07
  0.138242E+00  0.156816E+07  0.156206E+07  0.000000E+00  0.000000E+00  0.213838E+06  0.155871E+07
  0.139009E+00  0.155610E+07  0.154996E+07  0.000000E+00  0.000000E+00  0.210783E+06  0.154670E+07
  0.139776E+00  0.154402E+07  0.153784E+07  0.000000E+00  0.000000E+00  0.207763E+06  0.153468E+07
  0.140544E+00  0.153195E+07  0.152572E+07  0.000000E+00  0.000000E+00  0.204779E+06  0.152265E+07
  0.141311E+00  0.151989E+07  0.151361E+07  0.000000E+00  0.000000E+00  0.201831E+06  0.151064E+07
  0.142078E+00  0.150785E+07  0.150151E+07  0.000000E+00  0.000000E+00  0.198922E+06  0.149865E+07
  0.142846E+00  0.149585E+07  0.148946E+07  0.000000E+00  0.000000E+00  0.196051E+06  0.148670E+07
  0.143613E+00  0.148390E+07  0.147744E+07  0.000000E+00  0.000000E+00  0.193219E+06  0.147479E+07
  0.144380E+00  0.147201E+07  0.146549E+07  0.000000E+00  0.000000E+00  0.190429E+06  0.146295E+07
  0.145148E+00  0.146019E+07  0.145362E+07  0.000000E+00  0.000000E+00  0.187681E+06  0.145118E+07
  0.145915E+00  0.144846E+07  0.144183E+07  0.000000E+00  0.000000E+00  0.184975E+06  0.143950E+07
  0.146683E+00  0.143683E+07  0.143014E+07  0.000000E+00  0.000000E+00  0.182314E+06  0.142792E+07
  0.147450E+00  0.142531E+07  0.141857E+07  0.000000E+00  0.000000E+00  0.179697E+06  0.141645E+07
  0.148217E+00  0.141391E+07  0.140712E+07  0.000000E+00  0.000000E+00  0.177126E+06  0.140510E+07
  0.148985E+00  0.140265E+07  0.139581E+07  0.000000E+00  0.000000E+00  0.174601E+06  0.139388E+07
  0.149752E+00  0.139154E+07  0.138465E+07  0.000000E+00  0.000000E+00  0.172123E+06  0.138281E+07
  0.150519E+00  0.138058E+07  0.137365E+07  0.000000E+00  0.000000E+00  0.169692E+06  0.137190E+07
  0.151287E+00  0.136978E+07  0.136282E+07  0.000000E+00  0.000000E+00  0.167309E+06  0.136116E+07
  0.152054E+00  0.135917E+07  0.135217E+07  0.000000E+00  0.000000E+00  0.164974E+06  0.135059E+07
  0.152821E+00  0.134874E+07  0.134171E+07  0.000000E+00  0.000000E+00  0.162688E+06  0.134020E+07
  0.153589E+00  0.133850E+07  0.133144E+07  0.000000E+00  0.000000E+00  0.160450E+06  0.133001E+07
  0.154356E+00  0.132845E+07  0.132138E+07  0.000000E+00  0.000000E+00  0.158262E+06  0.132001E+07
  0.155124E+00  0.131862E+07  0.131153E+07  0.000000E+00  0.000000E+00  0.156122E+06  0.131022E+07
  0.155891E+00  0.130899E+07  0.130190E+07  0.000000E+00  0.000000E+00  0.154030E+06  0.130064E+07
  0.156658E+00  0.129958E+07  0.129249E+07  0.000000E+00  0.000000E+00  0.151986E+06  0.129127E+07
  0.157426E+00  0.129038E+07  0.128330E+07  0.000000E+00  0.000000E+00  0.149990E+06  0.128212E+07
  0.158193E+00  0.128140E+07  0.127433E+07  0.000000E+00  0.000000E+00  0.148040E+06  0.127319E+07
  0.158960E+00  0.127264E+07  0.126559E+07  0.000000E+00  0.000000E+00  0.146138E+06  0.126448E+07
  0.159728E+00  0.126410E+07  0.125708E+07  0.000000E+00  0.000000E+00  0.144281E+06  0.125599E+07
  0.160495E+00  0.125578E+07  0.124879E+07  0.000000E+00  0.000000E+00  0.142470E+06  0.124771E+07
  0.161262E+00  0.124768E+07  0.124072E+07  0.000000E+00  0.000000E+00  0.140702E+06  0.123966E+07
  0.162030E+00  0.123980E+07  0.123288E+07  0.000000E+00  0.000000E+00  0.138978E+06  0.123182E+07
  0.162797E+00  0.123213E+07  0.122526E+07  0.000000E+00  0.000000E+00  0.137296E+06  0.122419E+07
  0.163565E+00  0.122467E+07  0.121785E+07  0.000000E+00  0.000000E+00  0.135655E+06  0.121678E+07
  0.164332E+00  0.121741E+07  0.121066E+07  0.000000E+00  0.000000E+00  0.134054E+06  0.120957E+07
  0.165099E+00  0.121036E+07  0.120366E+07  0.000000E+00  0.000000E+00  0.132492E+06  0.120255E+07
  0.165867E+00  0.120350E+07  0.119687E+07  0.000000E+00  0.000000E+00  0.130967E+06  0.119574E+07
  0.166634E+00  0.119682E+07  0.119027E+07  0.000000E+00  0.000000E+00  0.129479E+06  0.118911E+07
  0.167401E+00  0.119033E+07  0.118386E+07  0.000000E+00  0.000000E+00  0.128026E+06  0.118266E+07
  0.168169E+00  0.118402E+07  0.117762E+07  0.000000E+00  0.000000E+00  0.126606E+06  0.117639E+07
  0.168936E+00  0.117787E+07  0.117156E+07  0.000000E+00  0.000000E+00  0.125218E+06  0.117028E+07
  0.169703E+00  0.117187E+07  0.116565E+07  0.000000E+00  0.000000E+00  0.123862E+06  0.116433E+07
  0.170471E+00  0.116603E+07  0.115990E+07  0.000000E+00  0.000000E+00  0.122535E+06  0.115853E+07
  0.171238E+00  0.116032E+07  0.115429E+07  0.000000E+00  0.000000E+00  0.121236E+06  0.115287E+07
  0.172005E+00  0.115475E+07  0.114881E+07  0.000000E+00  0.000000E+00  0.119963E+06  0.114733E+07
  0.172773E+00  0.114930E+07  0.114345E+07  0.000000E+00  0.000000E+00  0.118716E+06  0.114192E+07
  0.173540E+00  0.114395E+07  0.113820E+07  0.000000E+00  0.000000E+00  0.117493E+06  0.113662E+07
  0.174308E+00  0.113871E+07  0.113305E+07  0.000000E+00  0.000000E+00  0.116292E+06  0.113142E+07
  0.175075E+00  0.113356E+07  0.112800E+07  0.000000E+00  0.000000E+00  0.115112E+06  0.112631E+07
  0.175842E+00  0.112849E+07  0.112302E+07  0.000000E+00  0.000000E+00  0.113952E+06  0.112127E+07
  0.176610E+00  0.112349E+07  0.111812E+07  0.000000E+00  0.000000E+00  0.112811E+06  0.111631E+07
  0.177377E+00  0.111855E+07  0.111328E+07  0.000000E+00  0.000000E+00  0.111687E+06  0.111141E+07
  0.178144E+00  0.111367E+07  0.110848E+07  0.000000E+00  0.000000E+00  0.110579E+06  0.110657E+07
  0.178912E+00  0.110883E+07  0.110373E+07  0.000000E+00  0.000000E+00  0.109486E+06  0.110176E+07
  0.179679E+00  0.110402E+07  0.109901E+07  0.000000E+00  0.000000E+00  0.108407E+06  0.109699E+07
  0.180446E+00  0.109924E+07  0.109432E+07  0.000000E+00  0.000000E+00  0.107341E+06  0.109225E+07
  0.181214E+00  0.109447E+07  0.108964E+07  0.000000E+00  0.000000E+00  0.106287E+06  0.108752E+07
  0.181981E+00  0.108972E+07  0.108496E+07  0.000000E+00  0.000000E+00  0.105244E+06  0.108280E+07
  0.182749E+00  0.108497E+07  0.108029E+07  0.000000E+00  0.000000E+00  0.104211E+06  0.107808E+07
  0.183516E+00  0.108021E+07  0.107561E+07  0.000000E+00  0.000000E+00  0.103188E+06  0.107337E+07
  0.184283E+00  0.107545E+07  0.107091E+07  0.000000E+00  0.000000E+00  0.102173E+06  0.106864E+07
  0.185051E+00  0.107067E+07  0.106620E+07  0.000000E+00  0.000000E+00  0.101167E+06  0.106389E+07
  0.185818E+00  0.106587E+07  0.106146E+07  0.000000E+00  0.000000E+00  0.100168E+06  0.105912E+07
  0.186585E+00  0.106104E+07  0.105669E+07  0.000000E+00  0.000000E+00  0.991760E+05  0.105433E+07
  0.187353E+00  0.105619E+07  0.105189E+07  0.000000E+00  0.000000E+00  0.981906E+05  0.104951E+07
  0.188120E+00  0.105130E+07  0.104705E+07  0.000000E+00  0.000000E+00  0.972113E+05  0.104465E+07
  0.188887E+00  0.104637E+07  0.104217E+07  0.000000E+00  0.000000E+00  0.962377E+05  0.103975E+07
  0.189655E+00  0.104140E+07  0.103724E+07  0.000000E+00  0.000000E+00  0.952695E+05  0.103482E+07
  0.190422E+00  0.103639E+07  0.103227E+07  0.000000E+00  0.000000E+00  0.943067E+05  0.102984E+07
  0.191189E+00  0.103134E+07  0.102725E+07  0.000000E+00  0.000000E+00  0.933489E+05  0.102482E+07
  0.191957E+00  0.102625E+07  0.102218E+07  0.000000E+00  0.000000E+00  0.923961E+05  0.101975E+07
  0.192724E+00  0.102111E+07  0.101707E+07  0.000000E+00  0.000000E+00  0.914481E+05  0.101464E+07
  0.193492E+00  0.101592E+07  0.101191E+07  0.000000E+00  0.000000E+00  0.905050E+05  0.100949E+07
  0.194259E+00  0.101070E+07  0.100670E+07  0.000000E+00  0.000000E+00  0.895667E+05  0.100430E+07
  0.195026E+00  0.100543E+07  0.100144E+07  0.000000E+00  0.000000E+00  0.886334E+05  0.999058E+06
  0.195794E+00  0.100013E+07  0.996145E+06  0.000000E+00  0.000000E+00  0.877054E+05  0.993781E+06
  0.196561E+00  0.994783E+06  0.990807E+06  0.000000E+00  0.000000E+00  0.867827E+05  0.988466E+06
  0.197328E+00  0.989405E+06  0.985431E+06  0.000000E+00  0.000000E+00  0.858655E+05  0.983116E+06
  0.198096E+00  0.983996E+06  0.980021E+06  0.000000E+00  0.000000E+00  0.849539E+05  0.977736E+06
  0.198863E+00  0.978560E+06  0.974581E+06  0.000000E+00  0.000000E+00  0.840481E+05  0.972327E+06
  0.199630E+00  0.973100E+06  0.969114E+06  0.000000E+00  0.000000E+00  0.831486E+05  0.966895E+06
  0.200398E+00  0.967620E+06  0.963625E+06  0.000000E+00  0.000000E+00  0.822556E+05  0.961443E+06
  0.201165E+00  0.962125E+06  0.958118E+06  0.000000E+00  0.000000E+00  0.813695E+05  0.955975E+06
  0.203726E+00  0.943734E+06  0.939676E+06  0.000000E+00  0.000000E+00  0.784658E+05  0.937673E+06
  0.206320E+00  0.925171E+06  0.921050E+06  0.000000E+00  0.000000E+00  0.756182E+05  0.919199E+06
  0.208946E+00  0.906636E+06  0.902448E+06  0.000000E+00  0.000000E+00  0.728425E+05  0.900752E+06
  0.211606E+00  0.888341E+06  0.884094E+06  0.000000E+00  0.000000E+00  0.701545E+05  0.882547E+06
  0.214300E+00  0.870500E+06  0.866208E+06  0.000000E+00  0.000000E+00  0.675686E+05  0.864794E+06
  0.217028E+00  0.853301E+06  0.848986E+06  0.000000E+00  0.000000E+00  0.650960E+05  0.847684E+06
  0.219791E+00  0.836896E+06  0.832587E+06  0.000000E+00  0.000000E+00  0.627449E+05  0.831369E+06
  0.222589E+00  0.821392E+06  0.817121E+06  0.000000E+00  0.000000E+00  0.605188E+05  0.815954E+06
  0.225423E+00  0.806842E+06  0.802640E+06  0.000000E+00  0.000000E+00  0.584170E+05  0.801492E+06
  0.228293E+00  0.793241E+06  0.789140E+06  0.000000E+00  0.000000E+00  0.564348E+05  0.787981E+06
  0.231199E+00  0.780530E+06  0.776556E+06  0.000000E+00  0.000000E+00  0.545632E+05  0.775357E+06
  0.234142E+00  0.768589E+06  0.764761E+06  0.000000E+00  0.000000E+00  0.527899E+05  0.763502E+06
  0.237123E+00  0.757253E+06  0.753583E+06  0.000000E+00  0.000000E+00  0.511001E+05  0.752251E+06
  0.240142E+00  0.746328E+06  0.742820E+06  0.000000E+00  0.000000E+00  0.494781E+05  0.741410E+06
  0.243199E+00  0.735610E+06  0.732257E+06  0.000000E+00  0.000000E+00  0.479080E+05  0.730773E+06
  0.246295E+00  0.724901E+06  0.721689E+06  0.000000E+00  0.000000E+00  0.463759E+05  0.720143E+06
  0.249430E+00  0.714022E+06  0.710931E+06  0.000000E+00  0.000000E+00  0.448696E+05  0.709342E+06
  0.252606E+00  0.702834E+06  0.699837E+06  0.000000E+00  0.000000E+00  0.433805E+05  0.698229E+06
  0.255822E+00  0.691249E+06  0.688320E+06  0.000000E+00  0.000000E+00  0.419036E+05  0.686718E+06
  0.259078E+00  0.679244E+06  0.676355E+06  0.000000E+00  0.000000E+00  0.404382E+05  0.674786E+06
  0.262377E+00  0.666860E+06  0.663986E+06  0.000000E+00  0.000000E+00  0.389874E+05  0.662472E+06
  0.265717E+00  0.654187E+06  0.651311E+06  0.000000E+00  0.000000E+00  0.375569E+05  0.649870E+06
  0.269100E+00  0.641365E+06  0.638474E+06  0.000000E+00  0.000000E+00  0.361547E+05  0.637117E+06
  0.272525E+00  0.628562E+06  0.625655E+06  0.000000E+00  0.000000E+00  0.347903E+05  0.624384E+06
  0.275995E+00  0.615965E+06  0.613044E+06  0.000000E+00  0.000000E+00  0.334729E+05  0.611855E+06
  0.279508E+00  0.603742E+06  0.600819E+06  0.000000E+00  0.000000E+00  0.322102E+05  0.599701E+06
  0.283067E+00  0.592032E+06  0.589124E+06  0.000000E+00  0.000000E+00  0.310079E+05  0.588059E+06
  0.286670E+00  0.580926E+06  0.578053E+06  0.000000E+00  0.000000E+00  0.298684E+05  0.577021E+06
  0.290320E+00  0.570463E+06  0.567645E+06  0.000000E+00  0.000000E+00  0.287915E+05  0.566626E+06
  0.294016E+00  0.560620E+06  0.557874E+06  0.000000E+00  0.000000E+00  0.277734E+05  0.556850E+06
  0.297759E+00  0.551313E+06  0.548653E+06  0.000000E+00  0.000000E+00  0.268080E+05  0.547608E+06
  0.301549E+00  0.542416E+06  0.539848E+06  0.000000E+00  0.000000E+00  0.258870E+05  0.538775E+06
  0.305388E+00  0.533776E+06  0.531301E+06  0.000000E+00  0.000000E+00  0.250017E+05  0.530198E+06
  0.309276E+00  0.525237E+06  0.522850E+06  0.000000E+00  0.000000E+00  0.241438E+05  0.521721E+06
  0.313213E+00  0.516656E+06  0.514343E+06  0.000000E+00  0.000000E+00  0.233060E+05  0.513200E+06
  0.317201E+00  0.507924E+06  0.505672E+06  0.000000E+00  0.000000E+00  0.224832E+05  0.504527E+06
  0.321239E+00  0.498988E+06  0.496779E+06  0.000000E+00  0.000000E+00  0.216729E+05  0.495649E+06
  0.325328E+00  0.489849E+06  0.487668E+06  0.000000E+00  0.000000E+00  0.208753E+05  0.486566E+06
  0.329470E+00  0.480550E+06  0.478385E+06  0.000000E+00  0.000000E+00  0.184297E+05  0.477313E+06
  0.333664E+00  0.471205E+06  0.469049E+06  0.000000E+00  0.000000E+00  0.177146E+05  0.468023E+06
  0.337912E+00  0.461930E+06  0.459781E+06  0.000000E+00  0.000000E+00  0.170223E+05  0.458804E+06
  0.342214E+00  0.452852E+06  0.450714E+06  0.000000E+00  0.000000E+00  0.163567E+05  0.449780E+06
  0.346570E+00  0.444076E+06  0.441958E+06  0.000000E+00  0.000000E+00  0.157208E+05  0.441059E+06
  0.350982E+00  0.435678E+06  0.433590E+06  0.000000E+00  0.000000E+00  0.151161E+05  0.432714E+06
  0.355451E+00  0.427684E+06  0.425637E+06  0.000000E+00  0.000000E+00  0.145423E+05  0.424773E+06
  0.359976E+00  0.420066E+06  0.418069E+06  0.000000E+00  0.000000E+00  0.139974E+05  0.417207E+06
  0.364558E+00  0.412757E+06  0.410816E+06  0.000000E+00  0.000000E+00  0.134779E+05  0.409950E+06
  0.369199E+00  0.405662E+06  0.403779E+06  0.000000E+00  0.000000E+00  0.129798E+05  0.402905E+06
  0.373900E+00  0.398675E+06  0.396845E+06  0.000000E+00  0.000000E+00  0.124991E+05  0.395967E+06
  0.378659E+00  0.391700E+06  0.389918E+06  0.000000E+00  0.000000E+00  0.120322E+05  0.389040E+06
  0.383480E+00  0.384677E+06  0.382933E+06  0.000000E+00  0.000000E+00  0.115771E+05  0.382064E+06
  0.388362E+00  0.377582E+06  0.375868E+06  0.000000E+00  0.000000E+00  0.111328E+05  0.375016E+06
  0.393306E+00  0.370434E+06  0.368743E+06  0.000000E+00  0.000000E+00  0.106996E+05  0.367914E+06
  0.398313E+00  0.363290E+06  0.361617E+06  0.000000E+00  0.000000E+00  0.102792E+05  0.360815E+06
  0.403384E+00  0.356226E+06  0.354570E+06  0.000000E+00  0.000000E+00  0.987310E+04  0.353795E+06
  0.408519E+00  0.349317E+06  0.347680E+06  0.000000E+00  0.000000E+00  0.948314E+04  0.346930E+06
  0.413720E+00  0.342625E+06  0.341012E+06  0.000000E+00  0.000000E+00  0.911039E+04  0.340281E+06
  0.418987E+00  0.336179E+06  0.334596E+06  0.000000E+00  0.000000E+00  0.875499E+04  0.333878E+06
  0.424321E+00  0.329973E+06  0.328425E+06  0.000000E+00  0.000000E+00  0.841613E+04  0.327715E+06
  0.429722E+00  0.323972E+06  0.322461E+06  0.000000E+00  0.000000E+00  0.809227E+04  0.321755E+06
  0.435193E+00  0.318116E+06  0.316642E+06  0.000000E+00  0.000000E+00  0.778141E+04  0.315939E+06
  0.440733E+00  0.312342E+06  0.310904E+06  0.000000E+00  0.000000E+00  0.748159E+04  0.310205E+06
  0.446344E+00  0.306603E+06  0.305196E+06  0.000000E+00  0.000000E+00  0.719134E+04  0.304505E+06
  0.452026E+00  0.300871E+06  0.299491E+06  0.000000E+00  0.000000E+00  0.690977E+04  0.298811E+06
  0.457781E+00  0.295150E+06  0.293792E+06  0.000000E+00  0.000000E+00  0.663675E+04  0.293128E+06
  0.463609E+00  0.289467E+06  0.288130E+06  0.000000E+00  0.000000E+00  0.637270E+04  0.287483E+06
  0.469511E+00  0.283865E+06  0.282547E+06  0.000000E+00  0.000000E+00  0.611825E+04  0.281917E+06
  0.475488E+00  0.278385E+06  0.277088E+06  0.000000E+00  0.000000E+00  0.587402E+04  0.276473E+06
  0.481541E+00  0.273056E+06  0.271781E+06  0.000000E+00  0.000000E+00  0.564022E+04  0.271180E+06
  0.487671E+00  0.267884E+06  0.266635E+06  0.000000E+00  0.000000E+00  0.541663E+04  0.266043E+06
  0.493880E+00  0.262857E+06  0.261635E+06  0.000000E+00  0.000000E+00  0.520262E+04  0.261050E+06
  0.500167E+00  0.257943E+06  0.256748E+06  0.000000E+00  0.000000E+00  0.499722E+04  0.256170E+06
  0.506534E+00  0.253110E+06  0.251941E+06  0.000000E+00  0.000000E+00  0.479952E+04  0.251370E+06
  0.512983E+00  0.248329E+06  0.247184E+06  0.000000E+00  0.000000E+00  0.460874E+04  0.246622E+06
  0.519514E+00  0.243591E+06  0.242467E+06  0.000000E+00  0.000000E+00  0.442449E+04  0.241915E+06
  0.526127E+00  0.238900E+06  0.237796E+06  0.000000E+00  0.000000E+00  0.424665E+04  0.237256E+06
  0.532825E+00  0.234273E+06  0.233188E+06  0.000000E+00  0.000000E+00  0.407536E+04  0.232660E+06
  0.539608E+00  0.229734E+06  0.228668E+06  0.000000E+00  0.000000E+00  0.391077E+04  0.228151E+06
  0.546478E+00  0.225298E+06  0.224251E+06  0.000000E+00  0.000000E+00  0.375294E+04  0.223745E+06
  0.553435E+00  0.220970E+06  0.219944E+06  0.000000E+00  0.000000E+00  0.360171E+04  0.219446E+06
  0.560480E+00  0.216743E+06  0.215737E+06  0.000000E+00  0.000000E+00  0.345671E+04  0.215248E+06
  0.567616E+00  0.212601E+06  0.211616E+06  0.000000E+00  0.000000E+00  0.331750E+04  0.211134E+06
  0.574842E+00  0.208526E+06  0.207562E+06  0.000000E+00  0.000000E+00  0.318360E+04  0.207088E+06
  0.582160E+00  0.204509E+06  0.203564E+06  0.000000E+00  0.000000E+00  0.305467E+04  0.203098E+06
  0.589571E+00  0.200546E+06  0.199618E+06  0.000000E+00  0.000000E+00  0.293050E+04  0.199162E+06
  0.597077E+00  0.196644E+06  0.195734E+06  0.000000E+00  0.000000E+00  0.281106E+04  0.195286E+06
  0.604678E+00  0.192813E+06  0.191919E+06  0.000000E+00  0.000000E+00  0.269630E+04  0.191481E+06
  0.649615E+00  0.172514E+06  0.171716E+06  0.000000E+00  0.000000E+00  0.212820E+04  0.171321E+06
  0.697892E+00  0.154207E+06  0.153493E+06  0.000000E+00  0.000000E+00  0.167631E+04  0.153139E+06
  0.749757E+00  0.137755E+06  0.137117E+06  0.000000E+00  0.000000E+00  0.131809E+04  0.136799E+06
  0.805476E+00  0.122974E+06  0.122405E+06  0.000000E+00  0.000000E+00  0.103466E+04  0.122120E+06
  0.865336E+00  0.109706E+06  0.109198E+06  0.000000E+00  0.000000E+00  0.810842E+03  0.108944E+06
  0.929645E+00  0.978070E+05  0.973542E+05  0.000000E+00  0.000000E+00  0.634443E+03  0.971267E+05
  0.998733E+00  0.871436E+05  0.867402E+05  0.000000E+00  0.000000E+00  0.495671E+03  0.865371E+05
  0.107296E+01  0.775962E+05  0.772370E+05  0.000000E+00  0.000000E+00  0.386698E+03  0.770558E+05
  0.115269E+01  0.690552E+05  0.687356E+05  0.000000E+00  0.000000E+00  0.301272E+03  0.685740E+05
  0.123836E+01  0.614193E+05  0.611351E+05  0.000000E+00  0.000000E+00  0.234410E+03  0.609911E+05
  0.133039E+01  0.545986E+05  0.543459E+05  0.000000E+00  0.000000E+00  0.243435E+03  0.542182E+05
  0.142926E+01  0.485097E+05  0.482852E+05  0.000000E+00  0.000000E+00  0.189611E+03  0.481715E+05
  0.153548E+01  0.430779E+05  0.428786E+05  0.000000E+00  0.000000E+00  0.147494E+03  0.427775E+05
  0.164959E+01  0.382356E+05  0.380587E+05  0.000000E+00  0.000000E+00  0.114589E+03  0.379689E+05
  0.177218E+01  0.339215E+05  0.337645E+05  0.000000E+00  0.000000E+00  0.889179E+02  0.336848E+05
  0.190388E+01  0.300803E+05  0.299411E+05  0.000000E+00  0.000000E+00  0.689192E+02  0.298703E+05
  0.204537E+01  0.266622E+05  0.265388E+05  0.000000E+00  0.000000E+00  0.533605E+02  0.264760E+05
