  0.809832E-04  0.233921E+08  0.233921E+08  0.302187E+08  0.302174E+08  0.233905E+08  0.233921E+08
  0.901765E-04  0.233916E+08  0.233916E+08  0.299893E+08  0.299876E+08  0.233896E+08  0.233916E+08
  0.100413E-03  0.233910E+08  0.233910E+08  0.297070E+08  0.297051E+08  0.233884E+08  0.233910E+08
  0.111812E-03  0.233903E+08  0.233903E+08  0.293605E+08  0.293580E+08  0.233869E+08  0.233903E+08
  0.124505E-03  0.233894E+08  0.233894E+08  0.289359E+08  0.289329E+08  0.233851E+08  0.233893E+08
  0.138639E-03  0.233882E+08  0.233882E+08  0.284172E+08  0.284136E+08  0.233828E+08  0.233882E+08
  0.154378E-03  0.233868E+08  0.233868E+08  0.277859E+08  0.277816E+08  0.233800E+08  0.233868E+08
  0.171903E-03  0.233851E+08  0.233851E+08  0.270210E+08  0.270159E+08  0.233765E+08  0.233850E+08
  0.191417E-03  0.233830E+08  0.233830E+08  0.260994E+08  0.260934E+08  0.233722E+08  0.233829E+08
  0.213147E-03  0.233803E+08  0.233803E+08  0.249968E+08  0.249897E+08  0.233669E+08  0.233802E+08
  0.237344E-03  0.233771E+08  0.233771E+08  0.236892E+08  0.236811E+08  0.233603E+08  0.233770E+08
  0.264287E-03  0.233730E+08  0.233730E+08  0.221556E+08  0.221464E+08  0.233522E+08  0.233729E+08
  0.294290E-03  0.233681E+08  0.233681E+08  0.203817E+08  0.203715E+08  0.233421E+08  0.233679E+08
  0.327698E-03  0.233620E+08  0.233620E+08  0.183656E+08  0.183548E+08  0.233298E+08  0.233618E+08
  0.364898E-03  0.233546E+08  0.233546E+08  0.161250E+08  0.161140E+08  0.233145E+08  0.233544E+08
  0.406322E-03  0.233455E+08  0.233455E+08  0.137050E+08  0.136946E+08  0.232958E+08  0.233452E+08
  0.452448E-03  0.233345E+08  0.233344E+08  0.111859E+08  0.111769E+08  0.232729E+08  0.233341E+08
  0.503810E-03  0.233210E+08  0.233210E+08  0.868703E+07  0.868044E+07  0.232448E+08  0.233205E+08
  0.561003E-03  0.233048E+08  0.233047E+08  0.636178E+07  0.635851E+07  0.232104E+08  0.233042E+08
  0.624688E-03  0.232852E+08  0.232851E+08  0.437800E+07  0.437844E+07  0.231686E+08  0.232844E+08
  0.695603E-03  0.232617E+08  0.232616E+08  0.287899E+07  0.288256E+07  0.231179E+08  0.232608E+08
  0.774569E-03  0.232336E+08  0.232335E+08  0.192880E+07  0.193374E+07  0.230565E+08  0.232325E+08
  0.862498E-03  0.232003E+08  0.232002E+08  0.146188E+07  0.146562E+07  0.229826E+08  0.231989E+08
  0.960410E-03  0.231608E+08  0.231607E+08  0.127683E+07  0.127724E+07  0.228938E+08  0.231591E+08
  0.106944E-02  0.231144E+08  0.231142E+08  0.111653E+07  0.111375E+07  0.227876E+08  0.231123E+08
  0.119084E-02  0.230599E+08  0.230597E+08  0.827254E+06  0.824325E+06  0.226620E+08  0.230574E+08
  0.132602E-02  0.229961E+08  0.229959E+08  0.479630E+06  0.479887E+06  0.225128E+08  0.229931E+08
  0.147656E-02  0.229218E+08  0.229215E+08  0.273624E+06  0.276176E+06  0.223371E+08  0.229181E+08
  0.164418E-02  0.228354E+08  0.228350E+08  0.248353E+06  0.248616E+06  0.221319E+08  0.228309E+08
  0.183082E-02  0.227353E+08  0.227349E+08  0.207647E+06  0.205594E+06  0.218940E+08  0.227299E+08
  0.203866E-02  0.226198E+08  0.226193E+08  0.915358E+05  0.922285E+05  0.216207E+08  0.226135E+08
  0.227009E-02  0.224872E+08  0.224865E+08  0.670367E+05  0.677187E+05  0.213098E+08  0.224797E+08
  0.252779E-02  0.223353E+08  0.223345E+08  0.612751E+05  0.587094E+05  0.209597E+08  0.223265E+08
  0.281475E-02  0.221623E+08  0.221612E+08  0.181314E+05  0.158050E+05  0.205695E+08  0.221521E+08
  0.313428E-02  0.219661E+08  0.219648E+08  0.306672E+05  0.238517E+05  0.201387E+08  0.219544E+08
  0.349009E-02  0.217447E+08  0.217431E+08  0.181221E+04  0.959109E+03  0.196667E+08  0.217314E+08
  0.388629E-02  0.214962E+08  0.214942E+08  0.451396E+04  0.451352E+04  0.191523E+08  0.214812E+08
  0.432746E-02  0.212186E+08  0.212162E+08  0.173166E+04  0.560630E+03  0.185938E+08  0.212017E+08
  0.481872E-02  0.209101E+08  0.209071E+08 -0.571499E+04 -0.526798E+04  0.179886E+08  0.208913E+08
  0.536574E-02  0.205688E+08  0.205652E+08  0.000000E+00  0.000000E+00  0.173352E+08  0.205479E+08
  0.542375E-02  0.205328E+08  0.205292E+08  0.000000E+00  0.000000E+00  0.172671E+08  0.205117E+08
  0.548238E-02  0.204965E+08  0.204927E+08  0.000000E+00  0.000000E+00  0.171986E+08  0.204752E+08
  0.554165E-02  0.204598E+08  0.204560E+08  0.000000E+00  0.000000E+00  0.171296E+08  0.204383E+08
  0.560156E-02  0.204227E+08  0.204189E+08  0.000000E+00  0.000000E+00  0.170601E+08  0.204010E+08
  0.566212E-02  0.203853E+08  0.203814E+08  0.000000E+00  0.000000E+00  0.169902E+08  0.203634E+08
  0.572333E-02  0.203476E+08  0.203436E+08  0.000000E+00  0.000000E+00  0.169197E+08  0.203254E+08
  0.578520E-02  0.203095E+08  0.203054E+08  0.000000E+00  0.000000E+00  0.168488E+08  0.202871E+08
  0.584775E-02  0.202710E+08  0.202668E+08  0.000000E+00  0.000000E+00  0.167773E+08  0.202484E+08
  0.591096E-02  0.202322E+08  0.202279E+08  0.000000E+00  0.000000E+00  0.167055E+08  0.202094E+08
  0.597487E-02  0.201930E+08  0.201887E+08  0.000000E+00  0.000000E+00  0.166331E+08  0.201700E+08
  0.603946E-02  0.201535E+08  0.201490E+08  0.000000E+00  0.000000E+00  0.165602E+08  0.201302E+08
  0.610475E-02  0.201136E+08  0.201091E+08  0.000000E+00  0.000000E+00  0.164869E+08  0.200901E+08
  0.617075E-02  0.200733E+08  0.200687E+08  0.000000E+00  0.000000E+00  0.164132E+08  0.200496E+08
  0.623746E-02  0.200327E+08  0.200280E+08  0.000000E+00  0.000000E+00  0.163389E+08  0.200088E+08
  0.630489E-02  0.199917E+08  0.199869E+08  0.000000E+00  0.000000E+00  0.162642E+08  0.199676E+08
  0.637305E-02  0.199503E+08  0.199454E+08  0.000000E+00  0.000000E+00  0.161891E+08  0.199260E+08
  0.644195E-02  0.199086E+08  0.199036E+08  0.000000E+00  0.000000E+00  0.161135E+08  0.198840E+08
  0.651159E-02  0.198665E+08  0.198614E+08  0.000000E+00  0.000000E+00  0.160374E+08  0.198416E+08
  0.658198E-02  0.198240E+08  0.198188E+08  0.000000E+00  0.000000E+00  0.159609E+08  0.197989E+08
  0.665314E-02  0.197811E+08  0.197758E+08  0.000000E+00  0.000000E+00  0.158839E+08  0.197558E+08
  0.672506E-02  0.197379E+08  0.197325E+08  0.000000E+00  0.000000E+00  0.158065E+08  0.197124E+08
  0.679777E-02  0.196943E+08  0.196887E+08  0.000000E+00  0.000000E+00  0.157287E+08  0.196685E+08
  0.687125E-02  0.196503E+08  0.196446E+08  0.000000E+00  0.000000E+00  0.156504E+08  0.196243E+08
  0.694554E-02  0.196059E+08  0.196001E+08  0.000000E+00  0.000000E+00  0.155717E+08  0.195797E+08
  0.702062E-02  0.195611E+08  0.195552E+08  0.000000E+00  0.000000E+00  0.154926E+08  0.195347E+08
  0.709652E-02  0.195160E+08  0.195100E+08  0.000000E+00  0.000000E+00  0.154131E+08  0.194893E+08
  0.717324E-02  0.194704E+08  0.194643E+08  0.000000E+00  0.000000E+00  0.153331E+08  0.194435E+08
  0.725079E-02  0.194245E+08  0.194182E+08  0.000000E+00  0.000000E+00  0.152527E+08  0.193973E+08
  0.732917E-02  0.193782E+08  0.193718E+08  0.000000E+00  0.000000E+00  0.151720E+08  0.193508E+08
  0.740841E-02  0.193315E+08  0.193250E+08  0.000000E+00  0.000000E+00  0.150908E+08  0.193038E+08
  0.748850E-02  0.192844E+08  0.192777E+08  0.000000E+00  0.000000E+00  0.150092E+08  0.192565E+08
  0.756945E-02  0.192369E+08  0.192301E+08  0.000000E+00  0.000000E+00  0.149272E+08  0.192088E+08
  0.765128E-02  0.191890E+08  0.191821E+08  0.000000E+00  0.000000E+00  0.148449E+08  0.191606E+08
  0.773400E-02  0.191407E+08  0.191336E+08  0.000000E+00  0.000000E+00  0.147621E+08  0.191121E+08
  0.781761E-02  0.190920E+08  0.190848E+08  0.000000E+00  0.000000E+00  0.146790E+08  0.190632E+08
  0.790212E-02  0.190429E+08  0.190356E+08  0.000000E+00  0.000000E+00  0.145955E+08  0.190138E+08
  0.798755E-02  0.189934E+08  0.189860E+08  0.000000E+00  0.000000E+00  0.145116E+08  0.189641E+08
  0.807390E-02  0.189435E+08  0.189359E+08  0.000000E+00  0.000000E+00  0.144274E+08  0.189140E+08
  0.816119E-02  0.188932E+08  0.188855E+08  0.000000E+00  0.000000E+00  0.143428E+08  0.188634E+08
  0.824942E-02  0.188425E+08  0.188346E+08  0.000000E+00  0.000000E+00  0.142578E+08  0.188125E+08
  0.833860E-02  0.187914E+08  0.187833E+08  0.000000E+00  0.000000E+00  0.141725E+08  0.187611E+08
  0.842874E-02  0.187399E+08  0.187317E+08  0.000000E+00  0.000000E+00  0.140869E+08  0.187094E+08
  0.851986E-02  0.186880E+08  0.186796E+08  0.000000E+00  0.000000E+00  0.140009E+08  0.186572E+08
  0.861197E-02  0.186356E+08  0.186271E+08  0.000000E+00  0.000000E+00  0.139146E+08  0.186046E+08
  0.870507E-02  0.185829E+08  0.185741E+08  0.000000E+00  0.000000E+00  0.138280E+08  0.185517E+08
  0.879918E-02  0.185297E+08  0.185208E+08  0.000000E+00  0.000000E+00  0.137410E+08  0.184983E+08
  0.889430E-02  0.184761E+08  0.184671E+08  0.000000E+00  0.000000E+00  0.136538E+08  0.184444E+08
  0.899046E-02  0.184221E+08  0.184129E+08  0.000000E+00  0.000000E+00  0.135662E+08  0.183902E+08
  0.908765E-02  0.183677E+08  0.183583E+08  0.000000E+00  0.000000E+00  0.134783E+08  0.183355E+08
  0.918590E-02  0.183129E+08  0.183033E+08  0.000000E+00  0.000000E+00  0.133902E+08  0.182805E+08
  0.928520E-02  0.182576E+08  0.182478E+08  0.000000E+00  0.000000E+00  0.133017E+08  0.182250E+08
  0.938558E-02  0.182020E+08  0.181920E+08  0.000000E+00  0.000000E+00  0.132130E+08  0.181691E+08
  0.948705E-02  0.181459E+08  0.181357E+08  0.000000E+00  0.000000E+00  0.131240E+08  0.181127E+08
  0.958961E-02  0.180893E+08  0.180790E+08  0.000000E+00  0.000000E+00  0.130347E+08  0.180560E+08
  0.969328E-02  0.180324E+08  0.180218E+08  0.000000E+00  0.000000E+00  0.129451E+08  0.179988E+08
  0.979807E-02  0.179750E+08  0.179642E+08  0.000000E+00  0.000000E+00  0.128553E+08  0.179412E+08
  0.990399E-02  0.179172E+08  0.179062E+08  0.000000E+00  0.000000E+00  0.127653E+08  0.178832E+08
  0.100111E-01  0.178590E+08  0.178478E+08  0.000000E+00  0.000000E+00  0.126750E+08  0.178247E+08
  0.101193E-01  0.178003E+08  0.177889E+08  0.000000E+00  0.000000E+00  0.125845E+08  0.177658E+08
  0.102287E-01  0.177412E+08  0.177296E+08  0.000000E+00  0.000000E+00  0.124937E+08  0.177065E+08
  0.103393E-01  0.176817E+08  0.176699E+08  0.000000E+00  0.000000E+00  0.124027E+08  0.176467E+08
  0.104510E-01  0.176218E+08  0.176097E+08  0.000000E+00  0.000000E+00  0.123115E+08  0.175865E+08
  0.105640E-01  0.175614E+08  0.175491E+08  0.000000E+00  0.000000E+00  0.122202E+08  0.175259E+08
  0.106782E-01  0.175005E+08  0.174880E+08  0.000000E+00  0.000000E+00  0.121286E+08  0.174649E+08
  0.107937E-01  0.174393E+08  0.174265E+08  0.000000E+00  0.000000E+00  0.120368E+08  0.174034E+08
  0.109104E-01  0.173776E+08  0.173646E+08  0.000000E+00  0.000000E+00  0.119448E+08  0.173414E+08
  0.110283E-01  0.173154E+08  0.173022E+08  0.000000E+00  0.000000E+00  0.118527E+08  0.172791E+08
  0.111475E-01  0.172528E+08  0.172393E+08  0.000000E+00  0.000000E+00  0.117604E+08  0.172163E+08
  0.112680E-01  0.171898E+08  0.171761E+08  0.000000E+00  0.000000E+00  0.116679E+08  0.171530E+08
  0.113899E-01  0.171264E+08  0.171124E+08  0.000000E+00  0.000000E+00  0.115753E+08  0.170893E+08
  0.115130E-01  0.170624E+08  0.170482E+08  0.000000E+00  0.000000E+00  0.114825E+08  0.170252E+08
  0.116375E-01  0.169981E+08  0.169836E+08  0.000000E+00  0.000000E+00  0.113896E+08  0.169606E+08
  0.117633E-01  0.169333E+08  0.169185E+08  0.000000E+00  0.000000E+00  0.112966E+08  0.168956E+08
  0.118904E-01  0.168680E+08  0.168530E+08  0.000000E+00  0.000000E+00  0.112035E+08  0.168301E+08
  0.120190E-01  0.168024E+08  0.167870E+08  0.000000E+00  0.000000E+00  0.111102E+08  0.167642E+08
  0.121489E-01  0.167362E+08  0.167206E+08  0.000000E+00  0.000000E+00  0.110169E+08  0.166979E+08
  0.122802E-01  0.166696E+08  0.166537E+08  0.000000E+00  0.000000E+00  0.109234E+08  0.166311E+08
  0.124130E-01  0.166026E+08  0.165864E+08  0.000000E+00  0.000000E+00  0.108299E+08  0.165638E+08
  0.125472E-01  0.165351E+08  0.165186E+08  0.000000E+00  0.000000E+00  0.107363E+08  0.164961E+08
  0.126828E-01  0.164672E+08  0.164504E+08  0.000000E+00  0.000000E+00  0.106426E+08  0.164280E+08
  0.128200E-01  0.163988E+08  0.163817E+08  0.000000E+00  0.000000E+00  0.105489E+08  0.163594E+08
  0.129585E-01  0.163300E+08  0.163125E+08  0.000000E+00  0.000000E+00  0.104551E+08  0.162904E+08
  0.130986E-01  0.162607E+08  0.162429E+08  0.000000E+00  0.000000E+00  0.103612E+08  0.162209E+08
  0.132402E-01  0.161909E+08  0.161729E+08  0.000000E+00  0.000000E+00  0.102674E+08  0.161509E+08
  0.133834E-01  0.161207E+08  0.161024E+08  0.000000E+00  0.000000E+00  0.101735E+08  0.160805E+08
  0.135281E-01  0.160501E+08  0.160314E+08  0.000000E+00  0.000000E+00  0.100796E+08  0.160097E+08
  0.136743E-01  0.159790E+08  0.159599E+08  0.000000E+00  0.000000E+00  0.998569E+07  0.159384E+08
  0.138221E-01  0.159074E+08  0.158880E+08  0.000000E+00  0.000000E+00  0.989179E+07  0.158666E+08
  0.139716E-01  0.158354E+08  0.158157E+08  0.000000E+00  0.000000E+00  0.979790E+07  0.157944E+08
  0.141226E-01  0.157629E+08  0.157429E+08  0.000000E+00  0.000000E+00  0.970403E+07  0.157218E+08
  0.142753E-01  0.156900E+08  0.156696E+08  0.000000E+00  0.000000E+00  0.961020E+07  0.156487E+08
  0.144296E-01  0.156166E+08  0.155959E+08  0.000000E+00  0.000000E+00  0.951640E+07  0.155751E+08
  0.145856E-01  0.155428E+08  0.155217E+08  0.000000E+00  0.000000E+00  0.942266E+07  0.155011E+08
  0.147433E-01  0.154685E+08  0.154470E+08  0.000000E+00  0.000000E+00  0.932898E+07  0.154266E+08
  0.149027E-01  0.153937E+08  0.153719E+08  0.000000E+00  0.000000E+00  0.923537E+07  0.153517E+08
  0.150638E-01  0.153185E+08  0.152963E+08  0.000000E+00  0.000000E+00  0.914184E+07  0.152763E+08
  0.152266E-01  0.152429E+08  0.152203E+08  0.000000E+00  0.000000E+00  0.904839E+07  0.152005E+08
  0.153912E-01  0.151668E+08  0.151438E+08  0.000000E+00  0.000000E+00  0.895504E+07  0.151242E+08
  0.155576E-01  0.150902E+08  0.150669E+08  0.000000E+00  0.000000E+00  0.886181E+07  0.150475E+08
  0.157258E-01  0.150132E+08  0.149895E+08  0.000000E+00  0.000000E+00  0.876869E+07  0.149703E+08
  0.158958E-01  0.149358E+08  0.149116E+08  0.000000E+00  0.000000E+00  0.867569E+07  0.148927E+08
  0.160677E-01  0.148578E+08  0.148333E+08  0.000000E+00  0.000000E+00  0.858284E+07  0.148146E+08
  0.162414E-01  0.147795E+08  0.147546E+08  0.000000E+00  0.000000E+00  0.849013E+07  0.147361E+08
  0.164170E-01  0.147007E+08  0.146753E+08  0.000000E+00  0.000000E+00  0.839757E+07  0.146572E+08
  0.165944E-01  0.146214E+08  0.145957E+08  0.000000E+00  0.000000E+00  0.830518E+07  0.145778E+08
  0.167738E-01  0.145417E+08  0.145156E+08  0.000000E+00  0.000000E+00  0.821297E+07  0.144979E+08
  0.169552E-01  0.144616E+08  0.144350E+08  0.000000E+00  0.000000E+00  0.812095E+07  0.144177E+08
  0.171385E-01  0.143810E+08  0.143540E+08  0.000000E+00  0.000000E+00  0.802912E+07  0.143370E+08
  0.173237E-01  0.143000E+08  0.142725E+08  0.000000E+00  0.000000E+00  0.793749E+07  0.142558E+08
  0.175110E-01  0.142185E+08  0.141907E+08  0.000000E+00  0.000000E+00  0.784608E+07  0.141742E+08
  0.177003E-01  0.141367E+08  0.141083E+08  0.000000E+00  0.000000E+00  0.775490E+07  0.140922E+08
  0.178917E-01  0.140543E+08  0.140256E+08  0.000000E+00  0.000000E+00  0.766395E+07  0.140098E+08
  0.180851E-01  0.139716E+08  0.139424E+08  0.000000E+00  0.000000E+00  0.757325E+07  0.139269E+08
  0.182806E-01  0.138884E+08  0.138587E+08  0.000000E+00  0.000000E+00  0.748280E+07  0.138436E+08
  0.184782E-01  0.138048E+08  0.137747E+08  0.000000E+00  0.000000E+00  0.739261E+07  0.137599E+08
  0.186780E-01  0.137208E+08  0.136902E+08  0.000000E+00  0.000000E+00  0.730271E+07  0.136758E+08
  0.188799E-01  0.136364E+08  0.136053E+08  0.000000E+00  0.000000E+00  0.721308E+07  0.135912E+08
  0.190840E-01  0.135515E+08  0.135200E+08  0.000000E+00  0.000000E+00  0.712376E+07  0.135063E+08
  0.192903E-01  0.134663E+08  0.134343E+08  0.000000E+00  0.000000E+00  0.703474E+07  0.134209E+08
  0.194989E-01  0.133806E+08  0.133482E+08  0.000000E+00  0.000000E+00  0.694603E+07  0.133352E+08
  0.197097E-01  0.132946E+08  0.132617E+08  0.000000E+00  0.000000E+00  0.685765E+07  0.132491E+08
  0.199228E-01  0.132081E+08  0.131748E+08  0.000000E+00  0.000000E+00  0.676961E+07  0.131625E+08
  0.201381E-01  0.131213E+08  0.130875E+08  0.000000E+00  0.000000E+00  0.668192E+07  0.130756E+08
  0.203558E-01  0.130341E+08  0.129998E+08  0.000000E+00  0.000000E+00  0.659458E+07  0.129884E+08
  0.205759E-01  0.129465E+08  0.129117E+08  0.000000E+00  0.000000E+00  0.650761E+07  0.129007E+08
  0.207983E-01  0.128586E+08  0.128233E+08  0.000000E+00  0.000000E+00  0.642102E+07  0.128127E+08
  0.210232E-01  0.127702E+08  0.127345E+08  0.000000E+00  0.000000E+00  0.633482E+07  0.127243E+08
  0.212505E-01  0.126816E+08  0.126453E+08  0.000000E+00  0.000000E+00  0.624902E+07  0.126356E+08
  0.214802E-01  0.125926E+08  0.125558E+08  0.000000E+00  0.000000E+00  0.616363E+07  0.125465E+08
  0.217124E-01  0.125032E+08  0.124660E+08  0.000000E+00  0.000000E+00  0.607866E+07  0.124571E+08
  0.219471E-01  0.124135E+08  0.123758E+08  0.000000E+00  0.000000E+00  0.599412E+07  0.123674E+08
  0.221844E-01  0.123235E+08  0.122853E+08  0.000000E+00  0.000000E+00  0.591002E+07  0.122773E+08
  0.224242E-01  0.122332E+08  0.121945E+08  0.000000E+00  0.000000E+00  0.582637E+07  0.121870E+08
  0.226667E-01  0.121425E+08  0.121034E+08  0.000000E+00  0.000000E+00  0.574319E+07  0.120963E+08
  0.229117E-01  0.120516E+08  0.120119E+08  0.000000E+00  0.000000E+00  0.566048E+07  0.120053E+08
  0.231594E-01  0.119604E+08  0.119202E+08  0.000000E+00  0.000000E+00  0.557825E+07  0.119141E+08
  0.234098E-01  0.118689E+08  0.118283E+08  0.000000E+00  0.000000E+00  0.549652E+07  0.118226E+08
  0.236628E-01  0.117771E+08  0.117360E+08  0.000000E+00  0.000000E+00  0.541529E+07  0.117308E+08
  0.239187E-01  0.116851E+08  0.116436E+08  0.000000E+00  0.000000E+00  0.533458E+07  0.116388E+08
  0.241772E-01  0.115929E+08  0.115508E+08  0.000000E+00  0.000000E+00  0.525439E+07  0.115466E+08
  0.244386E-01  0.115004E+08  0.114579E+08  0.000000E+00  0.000000E+00  0.517474E+07  0.114541E+08
  0.247028E-01  0.114078E+08  0.113648E+08  0.000000E+00  0.000000E+00  0.509563E+07  0.113615E+08
  0.249699E-01  0.113149E+08  0.112714E+08  0.000000E+00  0.000000E+00  0.501707E+07  0.112686E+08
  0.252398E-01  0.112218E+08  0.111779E+08  0.000000E+00  0.000000E+00  0.493908E+07  0.111756E+08
  0.255127E-01  0.111286E+08  0.110842E+08  0.000000E+00  0.000000E+00  0.486167E+07  0.110824E+08
  0.257885E-01  0.110352E+08  0.109903E+08  0.000000E+00  0.000000E+00  0.478484E+07  0.109890E+08
  0.260673E-01  0.109416E+08  0.108964E+08  0.000000E+00  0.000000E+00  0.470861E+07  0.108955E+08
  0.263491E-01  0.108480E+08  0.108023E+08  0.000000E+00  0.000000E+00  0.463298E+07  0.108019E+08
  0.266339E-01  0.107542E+08  0.107081E+08  0.000000E+00  0.000000E+00  0.455796E+07  0.107082E+08
  0.269218E-01  0.106604E+08  0.106138E+08  0.000000E+00  0.000000E+00  0.448357E+07  0.106144E+08
  0.272129E-01  0.105664E+08  0.105195E+08  0.000000E+00  0.000000E+00  0.440981E+07  0.105205E+08
  0.275071E-01  0.104725E+08  0.104251E+08  0.000000E+00  0.000000E+00  0.433669E+07  0.104266E+08
  0.278045E-01  0.103784E+08  0.103307E+08  0.000000E+00  0.000000E+00  0.426423E+07  0.103327E+08
  0.281050E-01  0.102844E+08  0.102362E+08  0.000000E+00  0.000000E+00  0.419243E+07  0.102387E+08
  0.284089E-01  0.101904E+08  0.101418E+08  0.000000E+00  0.000000E+00  0.412130E+07  0.101448E+08
  0.287160E-01  0.100964E+08  0.100475E+08  0.000000E+00  0.000000E+00  0.405085E+07  0.100509E+08
  0.290264E-01  0.100025E+08  0.995318E+07  0.000000E+00  0.000000E+00  0.398108E+07  0.995703E+07
  0.293402E-01  0.990858E+07  0.985896E+07  0.000000E+00  0.000000E+00  0.391202E+07  0.986326E+07
  0.296574E-01  0.981479E+07  0.976484E+07  0.000000E+00  0.000000E+00  0.384366E+07  0.976958E+07
  0.299780E-01  0.972113E+07  0.967086E+07  0.000000E+00  0.000000E+00  0.377602E+07  0.967603E+07
  0.303021E-01  0.962760E+07  0.957702E+07  0.000000E+00  0.000000E+00  0.370910E+07  0.958262E+07
  0.306297E-01  0.953423E+07  0.948337E+07  0.000000E+00  0.000000E+00  0.364291E+07  0.948938E+07
  0.309608E-01  0.944106E+07  0.938992E+07  0.000000E+00  0.000000E+00  0.357746E+07  0.939634E+07
  0.312955E-01  0.934809E+07  0.929669E+07  0.000000E+00  0.000000E+00  0.351275E+07  0.930351E+07
  0.316339E-01  0.925537E+07  0.920372E+07  0.000000E+00  0.000000E+00  0.344880E+07  0.921093E+07
  0.319759E-01  0.916290E+07  0.911104E+07  0.000000E+00  0.000000E+00  0.338560E+07  0.911862E+07
  0.323215E-01  0.907073E+07  0.901866E+07  0.000000E+00  0.000000E+00  0.332316E+07  0.902660E+07
  0.326710E-01  0.897888E+07  0.892662E+07  0.000000E+00  0.000000E+00  0.326150E+07  0.893491E+07
  0.330242E-01  0.888737E+07  0.883494E+07  0.000000E+00  0.000000E+00  0.320061E+07  0.884357E+07
  0.333812E-01  0.879624E+07  0.874365E+07  0.000000E+00  0.000000E+00  0.314051E+07  0.875260E+07
  0.337420E-01  0.870550E+07  0.865279E+07  0.000000E+00  0.000000E+00  0.308120E+07  0.866204E+07
  0.341068E-01  0.861519E+07  0.856237E+07  0.000000E+00  0.000000E+00  0.302268E+07  0.857192E+07
  0.344755E-01  0.852534E+07  0.847244E+07  0.000000E+00  0.000000E+00  0.296497E+07  0.848226E+07
  0.348482E-01  0.843597E+07  0.838301E+07  0.000000E+00  0.000000E+00  0.290806E+07  0.839308E+07
  0.352250E-01  0.834712E+07  0.829411E+07  0.000000E+00  0.000000E+00  0.285197E+07  0.830443E+07
  0.356058E-01  0.825881E+07  0.820579E+07  0.000000E+00  0.000000E+00  0.279669E+07  0.821632E+07
  0.359907E-01  0.817107E+07  0.811805E+07  0.000000E+00  0.000000E+00  0.274223E+07  0.812879E+07
  0.363798E-01  0.808393E+07  0.803095E+07  0.000000E+00  0.000000E+00  0.268859E+07  0.804187E+07
  0.367731E-01  0.799741E+07  0.794449E+07  0.000000E+00  0.000000E+00  0.263578E+07  0.795558E+07
  0.371706E-01  0.791156E+07  0.785872E+07  0.000000E+00  0.000000E+00  0.258379E+07  0.786995E+07
  0.375725E-01  0.782639E+07  0.777366E+07  0.000000E+00  0.000000E+00  0.253263E+07  0.778501E+07
  0.379786E-01  0.774193E+07  0.768934E+07  0.000000E+00  0.000000E+00  0.248229E+07  0.770078E+07
  0.383892E-01  0.765821E+07  0.760579E+07  0.000000E+00  0.000000E+00  0.243277E+07  0.761730E+07
  0.388042E-01  0.757524E+07  0.752302E+07  0.000000E+00  0.000000E+00  0.238408E+07  0.753458E+07
  0.392237E-01  0.749307E+07  0.744107E+07  0.000000E+00  0.000000E+00  0.233622E+07  0.745266E+07
  0.396478E-01  0.741173E+07  0.735998E+07  0.000000E+00  0.000000E+00  0.228918E+07  0.737158E+07
  0.400764E-01  0.733124E+07  0.727977E+07  0.000000E+00  0.000000E+00  0.224298E+07  0.729135E+07
  0.405096E-01  0.725164E+07  0.720047E+07  0.000000E+00  0.000000E+00  0.219762E+07  0.721200E+07
  0.409476E-01  0.717293E+07  0.712211E+07  0.000000E+00  0.000000E+00  0.215308E+07  0.713357E+07
  0.413903E-01  0.709516E+07  0.704470E+07  0.000000E+00  0.000000E+00  0.210936E+07  0.705606E+07
  0.418377E-01  0.701832E+07  0.696825E+07  0.000000E+00  0.000000E+00  0.206647E+07  0.697950E+07
  0.422900E-01  0.694244E+07  0.689280E+07  0.000000E+00  0.000000E+00  0.202438E+07  0.690389E+07
  0.427472E-01  0.686753E+07  0.681835E+07  0.000000E+00  0.000000E+00  0.198310E+07  0.682927E+07
  0.432093E-01  0.679362E+07  0.674492E+07  0.000000E+00  0.000000E+00  0.194262E+07  0.675564E+07
  0.436765E-01  0.672071E+07  0.667252E+07  0.000000E+00  0.000000E+00  0.190292E+07  0.668302E+07
  0.441486E-01  0.664882E+07  0.660118E+07  0.000000E+00  0.000000E+00  0.186402E+07  0.661142E+07
  0.446259E-01  0.657798E+07  0.653091E+07  0.000000E+00  0.000000E+00  0.182590E+07  0.654087E+07
  0.451083E-01  0.650819E+07  0.646172E+07  0.000000E+00  0.000000E+00  0.178856E+07  0.647138E+07
  0.455960E-01  0.643947E+07  0.639362E+07  0.000000E+00  0.000000E+00  0.175199E+07  0.640296E+07
  0.460889E-01  0.637183E+07  0.632664E+07  0.000000E+00  0.000000E+00  0.171618E+07  0.633562E+07
  0.465872E-01  0.630528E+07  0.626076E+07  0.000000E+00  0.000000E+00  0.168112E+07  0.626937E+07
  0.470908E-01  0.623981E+07  0.619600E+07  0.000000E+00  0.000000E+00  0.164680E+07  0.620420E+07
  0.475999E-01  0.617543E+07  0.613235E+07  0.000000E+00  0.000000E+00  0.161321E+07  0.614013E+07
  0.481145E-01  0.611214E+07  0.606981E+07  0.000000E+00  0.000000E+00  0.158034E+07  0.607715E+07
  0.486346E-01  0.604993E+07  0.600838E+07  0.000000E+00  0.000000E+00  0.154818E+07  0.601525E+07
  0.491604E-01  0.598880E+07  0.594804E+07  0.000000E+00  0.000000E+00  0.151672E+07  0.595443E+07
  0.496919E-01  0.592874E+07  0.588880E+07  0.000000E+00  0.000000E+00  0.148594E+07  0.589468E+07
  0.502291E-01  0.586975E+07  0.583064E+07  0.000000E+00  0.000000E+00  0.145584E+07  0.583599E+07
  0.507721E-01  0.581180E+07  0.577355E+07  0.000000E+00  0.000000E+00  0.142638E+07  0.577836E+07
  0.513210E-01  0.575490E+07  0.571751E+07  0.000000E+00  0.000000E+00  0.139756E+07  0.572176E+07
  0.518758E-01  0.569900E+07  0.566249E+07  0.000000E+00  0.000000E+00  0.136936E+07  0.566618E+07
  0.524366E-01  0.564410E+07  0.560849E+07  0.000000E+00  0.000000E+00  0.134178E+07  0.561158E+07
  0.530035E-01  0.559016E+07  0.555545E+07  0.000000E+00  0.000000E+00  0.131479E+07  0.555795E+07
  0.535765E-01  0.553715E+07  0.550336E+07  0.000000E+00  0.000000E+00  0.128840E+07  0.550526E+07
  0.541557E-01  0.548505E+07  0.545218E+07  0.000000E+00  0.000000E+00  0.126256E+07  0.545346E+07
  0.547411E-01  0.543382E+07  0.540187E+07  0.000000E+00  0.000000E+00  0.123727E+07  0.540253E+07
  0.553329E-01  0.538342E+07  0.535240E+07  0.000000E+00  0.000000E+00  0.121250E+07  0.535244E+07
  0.559311E-01  0.533384E+07  0.530375E+07  0.000000E+00  0.000000E+00  0.118824E+07  0.530316E+07
  0.565358E-01  0.528502E+07  0.525586E+07  0.000000E+00  0.000000E+00  0.116448E+07  0.525464E+07
  0.571470E-01  0.523694E+07  0.520870E+07  0.000000E+00  0.000000E+00  0.114121E+07  0.520686E+07
  0.577648E-01  0.518954E+07  0.516221E+07  0.000000E+00  0.000000E+00  0.111842E+07  0.515976E+07
  0.583892E-01  0.514278E+07  0.511635E+07  0.000000E+00  0.000000E+00  0.109606E+07  0.511328E+07
  0.590205E-01  0.509659E+07  0.507106E+07  0.000000E+00  0.000000E+00  0.107413E+07  0.506739E+07
  0.596585E-01  0.505092E+07  0.502627E+07  0.000000E+00  0.000000E+00  0.105260E+07  0.502201E+07
  0.603035E-01  0.500572E+07  0.498193E+07  0.000000E+00  0.000000E+00  0.103147E+07  0.497709E+07
  0.609554E-01  0.496094E+07  0.493799E+07  0.000000E+00  0.000000E+00  0.101073E+07  0.493258E+07
  0.616144E-01  0.491651E+07  0.489438E+07  0.000000E+00  0.000000E+00  0.990342E+06  0.488843E+07
  0.622805E-01  0.487239E+07  0.485106E+07  0.000000E+00  0.000000E+00  0.970301E+06  0.484459E+07
  0.632480E-01  0.480956E+07  0.478934E+07  0.000000E+00  0.000000E+00  0.942138E+06  0.478215E+07
  0.642155E-01  0.474804E+07  0.472884E+07  0.000000E+00  0.000000E+00  0.915035E+06  0.472101E+07
  0.651831E-01  0.468762E+07  0.466935E+07  0.000000E+00  0.000000E+00  0.888906E+06  0.466094E+07
  0.661506E-01  0.462808E+07  0.461068E+07  0.000000E+00  0.000000E+00  0.863665E+06  0.460175E+07
  0.671182E-01  0.456927E+07  0.455264E+07  0.000000E+00  0.000000E+00  0.839256E+06  0.454328E+07
  0.680857E-01  0.451105E+07  0.449512E+07  0.000000E+00  0.000000E+00  0.815628E+06  0.448538E+07
  0.690532E-01  0.445329E+07  0.443796E+07  0.000000E+00  0.000000E+00  0.792722E+06  0.442793E+07
  0.700208E-01  0.439588E+07  0.438109E+07  0.000000E+00  0.000000E+00  0.770495E+06  0.437082E+07
  0.709883E-01  0.433873E+07  0.432439E+07  0.000000E+00  0.000000E+00  0.748911E+06  0.431397E+07
  0.719559E-01  0.428177E+07  0.426779E+07  0.000000E+00  0.000000E+00  0.727928E+06  0.425729E+07
  0.729234E-01  0.422492E+07  0.421123E+07  0.000000E+00  0.000000E+00  0.707516E+06  0.420072E+07
  0.738910E-01  0.416816E+07  0.415468E+07  0.000000E+00  0.000000E+00  0.687655E+06  0.414421E+07
  0.748585E-01  0.411144E+07  0.409812E+07  0.000000E+00  0.000000E+00  0.668319E+06  0.408776E+07
  0.758260E-01  0.405478E+07  0.404153E+07  0.000000E+00  0.000000E+00  0.649487E+06  0.403134E+07
  0.767936E-01  0.399815E+07  0.398493E+07  0.000000E+00  0.000000E+00  0.631145E+06  0.397496E+07
  0.777611E-01  0.394159E+07  0.392832E+07  0.000000E+00  0.000000E+00  0.613276E+06  0.391864E+07
  0.787287E-01  0.388512E+07  0.387176E+07  0.000000E+00  0.000000E+00  0.595874E+06  0.386240E+07
  0.796962E-01  0.382877E+07  0.381527E+07  0.000000E+00  0.000000E+00  0.578930E+06  0.380627E+07
  0.806637E-01  0.377258E+07  0.375889E+07  0.000000E+00  0.000000E+00  0.562432E+06  0.375030E+07
  0.816313E-01  0.371660E+07  0.370270E+07  0.000000E+00  0.000000E+00  0.546374E+06  0.369454E+07
  0.825988E-01  0.366089E+07  0.364674E+07  0.000000E+00  0.000000E+00  0.530748E+06  0.363905E+07
  0.835664E-01  0.360553E+07  0.359111E+07  0.000000E+00  0.000000E+00  0.515554E+06  0.358390E+07
  0.845339E-01  0.355059E+07  0.353587E+07  0.000000E+00  0.000000E+00  0.500791E+06  0.352916E+07
  0.855014E-01  0.349614E+07  0.348111E+07  0.000000E+00  0.000000E+00  0.486453E+06  0.347491E+07
  0.864690E-01  0.344225E+07  0.342691E+07  0.000000E+00  0.000000E+00  0.472535E+06  0.342123E+07
  0.874365E-01  0.338900E+07  0.337334E+07  0.000000E+00  0.000000E+00  0.459032E+06  0.336818E+07
  0.884041E-01  0.333647E+07  0.332050E+07  0.000000E+00  0.000000E+00  0.445946E+06  0.331585E+07
  0.893716E-01  0.328474E+07  0.326846E+07  0.000000E+00  0.000000E+00  0.433277E+06  0.326432E+07
  0.903392E-01  0.323389E+07  0.321730E+07  0.000000E+00  0.000000E+00  0.421018E+06  0.321366E+07
  0.913067E-01  0.318398E+07  0.316711E+07  0.000000E+00  0.000000E+00  0.409163E+06  0.316395E+07
  0.922742E-01  0.313508E+07  0.311795E+07  0.000000E+00  0.000000E+00  0.397708E+06  0.311525E+07
  0.932418E-01  0.308725E+07  0.306988E+07  0.000000E+00  0.000000E+00  0.386650E+06  0.306761E+07
  0.942093E-01  0.304055E+07  0.302296E+07  0.000000E+00  0.000000E+00  0.375985E+06  0.302110E+07
  0.951769E-01  0.299503E+07  0.297725E+07  0.000000E+00  0.000000E+00  0.365705E+06  0.297577E+07
  0.961444E-01  0.295074E+07  0.293281E+07  0.000000E+00  0.000000E+00  0.355803E+06  0.293168E+07
  0.971119E-01  0.290774E+07  0.288969E+07  0.000000E+00  0.000000E+00  0.346275E+06  0.288887E+07
  0.980795E-01  0.286605E+07  0.284791E+07  0.000000E+00  0.000000E+00  0.337113E+06  0.284737E+07
  0.990470E-01  0.282569E+07  0.280750E+07  0.000000E+00  0.000000E+00  0.328307E+06  0.280720E+07
  0.100015E+00  0.278669E+07  0.276848E+07  0.000000E+00  0.000000E+00  0.319847E+06  0.276838E+07
  0.100982E+00  0.274905E+07  0.273086E+07  0.000000E+00  0.000000E+00  0.311724E+06  0.273093E+07
  0.101950E+00  0.271278E+07  0.269466E+07  0.000000E+00  0.000000E+00  0.303932E+06  0.269486E+07
  0.102917E+00  0.267788E+07  0.265986E+07  0.000000E+00  0.000000E+00  0.296458E+06  0.266015E+07
  0.103885E+00  0.264435E+07  0.262646E+07  0.000000E+00  0.000000E+00  0.289290E+06  0.262679E+07
  0.104852E+00  0.261215E+07  0.259443E+07  0.000000E+00  0.000000E+00  0.282416E+06  0.259478E+07
  0.105820E+00  0.258127E+07  0.256375E+07  0.000000E+00  0.000000E+00  0.275827E+06  0.256409E+07
  0.106787E+00  0.255169E+07  0.253441E+07  0.000000E+00  0.000000E+00  0.269511E+06  0.253469E+07
  0.107755E+00  0.252336E+07  0.250635E+07  0.000000E+00  0.000000E+00  0.263455E+06  0.250654E+07
  0.108722E+00  0.249624E+07  0.247953E+07  0.000000E+00  0.000000E+00  0.257648E+06  0.247961E+07
  0.109690E+00  0.247029E+07  0.245390E+07  0.000000E+00  0.000000E+00  0.252077E+06  0.245383E+07
  0.110658E+00  0.244545E+07  0.242940E+07  0.000000E+00  0.000000E+00  0.246730E+06  0.242917E+07
  0.111625E+00  0.242167E+07  0.240598E+07  0.000000E+00  0.000000E+00  0.241592E+06  0.240555E+07
  0.112593E+00  0.239888E+07  0.238359E+07  0.000000E+00  0.000000E+00  0.236655E+06  0.238294E+07
  0.113560E+00  0.237704E+07  0.236214E+07  0.000000E+00  0.000000E+00  0.231907E+06  0.236127E+07
  0.114528E+00  0.235607E+07  0.234159E+07  0.000000E+00  0.000000E+00  0.227336E+06  0.234047E+07
  0.115495E+00  0.233591E+07  0.232185E+07  0.000000E+00  0.000000E+00  0.222928E+06  0.232047E+07
  0.116463E+00  0.231649E+07  0.230286E+07  0.000000E+00  0.000000E+00  0.218672E+06  0.230121E+07
  0.117430E+00  0.229772E+07  0.228453E+07  0.000000E+00  0.000000E+00  0.214560E+06  0.228260E+07
  0.118398E+00  0.227956E+07  0.226680E+07  0.000000E+00  0.000000E+00  0.210581E+06  0.226460E+07
  0.119365E+00  0.226194E+07  0.224961E+07  0.000000E+00  0.000000E+00  0.206724E+06  0.224713E+07
  0.120333E+00  0.224479E+07  0.223289E+07  0.000000E+00  0.000000E+00  0.202982E+06  0.223013E+07
  0.121300E+00  0.222804E+07  0.221655E+07  0.000000E+00  0.000000E+00  0.199343E+06  0.221352E+07
  0.122268E+00  0.221162E+07  0.220054E+07  0.000000E+00  0.000000E+00  0.195799E+06  0.219724E+07
  0.123236E+00  0.219546E+07  0.218478E+07  0.000000E+00  0.000000E+00  0.192342E+06  0.218123E+07
  0.124203E+00  0.217951E+07  0.216921E+07  0.000000E+00  0.000000E+00  0.188967E+06  0.216541E+07
  0.125171E+00  0.216371E+07  0.215378E+07  0.000000E+00  0.000000E+00  0.185664E+06  0.214975E+07
  0.126138E+00  0.214801E+07  0.213843E+07  0.000000E+00  0.000000E+00  0.182428E+06  0.213419E+07
  0.127106E+00  0.213237E+07  0.212311E+07  0.000000E+00  0.000000E+00  0.179253E+06  0.211867E+07
  0.128073E+00  0.211673E+07  0.210778E+07  0.000000E+00  0.000000E+00  0.176134E+06  0.210316E+07
  0.129041E+00  0.210107E+07  0.209240E+07  0.000000E+00  0.000000E+00  0.173068E+06  0.208762E+07
  0.130008E+00  0.208533E+07  0.207693E+07  0.000000E+00  0.000000E+00  0.170050E+06  0.207201E+07
  0.130976E+00  0.206951E+07  0.206134E+07  0.000000E+00  0.000000E+00  0.167076E+06  0.205630E+07
  0.131943E+00  0.205356E+07  0.204560E+07  0.000000E+00  0.000000E+00  0.164142E+06  0.204046E+07
  0.132911E+00  0.203746E+07  0.202969E+07  0.000000E+00  0.000000E+00  0.161248E+06  0.202448E+07
  0.133879E+00  0.202120E+07  0.201359E+07  0.000000E+00  0.000000E+00  0.158390E+06  0.200832E+07
  0.134846E+00  0.200476E+07  0.199730E+07  0.000000E+00  0.000000E+00  0.155567E+06  0.199200E+07
  0.135814E+00  0.198815E+07  0.198079E+07  0.000000E+00  0.000000E+00  0.152777E+06  0.197548E+07
  0.136781E+00  0.197134E+07  0.196408E+07  0.000000E+00  0.000000E+00  0.150021E+06  0.195878E+07
  0.137749E+00  0.195434E+07  0.194714E+07  0.000000E+00  0.000000E+00  0.147296E+06  0.194188E+07
  0.138716E+00  0.193715E+07  0.193000E+07  0.000000E+00  0.000000E+00  0.144602E+06  0.192478E+07
  0.139684E+00  0.191978E+07  0.191265E+07  0.000000E+00  0.000000E+00  0.141940E+06  0.190751E+07
  0.140651E+00  0.190223E+07  0.189511E+07  0.000000E+00  0.000000E+00  0.139309E+06  0.189006E+07
  0.141619E+00  0.188454E+07  0.187740E+07  0.000000E+00  0.000000E+00  0.136711E+06  0.187246E+07
  0.142586E+00  0.186670E+07  0.185953E+07  0.000000E+00  0.000000E+00  0.134146E+06  0.185471E+07
  0.143554E+00  0.184875E+07  0.184154E+07  0.000000E+00  0.000000E+00  0.131615E+06  0.183685E+07
  0.144521E+00  0.183070E+07  0.182343E+07  0.000000E+00  0.000000E+00  0.129118E+06  0.181889E+07
  0.145489E+00  0.181259E+07  0.180525E+07  0.000000E+00  0.000000E+00  0.126658E+06  0.180087E+07
  0.146457E+00  0.179445E+07  0.178701E+07  0.000000E+00  0.000000E+00  0.124236E+06  0.178281E+07
  0.147424E+00  0.177629E+07  0.176877E+07  0.000000E+00  0.000000E+00  0.121853E+06  0.176474E+07
  0.148392E+00  0.175816E+07  0.175054E+07  0.000000E+00  0.000000E+00  0.119509E+06  0.174669E+07
  0.149359E+00  0.174008E+07  0.173235E+07  0.000000E+00  0.000000E+00  0.117206E+06  0.172869E+07
  0.150327E+00  0.172208E+07  0.171424E+07  0.000000E+00  0.000000E+00  0.114946E+06  0.171077E+07
  0.151294E+00  0.170419E+07  0.169624E+07  0.000000E+00  0.000000E+00  0.112730E+06  0.169296E+07
  0.152262E+00  0.168644E+07  0.167838E+07  0.000000E+00  0.000000E+00  0.110558E+06  0.167530E+07
  0.153229E+00  0.166886E+07  0.166070E+07  0.000000E+00  0.000000E+00  0.108431E+06  0.165780E+07
  0.154197E+00  0.165149E+07  0.164322E+07  0.000000E+00  0.000000E+00  0.106352E+06  0.164051E+07
  0.155164E+00  0.163434E+07  0.162597E+07  0.000000E+00  0.000000E+00  0.104319E+06  0.162344E+07
  0.156132E+00  0.161745E+07  0.160897E+07  0.000000E+00  0.000000E+00  0.102335E+06  0.160662E+07
  0.157100E+00  0.160083E+07  0.159227E+07  0.000000E+00  0.000000E+00  0.100398E+06  0.159008E+07
  0.158067E+00  0.158451E+07  0.157587E+07  0.000000E+00  0.000000E+00  0.985112E+05  0.157384E+07
  0.159035E+00  0.156852E+07  0.155980E+07  0.000000E+00  0.000000E+00  0.966732E+05  0.155793E+07
  0.160002E+00  0.155287E+07  0.154409E+07  0.000000E+00  0.000000E+00  0.948842E+05  0.154236E+07
  0.160970E+00  0.153759E+07  0.152876E+07  0.000000E+00  0.000000E+00  0.931444E+05  0.152715E+07
  0.161937E+00  0.152268E+07  0.151381E+07  0.000000E+00  0.000000E+00  0.914545E+05  0.151232E+07
  0.162905E+00  0.150817E+07  0.149927E+07  0.000000E+00  0.000000E+00  0.898137E+05  0.149788E+07
  0.163872E+00  0.149406E+07  0.148514E+07  0.000000E+00  0.000000E+00  0.882214E+05  0.148385E+07
  0.164840E+00  0.148036E+07  0.147144E+07  0.000000E+00  0.000000E+00  0.866769E+05  0.147023E+07
  0.165807E+00  0.146707E+07  0.145816E+07  0.000000E+00  0.000000E+00  0.851795E+05  0.145702E+07
  0.166775E+00  0.145420E+07  0.144532E+07  0.000000E+00  0.000000E+00  0.837286E+05  0.144423E+07
  0.167742E+00  0.144176E+07  0.143290E+07  0.000000E+00  0.000000E+00  0.823230E+05  0.143185E+07
  0.168710E+00  0.142972E+07  0.142092E+07  0.000000E+00  0.000000E+00  0.809617E+05  0.141989E+07
  0.169678E+00  0.141810E+07  0.140935E+07  0.000000E+00  0.000000E+00  0.796435E+05  0.140834E+07
  0.170645E+00  0.140688E+07  0.139820E+07  0.000000E+00  0.000000E+00  0.783665E+05  0.139720E+07
  0.171613E+00  0.139605E+07  0.138746E+07  0.000000E+00  0.000000E+00  0.771298E+05  0.138644E+07
  0.172580E+00  0.138560E+07  0.137711E+07  0.000000E+00  0.000000E+00  0.759319E+05  0.137607E+07
  0.173548E+00  0.137553E+07  0.136713E+07  0.000000E+00  0.000000E+00  0.747711E+05  0.136606E+07
  0.174515E+00  0.136580E+07  0.135752E+07  0.000000E+00  0.000000E+00  0.736457E+05  0.135641E+07
  0.175483E+00  0.135642E+07  0.134825E+07  0.000000E+00  0.000000E+00  0.725543E+05  0.134709E+07
  0.176450E+00  0.134735E+07  0.133932E+07  0.000000E+00  0.000000E+00  0.714955E+05  0.133810E+07
  0.177418E+00  0.133860E+07  0.133070E+07  0.000000E+00  0.000000E+00  0.704675E+05  0.132941E+07
  0.178385E+00  0.133012E+07  0.132237E+07  0.000000E+00  0.000000E+00  0.694684E+05  0.132101E+07
  0.179353E+00  0.132192E+07  0.131430E+07  0.000000E+00  0.000000E+00  0.684966E+05  0.131287E+07
  0.180321E+00  0.131395E+07  0.130649E+07  0.000000E+00  0.000000E+00  0.675508E+05  0.130497E+07
  0.181288E+00  0.130621E+07  0.129890E+07  0.000000E+00  0.000000E+00  0.666292E+05  0.129729E+07
  0.182256E+00  0.129867E+07  0.129151E+07  0.000000E+00  0.000000E+00  0.657302E+05  0.128982E+07
  0.183223E+00  0.129130E+07  0.128430E+07  0.000000E+00  0.000000E+00  0.648521E+05  0.128252E+07
  0.184191E+00  0.128409E+07  0.127724E+07  0.000000E+00  0.000000E+00  0.639933E+05  0.127537E+07
  0.185158E+00  0.127702E+07  0.127032E+07  0.000000E+00  0.000000E+00  0.631527E+05  0.126836E+07
  0.186126E+00  0.127005E+07  0.126351E+07  0.000000E+00  0.000000E+00  0.623289E+05  0.126146E+07
  0.187093E+00  0.126318E+07  0.125678E+07  0.000000E+00  0.000000E+00  0.615201E+05  0.125464E+07
  0.188061E+00  0.125638E+07  0.125013E+07  0.000000E+00  0.000000E+00  0.607250E+05  0.124790E+07
  0.189028E+00  0.124962E+07  0.124351E+07  0.000000E+00  0.000000E+00  0.599428E+05  0.124121E+07
  0.189996E+00  0.124291E+07  0.123693E+07  0.000000E+00  0.000000E+00  0.591726E+05  0.123455E+07
  0.190963E+00  0.123621E+07  0.123036E+07  0.000000E+00  0.000000E+00  0.584131E+05  0.122791E+07
  0.191931E+00  0.122950E+07  0.122378E+07  0.000000E+00  0.000000E+00  0.576633E+05  0.122126E+07
  0.192899E+00  0.122279E+07  0.121719E+07  0.000000E+00  0.000000E+00  0.569224E+05  0.121460E+07
  0.193866E+00  0.121605E+07  0.121056E+07  0.000000E+00  0.000000E+00  0.561898E+05  0.120792E+07
  0.194834E+00  0.120928E+07  0.120389E+07  0.000000E+00  0.000000E+00  0.554647E+05  0.120120E+07
  0.195801E+00  0.120246E+07  0.119716E+07  0.000000E+00  0.000000E+00  0.547467E+05  0.119443E+07
  0.196769E+00  0.119558E+07  0.119037E+07  0.000000E+00  0.000000E+00  0.540354E+05  0.118760E+07
  0.197736E+00  0.118864E+07  0.118351E+07  0.000000E+00  0.000000E+00  0.533302E+05  0.118072E+07
  0.198704E+00  0.118163E+07  0.117657E+07  0.000000E+00  0.000000E+00  0.526308E+05  0.117376E+07
  0.199671E+00  0.117455E+07  0.116955E+07  0.000000E+00  0.000000E+00  0.519368E+05  0.116673E+07
  0.200639E+00  0.116739E+07  0.116245E+07  0.000000E+00  0.000000E+00  0.512481E+05  0.115962E+07
  0.201606E+00  0.116016E+07  0.115526E+07  0.000000E+00  0.000000E+00  0.505647E+05  0.115243E+07
  0.202574E+00  0.115285E+07  0.114799E+07  0.000000E+00  0.000000E+00  0.498867E+05  0.114517E+07
  0.203541E+00  0.114546E+07  0.114063E+07  0.000000E+00  0.000000E+00  0.492136E+05  0.113783E+07
  0.204509E+00  0.113800E+07  0.113319E+07  0.000000E+00  0.000000E+00  0.485455E+05  0.113042E+07
  0.205477E+00  0.113047E+07  0.112568E+07  0.000000E+00  0.000000E+00  0.478828E+05  0.112293E+07
  0.206444E+00  0.112287E+07  0.111809E+07  0.000000E+00  0.000000E+00  0.472256E+05  0.111538E+07
  0.207412E+00  0.111522E+07  0.111044E+07  0.000000E+00  0.000000E+00  0.465739E+05  0.110777E+07
  0.208379E+00  0.110751E+07  0.110273E+07  0.000000E+00  0.000000E+00  0.459281E+05  0.110011E+07
  0.209347E+00  0.109976E+07  0.109498E+07  0.000000E+00  0.000000E+00  0.452884E+05  0.109240E+07
  0.210314E+00  0.109198E+07  0.108718E+07  0.000000E+00  0.000000E+00  0.446552E+05  0.108466E+07
  0.211282E+00  0.108417E+07  0.107936E+07  0.000000E+00  0.000000E+00  0.440288E+05  0.107690E+07
  0.212249E+00  0.107635E+07  0.107151E+07  0.000000E+00  0.000000E+00  0.434092E+05  0.106912E+07
  0.213217E+00  0.106852E+07  0.106366E+07  0.000000E+00  0.000000E+00  0.427970E+05  0.106133E+07
  0.214184E+00  0.106070E+07  0.105582E+07  0.000000E+00  0.000000E+00  0.421925E+05  0.105355E+07
  0.215152E+00  0.105290E+07  0.104799E+07  0.000000E+00  0.000000E+00  0.415959E+05  0.104579E+07
  0.216120E+00  0.104512E+07  0.104018E+07  0.000000E+00  0.000000E+00  0.410075E+05  0.103805E+07
  0.217087E+00  0.103738E+07  0.103241E+07  0.000000E+00  0.000000E+00  0.404277E+05  0.103035E+07
  0.218055E+00  0.102969E+07  0.102469E+07  0.000000E+00  0.000000E+00  0.398567E+05  0.102270E+07
  0.219022E+00  0.102206E+07  0.101703E+07  0.000000E+00  0.000000E+00  0.392947E+05  0.101511E+07
  0.219990E+00  0.101449E+07  0.100944E+07  0.000000E+00  0.000000E+00  0.387420E+05  0.100758E+07
  0.220957E+00  0.100700E+07  0.100192E+07  0.000000E+00  0.000000E+00  0.381989E+05  0.100013E+07
  0.221925E+00  0.999601E+06  0.994496E+06  0.000000E+00  0.000000E+00  0.376654E+05  0.992771E+06
  0.222892E+00  0.992295E+06  0.987168E+06  0.000000E+00  0.000000E+00  0.371416E+05  0.985504E+06
  0.223860E+00  0.985094E+06  0.979946E+06  0.000000E+00  0.000000E+00  0.366280E+05  0.978342E+06
  0.224827E+00  0.978005E+06  0.972840E+06  0.000000E+00  0.000000E+00  0.361247E+05  0.971292E+06
  0.225795E+00  0.971035E+06  0.965856E+06  0.000000E+00  0.000000E+00  0.356316E+05  0.964360E+06
  0.226762E+00  0.964190E+06  0.959001E+06  0.000000E+00  0.000000E+00  0.351486E+05  0.957554E+06
  0.227730E+00  0.957477E+06  0.952281E+06  0.000000E+00  0.000000E+00  0.346759E+05  0.950879E+06
  0.228698E+00  0.950898E+06  0.945700E+06  0.000000E+00  0.000000E+00  0.342138E+05  0.944338E+06
  0.229665E+00  0.944459E+06  0.939261E+06  0.000000E+00  0.000000E+00  0.337619E+05  0.937937E+06
  0.230633E+00  0.938161E+06  0.932968E+06  0.000000E+00  0.000000E+00  0.333203E+05  0.931676E+06
  0.231600E+00  0.932007E+06  0.926824E+06  0.000000E+00  0.000000E+00  0.328887E+05  0.925560E+06
  0.232568E+00  0.925998E+06  0.920828E+06  0.000000E+00  0.000000E+00  0.324671E+05  0.919588E+06
  0.235528E+00  0.908506E+06  0.903403E+06  0.000000E+00  0.000000E+00  0.312371E+05  0.902208E+06
  0.238527E+00  0.892126E+06  0.887128E+06  0.000000E+00  0.000000E+00  0.300789E+05  0.885940E+06
  0.241563E+00  0.876804E+06  0.871945E+06  0.000000E+00  0.000000E+00  0.289877E+05  0.870729E+06
  0.244639E+00  0.862430E+06  0.857737E+06  0.000000E+00  0.000000E+00  0.279571E+05  0.856464E+06
  0.247753E+00  0.848836E+06  0.844327E+06  0.000000E+00  0.000000E+00  0.269794E+05  0.842978E+06
  0.250907E+00  0.835814E+06  0.831497E+06  0.000000E+00  0.000000E+00  0.260459E+05  0.830062E+06
  0.254101E+00  0.823135E+06  0.819007E+06  0.000000E+00  0.000000E+00  0.251479E+05  0.817485E+06
  0.257336E+00  0.810573E+06  0.806622E+06  0.000000E+00  0.000000E+00  0.242775E+05  0.805024E+06
  0.260612E+00  0.797931E+06  0.794136E+06  0.000000E+00  0.000000E+00  0.234280E+05  0.792480E+06
  0.263930E+00  0.785049E+06  0.781384E+06  0.000000E+00  0.000000E+00  0.225947E+05  0.779695E+06
  0.267290E+00  0.771814E+06  0.768248E+06  0.000000E+00  0.000000E+00  0.217739E+05  0.766553E+06
  0.270693E+00  0.758171E+06  0.754673E+06  0.000000E+00  0.000000E+00  0.209645E+05  0.753001E+06
  0.274139E+00  0.744138E+06  0.740680E+06  0.000000E+00  0.000000E+00  0.201670E+05  0.739057E+06
  0.277629E+00  0.729799E+06  0.726357E+06  0.000000E+00  0.000000E+00  0.193839E+05  0.724805E+06
  0.281163E+00  0.715284E+06  0.711842E+06  0.000000E+00  0.000000E+00  0.186185E+05  0.710377E+06
  0.284742E+00  0.700754E+06  0.697304E+06  0.000000E+00  0.000000E+00  0.178747E+05  0.695932E+06
  0.288367E+00  0.686384E+06  0.682927E+06  0.000000E+00  0.000000E+00  0.171565E+05  0.681647E+06
  0.292038E+00  0.672355E+06  0.668899E+06  0.000000E+00  0.000000E+00  0.164677E+05  0.667702E+06
  0.295756E+00  0.658822E+06  0.655381E+06  0.000000E+00  0.000000E+00  0.158108E+05  0.654252E+06
  0.299521E+00  0.645890E+06  0.642484E+06  0.000000E+00  0.000000E+00  0.151874E+05  0.641403E+06
  0.303334E+00  0.633611E+06  0.630260E+06  0.000000E+00  0.000000E+00  0.145971E+05  0.629205E+06
  0.307196E+00  0.621980E+06  0.618704E+06  0.000000E+00  0.000000E+00  0.140387E+05  0.617656E+06
  0.311107E+00  0.610945E+06  0.607758E+06  0.000000E+00  0.000000E+00  0.135095E+05  0.606701E+06
  0.315067E+00  0.600399E+06  0.597311E+06  0.000000E+00  0.000000E+00  0.130062E+05  0.596233E+06
  0.319078E+00  0.590200E+06  0.587215E+06  0.000000E+00  0.000000E+00  0.125246E+05  0.586111E+06
  0.323141E+00  0.580201E+06  0.577315E+06  0.000000E+00  0.000000E+00  0.120609E+05  0.576187E+06
  0.327254E+00  0.570268E+06  0.567472E+06  0.000000E+00  0.000000E+00  0.116117E+05  0.566327E+06
  0.331420E+00  0.560289E+06  0.557571E+06  0.000000E+00  0.000000E+00  0.111745E+05  0.556421E+06
  0.335640E+00  0.550191E+06  0.547534E+06  0.000000E+00  0.000000E+00  0.107475E+05  0.546393E+06
  0.339912E+00  0.539953E+06  0.537342E+06  0.000000E+00  0.000000E+00  0.103302E+05  0.536224E+06
  0.344240E+00  0.529609E+06  0.527032E+06  0.000000E+00  0.000000E+00  0.992313E+04  0.525947E+06
  0.348622E+00  0.519222E+06  0.516668E+06  0.000000E+00  0.000000E+00  0.844450E+04  0.515620E+06
  0.353060E+00  0.508894E+06  0.506360E+06  0.000000E+00  0.000000E+00  0.809816E+04  0.505357E+06
  0.357555E+00  0.498730E+06  0.496218E+06  0.000000E+00  0.000000E+00  0.776508E+04  0.495259E+06
  0.362107E+00  0.488831E+06  0.486345E+06  0.000000E+00  0.000000E+00  0.744637E+04  0.485424E+06
  0.366717E+00  0.479266E+06  0.476814E+06  0.000000E+00  0.000000E+00  0.714253E+04  0.475922E+06
  0.371385E+00  0.470069E+06  0.467661E+06  0.000000E+00  0.000000E+00  0.685350E+04  0.466788E+06
  0.376113E+00  0.461241E+06  0.458885E+06  0.000000E+00  0.000000E+00  0.657869E+04  0.458022E+06
  0.380901E+00  0.452740E+06  0.450441E+06  0.000000E+00  0.000000E+00  0.631692E+04  0.449581E+06
  0.385750E+00  0.444492E+06  0.442254E+06  0.000000E+00  0.000000E+00  0.606667E+04  0.441393E+06
  0.390661E+00  0.436421E+06  0.434242E+06  0.000000E+00  0.000000E+00  0.582647E+04  0.433380E+06
  0.395634E+00  0.428449E+06  0.426325E+06  0.000000E+00  0.000000E+00  0.559495E+04  0.425465E+06
  0.400671E+00  0.420512E+06  0.418437E+06  0.000000E+00  0.000000E+00  0.537103E+04  0.417584E+06
  0.405772E+00  0.412582E+06  0.410548E+06  0.000000E+00  0.000000E+00  0.515411E+04  0.409709E+06
  0.410938E+00  0.404660E+06  0.402661E+06  0.000000E+00  0.000000E+00  0.494404E+04  0.401841E+06
  0.416169E+00  0.396772E+06  0.394803E+06  0.000000E+00  0.000000E+00  0.474095E+04  0.394006E+06
  0.421467E+00  0.388967E+06  0.387024E+06  0.000000E+00  0.000000E+00  0.454519E+04  0.386252E+06
  0.426833E+00  0.381300E+06  0.379385E+06  0.000000E+00  0.000000E+00  0.435720E+04  0.378637E+06
  0.432267E+00  0.373815E+06  0.371931E+06  0.000000E+00  0.000000E+00  0.417720E+04  0.371203E+06
  0.437770E+00  0.366543E+06  0.364692E+06  0.000000E+00  0.000000E+00  0.400522E+04  0.363980E+06
  0.443343E+00  0.359492E+06  0.357678E+06  0.000000E+00  0.000000E+00  0.384105E+04  0.356978E+06
  0.448987E+00  0.352642E+06  0.350868E+06  0.000000E+00  0.000000E+00  0.368417E+04  0.350176E+06
  0.454702E+00  0.345960E+06  0.344227E+06  0.000000E+00  0.000000E+00  0.353398E+04  0.343542E+06
  0.460491E+00  0.339410E+06  0.337715E+06  0.000000E+00  0.000000E+00  0.338984E+04  0.337038E+06
  0.466353E+00  0.332949E+06  0.331292E+06  0.000000E+00  0.000000E+00  0.325113E+04  0.330623E+06
  0.472290E+00  0.326557E+06  0.324934E+06  0.000000E+00  0.000000E+00  0.311749E+04  0.324275E+06
  0.478303E+00  0.320227E+06  0.318634E+06  0.000000E+00  0.000000E+00  0.298866E+04  0.317989E+06
  0.484392E+00  0.313965E+06  0.312400E+06  0.000000E+00  0.000000E+00  0.286457E+04  0.311769E+06
  0.490559E+00  0.307795E+06  0.306256E+06  0.000000E+00  0.000000E+00  0.274527E+04  0.305641E+06
  0.496804E+00  0.301738E+06  0.300226E+06  0.000000E+00  0.000000E+00  0.263078E+04  0.299626E+06
  0.503128E+00  0.295813E+06  0.294329E+06  0.000000E+00  0.000000E+00  0.252111E+04  0.293742E+06
  0.509533E+00  0.290032E+06  0.288577E+06  0.000000E+00  0.000000E+00  0.241616E+04  0.288001E+06
  0.516020E+00  0.284388E+06  0.282962E+06  0.000000E+00  0.000000E+00  0.231571E+04  0.282396E+06
  0.522589E+00  0.278870E+06  0.277474E+06  0.000000E+00  0.000000E+00  0.221950E+04  0.276917E+06
  0.529242E+00  0.273458E+06  0.272092E+06  0.000000E+00  0.000000E+00  0.212722E+04  0.271543E+06
  0.535980E+00  0.268136E+06  0.266798E+06  0.000000E+00  0.000000E+00  0.203859E+04  0.266258E+06
  0.542803E+00  0.262893E+06  0.261582E+06  0.000000E+00  0.000000E+00  0.195343E+04  0.261052E+06
  0.549713E+00  0.257727E+06  0.256440E+06  0.000000E+00  0.000000E+00  0.187157E+04  0.255921E+06
  0.556711E+00  0.252643E+06  0.251381E+06  0.000000E+00  0.000000E+00  0.179296E+04  0.250873E+06
  0.563799E+00  0.247649E+06  0.246411E+06  0.000000E+00  0.000000E+00  0.171752E+04  0.245913E+06
  0.570976E+00  0.242755E+06  0.241540E+06  0.000000E+00  0.000000E+00  0.164522E+04  0.241053E+06
  0.578245E+00  0.237963E+06  0.236772E+06  0.000000E+00  0.000000E+00  0.157596E+04  0.236295E+06
  0.585606E+00  0.233272E+06  0.232106E+06  0.000000E+00  0.000000E+00  0.150962E+04  0.231637E+06
  0.593061E+00  0.228677E+06  0.227534E+06  0.000000E+00  0.000000E+00  0.144605E+04  0.227073E+06
  0.600611E+00  0.224167E+06  0.223047E+06  0.000000E+00  0.000000E+00  0.138509E+04  0.222595E+06
  0.608257E+00  0.219738E+06  0.218640E+06  0.000000E+00  0.000000E+00  0.132660E+04  0.218197E+06
  0.616001E+00  0.215383E+06  0.214308E+06  0.000000E+00  0.000000E+00  0.127049E+04  0.213872E+06
  0.623843E+00  0.211105E+06  0.210051E+06  0.000000E+00  0.000000E+00  0.121665E+04  0.209624E+06
  0.631785E+00  0.206905E+06  0.205871E+06  0.000000E+00  0.000000E+00  0.116502E+04  0.205453E+06
  0.639828E+00  0.202785E+06  0.201772E+06  0.000000E+00  0.000000E+00  0.111555E+04  0.201362E+06
  0.647973E+00  0.198747E+06  0.197753E+06  0.000000E+00  0.000000E+00  0.106814E+04  0.197352E+06
  0.656222E+00  0.194789E+06  0.193816E+06  0.000000E+00  0.000000E+00  0.102272E+04  0.193422E+06
  0.664576E+00  0.190908E+06  0.189954E+06  0.000000E+00  0.000000E+00  0.979197E+03  0.189568E+06
  0.673037E+00  0.187101E+06  0.186166E+06  0.000000E+00  0.000000E+00  0.937485E+03  0.185787E+06
  0.681605E+00  0.183363E+06  0.182448E+06  0.000000E+00  0.000000E+00  0.897498E+03  0.182076E+06
  0.690282E+00  0.179695E+06  0.178797E+06  0.000000E+00  0.000000E+00  0.859169E+03  0.178433E+06
  0.699070E+00  0.176095E+06  0.175215E+06  0.000000E+00  0.000000E+00  0.822434E+03  0.174858E+06
  0.751022E+00  0.156969E+06  0.156185E+06  0.000000E+00  0.000000E+00  0.641563E+03  0.155866E+06
  0.806836E+00  0.139835E+06  0.139137E+06  0.000000E+00  0.000000E+00  0.499802E+03  0.138852E+06
  0.866797E+00  0.124498E+06  0.123876E+06  0.000000E+00  0.000000E+00  0.388870E+03  0.123622E+06
  0.931214E+00  0.110777E+06  0.110224E+06  0.000000E+00  0.000000E+00  0.302188E+03  0.109998E+06
  0.100042E+01  0.985141E+05  0.980223E+05  0.000000E+00  0.000000E+00  0.234555E+03  0.978209E+05
  0.107477E+01  0.875627E+05  0.871256E+05  0.000000E+00  0.000000E+00  0.181862E+03  0.869464E+05
  0.115464E+01  0.777875E+05  0.773993E+05  0.000000E+00  0.000000E+00  0.140857E+03  0.772399E+05
  0.124045E+01  0.690682E+05  0.687236E+05  0.000000E+00  0.000000E+00  0.108987E+03  0.685819E+05
  0.133263E+01  0.612974E+05  0.609915E+05  0.000000E+00  0.000000E+00  0.842492E+02  0.608657E+05
  0.143167E+01  0.543747E+05  0.541034E+05  0.000000E+00  0.000000E+00  0.650670E+02  0.539917E+05
  0.153807E+01  0.482118E+05  0.479712E+05  0.000000E+00  0.000000E+00  0.502089E+02  0.478721E+05
  0.165237E+01  0.427288E+05  0.425157E+05  0.000000E+00  0.000000E+00  0.530909E+02  0.424279E+05
  0.177517E+01  0.378530E+05  0.376641E+05  0.000000E+00  0.000000E+00  0.409831E+02  0.375863E+05
  0.190709E+01  0.335197E+05  0.333525E+05  0.000000E+00  0.000000E+00  0.316092E+02  0.332836E+05
  0.204882E+01  0.296705E+05  0.295225E+05  0.000000E+00  0.000000E+00  0.243591E+02  0.294615E+05
