  0.745045E-04  0.198012E+08  0.198012E+08  0.257037E+08  0.257027E+08  0.198005E+08  0.198012E+08
  0.832603E-04  0.198009E+08  0.198009E+08  0.255322E+08  0.255310E+08  0.198000E+08  0.198009E+08
  0.930449E-04  0.198005E+08  0.198005E+08  0.253196E+08  0.253180E+08  0.197992E+08  0.198005E+08
  0.103979E-03  0.198000E+08  0.198000E+08  0.250563E+08  0.250544E+08  0.197983E+08  0.198000E+08
  0.116199E-03  0.197994E+08  0.197994E+08  0.247310E+08  0.247287E+08  0.197971E+08  0.197994E+08
  0.129855E-03  0.197986E+08  0.197986E+08  0.243302E+08  0.243273E+08  0.197957E+08  0.197986E+08
  0.145115E-03  0.197976E+08  0.197976E+08  0.238380E+08  0.238345E+08  0.197939E+08  0.197976E+08
  0.162169E-03  0.197964E+08  0.197964E+08  0.232361E+08  0.232319E+08  0.197917E+08  0.197964E+08
  0.181227E-03  0.197949E+08  0.197949E+08  0.225040E+08  0.224990E+08  0.197889E+08  0.197949E+08
  0.202524E-03  0.197931E+08  0.197931E+08  0.216195E+08  0.216135E+08  0.197855E+08  0.197930E+08
  0.226325E-03  0.197908E+08  0.197908E+08  0.205598E+08  0.205528E+08  0.197811E+08  0.197907E+08
  0.252922E-03  0.197879E+08  0.197879E+08  0.193036E+08  0.192957E+08  0.197758E+08  0.197878E+08
  0.282645E-03  0.197843E+08  0.197843E+08  0.178346E+08  0.178257E+08  0.197691E+08  0.197842E+08
  0.315862E-03  0.197799E+08  0.197799E+08  0.161458E+08  0.161362E+08  0.197608E+08  0.197798E+08
  0.352982E-03  0.197745E+08  0.197745E+08  0.142465E+08  0.142366E+08  0.197506E+08  0.197744E+08
  0.394464E-03  0.197678E+08  0.197678E+08  0.121699E+08  0.121602E+08  0.197379E+08  0.197676E+08
  0.440821E-03  0.197596E+08  0.197596E+08  0.998083E+07  0.997231E+07  0.197222E+08  0.197593E+08
  0.492625E-03  0.197495E+08  0.197495E+08  0.778160E+07  0.777515E+07  0.197028E+08  0.197492E+08
  0.550518E-03  0.197372E+08  0.197372E+08  0.570923E+07  0.570576E+07  0.196790E+08  0.197369E+08
  0.615215E-03  0.197224E+08  0.197223E+08  0.391978E+07  0.391975E+07  0.196498E+08  0.197219E+08
  0.687514E-03  0.197044E+08  0.197043E+08  0.255305E+07  0.255605E+07  0.196141E+08  0.197038E+08
  0.768310E-03  0.196827E+08  0.196826E+08  0.168002E+07  0.168447E+07  0.195706E+08  0.196820E+08
  0.858601E-03  0.196568E+08  0.196567E+08  0.125097E+07  0.125441E+07  0.195178E+08  0.196559E+08
  0.959503E-03  0.196260E+08  0.196259E+08  0.108429E+07  0.108465E+07  0.194539E+08  0.196249E+08
  0.107226E-02  0.195894E+08  0.195893E+08  0.941432E+06  0.938860E+06  0.193770E+08  0.195880E+08
  0.119827E-02  0.195462E+08  0.195460E+08  0.682732E+06  0.680214E+06  0.192847E+08  0.195445E+08
  0.133909E-02  0.194953E+08  0.194951E+08  0.382985E+06  0.383555E+06  0.191751E+08  0.194933E+08
  0.149646E-02  0.194356E+08  0.194354E+08  0.224032E+06  0.226297E+06  0.190446E+08  0.194331E+08
  0.167233E-02  0.193658E+08  0.193655E+08  0.211342E+06  0.211011E+06  0.188905E+08  0.193628E+08
  0.186886E-02  0.192844E+08  0.192840E+08  0.158035E+06  0.156378E+06  0.187101E+08  0.192808E+08
  0.208848E-02  0.191899E+08  0.191894E+08  0.633742E+05  0.645969E+05  0.185007E+08  0.191855E+08
  0.233392E-02  0.190806E+08  0.190800E+08  0.620477E+05  0.617300E+05  0.182599E+08  0.190754E+08
  0.260820E-02  0.189548E+08  0.189540E+08  0.373188E+05  0.353304E+05  0.179857E+08  0.189485E+08
  0.291471E-02  0.188104E+08  0.188095E+08  0.192330E+05  0.164043E+05  0.176767E+08  0.188032E+08
  0.325725E-02  0.186458E+08  0.186446E+08  0.162617E+05  0.115128E+05  0.173319E+08  0.186373E+08
  0.364004E-02  0.184589E+08  0.184574E+08  0.473765E+04  0.540284E+04  0.169503E+08  0.184492E+08
  0.406781E-02  0.182478E+08  0.182460E+08 -0.279582E+04 -0.296869E+04  0.165308E+08  0.182367E+08
  0.454586E-02  0.180107E+08  0.180085E+08  0.261831E+03 -0.444384E+03  0.160713E+08  0.179982E+08
  0.508008E-02  0.177457E+08  0.177430E+08  0.000000E+00  0.000000E+00  0.155696E+08  0.177316E+08
  0.513684E-02  0.177176E+08  0.177148E+08  0.000000E+00  0.000000E+00  0.155171E+08  0.177033E+08
  0.519423E-02  0.176892E+08  0.176864E+08  0.000000E+00  0.000000E+00  0.154641E+08  0.176748E+08
  0.525227E-02  0.176605E+08  0.176576E+08  0.000000E+00  0.000000E+00  0.154106E+08  0.176459E+08
  0.531095E-02  0.176315E+08  0.176285E+08  0.000000E+00  0.000000E+00  0.153567E+08  0.176167E+08
  0.537029E-02  0.176022E+08  0.175992E+08  0.000000E+00  0.000000E+00  0.153024E+08  0.175873E+08
  0.543030E-02  0.175726E+08  0.175695E+08  0.000000E+00  0.000000E+00  0.152476E+08  0.175575E+08
  0.549097E-02  0.175426E+08  0.175395E+08  0.000000E+00  0.000000E+00  0.151923E+08  0.175274E+08
  0.555232E-02  0.175124E+08  0.175092E+08  0.000000E+00  0.000000E+00  0.151367E+08  0.174970E+08
  0.561436E-02  0.174819E+08  0.174786E+08  0.000000E+00  0.000000E+00  0.150805E+08  0.174663E+08
  0.567709E-02  0.174510E+08  0.174476E+08  0.000000E+00  0.000000E+00  0.150239E+08  0.174352E+08
  0.574052E-02  0.174198E+08  0.174164E+08  0.000000E+00  0.000000E+00  0.149669E+08  0.174039E+08
  0.580466E-02  0.173883E+08  0.173848E+08  0.000000E+00  0.000000E+00  0.149094E+08  0.173722E+08
  0.586951E-02  0.173565E+08  0.173530E+08  0.000000E+00  0.000000E+00  0.148515E+08  0.173402E+08
  0.593509E-02  0.173244E+08  0.173208E+08  0.000000E+00  0.000000E+00  0.147931E+08  0.173079E+08
  0.600141E-02  0.172920E+08  0.172882E+08  0.000000E+00  0.000000E+00  0.147343E+08  0.172753E+08
  0.606846E-02  0.172592E+08  0.172554E+08  0.000000E+00  0.000000E+00  0.146750E+08  0.172424E+08
  0.613626E-02  0.172261E+08  0.172222E+08  0.000000E+00  0.000000E+00  0.146153E+08  0.172091E+08
  0.620482E-02  0.171927E+08  0.171887E+08  0.000000E+00  0.000000E+00  0.145552E+08  0.171755E+08
  0.627415E-02  0.171589E+08  0.171549E+08  0.000000E+00  0.000000E+00  0.144946E+08  0.171415E+08
  0.634425E-02  0.171248E+08  0.171207E+08  0.000000E+00  0.000000E+00  0.144335E+08  0.171073E+08
  0.641514E-02  0.170904E+08  0.170862E+08  0.000000E+00  0.000000E+00  0.143720E+08  0.170727E+08
  0.648681E-02  0.170556E+08  0.170513E+08  0.000000E+00  0.000000E+00  0.143101E+08  0.170377E+08
  0.655929E-02  0.170205E+08  0.170162E+08  0.000000E+00  0.000000E+00  0.142477E+08  0.170024E+08
  0.663258E-02  0.169851E+08  0.169806E+08  0.000000E+00  0.000000E+00  0.141849E+08  0.169668E+08
  0.670669E-02  0.169493E+08  0.169448E+08  0.000000E+00  0.000000E+00  0.141217E+08  0.169309E+08
  0.678162E-02  0.169132E+08  0.169086E+08  0.000000E+00  0.000000E+00  0.140580E+08  0.168946E+08
  0.685739E-02  0.168768E+08  0.168720E+08  0.000000E+00  0.000000E+00  0.139939E+08  0.168579E+08
  0.693401E-02  0.168400E+08  0.168351E+08  0.000000E+00  0.000000E+00  0.139294E+08  0.168210E+08
  0.701148E-02  0.168028E+08  0.167979E+08  0.000000E+00  0.000000E+00  0.138644E+08  0.167836E+08
  0.708982E-02  0.167654E+08  0.167603E+08  0.000000E+00  0.000000E+00  0.137990E+08  0.167459E+08
  0.716904E-02  0.167275E+08  0.167223E+08  0.000000E+00  0.000000E+00  0.137331E+08  0.167079E+08
  0.724914E-02  0.166893E+08  0.166840E+08  0.000000E+00  0.000000E+00  0.136669E+08  0.166695E+08
  0.733013E-02  0.166508E+08  0.166454E+08  0.000000E+00  0.000000E+00  0.136002E+08  0.166308E+08
  0.741203E-02  0.166119E+08  0.166064E+08  0.000000E+00  0.000000E+00  0.135331E+08  0.165917E+08
  0.749485E-02  0.165726E+08  0.165670E+08  0.000000E+00  0.000000E+00  0.134655E+08  0.165522E+08
  0.757859E-02  0.165330E+08  0.165272E+08  0.000000E+00  0.000000E+00  0.133976E+08  0.165124E+08
  0.766327E-02  0.164930E+08  0.164871E+08  0.000000E+00  0.000000E+00  0.133292E+08  0.164722E+08
  0.774889E-02  0.164527E+08  0.164467E+08  0.000000E+00  0.000000E+00  0.132604E+08  0.164317E+08
  0.783547E-02  0.164119E+08  0.164058E+08  0.000000E+00  0.000000E+00  0.131912E+08  0.163908E+08
  0.792301E-02  0.163709E+08  0.163646E+08  0.000000E+00  0.000000E+00  0.131216E+08  0.163495E+08
  0.801154E-02  0.163294E+08  0.163231E+08  0.000000E+00  0.000000E+00  0.130517E+08  0.163079E+08
  0.810105E-02  0.162876E+08  0.162811E+08  0.000000E+00  0.000000E+00  0.129813E+08  0.162659E+08
  0.819156E-02  0.162455E+08  0.162388E+08  0.000000E+00  0.000000E+00  0.129105E+08  0.162235E+08
  0.828309E-02  0.162029E+08  0.161961E+08  0.000000E+00  0.000000E+00  0.128393E+08  0.161807E+08
  0.837564E-02  0.161600E+08  0.161531E+08  0.000000E+00  0.000000E+00  0.127678E+08  0.161376E+08
  0.846922E-02  0.161167E+08  0.161096E+08  0.000000E+00  0.000000E+00  0.126959E+08  0.160941E+08
  0.856385E-02  0.160730E+08  0.160658E+08  0.000000E+00  0.000000E+00  0.126236E+08  0.160502E+08
  0.865953E-02  0.160289E+08  0.160216E+08  0.000000E+00  0.000000E+00  0.125509E+08  0.160060E+08
  0.875628E-02  0.159845E+08  0.159770E+08  0.000000E+00  0.000000E+00  0.124780E+08  0.159613E+08
  0.885412E-02  0.159397E+08  0.159321E+08  0.000000E+00  0.000000E+00  0.124046E+08  0.159163E+08
  0.895305E-02  0.158945E+08  0.158867E+08  0.000000E+00  0.000000E+00  0.123309E+08  0.158709E+08
  0.905308E-02  0.158489E+08  0.158410E+08  0.000000E+00  0.000000E+00  0.122569E+08  0.158251E+08
  0.915423E-02  0.158029E+08  0.157948E+08  0.000000E+00  0.000000E+00  0.121826E+08  0.157789E+08
  0.925651E-02  0.157566E+08  0.157483E+08  0.000000E+00  0.000000E+00  0.121080E+08  0.157324E+08
  0.935993E-02  0.157098E+08  0.157014E+08  0.000000E+00  0.000000E+00  0.120330E+08  0.156854E+08
  0.946451E-02  0.156627E+08  0.156541E+08  0.000000E+00  0.000000E+00  0.119577E+08  0.156381E+08
  0.957026E-02  0.156151E+08  0.156064E+08  0.000000E+00  0.000000E+00  0.118821E+08  0.155903E+08
  0.967719E-02  0.155672E+08  0.155582E+08  0.000000E+00  0.000000E+00  0.118063E+08  0.155422E+08
  0.978531E-02  0.155189E+08  0.155097E+08  0.000000E+00  0.000000E+00  0.117301E+08  0.154936E+08
  0.989465E-02  0.154701E+08  0.154608E+08  0.000000E+00  0.000000E+00  0.116536E+08  0.154447E+08
  0.100052E-01  0.154210E+08  0.154115E+08  0.000000E+00  0.000000E+00  0.115768E+08  0.153954E+08
  0.101170E-01  0.153715E+08  0.153618E+08  0.000000E+00  0.000000E+00  0.114998E+08  0.153457E+08
  0.102300E-01  0.153215E+08  0.153117E+08  0.000000E+00  0.000000E+00  0.114224E+08  0.152955E+08
  0.103443E-01  0.152712E+08  0.152612E+08  0.000000E+00  0.000000E+00  0.113448E+08  0.152450E+08
  0.104599E-01  0.152205E+08  0.152102E+08  0.000000E+00  0.000000E+00  0.112669E+08  0.151940E+08
  0.105768E-01  0.151693E+08  0.151589E+08  0.000000E+00  0.000000E+00  0.111886E+08  0.151427E+08
  0.106949E-01  0.151178E+08  0.151071E+08  0.000000E+00  0.000000E+00  0.111101E+08  0.150909E+08
  0.108144E-01  0.150658E+08  0.150549E+08  0.000000E+00  0.000000E+00  0.110313E+08  0.150388E+08
  0.109353E-01  0.150134E+08  0.150023E+08  0.000000E+00  0.000000E+00  0.109523E+08  0.149862E+08
  0.110575E-01  0.149606E+08  0.149493E+08  0.000000E+00  0.000000E+00  0.108729E+08  0.149332E+08
  0.111810E-01  0.149074E+08  0.148959E+08  0.000000E+00  0.000000E+00  0.107933E+08  0.148798E+08
  0.113059E-01  0.148538E+08  0.148421E+08  0.000000E+00  0.000000E+00  0.107134E+08  0.148260E+08
  0.114322E-01  0.147998E+08  0.147878E+08  0.000000E+00  0.000000E+00  0.106332E+08  0.147717E+08
  0.115600E-01  0.147453E+08  0.147331E+08  0.000000E+00  0.000000E+00  0.105528E+08  0.147171E+08
  0.116891E-01  0.146904E+08  0.146780E+08  0.000000E+00  0.000000E+00  0.104721E+08  0.146620E+08
  0.118197E-01  0.146351E+08  0.146225E+08  0.000000E+00  0.000000E+00  0.103912E+08  0.146065E+08
  0.119518E-01  0.145794E+08  0.145665E+08  0.000000E+00  0.000000E+00  0.103101E+08  0.145506E+08
  0.120853E-01  0.145233E+08  0.145101E+08  0.000000E+00  0.000000E+00  0.102288E+08  0.144943E+08
  0.122204E-01  0.144667E+08  0.144533E+08  0.000000E+00  0.000000E+00  0.101473E+08  0.144375E+08
  0.123569E-01  0.144097E+08  0.143960E+08  0.000000E+00  0.000000E+00  0.100656E+08  0.143803E+08
  0.124950E-01  0.143523E+08  0.143384E+08  0.000000E+00  0.000000E+00  0.998376E+07  0.143227E+08
  0.126346E-01  0.142944E+08  0.142802E+08  0.000000E+00  0.000000E+00  0.990176E+07  0.142646E+08
  0.127758E-01  0.142361E+08  0.142217E+08  0.000000E+00  0.000000E+00  0.981963E+07  0.142062E+08
  0.129185E-01  0.141774E+08  0.141627E+08  0.000000E+00  0.000000E+00  0.973737E+07  0.141473E+08
  0.130628E-01  0.141183E+08  0.141033E+08  0.000000E+00  0.000000E+00  0.965499E+07  0.140879E+08
  0.132088E-01  0.140587E+08  0.140434E+08  0.000000E+00  0.000000E+00  0.957250E+07  0.140282E+08
  0.133564E-01  0.139987E+08  0.139831E+08  0.000000E+00  0.000000E+00  0.948991E+07  0.139680E+08
  0.135056E-01  0.139382E+08  0.139224E+08  0.000000E+00  0.000000E+00  0.940722E+07  0.139073E+08
  0.136565E-01  0.138774E+08  0.138612E+08  0.000000E+00  0.000000E+00  0.932444E+07  0.138463E+08
  0.138091E-01  0.138160E+08  0.137996E+08  0.000000E+00  0.000000E+00  0.924157E+07  0.137848E+08
  0.139634E-01  0.137543E+08  0.137376E+08  0.000000E+00  0.000000E+00  0.915862E+07  0.137228E+08
  0.141194E-01  0.136921E+08  0.136751E+08  0.000000E+00  0.000000E+00  0.907558E+07  0.136605E+08
  0.142772E-01  0.136295E+08  0.136121E+08  0.000000E+00  0.000000E+00  0.899247E+07  0.135977E+08
  0.144367E-01  0.135664E+08  0.135487E+08  0.000000E+00  0.000000E+00  0.890928E+07  0.135344E+08
  0.145980E-01  0.135029E+08  0.134849E+08  0.000000E+00  0.000000E+00  0.882602E+07  0.134707E+08
  0.147611E-01  0.134389E+08  0.134207E+08  0.000000E+00  0.000000E+00  0.874269E+07  0.134066E+08
  0.149260E-01  0.133746E+08  0.133559E+08  0.000000E+00  0.000000E+00  0.865930E+07  0.133421E+08
  0.150928E-01  0.133097E+08  0.132908E+08  0.000000E+00  0.000000E+00  0.857586E+07  0.132771E+08
  0.152614E-01  0.132445E+08  0.132252E+08  0.000000E+00  0.000000E+00  0.849237E+07  0.132117E+08
  0.154319E-01  0.131788E+08  0.131592E+08  0.000000E+00  0.000000E+00  0.840885E+07  0.131458E+08
  0.156043E-01  0.131127E+08  0.130927E+08  0.000000E+00  0.000000E+00  0.832530E+07  0.130795E+08
  0.157787E-01  0.130461E+08  0.130258E+08  0.000000E+00  0.000000E+00  0.824175E+07  0.130128E+08
  0.159550E-01  0.129791E+08  0.129584E+08  0.000000E+00  0.000000E+00  0.815819E+07  0.129456E+08
  0.161333E-01  0.129116E+08  0.128906E+08  0.000000E+00  0.000000E+00  0.807465E+07  0.128780E+08
  0.163135E-01  0.128438E+08  0.128224E+08  0.000000E+00  0.000000E+00  0.799114E+07  0.128100E+08
  0.164958E-01  0.127754E+08  0.127537E+08  0.000000E+00  0.000000E+00  0.790766E+07  0.127415E+08
  0.166801E-01  0.127067E+08  0.126846E+08  0.000000E+00  0.000000E+00  0.782422E+07  0.126726E+08
  0.168665E-01  0.126375E+08  0.126150E+08  0.000000E+00  0.000000E+00  0.774085E+07  0.126033E+08
  0.170549E-01  0.125679E+08  0.125451E+08  0.000000E+00  0.000000E+00  0.765754E+07  0.125335E+08
  0.172455E-01  0.124979E+08  0.124746E+08  0.000000E+00  0.000000E+00  0.757431E+07  0.124633E+08
  0.174382E-01  0.124274E+08  0.124038E+08  0.000000E+00  0.000000E+00  0.749116E+07  0.123927E+08
  0.176330E-01  0.123565E+08  0.123325E+08  0.000000E+00  0.000000E+00  0.740811E+07  0.123217E+08
  0.178300E-01  0.122852E+08  0.122608E+08  0.000000E+00  0.000000E+00  0.732516E+07  0.122503E+08
  0.180292E-01  0.122134E+08  0.121887E+08  0.000000E+00  0.000000E+00  0.724234E+07  0.121784E+08
  0.182307E-01  0.121413E+08  0.121161E+08  0.000000E+00  0.000000E+00  0.715964E+07  0.121061E+08
  0.184344E-01  0.120687E+08  0.120431E+08  0.000000E+00  0.000000E+00  0.707707E+07  0.120334E+08
  0.186403E-01  0.119957E+08  0.119697E+08  0.000000E+00  0.000000E+00  0.699466E+07  0.119603E+08
  0.188486E-01  0.119223E+08  0.118959E+08  0.000000E+00  0.000000E+00  0.691241E+07  0.118868E+08
  0.190592E-01  0.118485E+08  0.118217E+08  0.000000E+00  0.000000E+00  0.683033E+07  0.118129E+08
  0.192721E-01  0.117743E+08  0.117471E+08  0.000000E+00  0.000000E+00  0.674844E+07  0.117385E+08
  0.194875E-01  0.116997E+08  0.116721E+08  0.000000E+00  0.000000E+00  0.666673E+07  0.116638E+08
  0.197052E-01  0.116247E+08  0.115967E+08  0.000000E+00  0.000000E+00  0.658523E+07  0.115887E+08
  0.199254E-01  0.115493E+08  0.115209E+08  0.000000E+00  0.000000E+00  0.650395E+07  0.115132E+08
  0.201480E-01  0.114735E+08  0.114447E+08  0.000000E+00  0.000000E+00  0.642288E+07  0.114374E+08
  0.203731E-01  0.113974E+08  0.113681E+08  0.000000E+00  0.000000E+00  0.634204E+07  0.113611E+08
  0.206007E-01  0.113209E+08  0.112912E+08  0.000000E+00  0.000000E+00  0.626145E+07  0.112845E+08
  0.208309E-01  0.112440E+08  0.112138E+08  0.000000E+00  0.000000E+00  0.618111E+07  0.112075E+08
  0.210637E-01  0.111667E+08  0.111362E+08  0.000000E+00  0.000000E+00  0.610103E+07  0.111302E+08
  0.212990E-01  0.110891E+08  0.110581E+08  0.000000E+00  0.000000E+00  0.602123E+07  0.110525E+08
  0.215370E-01  0.110112E+08  0.109797E+08  0.000000E+00  0.000000E+00  0.594173E+07  0.109745E+08
  0.217776E-01  0.109329E+08  0.109010E+08  0.000000E+00  0.000000E+00  0.586252E+07  0.108961E+08
  0.220209E-01  0.108542E+08  0.108220E+08  0.000000E+00  0.000000E+00  0.578364E+07  0.108174E+08
  0.222670E-01  0.107753E+08  0.107426E+08  0.000000E+00  0.000000E+00  0.570508E+07  0.107384E+08
  0.225158E-01  0.106960E+08  0.106629E+08  0.000000E+00  0.000000E+00  0.562686E+07  0.106591E+08
  0.227673E-01  0.106164E+08  0.105829E+08  0.000000E+00  0.000000E+00  0.554899E+07  0.105794E+08
  0.230217E-01  0.105366E+08  0.105026E+08  0.000000E+00  0.000000E+00  0.547147E+07  0.104995E+08
  0.232789E-01  0.104564E+08  0.104220E+08  0.000000E+00  0.000000E+00  0.539430E+07  0.104193E+08
  0.235390E-01  0.103760E+08  0.103412E+08  0.000000E+00  0.000000E+00  0.531751E+07  0.103389E+08
  0.238020E-01  0.102953E+08  0.102601E+08  0.000000E+00  0.000000E+00  0.524109E+07  0.102581E+08
  0.240680E-01  0.102144E+08  0.101787E+08  0.000000E+00  0.000000E+00  0.516506E+07  0.101771E+08
  0.243369E-01  0.101332E+08  0.100971E+08  0.000000E+00  0.000000E+00  0.508943E+07  0.100959E+08
  0.246088E-01  0.100518E+08  0.100153E+08  0.000000E+00  0.000000E+00  0.501422E+07  0.100145E+08
  0.248838E-01  0.997012E+07  0.993321E+07  0.000000E+00  0.000000E+00  0.493945E+07  0.993282E+07
  0.251618E-01  0.988828E+07  0.985097E+07  0.000000E+00  0.000000E+00  0.486514E+07  0.985097E+07
  0.254429E-01  0.980625E+07  0.976854E+07  0.000000E+00  0.000000E+00  0.479129E+07  0.976894E+07
  0.257272E-01  0.972405E+07  0.968594E+07  0.000000E+00  0.000000E+00  0.471794E+07  0.968673E+07
  0.260147E-01  0.964169E+07  0.960319E+07  0.000000E+00  0.000000E+00  0.464509E+07  0.960437E+07
  0.263053E-01  0.955919E+07  0.952031E+07  0.000000E+00  0.000000E+00  0.457275E+07  0.952187E+07
  0.265992E-01  0.947656E+07  0.943730E+07  0.000000E+00  0.000000E+00  0.450094E+07  0.943925E+07
  0.268964E-01  0.939382E+07  0.935419E+07  0.000000E+00  0.000000E+00  0.442966E+07  0.935653E+07
  0.271970E-01  0.931099E+07  0.927099E+07  0.000000E+00  0.000000E+00  0.435892E+07  0.927371E+07
  0.275008E-01  0.922808E+07  0.918773E+07  0.000000E+00  0.000000E+00  0.428872E+07  0.919083E+07
  0.278081E-01  0.914511E+07  0.910441E+07  0.000000E+00  0.000000E+00  0.421907E+07  0.910790E+07
  0.281188E-01  0.906211E+07  0.902107E+07  0.000000E+00  0.000000E+00  0.414998E+07  0.902493E+07
  0.284330E-01  0.897909E+07  0.893773E+07  0.000000E+00  0.000000E+00  0.408147E+07  0.894195E+07
  0.287507E-01  0.889608E+07  0.885439E+07  0.000000E+00  0.000000E+00  0.401353E+07  0.885898E+07
  0.290719E-01  0.881309E+07  0.877109E+07  0.000000E+00  0.000000E+00  0.394618E+07  0.877604E+07
  0.293967E-01  0.873014E+07  0.868784E+07  0.000000E+00  0.000000E+00  0.387943E+07  0.869315E+07
  0.297252E-01  0.864726E+07  0.860468E+07  0.000000E+00  0.000000E+00  0.381330E+07  0.861033E+07
  0.300573E-01  0.856446E+07  0.852161E+07  0.000000E+00  0.000000E+00  0.374779E+07  0.852760E+07
  0.303931E-01  0.848178E+07  0.843867E+07  0.000000E+00  0.000000E+00  0.368293E+07  0.844499E+07
  0.307327E-01  0.839924E+07  0.835588E+07  0.000000E+00  0.000000E+00  0.361874E+07  0.836253E+07
  0.310761E-01  0.831685E+07  0.827326E+07  0.000000E+00  0.000000E+00  0.355522E+07  0.828022E+07
  0.314233E-01  0.823465E+07  0.819084E+07  0.000000E+00  0.000000E+00  0.349239E+07  0.819811E+07
  0.317744E-01  0.815266E+07  0.810865E+07  0.000000E+00  0.000000E+00  0.343025E+07  0.811621E+07
  0.321294E-01  0.807090E+07  0.802670E+07  0.000000E+00  0.000000E+00  0.336881E+07  0.803455E+07
  0.324884E-01  0.798940E+07  0.794503E+07  0.000000E+00  0.000000E+00  0.330806E+07  0.795315E+07
  0.328514E-01  0.790818E+07  0.786367E+07  0.000000E+00  0.000000E+00  0.324802E+07  0.787205E+07
  0.332184E-01  0.782728E+07  0.778263E+07  0.000000E+00  0.000000E+00  0.318869E+07  0.779126E+07
  0.335896E-01  0.774671E+07  0.770196E+07  0.000000E+00  0.000000E+00  0.313008E+07  0.771082E+07
  0.339649E-01  0.766652E+07  0.762166E+07  0.000000E+00  0.000000E+00  0.307221E+07  0.763074E+07
  0.343444E-01  0.758671E+07  0.754178E+07  0.000000E+00  0.000000E+00  0.301508E+07  0.755107E+07
  0.347281E-01  0.750733E+07  0.746234E+07  0.000000E+00  0.000000E+00  0.295870E+07  0.747182E+07
  0.351161E-01  0.742839E+07  0.738337E+07  0.000000E+00  0.000000E+00  0.290308E+07  0.739302E+07
  0.355085E-01  0.734993E+07  0.730490E+07  0.000000E+00  0.000000E+00  0.284823E+07  0.731471E+07
  0.359052E-01  0.727197E+07  0.722695E+07  0.000000E+00  0.000000E+00  0.279414E+07  0.723690E+07
  0.363064E-01  0.719454E+07  0.714956E+07  0.000000E+00  0.000000E+00  0.274082E+07  0.715963E+07
  0.367120E-01  0.711767E+07  0.707275E+07  0.000000E+00  0.000000E+00  0.268827E+07  0.708292E+07
  0.371222E-01  0.704139E+07  0.699654E+07  0.000000E+00  0.000000E+00  0.263650E+07  0.700680E+07
  0.375370E-01  0.696571E+07  0.692098E+07  0.000000E+00  0.000000E+00  0.258553E+07  0.693130E+07
  0.379564E-01  0.689068E+07  0.684608E+07  0.000000E+00  0.000000E+00  0.253536E+07  0.685645E+07
  0.383805E-01  0.681631E+07  0.677186E+07  0.000000E+00  0.000000E+00  0.248599E+07  0.678226E+07
  0.388093E-01  0.674263E+07  0.669835E+07  0.000000E+00  0.000000E+00  0.243742E+07  0.670876E+07
  0.392429E-01  0.666965E+07  0.662558E+07  0.000000E+00  0.000000E+00  0.238964E+07  0.663598E+07
  0.396814E-01  0.659742E+07  0.655358E+07  0.000000E+00  0.000000E+00  0.234265E+07  0.656394E+07
  0.401248E-01  0.652595E+07  0.648237E+07  0.000000E+00  0.000000E+00  0.229646E+07  0.649267E+07
  0.405731E-01  0.645527E+07  0.641198E+07  0.000000E+00  0.000000E+00  0.225106E+07  0.642219E+07
  0.410264E-01  0.638541E+07  0.634243E+07  0.000000E+00  0.000000E+00  0.220646E+07  0.635254E+07
  0.414848E-01  0.631639E+07  0.627374E+07  0.000000E+00  0.000000E+00  0.216266E+07  0.628372E+07
  0.419483E-01  0.624823E+07  0.620594E+07  0.000000E+00  0.000000E+00  0.211967E+07  0.621577E+07
  0.424170E-01  0.618094E+07  0.613904E+07  0.000000E+00  0.000000E+00  0.207747E+07  0.614870E+07
  0.428909E-01  0.611454E+07  0.607306E+07  0.000000E+00  0.000000E+00  0.203606E+07  0.608252E+07
  0.433702E-01  0.604905E+07  0.600801E+07  0.000000E+00  0.000000E+00  0.199544E+07  0.601726E+07
  0.438547E-01  0.598447E+07  0.594390E+07  0.000000E+00  0.000000E+00  0.195561E+07  0.595291E+07
  0.443447E-01  0.592083E+07  0.588075E+07  0.000000E+00  0.000000E+00  0.191655E+07  0.588950E+07
  0.448402E-01  0.585813E+07  0.581857E+07  0.000000E+00  0.000000E+00  0.187827E+07  0.582704E+07
  0.453412E-01  0.579639E+07  0.575737E+07  0.000000E+00  0.000000E+00  0.184074E+07  0.576553E+07
  0.458478E-01  0.573561E+07  0.569716E+07  0.000000E+00  0.000000E+00  0.180396E+07  0.570499E+07
  0.463601E-01  0.567581E+07  0.563795E+07  0.000000E+00  0.000000E+00  0.176793E+07  0.564542E+07
  0.468780E-01  0.561697E+07  0.557972E+07  0.000000E+00  0.000000E+00  0.173264E+07  0.558683E+07
  0.474018E-01  0.555911E+07  0.552250E+07  0.000000E+00  0.000000E+00  0.169809E+07  0.552922E+07
  0.479314E-01  0.550222E+07  0.546626E+07  0.000000E+00  0.000000E+00  0.166426E+07  0.547257E+07
  0.484670E-01  0.544630E+07  0.541101E+07  0.000000E+00  0.000000E+00  0.163113E+07  0.541689E+07
  0.490085E-01  0.539133E+07  0.535674E+07  0.000000E+00  0.000000E+00  0.159867E+07  0.536217E+07
  0.495561E-01  0.533731E+07  0.530343E+07  0.000000E+00  0.000000E+00  0.156689E+07  0.530840E+07
  0.501098E-01  0.528422E+07  0.525107E+07  0.000000E+00  0.000000E+00  0.153578E+07  0.525557E+07
  0.506696E-01  0.523207E+07  0.519966E+07  0.000000E+00  0.000000E+00  0.150533E+07  0.520366E+07
  0.512358E-01  0.518083E+07  0.514917E+07  0.000000E+00  0.000000E+00  0.147554E+07  0.515267E+07
  0.518082E-01  0.513049E+07  0.509960E+07  0.000000E+00  0.000000E+00  0.144637E+07  0.510258E+07
  0.523871E-01  0.508102E+07  0.505091E+07  0.000000E+00  0.000000E+00  0.141782E+07  0.505337E+07
  0.529724E-01  0.503242E+07  0.500308E+07  0.000000E+00  0.000000E+00  0.138985E+07  0.500501E+07
  0.535643E-01  0.498463E+07  0.495609E+07  0.000000E+00  0.000000E+00  0.136246E+07  0.495748E+07
  0.541628E-01  0.493764E+07  0.490989E+07  0.000000E+00  0.000000E+00  0.133563E+07  0.491073E+07
  0.547679E-01  0.489139E+07  0.486444E+07  0.000000E+00  0.000000E+00  0.130934E+07  0.486474E+07
  0.553799E-01  0.484586E+07  0.481971E+07  0.000000E+00  0.000000E+00  0.128358E+07  0.481946E+07
  0.559986E-01  0.480101E+07  0.477566E+07  0.000000E+00  0.000000E+00  0.125834E+07  0.477485E+07
  0.566243E-01  0.475679E+07  0.473223E+07  0.000000E+00  0.000000E+00  0.123358E+07  0.473087E+07
  0.572570E-01  0.471317E+07  0.468940E+07  0.000000E+00  0.000000E+00  0.120930E+07  0.468750E+07
  0.578967E-01  0.467011E+07  0.464712E+07  0.000000E+00  0.000000E+00  0.118547E+07  0.464468E+07
  0.585436E-01  0.462757E+07  0.460534E+07  0.000000E+00  0.000000E+00  0.116207E+07  0.460237E+07
  0.591977E-01  0.458548E+07  0.456401E+07  0.000000E+00  0.000000E+00  0.113910E+07  0.456052E+07
  0.601175E-01  0.452776E+07  0.450730E+07  0.000000E+00  0.000000E+00  0.110789E+07  0.450312E+07
  0.610373E-01  0.447154E+07  0.445206E+07  0.000000E+00  0.000000E+00  0.107788E+07  0.444722E+07
  0.619571E-01  0.441664E+07  0.439807E+07  0.000000E+00  0.000000E+00  0.104895E+07  0.439262E+07
  0.628769E-01  0.436288E+07  0.434517E+07  0.000000E+00  0.000000E+00  0.102102E+07  0.433916E+07
  0.637967E-01  0.431010E+07  0.429319E+07  0.000000E+00  0.000000E+00  0.994045E+06  0.428666E+07
  0.647166E-01  0.425816E+07  0.424198E+07  0.000000E+00  0.000000E+00  0.967951E+06  0.423500E+07
  0.656364E-01  0.420692E+07  0.419142E+07  0.000000E+00  0.000000E+00  0.942667E+06  0.418402E+07
  0.665562E-01  0.415625E+07  0.414136E+07  0.000000E+00  0.000000E+00  0.918136E+06  0.413361E+07
  0.674760E-01  0.410604E+07  0.409170E+07  0.000000E+00  0.000000E+00  0.894312E+06  0.408366E+07
  0.683958E-01  0.405621E+07  0.404235E+07  0.000000E+00  0.000000E+00  0.871157E+06  0.403406E+07
  0.693156E-01  0.400666E+07  0.399322E+07  0.000000E+00  0.000000E+00  0.848637E+06  0.398475E+07
  0.702354E-01  0.395732E+07  0.394424E+07  0.000000E+00  0.000000E+00  0.826703E+06  0.393564E+07
  0.711552E-01  0.390815E+07  0.389536E+07  0.000000E+00  0.000000E+00  0.805318E+06  0.388668E+07
  0.720750E-01  0.385909E+07  0.384653E+07  0.000000E+00  0.000000E+00  0.784467E+06  0.383784E+07
  0.729948E-01  0.381011E+07  0.379773E+07  0.000000E+00  0.000000E+00  0.764139E+06  0.378907E+07
  0.739146E-01  0.376121E+07  0.374895E+07  0.000000E+00  0.000000E+00  0.744306E+06  0.374036E+07
  0.748345E-01  0.371235E+07  0.370017E+07  0.000000E+00  0.000000E+00  0.724941E+06  0.369171E+07
  0.757543E-01  0.366356E+07  0.365139E+07  0.000000E+00  0.000000E+00  0.706034E+06  0.364310E+07
  0.766741E-01  0.361482E+07  0.360263E+07  0.000000E+00  0.000000E+00  0.687581E+06  0.359455E+07
  0.775939E-01  0.356616E+07  0.355391E+07  0.000000E+00  0.000000E+00  0.669567E+06  0.354607E+07
  0.785137E-01  0.351760E+07  0.350525E+07  0.000000E+00  0.000000E+00  0.651984E+06  0.349770E+07
  0.794335E-01  0.346918E+07  0.345670E+07  0.000000E+00  0.000000E+00  0.634823E+06  0.344946E+07
  0.803533E-01  0.342095E+07  0.340830E+07  0.000000E+00  0.000000E+00  0.618081E+06  0.340139E+07
  0.812731E-01  0.337294E+07  0.336011E+07  0.000000E+00  0.000000E+00  0.601761E+06  0.335355E+07
  0.821929E-01  0.332520E+07  0.331216E+07  0.000000E+00  0.000000E+00  0.585857E+06  0.330598E+07
  0.831127E-01  0.327778E+07  0.326451E+07  0.000000E+00  0.000000E+00  0.570355E+06  0.325873E+07
  0.840325E-01  0.323074E+07  0.321723E+07  0.000000E+00  0.000000E+00  0.555254E+06  0.321185E+07
  0.849524E-01  0.318414E+07  0.317039E+07  0.000000E+00  0.000000E+00  0.540562E+06  0.316542E+07
  0.858722E-01  0.313805E+07  0.312405E+07  0.000000E+00  0.000000E+00  0.526281E+06  0.311949E+07
  0.867920E-01  0.309252E+07  0.307827E+07  0.000000E+00  0.000000E+00  0.512403E+06  0.307412E+07
  0.877118E-01  0.304762E+07  0.303311E+07  0.000000E+00  0.000000E+00  0.498922E+06  0.302937E+07
  0.886316E-01  0.300339E+07  0.298864E+07  0.000000E+00  0.000000E+00  0.485838E+06  0.298530E+07
  0.895514E-01  0.295989E+07  0.294491E+07  0.000000E+00  0.000000E+00  0.473150E+06  0.294196E+07
  0.904712E-01  0.291718E+07  0.290198E+07  0.000000E+00  0.000000E+00  0.460855E+06  0.289940E+07
  0.913910E-01  0.287530E+07  0.285990E+07  0.000000E+00  0.000000E+00  0.448950E+06  0.285769E+07
  0.923108E-01  0.283432E+07  0.281874E+07  0.000000E+00  0.000000E+00  0.437429E+06  0.281686E+07
  0.932306E-01  0.279427E+07  0.277852E+07  0.000000E+00  0.000000E+00  0.426290E+06  0.277697E+07
  0.941504E-01  0.275520E+07  0.273931E+07  0.000000E+00  0.000000E+00  0.415532E+06  0.273805E+07
  0.950703E-01  0.271713E+07  0.270114E+07  0.000000E+00  0.000000E+00  0.405145E+06  0.270014E+07
  0.959901E-01  0.268011E+07  0.266403E+07  0.000000E+00  0.000000E+00  0.395119E+06  0.266328E+07
  0.969099E-01  0.264416E+07  0.262802E+07  0.000000E+00  0.000000E+00  0.385449E+06  0.262748E+07
  0.978297E-01  0.260930E+07  0.259312E+07  0.000000E+00  0.000000E+00  0.376134E+06  0.259278E+07
  0.987495E-01  0.257554E+07  0.255937E+07  0.000000E+00  0.000000E+00  0.367165E+06  0.255918E+07
  0.996693E-01  0.254290E+07  0.252675E+07  0.000000E+00  0.000000E+00  0.358530E+06  0.252669E+07
  0.100589E+00  0.251137E+07  0.249528E+07  0.000000E+00  0.000000E+00  0.350218E+06  0.249532E+07
  0.101509E+00  0.248096E+07  0.246495E+07  0.000000E+00  0.000000E+00  0.342222E+06  0.246506E+07
  0.102429E+00  0.245166E+07  0.243576E+07  0.000000E+00  0.000000E+00  0.334533E+06  0.243591E+07
  0.103349E+00  0.242345E+07  0.240770E+07  0.000000E+00  0.000000E+00  0.327141E+06  0.240786E+07
  0.104268E+00  0.239633E+07  0.238075E+07  0.000000E+00  0.000000E+00  0.320036E+06  0.238089E+07
  0.105188E+00  0.237028E+07  0.235489E+07  0.000000E+00  0.000000E+00  0.313204E+06  0.235498E+07
  0.106108E+00  0.234525E+07  0.233008E+07  0.000000E+00  0.000000E+00  0.306638E+06  0.233011E+07
  0.107028E+00  0.232122E+07  0.230630E+07  0.000000E+00  0.000000E+00  0.300325E+06  0.230623E+07
  0.107948E+00  0.229816E+07  0.228350E+07  0.000000E+00  0.000000E+00  0.294252E+06  0.228331E+07
  0.108867E+00  0.227602E+07  0.226164E+07  0.000000E+00  0.000000E+00  0.288404E+06  0.226132E+07
  0.109787E+00  0.225477E+07  0.224069E+07  0.000000E+00  0.000000E+00  0.282776E+06  0.224022E+07
  0.110707E+00  0.223437E+07  0.222060E+07  0.000000E+00  0.000000E+00  0.277356E+06  0.221995E+07
  0.111627E+00  0.221476E+07  0.220132E+07  0.000000E+00  0.000000E+00  0.272133E+06  0.220048E+07
  0.112547E+00  0.219589E+07  0.218279E+07  0.000000E+00  0.000000E+00  0.267093E+06  0.218175E+07
  0.113466E+00  0.217771E+07  0.216496E+07  0.000000E+00  0.000000E+00  0.262223E+06  0.216371E+07
  0.114386E+00  0.216017E+07  0.214777E+07  0.000000E+00  0.000000E+00  0.257515E+06  0.214630E+07
  0.115306E+00  0.214322E+07  0.213118E+07  0.000000E+00  0.000000E+00  0.252960E+06  0.212949E+07
  0.116226E+00  0.212680E+07  0.211513E+07  0.000000E+00  0.000000E+00  0.248547E+06  0.211321E+07
  0.117146E+00  0.211087E+07  0.209956E+07  0.000000E+00  0.000000E+00  0.244265E+06  0.209740E+07
  0.118065E+00  0.209537E+07  0.208441E+07  0.000000E+00  0.000000E+00  0.240105E+06  0.208202E+07
  0.118985E+00  0.208023E+07  0.206963E+07  0.000000E+00  0.000000E+00  0.236058E+06  0.206701E+07
  0.119905E+00  0.206542E+07  0.205516E+07  0.000000E+00  0.000000E+00  0.232116E+06  0.205232E+07
  0.120825E+00  0.205087E+07  0.204095E+07  0.000000E+00  0.000000E+00  0.228268E+06  0.203789E+07
  0.121745E+00  0.203654E+07  0.202695E+07  0.000000E+00  0.000000E+00  0.224507E+06  0.202368E+07
  0.122665E+00  0.202238E+07  0.201311E+07  0.000000E+00  0.000000E+00  0.220827E+06  0.200963E+07
  0.123584E+00  0.200834E+07  0.199937E+07  0.000000E+00  0.000000E+00  0.217223E+06  0.199571E+07
  0.124504E+00  0.199439E+07  0.198571E+07  0.000000E+00  0.000000E+00  0.213688E+06  0.198187E+07
  0.125424E+00  0.198049E+07  0.197208E+07  0.000000E+00  0.000000E+00  0.210214E+06  0.196807E+07
  0.126344E+00  0.196661E+07  0.195846E+07  0.000000E+00  0.000000E+00  0.206797E+06  0.195430E+07
  0.127264E+00  0.195271E+07  0.194479E+07  0.000000E+00  0.000000E+00  0.203433E+06  0.194050E+07
  0.128183E+00  0.193876E+07  0.193107E+07  0.000000E+00  0.000000E+00  0.200120E+06  0.192666E+07
  0.129103E+00  0.192475E+07  0.191725E+07  0.000000E+00  0.000000E+00  0.196853E+06  0.191274E+07
  0.130023E+00  0.191065E+07  0.190333E+07  0.000000E+00  0.000000E+00  0.193627E+06  0.189873E+07
  0.130943E+00  0.189643E+07  0.188927E+07  0.000000E+00  0.000000E+00  0.190441E+06  0.188461E+07
  0.131863E+00  0.188209E+07  0.187507E+07  0.000000E+00  0.000000E+00  0.187294E+06  0.187036E+07
  0.132782E+00  0.186761E+07  0.186072E+07  0.000000E+00  0.000000E+00  0.184183E+06  0.185597E+07
  0.133702E+00  0.185299E+07  0.184619E+07  0.000000E+00  0.000000E+00  0.181105E+06  0.184144E+07
  0.134622E+00  0.183821E+07  0.183150E+07  0.000000E+00  0.000000E+00  0.178059E+06  0.182675E+07
  0.135542E+00  0.182328E+07  0.181663E+07  0.000000E+00  0.000000E+00  0.175047E+06  0.181190E+07
  0.136462E+00  0.180819E+07  0.180158E+07  0.000000E+00  0.000000E+00  0.172068E+06  0.179689E+07
  0.137381E+00  0.179295E+07  0.178637E+07  0.000000E+00  0.000000E+00  0.169120E+06  0.178173E+07
  0.138301E+00  0.177757E+07  0.177100E+07  0.000000E+00  0.000000E+00  0.166204E+06  0.176643E+07
  0.139221E+00  0.176206E+07  0.175549E+07  0.000000E+00  0.000000E+00  0.163319E+06  0.175100E+07
  0.140141E+00  0.174643E+07  0.173984E+07  0.000000E+00  0.000000E+00  0.160469E+06  0.173545E+07
  0.141061E+00  0.173070E+07  0.172408E+07  0.000000E+00  0.000000E+00  0.157653E+06  0.171979E+07
  0.141981E+00  0.171488E+07  0.170822E+07  0.000000E+00  0.000000E+00  0.154872E+06  0.170405E+07
  0.142900E+00  0.169899E+07  0.169228E+07  0.000000E+00  0.000000E+00  0.152126E+06  0.168824E+07
  0.143820E+00  0.168306E+07  0.167628E+07  0.000000E+00  0.000000E+00  0.149419E+06  0.167238E+07
  0.144740E+00  0.166711E+07  0.166026E+07  0.000000E+00  0.000000E+00  0.146750E+06  0.165650E+07
  0.145660E+00  0.165116E+07  0.164423E+07  0.000000E+00  0.000000E+00  0.144121E+06  0.164062E+07
  0.146580E+00  0.163523E+07  0.162822E+07  0.000000E+00  0.000000E+00  0.141533E+06  0.162477E+07
  0.147499E+00  0.161936E+07  0.161225E+07  0.000000E+00  0.000000E+00  0.138988E+06  0.160896E+07
  0.148419E+00  0.160355E+07  0.159636E+07  0.000000E+00  0.000000E+00  0.136487E+06  0.159323E+07
  0.149339E+00  0.158784E+07  0.158055E+07  0.000000E+00  0.000000E+00  0.134032E+06  0.157758E+07
  0.150259E+00  0.157225E+07  0.156487E+07  0.000000E+00  0.000000E+00  0.131623E+06  0.156206E+07
  0.151179E+00  0.155680E+07  0.154933E+07  0.000000E+00  0.000000E+00  0.129260E+06  0.154668E+07
  0.152098E+00  0.154151E+07  0.153396E+07  0.000000E+00  0.000000E+00  0.126945E+06  0.153146E+07
  0.153018E+00  0.152641E+07  0.151878E+07  0.000000E+00  0.000000E+00  0.124680E+06  0.151643E+07
  0.153938E+00  0.151153E+07  0.150381E+07  0.000000E+00  0.000000E+00  0.122465E+06  0.150161E+07
  0.154858E+00  0.149687E+07  0.148908E+07  0.000000E+00  0.000000E+00  0.120300E+06  0.148702E+07
  0.155778E+00  0.148246E+07  0.147460E+07  0.000000E+00  0.000000E+00  0.118186E+06  0.147268E+07
  0.156697E+00  0.146832E+07  0.146040E+07  0.000000E+00  0.000000E+00  0.116124E+06  0.145860E+07
  0.157617E+00  0.145446E+07  0.144649E+07  0.000000E+00  0.000000E+00  0.114114E+06  0.144482E+07
  0.158537E+00  0.144091E+07  0.143289E+07  0.000000E+00  0.000000E+00  0.112155E+06  0.143133E+07
  0.159457E+00  0.142767E+07  0.141962E+07  0.000000E+00  0.000000E+00  0.110249E+06  0.141815E+07
  0.160377E+00  0.141475E+07  0.140667E+07  0.000000E+00  0.000000E+00  0.108394E+06  0.140530E+07
  0.161297E+00  0.140216E+07  0.139407E+07  0.000000E+00  0.000000E+00  0.106591E+06  0.139278E+07
  0.162216E+00  0.138992E+07  0.138183E+07  0.000000E+00  0.000000E+00  0.104839E+06  0.138060E+07
  0.163136E+00  0.137802E+07  0.136994E+07  0.000000E+00  0.000000E+00  0.103137E+06  0.136877E+07
  0.164056E+00  0.136648E+07  0.135840E+07  0.000000E+00  0.000000E+00  0.101483E+06  0.135729E+07
  0.164976E+00  0.135528E+07  0.134723E+07  0.000000E+00  0.000000E+00  0.998788E+05  0.134615E+07
  0.165896E+00  0.134443E+07  0.133642E+07  0.000000E+00  0.000000E+00  0.983224E+05  0.133537E+07
  0.166815E+00  0.133393E+07  0.132597E+07  0.000000E+00  0.000000E+00  0.968122E+05  0.132493E+07
  0.167735E+00  0.132376E+07  0.131586E+07  0.000000E+00  0.000000E+00  0.953466E+05  0.131483E+07
  0.168655E+00  0.131393E+07  0.130610E+07  0.000000E+00  0.000000E+00  0.939244E+05  0.130506E+07
  0.169575E+00  0.130443E+07  0.129667E+07  0.000000E+00  0.000000E+00  0.925448E+05  0.129562E+07
  0.170495E+00  0.129525E+07  0.128757E+07  0.000000E+00  0.000000E+00  0.912059E+05  0.128650E+07
  0.171414E+00  0.128638E+07  0.127879E+07  0.000000E+00  0.000000E+00  0.899062E+05  0.127769E+07
  0.172334E+00  0.127780E+07  0.127032E+07  0.000000E+00  0.000000E+00  0.886443E+05  0.126918E+07
  0.173254E+00  0.126951E+07  0.126213E+07  0.000000E+00  0.000000E+00  0.874185E+05  0.126095E+07
  0.174174E+00  0.126148E+07  0.125422E+07  0.000000E+00  0.000000E+00  0.862272E+05  0.125298E+07
  0.175094E+00  0.125372E+07  0.124657E+07  0.000000E+00  0.000000E+00  0.850685E+05  0.124527E+07
  0.176013E+00  0.124619E+07  0.123916E+07  0.000000E+00  0.000000E+00  0.839404E+05  0.123780E+07
  0.176933E+00  0.123888E+07  0.123198E+07  0.000000E+00  0.000000E+00  0.828415E+05  0.123055E+07
  0.177853E+00  0.123178E+07  0.122501E+07  0.000000E+00  0.000000E+00  0.817707E+05  0.122351E+07
  0.178773E+00  0.122487E+07  0.121823E+07  0.000000E+00  0.000000E+00  0.807261E+05  0.121666E+07
  0.179693E+00  0.121813E+07  0.121162E+07  0.000000E+00  0.000000E+00  0.797055E+05  0.120997E+07
  0.180613E+00  0.121154E+07  0.120516E+07  0.000000E+00  0.000000E+00  0.787072E+05  0.120344E+07
  0.181532E+00  0.120508E+07  0.119884E+07  0.000000E+00  0.000000E+00  0.777299E+05  0.119703E+07
  0.182452E+00  0.119874E+07  0.119263E+07  0.000000E+00  0.000000E+00  0.767723E+05  0.119075E+07
  0.183372E+00  0.119250E+07  0.118652E+07  0.000000E+00  0.000000E+00  0.758327E+05  0.118456E+07
  0.184292E+00  0.118634E+07  0.118049E+07  0.000000E+00  0.000000E+00  0.749098E+05  0.117845E+07
  0.185212E+00  0.118024E+07  0.117452E+07  0.000000E+00  0.000000E+00  0.740020E+05  0.117241E+07
  0.186131E+00  0.117419E+07  0.116859E+07  0.000000E+00  0.000000E+00  0.731084E+05  0.116641E+07
  0.187051E+00  0.116817E+07  0.116270E+07  0.000000E+00  0.000000E+00  0.722276E+05  0.116045E+07
  0.187971E+00  0.116218E+07  0.115681E+07  0.000000E+00  0.000000E+00  0.713583E+05  0.115450E+07
  0.188891E+00  0.115619E+07  0.115093E+07  0.000000E+00  0.000000E+00  0.704996E+05  0.114856E+07
  0.189811E+00  0.115020E+07  0.114504E+07  0.000000E+00  0.000000E+00  0.696511E+05  0.114261E+07
  0.190730E+00  0.114419E+07  0.113913E+07  0.000000E+00  0.000000E+00  0.688121E+05  0.113665E+07
  0.191650E+00  0.113815E+07  0.113319E+07  0.000000E+00  0.000000E+00  0.679814E+05  0.113066E+07
  0.192570E+00  0.113208E+07  0.112720E+07  0.000000E+00  0.000000E+00  0.671581E+05  0.112464E+07
  0.193490E+00  0.112597E+07  0.112117E+07  0.000000E+00  0.000000E+00  0.663418E+05  0.111857E+07
  0.194410E+00  0.111980E+07  0.111507E+07  0.000000E+00  0.000000E+00  0.655321E+05  0.111245E+07
  0.195329E+00  0.111358E+07  0.110892E+07  0.000000E+00  0.000000E+00  0.647288E+05  0.110627E+07
  0.196249E+00  0.110730E+07  0.110269E+07  0.000000E+00  0.000000E+00  0.639315E+05  0.110003E+07
  0.197169E+00  0.110095E+07  0.109640E+07  0.000000E+00  0.000000E+00  0.631397E+05  0.109373E+07
  0.198089E+00  0.109454E+07  0.109003E+07  0.000000E+00  0.000000E+00  0.623532E+05  0.108736E+07
  0.199009E+00  0.108806E+07  0.108359E+07  0.000000E+00  0.000000E+00  0.615722E+05  0.108093E+07
  0.199929E+00  0.108152E+07  0.107707E+07  0.000000E+00  0.000000E+00  0.607964E+05  0.107442E+07
  0.200848E+00  0.107490E+07  0.107049E+07  0.000000E+00  0.000000E+00  0.600256E+05  0.106785E+07
  0.201768E+00  0.106823E+07  0.106383E+07  0.000000E+00  0.000000E+00  0.592601E+05  0.106121E+07
  0.202688E+00  0.106149E+07  0.105710E+07  0.000000E+00  0.000000E+00  0.585003E+05  0.105451E+07
  0.203608E+00  0.105470E+07  0.105032E+07  0.000000E+00  0.000000E+00  0.577463E+05  0.104776E+07
  0.204528E+00  0.104785E+07  0.104347E+07  0.000000E+00  0.000000E+00  0.569980E+05  0.104095E+07
  0.205447E+00  0.104096E+07  0.103658E+07  0.000000E+00  0.000000E+00  0.562556E+05  0.103410E+07
  0.206367E+00  0.103404E+07  0.102965E+07  0.000000E+00  0.000000E+00  0.555196E+05  0.102721E+07
  0.207287E+00  0.102708E+07  0.102268E+07  0.000000E+00  0.000000E+00  0.547904E+05  0.102029E+07
  0.208207E+00  0.102010E+07  0.101568E+07  0.000000E+00  0.000000E+00  0.540684E+05  0.101335E+07
  0.209127E+00  0.101310E+07  0.100867E+07  0.000000E+00  0.000000E+00  0.533538E+05  0.100639E+07
  0.210046E+00  0.100610E+07  0.100165E+07  0.000000E+00  0.000000E+00  0.526467E+05  0.999425E+06
  0.210966E+00  0.999099E+06  0.994621E+06  0.000000E+00  0.000000E+00  0.519477E+05  0.992459E+06
  0.211886E+00  0.992108E+06  0.987606E+06  0.000000E+00  0.000000E+00  0.512571E+05  0.985504E+06
  0.212806E+00  0.985136E+06  0.980608E+06  0.000000E+00  0.000000E+00  0.505752E+05  0.978567E+06
  0.213726E+00  0.978192E+06  0.973638E+06  0.000000E+00  0.000000E+00  0.499023E+05  0.971658E+06
  0.214645E+00  0.971285E+06  0.966704E+06  0.000000E+00  0.000000E+00  0.492388E+05  0.964786E+06
  0.215565E+00  0.964423E+06  0.959816E+06  0.000000E+00  0.000000E+00  0.485852E+05  0.957959E+06
  0.216485E+00  0.957615E+06  0.952982E+06  0.000000E+00  0.000000E+00  0.479416E+05  0.951186E+06
  0.217405E+00  0.950869E+06  0.946212E+06  0.000000E+00  0.000000E+00  0.473081E+05  0.944475E+06
  0.218325E+00  0.944193E+06  0.939513E+06  0.000000E+00  0.000000E+00  0.466848E+05  0.937834E+06
  0.219244E+00  0.937596E+06  0.932894E+06  0.000000E+00  0.000000E+00  0.460723E+05  0.931270E+06
  0.220164E+00  0.931084E+06  0.926362E+06  0.000000E+00  0.000000E+00  0.454709E+05  0.924792E+06
  0.221084E+00  0.924664E+06  0.919925E+06  0.000000E+00  0.000000E+00  0.448806E+05  0.918407E+06
  0.223993E+00  0.905041E+06  0.900266E+06  0.000000E+00  0.000000E+00  0.430876E+05  0.898890E+06
  0.226940E+00  0.886326E+06  0.881547E+06  0.000000E+00  0.000000E+00  0.413872E+05  0.880282E+06
  0.229926E+00  0.868655E+06  0.863910E+06  0.000000E+00  0.000000E+00  0.397824E+05  0.862716E+06
  0.232952E+00  0.852095E+06  0.847423E+06  0.000000E+00  0.000000E+00  0.382720E+05  0.846262E+06
  0.236017E+00  0.836646E+06  0.832084E+06  0.000000E+00  0.000000E+00  0.368523E+05  0.830918E+06
  0.239122E+00  0.822239E+06  0.817819E+06  0.000000E+00  0.000000E+00  0.355167E+05  0.816616E+06
  0.242268E+00  0.808740E+06  0.804487E+06  0.000000E+00  0.000000E+00  0.342561E+05  0.803219E+06
  0.245456E+00  0.795958E+06  0.791885E+06  0.000000E+00  0.000000E+00  0.330590E+05  0.790537E+06
  0.248686E+00  0.783658E+06  0.779771E+06  0.000000E+00  0.000000E+00  0.319136E+05  0.778337E+06
  0.251958E+00  0.771604E+06  0.767895E+06  0.000000E+00  0.000000E+00  0.308086E+05  0.766379E+06
  0.255273E+00  0.759565E+06  0.756018E+06  0.000000E+00  0.000000E+00  0.297336E+05  0.754434E+06
  0.258632E+00  0.747348E+06  0.743939E+06  0.000000E+00  0.000000E+00  0.286806E+05  0.742308E+06
  0.262035E+00  0.734798E+06  0.731496E+06  0.000000E+00  0.000000E+00  0.276431E+05  0.729847E+06
  0.265483E+00  0.721824E+06  0.718598E+06  0.000000E+00  0.000000E+00  0.266185E+05  0.716960E+06
  0.268976E+00  0.708414E+06  0.705234E+06  0.000000E+00  0.000000E+00  0.256062E+05  0.703635E+06
  0.272515E+00  0.694629E+06  0.691467E+06  0.000000E+00  0.000000E+00  0.246091E+05  0.689932E+06
  0.276101E+00  0.680589E+06  0.677427E+06  0.000000E+00  0.000000E+00  0.236313E+05  0.675975E+06
  0.279734E+00  0.666458E+06  0.663284E+06  0.000000E+00  0.000000E+00  0.226784E+05  0.661924E+06
  0.283414E+00  0.652426E+06  0.649238E+06  0.000000E+00  0.000000E+00  0.217563E+05  0.647972E+06
  0.287143E+00  0.638693E+06  0.635500E+06  0.000000E+00  0.000000E+00  0.208709E+05  0.634320E+06
  0.290921E+00  0.625439E+06  0.622254E+06  0.000000E+00  0.000000E+00  0.200267E+05  0.621145E+06
  0.294749E+00  0.612790E+06  0.609633E+06  0.000000E+00  0.000000E+00  0.192261E+05  0.608575E+06
  0.298627E+00  0.600816E+06  0.597709E+06  0.000000E+00  0.000000E+00  0.184697E+05  0.596679E+06
  0.302557E+00  0.589528E+06  0.586491E+06  0.000000E+00  0.000000E+00  0.177559E+05  0.585468E+06
  0.306538E+00  0.578871E+06  0.575920E+06  0.000000E+00  0.000000E+00  0.170814E+05  0.574887E+06
  0.310571E+00  0.568727E+06  0.565875E+06  0.000000E+00  0.000000E+00  0.164410E+05  0.564818E+06
  0.314657E+00  0.558943E+06  0.556192E+06  0.000000E+00  0.000000E+00  0.158291E+05  0.555107E+06
  0.318798E+00  0.549356E+06  0.546703E+06  0.000000E+00  0.000000E+00  0.152401E+05  0.545592E+06
  0.322992E+00  0.539813E+06  0.537248E+06  0.000000E+00  0.000000E+00  0.146689E+05  0.536118E+06
  0.327242E+00  0.530186E+06  0.527694E+06  0.000000E+00  0.000000E+00  0.141119E+05  0.526560E+06
  0.331548E+00  0.520393E+06  0.517957E+06  0.000000E+00  0.000000E+00  0.121983E+05  0.516825E+06
  0.335910E+00  0.510434E+06  0.508038E+06  0.000000E+00  0.000000E+00  0.117083E+05  0.506932E+06
  0.340330E+00  0.500345E+06  0.497975E+06  0.000000E+00  0.000000E+00  0.112302E+05  0.496907E+06
  0.344808E+00  0.490208E+06  0.487855E+06  0.000000E+00  0.000000E+00  0.107657E+05  0.486833E+06
  0.349345E+00  0.480141E+06  0.477804E+06  0.000000E+00  0.000000E+00  0.103171E+05  0.476830E+06
  0.353941E+00  0.470274E+06  0.467955E+06  0.000000E+00  0.000000E+00  0.988660E+04  0.467024E+06
  0.358599E+00  0.460710E+06  0.458416E+06  0.000000E+00  0.000000E+00  0.947572E+04  0.457522E+06
  0.363317E+00  0.451522E+06  0.449262E+06  0.000000E+00  0.000000E+00  0.908520E+04  0.448394E+06
  0.368097E+00  0.442738E+06  0.440524E+06  0.000000E+00  0.000000E+00  0.871479E+04  0.439671E+06
  0.372941E+00  0.434337E+06  0.432176E+06  0.000000E+00  0.000000E+00  0.836324E+04  0.431328E+06
  0.377848E+00  0.426250E+06  0.424148E+06  0.000000E+00  0.000000E+00  0.802846E+04  0.423299E+06
  0.382819E+00  0.418390E+06  0.416348E+06  0.000000E+00  0.000000E+00  0.770816E+04  0.415495E+06
  0.387856E+00  0.410659E+06  0.408674E+06  0.000000E+00  0.000000E+00  0.740006E+04  0.407820E+06
  0.392960E+00  0.402970E+06  0.401035E+06  0.000000E+00  0.000000E+00  0.710218E+04  0.400185E+06
  0.398130E+00  0.395272E+06  0.393379E+06  0.000000E+00  0.000000E+00  0.681334E+04  0.392540E+06
  0.403368E+00  0.387550E+06  0.385692E+06  0.000000E+00  0.000000E+00  0.653310E+04  0.384870E+06
  0.408676E+00  0.379826E+06  0.377996E+06  0.000000E+00  0.000000E+00  0.626157E+04  0.377198E+06
  0.414053E+00  0.372154E+06  0.370348E+06  0.000000E+00  0.000000E+00  0.599944E+04  0.369576E+06
  0.419501E+00  0.364602E+06  0.362820E+06  0.000000E+00  0.000000E+00  0.574750E+04  0.362073E+06
  0.425021E+00  0.357230E+06  0.355475E+06  0.000000E+00  0.000000E+00  0.550634E+04  0.354750E+06
  0.430613E+00  0.350084E+06  0.348359E+06  0.000000E+00  0.000000E+00  0.527625E+04  0.347652E+06
  0.436279E+00  0.343179E+06  0.341489E+06  0.000000E+00  0.000000E+00  0.505704E+04  0.340794E+06
  0.442019E+00  0.336496E+06  0.334844E+06  0.000000E+00  0.000000E+00  0.484800E+04  0.334158E+06
  0.447835E+00  0.329997E+06  0.328386E+06  0.000000E+00  0.000000E+00  0.464819E+04  0.327705E+06
  0.453728E+00  0.323632E+06  0.322059E+06  0.000000E+00  0.000000E+00  0.445655E+04  0.321385E+06
  0.459698E+00  0.317351E+06  0.315814E+06  0.000000E+00  0.000000E+00  0.427212E+04  0.315147E+06
  0.465746E+00  0.311125E+06  0.309621E+06  0.000000E+00  0.000000E+00  0.409429E+04  0.308964E+06
  0.471875E+00  0.304943E+06  0.303467E+06  0.000000E+00  0.000000E+00  0.392269E+04  0.302824E+06
  0.478083E+00  0.298818E+06  0.297369E+06  0.000000E+00  0.000000E+00  0.375732E+04  0.296741E+06
  0.484374E+00  0.292781E+06  0.291356E+06  0.000000E+00  0.000000E+00  0.359835E+04  0.290745E+06
  0.490747E+00  0.286861E+06  0.285460E+06  0.000000E+00  0.000000E+00  0.344591E+04  0.284864E+06
  0.497204E+00  0.281085E+06  0.279710E+06  0.000000E+00  0.000000E+00  0.330011E+04  0.279128E+06
  0.503746E+00  0.275461E+06  0.274114E+06  0.000000E+00  0.000000E+00  0.316078E+04  0.273543E+06
  0.510374E+00  0.269983E+06  0.268665E+06  0.000000E+00  0.000000E+00  0.302760E+04  0.268103E+06
  0.517090E+00  0.264632E+06  0.263343E+06  0.000000E+00  0.000000E+00  0.290012E+04  0.262789E+06
  0.523893E+00  0.259380E+06  0.258120E+06  0.000000E+00  0.000000E+00  0.277784E+04  0.257574E+06
  0.530787E+00  0.254210E+06  0.252976E+06  0.000000E+00  0.000000E+00  0.266038E+04  0.252440E+06
  0.537771E+00  0.249108E+06  0.247899E+06  0.000000E+00  0.000000E+00  0.254744E+04  0.247373E+06
  0.544846E+00  0.244078E+06  0.242892E+06  0.000000E+00  0.000000E+00  0.243891E+04  0.242377E+06
  0.552015E+00  0.239129E+06  0.237965E+06  0.000000E+00  0.000000E+00  0.233472E+04  0.237462E+06
  0.559279E+00  0.234276E+06  0.233135E+06  0.000000E+00  0.000000E+00  0.223486E+04  0.232643E+06
  0.566637E+00  0.229529E+06  0.228410E+06  0.000000E+00  0.000000E+00  0.213926E+04  0.227928E+06
  0.574093E+00  0.224889E+06  0.223793E+06  0.000000E+00  0.000000E+00  0.204780E+04  0.223320E+06
  0.581647E+00  0.220352E+06  0.219279E+06  0.000000E+00  0.000000E+00  0.196025E+04  0.218815E+06
  0.589300E+00  0.215906E+06  0.214856E+06  0.000000E+00  0.000000E+00  0.187639E+04  0.214400E+06
  0.597054E+00  0.211541E+06  0.210512E+06  0.000000E+00  0.000000E+00  0.179598E+04  0.210065E+06
  0.604910E+00  0.207249E+06  0.206241E+06  0.000000E+00  0.000000E+00  0.171883E+04  0.205802E+06
  0.612869E+00  0.203029E+06  0.202041E+06  0.000000E+00  0.000000E+00  0.164482E+04  0.201611E+06
  0.620933E+00  0.198885E+06  0.197917E+06  0.000000E+00  0.000000E+00  0.157386E+04  0.197496E+06
  0.629103E+00  0.194822E+06  0.193873E+06  0.000000E+00  0.000000E+00  0.150589E+04  0.193461E+06
  0.637380E+00  0.190842E+06  0.189913E+06  0.000000E+00  0.000000E+00  0.144082E+04  0.189509E+06
  0.645767E+00  0.186946E+06  0.186036E+06  0.000000E+00  0.000000E+00  0.137853E+04  0.185640E+06
  0.654264E+00  0.183130E+06  0.182238E+06  0.000000E+00  0.000000E+00  0.131889E+04  0.181850E+06
  0.662872E+00  0.179386E+06  0.178514E+06  0.000000E+00  0.000000E+00  0.126176E+04  0.178133E+06
  0.713838E+00  0.159476E+06  0.158700E+06  0.000000E+00  0.000000E+00  0.980572E+03  0.158360E+06
  0.768723E+00  0.141684E+06  0.140995E+06  0.000000E+00  0.000000E+00  0.760843E+03  0.140692E+06
  0.827827E+00  0.125791E+06  0.125179E+06  0.000000E+00  0.000000E+00  0.589419E+03  0.124910E+06
  0.891476E+00  0.111607E+06  0.111064E+06  0.000000E+00  0.000000E+00  0.455926E+03  0.110825E+06
  0.960019E+00  0.989595E+05  0.984783E+05  0.000000E+00  0.000000E+00  0.352161E+03  0.982659E+05
  0.103383E+01  0.876934E+05  0.872671E+05  0.000000E+00  0.000000E+00  0.271642E+03  0.870785E+05
  0.111332E+01  0.776637E+05  0.772862E+05  0.000000E+00  0.000000E+00  0.209256E+03  0.771190E+05
  0.119892E+01  0.687419E+05  0.684078E+05  0.000000E+00  0.000000E+00  0.160997E+03  0.682596E+05
  0.129110E+01  0.608127E+05  0.605171E+05  0.000000E+00  0.000000E+00  0.123721E+03  0.603859E+05
  0.139037E+01  0.537691E+05  0.535077E+05  0.000000E+00  0.000000E+00  0.949675E+02  0.533916E+05
  0.149727E+01  0.475172E+05  0.472863E+05  0.000000E+00  0.000000E+00  0.987878E+02  0.471837E+05
  0.161239E+01  0.419714E+05  0.417674E+05  0.000000E+00  0.000000E+00  0.758807E+02  0.416768E+05
  0.173636E+01  0.370552E+05  0.368751E+05  0.000000E+00  0.000000E+00  0.582194E+02  0.367951E+05
  0.186986E+01  0.326997E+05  0.325408E+05  0.000000E+00  0.000000E+00  0.446206E+02  0.324701E+05
  0.201363E+01  0.288434E+05  0.287032E+05  0.000000E+00  0.000000E+00  0.341632E+02  0.286408E+05
