    0.10000E-03    0.44583E+03
    0.10202E-03    0.45449E+03
    0.10408E-03    0.46332E+03
    0.10618E-03    0.47232E+03
    0.10833E-03    0.48150E+03
    0.11052E-03    0.49085E+03
    0.11275E-03    0.50038E+03
    0.11503E-03    0.51010E+03
    0.11735E-03    0.52001E+03
    0.11972E-03    0.53011E+03
    0.12214E-03    0.54040E+03
    0.12461E-03    0.55089E+03
    0.12712E-03    0.56159E+03
    0.12969E-03    0.57250E+03
    0.13231E-03    0.58361E+03
    0.13499E-03    0.59495E+03
    0.13771E-03    0.60650E+03
    0.14049E-03    0.61827E+03
    0.14333E-03    0.63028E+03
    0.14623E-03    0.64251E+03
    0.14918E-03    0.65499E+03
    0.15220E-03    0.66770E+03
    0.15527E-03    0.68066E+03
    0.15841E-03    0.69388E+03
    0.16161E-03    0.70734E+03
    0.16487E-03    0.72107E+03
    0.16820E-03    0.73507E+03
    0.17160E-03    0.74933E+03
    0.17507E-03    0.76387E+03
    0.17860E-03    0.77870E+03
    0.18221E-03    0.79381E+03
    0.18589E-03    0.80921E+03
    0.18965E-03    0.82491E+03
    0.19348E-03    0.84091E+03
    0.19739E-03    0.85722E+03
    0.20138E-03    0.87385E+03
    0.20544E-03    0.89080E+03
    0.20959E-03    0.90807E+03
    0.21383E-03    0.92568E+03
    0.21815E-03    0.94363E+03
    0.22255E-03    0.96193E+03
    0.22705E-03    0.98057E+03
    0.23164E-03    0.99958E+03
    0.23632E-03    0.10190E+04
    0.24109E-03    0.10387E+04
    0.24596E-03    0.10588E+04
    0.25093E-03    0.10793E+04
    0.25600E-03    0.11003E+04
    0.26117E-03    0.11216E+04
    0.26645E-03    0.11433E+04
    0.27183E-03    0.11654E+04
    0.27732E-03    0.11880E+04
    0.28292E-03    0.12110E+04
    0.28864E-03    0.12344E+04
    0.29447E-03    0.12583E+04
    0.30042E-03    0.12827E+04
    0.30649E-03    0.13075E+04
    0.31268E-03    0.13328E+04
    0.31899E-03    0.13586E+04
    0.32544E-03    0.13849E+04
    0.33201E-03    0.14116E+04
    0.33872E-03    0.14389E+04
    0.34556E-03    0.14667E+04
    0.35254E-03    0.14951E+04
    0.35966E-03    0.15240E+04
    0.36693E-03    0.15534E+04
    0.37434E-03    0.15834E+04
    0.38190E-03    0.16140E+04
    0.38962E-03    0.16451E+04
    0.39749E-03    0.16768E+04
    0.40552E-03    0.17092E+04
    0.41371E-03    0.17421E+04
    0.42207E-03    0.17757E+04
    0.43060E-03    0.18100E+04
    0.43929E-03    0.18448E+04
    0.44817E-03    0.18804E+04
    0.45722E-03    0.19166E+04
    0.46646E-03    0.19535E+04
    0.47588E-03    0.19910E+04
    0.48550E-03    0.20293E+04
    0.49530E-03    0.20683E+04
    0.50531E-03    0.21081E+04
    0.51552E-03    0.21486E+04
    0.52593E-03    0.21899E+04
    0.53656E-03    0.22319E+04
    0.54739E-03    0.22747E+04
    0.55845E-03    0.23183E+04
    0.56973E-03    0.23628E+04
    0.58124E-03    0.24080E+04
    0.59299E-03    0.24541E+04
    0.60496E-03    0.25011E+04
    0.61719E-03    0.25489E+04
    0.62965E-03    0.25977E+04
    0.64237E-03    0.26473E+04
    0.65535E-03    0.26978E+04
    0.66859E-03    0.27493E+04
    0.68210E-03    0.28018E+04
    0.69588E-03    0.28552E+04
    0.70993E-03    0.29095E+04
    0.72427E-03    0.29649E+04
    0.73891E-03    0.30213E+04
    0.75383E-03    0.30787E+04
    0.76906E-03    0.31372E+04
    0.78460E-03    0.31967E+04
    0.80045E-03    0.32573E+04
    0.81662E-03    0.33190E+04
    0.83311E-03    0.33819E+04
    0.84994E-03    0.34458E+04
    0.86711E-03    0.35109E+04
    0.88463E-03    0.35772E+04
    0.90250E-03    0.36447E+04
    0.92073E-03    0.37134E+04
    0.93933E-03    0.37833E+04
    0.95831E-03    0.38544E+04
    0.97767E-03    0.39268E+04
    0.99742E-03    0.40005E+04
    0.10176E-02    0.40755E+04
    0.10381E-02    0.41518E+04
    0.10591E-02    0.42295E+04
    0.10805E-02    0.43085E+04
    0.11023E-02    0.43888E+04
    0.11246E-02    0.44706E+04
    0.11473E-02    0.45538E+04
    0.11705E-02    0.46384E+04
    0.11941E-02    0.47244E+04
    0.12182E-02    0.48120E+04
    0.12429E-02    0.49010E+04
    0.12680E-02    0.49915E+04
    0.12936E-02    0.50836E+04
    0.13197E-02    0.51772E+04
    0.13464E-02    0.52724E+04
    0.13736E-02    0.53692E+04
    0.14013E-02    0.54675E+04
    0.14296E-02    0.55675E+04
    0.14585E-02    0.56692E+04
    0.14880E-02    0.57724E+04
    0.15180E-02    0.58774E+04
    0.15487E-02    0.59841E+04
    0.15800E-02    0.60924E+04
    0.16119E-02    0.62025E+04
    0.16445E-02    0.63144E+04
    0.16777E-02    0.64280E+04
    0.17116E-02    0.65434E+04
    0.17462E-02    0.66606E+04
    0.17814E-02    0.67796E+04
    0.18174E-02    0.69004E+04
    0.18541E-02    0.70230E+04
    0.18916E-02    0.71475E+04
    0.19298E-02    0.72739E+04
    0.19688E-02    0.74022E+04
    0.20086E-02    0.75323E+04
    0.20491E-02    0.76644E+04
    0.20905E-02    0.77983E+04
    0.21328E-02    0.79342E+04
    0.21758E-02    0.80720E+04
    0.22198E-02    0.82118E+04
    0.22646E-02    0.83535E+04
    0.23104E-02    0.84971E+04
    0.23571E-02    0.86427E+04
    0.24047E-02    0.87903E+04
    0.24533E-02    0.89399E+04
    0.25028E-02    0.90914E+04
    0.25534E-02    0.92449E+04
    0.26050E-02    0.94003E+04
    0.26576E-02    0.95578E+04
    0.27113E-02    0.97172E+04
    0.27660E-02    0.98786E+04
    0.28219E-02    0.10042E+05
    0.28789E-02    0.10207E+05
    0.29371E-02    0.10374E+05
    0.29964E-02    0.10543E+05
    0.30569E-02    0.10715E+05
    0.31187E-02    0.10888E+05
    0.31817E-02    0.11062E+05
    0.32460E-02    0.11239E+05
    0.33115E-02    0.11418E+05
    0.33784E-02    0.11599E+05
    0.34467E-02    0.11781E+05
    0.35163E-02    0.11965E+05
    0.35874E-02    0.12151E+05
    0.36598E-02    0.12338E+05
    0.37338E-02    0.12527E+05
    0.38092E-02    0.12717E+05
    0.38861E-02    0.12910E+05
    0.39646E-02    0.13106E+05
    0.40447E-02    0.13304E+05
    0.41264E-02    0.13503E+05
    0.42098E-02    0.13704E+05
    0.42948E-02    0.13905E+05
    0.43816E-02    0.14104E+05
    0.44701E-02    0.14300E+05
    0.45604E-02    0.14495E+05
    0.46525E-02    0.14691E+05
    0.47465E-02    0.14894E+05
    0.48424E-02    0.15108E+05
    0.49402E-02    0.15338E+05
    0.50400E-02    0.15498E+05
    0.51419E-02    0.15705E+05
    0.52457E-02    0.15914E+05
    0.53517E-02    0.16125E+05
    0.54598E-02    0.16336E+05
    0.55701E-02    0.16548E+05
    0.56826E-02    0.16760E+05
    0.57974E-02    0.16972E+05
    0.59145E-02    0.17185E+05
    0.60340E-02    0.17398E+05
    0.61559E-02    0.17610E+05
    0.62803E-02    0.17823E+05
    0.64072E-02    0.18036E+05
    0.65366E-02    0.18248E+05
    0.66686E-02    0.18460E+05
    0.68033E-02    0.18671E+05
    0.69408E-02    0.18881E+05
    0.70810E-02    0.19091E+05
    0.72240E-02    0.19299E+05
    0.73700E-02    0.19507E+05
    0.75189E-02    0.19713E+05
    0.76708E-02    0.19918E+05
    0.78257E-02    0.20121E+05
    0.79838E-02    0.20323E+05
    0.81451E-02    0.20522E+05
    0.83096E-02    0.20720E+05
    0.84775E-02    0.20915E+05
    0.86488E-02    0.21108E+05
    0.88235E-02    0.21298E+05
    0.90017E-02    0.21485E+05
    0.91836E-02    0.21669E+05
    0.93691E-02    0.21850E+05
    0.95583E-02    0.22028E+05
    0.97514E-02    0.22202E+05
    0.99484E-02    0.22372E+05
    0.10149E-01    0.22539E+05
    0.10354E-01    0.22700E+05
    0.10564E-01    0.22858E+05
    0.10777E-01    0.23010E+05
    0.10995E-01    0.23158E+05
    0.11217E-01    0.23301E+05
    0.11443E-01    0.23438E+05
    0.11675E-01    0.23569E+05
    0.11910E-01    0.23695E+05
    0.12151E-01    0.23814E+05
    0.12397E-01    0.23927E+05
    0.12647E-01    0.24033E+05
    0.12902E-01    0.24133E+05
    0.13163E-01    0.24225E+05
    0.13429E-01    0.24310E+05
    0.13700E-01    0.24387E+05
    0.13977E-01    0.24456E+05
    0.14259E-01    0.24517E+05
    0.14547E-01    0.24569E+05
    0.14841E-01    0.24613E+05
    0.15141E-01    0.24648E+05
    0.15447E-01    0.24674E+05
    0.15759E-01    0.24690E+05
    0.16077E-01    0.24697E+05
    0.16402E-01    0.24693E+05
    0.16734E-01    0.24680E+05
    0.17072E-01    0.24657E+05
    0.17416E-01    0.24623E+05
    0.17768E-01    0.24578E+05
    0.18127E-01    0.24522E+05
    0.18493E-01    0.24456E+05
    0.18867E-01    0.24379E+05
    0.19248E-01    0.24290E+05
    0.19637E-01    0.24190E+05
    0.20034E-01    0.24078E+05
    0.20438E-01    0.23955E+05
    0.20851E-01    0.23821E+05
    0.21272E-01    0.23675E+05
    0.21702E-01    0.23518E+05
    0.22141E-01    0.23349E+05
    0.22588E-01    0.23169E+05
    0.23044E-01    0.22978E+05
    0.23510E-01    0.22776E+05
    0.23985E-01    0.22563E+05
    0.24469E-01    0.22340E+05
    0.24964E-01    0.22106E+05
    0.25468E-01    0.21862E+05
    0.25982E-01    0.21608E+05
    0.26507E-01    0.21346E+05
    0.27043E-01    0.21074E+05
    0.27589E-01    0.20794E+05
    0.28146E-01    0.20506E+05
    0.28715E-01    0.20211E+05
    0.29295E-01    0.19910E+05
    0.29887E-01    0.19602E+05
    0.30490E-01    0.19289E+05
    0.31106E-01    0.18971E+05
    0.31735E-01    0.18650E+05
    0.32376E-01    0.18325E+05
    0.33030E-01    0.17998E+05
    0.33697E-01    0.17670E+05
    0.34378E-01    0.17341E+05
    0.35072E-01    0.17012E+05
    0.35781E-01    0.16684E+05
    0.36504E-01    0.16359E+05
    0.37241E-01    0.16036E+05
    0.37993E-01    0.15716E+05
    0.38761E-01    0.15401E+05
    0.39544E-01    0.15091E+05
    0.40343E-01    0.14788E+05
    0.41158E-01    0.14491E+05
    0.41989E-01    0.14201E+05
    0.42838E-01    0.13920E+05
    0.43703E-01    0.13647E+05
    0.44586E-01    0.13383E+05
    0.45486E-01    0.13128E+05
    0.46405E-01    0.12883E+05
    0.47343E-01    0.12648E+05
    0.48299E-01    0.12423E+05
    0.49275E-01    0.12208E+05
    0.50270E-01    0.12002E+05
    0.51286E-01    0.11807E+05
    0.52322E-01    0.11620E+05
    0.53379E-01    0.11443E+05
    0.54457E-01    0.11273E+05
    0.55557E-01    0.11111E+05
    0.56680E-01    0.10955E+05
    0.57825E-01    0.10804E+05
    0.58993E-01    0.10658E+05
    0.60184E-01    0.10515E+05
    0.61400E-01    0.10373E+05
    0.62641E-01    0.10232E+05
    0.63906E-01    0.10090E+05
    0.65197E-01    0.99455E+04
    0.66514E-01    0.97968E+04
    0.67858E-01    0.96430E+04
    0.69229E-01    0.94826E+04
    0.70627E-01    0.93147E+04
    0.72054E-01    0.91384E+04
    0.73510E-01    0.89529E+04
    0.74994E-01    0.87580E+04
    0.76509E-01    0.85537E+04
    0.78055E-01    0.83402E+04
    0.79632E-01    0.81182E+04
    0.81241E-01    0.78888E+04
    0.82882E-01    0.76532E+04
    0.84556E-01    0.74134E+04
    0.86264E-01    0.71713E+04
    0.88007E-01    0.69290E+04
    0.89785E-01    0.66891E+04
    0.91598E-01    0.64539E+04
    0.93449E-01    0.62256E+04
    0.95337E-01    0.60067E+04
    0.97263E-01    0.57993E+04
    0.99227E-01    0.56049E+04
    0.10123E+00    0.54250E+04
    0.10328E+00    0.52606E+04
    0.10536E+00    0.51119E+04
    0.10749E+00    0.49791E+04
    0.10966E+00    0.48614E+04
    0.11188E+00    0.47578E+04
    0.11414E+00    0.46664E+04
    0.11644E+00    0.45852E+04
    0.11880E+00    0.45118E+04
    0.12120E+00    0.44429E+04
    0.12365E+00    0.43757E+04
    0.12614E+00    0.43069E+04
    0.12869E+00    0.42338E+04
    0.13129E+00    0.41540E+04
    0.13394E+00    0.40656E+04
    0.13665E+00    0.39675E+04
    0.13941E+00    0.38596E+04
    0.14223E+00    0.37426E+04
    0.14510E+00    0.36186E+04
    0.14803E+00    0.34901E+04
    0.15102E+00    0.33604E+04
    0.15407E+00    0.32329E+04
    0.15718E+00    0.31107E+04
    0.16036E+00    0.29970E+04
    0.16360E+00    0.28941E+04
    0.16690E+00    0.28033E+04
    0.17028E+00    0.27250E+04
    0.17371E+00    0.26585E+04
    0.17722E+00    0.26023E+04
    0.18080E+00    0.25541E+04
    0.18446E+00    0.25107E+04
    0.18818E+00    0.24687E+04
    0.19198E+00    0.24251E+04
    0.19586E+00    0.23772E+04
    0.19982E+00    0.23231E+04
    0.20386E+00    0.22624E+04
    0.20797E+00    0.21958E+04
    0.21218E+00    0.21254E+04
    0.21646E+00    0.20538E+04
    0.22083E+00    0.19839E+04
    0.22530E+00    0.19187E+04
    0.22985E+00    0.18601E+04
    0.23449E+00    0.18090E+04
    0.23923E+00    0.17653E+04
    0.24406E+00    0.17276E+04
    0.24899E+00    0.16940E+04
    0.25402E+00    0.16619E+04
    0.25915E+00    0.16290E+04
    0.26439E+00    0.15935E+04
    0.26973E+00    0.15548E+04
    0.27518E+00    0.15134E+04
    0.28074E+00    0.14706E+04
    0.28641E+00    0.14285E+04
    0.29219E+00    0.13887E+04
    0.29810E+00    0.13526E+04
    0.30412E+00    0.13205E+04
    0.31026E+00    0.12919E+04
    0.31653E+00    0.12655E+04
    0.32292E+00    0.12398E+04
    0.32945E+00    0.12137E+04
    0.33610E+00    0.11864E+04
    0.34289E+00    0.11581E+04
    0.34982E+00    0.11298E+04
    0.35689E+00    0.11024E+04
    0.36409E+00    0.10766E+04
    0.37145E+00    0.10529E+04
    0.37895E+00    0.10308E+04
    0.38661E+00    0.10099E+04
    0.39442E+00    0.98921E+03
    0.40239E+00    0.96844E+03
    0.41052E+00    0.94754E+03
    0.41881E+00    0.92687E+03
    0.42727E+00    0.90689E+03
    0.43590E+00    0.88790E+03
    0.44471E+00    0.86989E+03
    0.45369E+00    0.85259E+03
    0.46286E+00    0.83567E+03
    0.47221E+00    0.81894E+03
    0.48174E+00    0.80241E+03
    0.49148E+00    0.78626E+03
    0.50141E+00    0.77064E+03
    0.51153E+00    0.75559E+03
    0.52187E+00    0.74101E+03
    0.53241E+00    0.72676E+03
    0.54317E+00    0.71277E+03
    0.55414E+00    0.69904E+03
    0.56533E+00    0.68565E+03
    0.57675E+00    0.67263E+03
    0.58840E+00    0.65995E+03
    0.60029E+00    0.64754E+03
    0.61242E+00    0.63539E+03
    0.62479E+00    0.62348E+03
    0.63741E+00    0.61182E+03
    0.65029E+00    0.60043E+03
    0.66342E+00    0.58928E+03
    0.67683E+00    0.57834E+03
    0.69050E+00    0.56762E+03
    0.70445E+00    0.55710E+03
    0.71868E+00    0.54677E+03
    0.73320E+00    0.53664E+03
    0.74801E+00    0.52670E+03
    0.76312E+00    0.51692E+03
    0.77854E+00    0.50732E+03
    0.79426E+00    0.49788E+03
    0.81031E+00    0.48859E+03
    0.82668E+00    0.47945E+03
    0.84338E+00    0.47046E+03
    0.86041E+00    0.46160E+03
    0.87780E+00    0.45288E+03
    0.89553E+00    0.44429E+03
    0.91362E+00    0.43583E+03
    0.93208E+00    0.42748E+03
    0.95091E+00    0.41925E+03
    0.97011E+00    0.41114E+03
    0.98971E+00    0.40313E+03
    0.10097E+01    0.39524E+03
    0.10301E+01    0.38744E+03
    0.10509E+01    0.37975E+03
    0.10721E+01    0.37216E+03
    0.10938E+01    0.36466E+03
    0.11159E+01    0.35726E+03
    0.11384E+01    0.34995E+03
    0.11614E+01    0.34273E+03
    0.11849E+01    0.33560E+03
    0.12088E+01    0.32855E+03
    0.12333E+01    0.32160E+03
    0.12582E+01    0.31473E+03
    0.12836E+01    0.30794E+03
    0.13095E+01    0.30124E+03
    0.13360E+01    0.29461E+03
    0.13630E+01    0.28808E+03
    0.13905E+01    0.28162E+03
    0.14186E+01    0.27524E+03
    0.14472E+01    0.26894E+03
    0.14765E+01    0.26273E+03
    0.15063E+01    0.25659E+03
    0.15367E+01    0.25054E+03
    0.15678E+01    0.24456E+03
    0.15994E+01    0.23867E+03
    0.16318E+01    0.23286E+03
    0.16647E+01    0.22713E+03
    0.16984E+01    0.22147E+03
    0.17327E+01    0.21590E+03
    0.17677E+01    0.21041E+03
    0.18034E+01    0.20501E+03
    0.18398E+01    0.19969E+03
    0.18770E+01    0.19445E+03
    0.19149E+01    0.18930E+03
    0.19536E+01    0.18422E+03
    0.19930E+01    0.17922E+03
    0.20333E+01    0.17430E+03
    0.20744E+01    0.16948E+03
