  0.745045E-04  0.198020E+08  0.198020E+08  0.257044E+08  0.257033E+08  0.198013E+08  0.198020E+08
  0.832603E-04  0.198017E+08  0.198017E+08  0.255329E+08  0.255316E+08  0.198007E+08  0.198017E+08
  0.930449E-04  0.198013E+08  0.198013E+08  0.253201E+08  0.253185E+08  0.198000E+08  0.198013E+08
  0.103979E-03  0.198008E+08  0.198008E+08  0.250567E+08  0.250548E+08  0.197991E+08  0.198008E+08
  0.116199E-03  0.198002E+08  0.198002E+08  0.247313E+08  0.247289E+08  0.197980E+08  0.198002E+08
  0.129855E-03  0.197995E+08  0.197995E+08  0.243304E+08  0.243274E+08  0.197966E+08  0.197995E+08
  0.145115E-03  0.197986E+08  0.197986E+08  0.238380E+08  0.238344E+08  0.197949E+08  0.197986E+08
  0.162169E-03  0.197975E+08  0.197974E+08  0.232359E+08  0.232315E+08  0.197927E+08  0.197974E+08
  0.181227E-03  0.197960E+08  0.197960E+08  0.225035E+08  0.224984E+08  0.197900E+08  0.197960E+08
  0.202524E-03  0.197943E+08  0.197943E+08  0.216187E+08  0.216126E+08  0.197866E+08  0.197942E+08
  0.226325E-03  0.197921E+08  0.197921E+08  0.205587E+08  0.205516E+08  0.197824E+08  0.197920E+08
  0.252922E-03  0.197893E+08  0.197893E+08  0.193023E+08  0.192941E+08  0.197772E+08  0.197893E+08
  0.282645E-03  0.197859E+08  0.197859E+08  0.178329E+08  0.178238E+08  0.197707E+08  0.197858E+08
  0.315862E-03  0.197818E+08  0.197817E+08  0.161438E+08  0.161339E+08  0.197626E+08  0.197816E+08
  0.352982E-03  0.197766E+08  0.197766E+08  0.142442E+08  0.142340E+08  0.197526E+08  0.197764E+08
  0.394464E-03  0.197702E+08  0.197702E+08  0.121674E+08  0.121575E+08  0.197402E+08  0.197700E+08
  0.440821E-03  0.197624E+08  0.197624E+08  0.997845E+07  0.996970E+07  0.197249E+08  0.197622E+08
  0.492625E-03  0.197528E+08  0.197528E+08  0.777952E+07  0.777290E+07  0.197059E+08  0.197525E+08
  0.550518E-03  0.197411E+08  0.197411E+08  0.570773E+07  0.570418E+07  0.196827E+08  0.197407E+08
  0.615215E-03  0.197269E+08  0.197269E+08  0.391910E+07  0.391908E+07  0.196541E+08  0.197265E+08
  0.687514E-03  0.197098E+08  0.197097E+08  0.255329E+07  0.255638E+07  0.196192E+08  0.197092E+08
  0.768310E-03  0.196891E+08  0.196891E+08  0.168102E+07  0.168559E+07  0.195767E+08  0.196884E+08
  0.858601E-03  0.196644E+08  0.196643E+08  0.125227E+07  0.125580E+07  0.195250E+08  0.196635E+08
  0.959503E-03  0.196350E+08  0.196349E+08  0.108532E+07  0.108567E+07  0.194624E+08  0.196339E+08
  0.107226E-02  0.196001E+08  0.195999E+08  0.941795E+06  0.939145E+06  0.193869E+08  0.195987E+08
  0.119827E-02  0.195588E+08  0.195586E+08  0.682625E+06  0.680045E+06  0.192964E+08  0.195571E+08
  0.133909E-02  0.195101E+08  0.195099E+08  0.383041E+06  0.383639E+06  0.191889E+08  0.195081E+08
  0.149646E-02  0.194530E+08  0.194527E+08  0.224524E+06  0.226851E+06  0.190606E+08  0.194505E+08
  0.167233E-02  0.193860E+08  0.193857E+08  0.211726E+06  0.211374E+06  0.189092E+08  0.193830E+08
  0.186886E-02  0.193080E+08  0.193076E+08  0.157978E+06  0.156281E+06  0.187319E+08  0.193043E+08
  0.208848E-02  0.192172E+08  0.192167E+08  0.634917E+05  0.647595E+05  0.185259E+08  0.192128E+08
  0.233392E-02  0.191122E+08  0.191116E+08  0.622514E+05  0.619320E+05  0.182889E+08  0.191069E+08
  0.260820E-02  0.189911E+08  0.189903E+08  0.372081E+05  0.352488E+05  0.180190E+08  0.189849E+08
  0.291471E-02  0.188521E+08  0.188511E+08  0.193043E+05  0.165754E+05  0.177147E+08  0.188448E+08
  0.325725E-02  0.186933E+08  0.186921E+08  0.160746E+05  0.114318E+05  0.173752E+08  0.186849E+08
  0.364004E-02  0.185129E+08  0.185114E+08  0.478329E+04  0.548654E+04  0.169992E+08  0.185031E+08
  0.406781E-02  0.183089E+08  0.183070E+08 -0.279868E+04 -0.297071E+04  0.165856E+08  0.182978E+08
  0.454586E-02  0.180794E+08  0.180771E+08  0.189337E+03 -0.511447E+03  0.161323E+08  0.180668E+08
  0.459665E-02  0.180550E+08  0.180526E+08 -0.151000E+04 -0.186788E+04  0.160847E+08  0.180422E+08
  0.464801E-02  0.180303E+08  0.180279E+08 -0.316505E+04 -0.316337E+04  0.160367E+08  0.180174E+08
  0.469994E-02  0.180053E+08  0.180029E+08 -0.443502E+04 -0.413360E+04  0.159882E+08  0.179922E+08
  0.475245E-02  0.179800E+08  0.179776E+08  0.000000E+00  0.000000E+00  0.159393E+08  0.179668E+08
  0.480555E-02  0.179545E+08  0.179520E+08  0.000000E+00  0.000000E+00  0.158900E+08  0.179411E+08
  0.485924E-02  0.179287E+08  0.179261E+08  0.000000E+00  0.000000E+00  0.158403E+08  0.179152E+08
  0.491354E-02  0.179026E+08  0.178999E+08  0.000000E+00  0.000000E+00  0.157901E+08  0.178889E+08
  0.496843E-02  0.178762E+08  0.178735E+08  0.000000E+00  0.000000E+00  0.157395E+08  0.178623E+08
  0.502395E-02  0.178495E+08  0.178468E+08  0.000000E+00  0.000000E+00  0.156884E+08  0.178355E+08
  0.508008E-02  0.178225E+08  0.178197E+08  0.000000E+00  0.000000E+00  0.156369E+08  0.178084E+08
  0.513684E-02  0.177953E+08  0.177924E+08  0.000000E+00  0.000000E+00  0.155850E+08  0.177809E+08
  0.519423E-02  0.177677E+08  0.177648E+08  0.000000E+00  0.000000E+00  0.155326E+08  0.177532E+08
  0.525227E-02  0.177399E+08  0.177369E+08  0.000000E+00  0.000000E+00  0.154798E+08  0.177252E+08
  0.531095E-02  0.177117E+08  0.177087E+08  0.000000E+00  0.000000E+00  0.154265E+08  0.176969E+08
  0.537029E-02  0.176833E+08  0.176802E+08  0.000000E+00  0.000000E+00  0.153728E+08  0.176683E+08
  0.543030E-02  0.176545E+08  0.176513E+08  0.000000E+00  0.000000E+00  0.153187E+08  0.176394E+08
  0.549097E-02  0.176255E+08  0.176222E+08  0.000000E+00  0.000000E+00  0.152640E+08  0.176101E+08
  0.555232E-02  0.175961E+08  0.175928E+08  0.000000E+00  0.000000E+00  0.152090E+08  0.175806E+08
  0.561436E-02  0.175664E+08  0.175630E+08  0.000000E+00  0.000000E+00  0.151535E+08  0.175508E+08
  0.567709E-02  0.175365E+08  0.175330E+08  0.000000E+00  0.000000E+00  0.150975E+08  0.175206E+08
  0.574052E-02  0.175062E+08  0.175026E+08  0.000000E+00  0.000000E+00  0.150411E+08  0.174901E+08
  0.580466E-02  0.174756E+08  0.174720E+08  0.000000E+00  0.000000E+00  0.149842E+08  0.174594E+08
  0.586951E-02  0.174447E+08  0.174410E+08  0.000000E+00  0.000000E+00  0.149269E+08  0.174283E+08
  0.593509E-02  0.174134E+08  0.174097E+08  0.000000E+00  0.000000E+00  0.148692E+08  0.173969E+08
  0.600141E-02  0.173819E+08  0.173780E+08  0.000000E+00  0.000000E+00  0.148109E+08  0.173651E+08
  0.606846E-02  0.173500E+08  0.173461E+08  0.000000E+00  0.000000E+00  0.147523E+08  0.173331E+08
  0.613626E-02  0.173178E+08  0.173138E+08  0.000000E+00  0.000000E+00  0.146932E+08  0.173007E+08
  0.620482E-02  0.172853E+08  0.172812E+08  0.000000E+00  0.000000E+00  0.146336E+08  0.172680E+08
  0.627415E-02  0.172524E+08  0.172483E+08  0.000000E+00  0.000000E+00  0.145736E+08  0.172350E+08
  0.634425E-02  0.172193E+08  0.172150E+08  0.000000E+00  0.000000E+00  0.145132E+08  0.172016E+08
  0.641514E-02  0.171858E+08  0.171814E+08  0.000000E+00  0.000000E+00  0.144523E+08  0.171679E+08
  0.648681E-02  0.171519E+08  0.171475E+08  0.000000E+00  0.000000E+00  0.143909E+08  0.171339E+08
  0.655929E-02  0.171178E+08  0.171132E+08  0.000000E+00  0.000000E+00  0.143292E+08  0.170996E+08
  0.663258E-02  0.170833E+08  0.170786E+08  0.000000E+00  0.000000E+00  0.142669E+08  0.170649E+08
  0.670669E-02  0.170484E+08  0.170437E+08  0.000000E+00  0.000000E+00  0.142043E+08  0.170298E+08
  0.678162E-02  0.170132E+08  0.170084E+08  0.000000E+00  0.000000E+00  0.141412E+08  0.169945E+08
  0.685739E-02  0.169777E+08  0.169728E+08  0.000000E+00  0.000000E+00  0.140776E+08  0.169587E+08
  0.693401E-02  0.169419E+08  0.169368E+08  0.000000E+00  0.000000E+00  0.140137E+08  0.169227E+08
  0.701148E-02  0.169057E+08  0.169005E+08  0.000000E+00  0.000000E+00  0.139492E+08  0.168863E+08
  0.708982E-02  0.168691E+08  0.168639E+08  0.000000E+00  0.000000E+00  0.138844E+08  0.168495E+08
  0.716904E-02  0.168322E+08  0.168268E+08  0.000000E+00  0.000000E+00  0.138191E+08  0.168124E+08
  0.724914E-02  0.167949E+08  0.167895E+08  0.000000E+00  0.000000E+00  0.137534E+08  0.167750E+08
  0.733013E-02  0.167573E+08  0.167517E+08  0.000000E+00  0.000000E+00  0.136872E+08  0.167372E+08
  0.741203E-02  0.167194E+08  0.167137E+08  0.000000E+00  0.000000E+00  0.136207E+08  0.166990E+08
  0.749485E-02  0.166810E+08  0.166752E+08  0.000000E+00  0.000000E+00  0.135537E+08  0.166605E+08
  0.757859E-02  0.166424E+08  0.166364E+08  0.000000E+00  0.000000E+00  0.134862E+08  0.166216E+08
  0.766327E-02  0.166033E+08  0.165973E+08  0.000000E+00  0.000000E+00  0.134184E+08  0.165824E+08
  0.774889E-02  0.165639E+08  0.165577E+08  0.000000E+00  0.000000E+00  0.133501E+08  0.165428E+08
  0.783547E-02  0.165241E+08  0.165178E+08  0.000000E+00  0.000000E+00  0.132814E+08  0.165028E+08
  0.792301E-02  0.164840E+08  0.164776E+08  0.000000E+00  0.000000E+00  0.132123E+08  0.164625E+08
  0.801154E-02  0.164435E+08  0.164369E+08  0.000000E+00  0.000000E+00  0.131428E+08  0.164218E+08
  0.810105E-02  0.164026E+08  0.163959E+08  0.000000E+00  0.000000E+00  0.130730E+08  0.163807E+08
  0.819156E-02  0.163614E+08  0.163546E+08  0.000000E+00  0.000000E+00  0.130027E+08  0.163392E+08
  0.828309E-02  0.163198E+08  0.163128E+08  0.000000E+00  0.000000E+00  0.129320E+08  0.162974E+08
  0.837564E-02  0.162778E+08  0.162707E+08  0.000000E+00  0.000000E+00  0.128609E+08  0.162552E+08
  0.846922E-02  0.162354E+08  0.162282E+08  0.000000E+00  0.000000E+00  0.127894E+08  0.162126E+08
  0.856385E-02  0.161927E+08  0.161853E+08  0.000000E+00  0.000000E+00  0.127176E+08  0.161697E+08
  0.865953E-02  0.161495E+08  0.161420E+08  0.000000E+00  0.000000E+00  0.126454E+08  0.161264E+08
  0.875628E-02  0.161060E+08  0.160983E+08  0.000000E+00  0.000000E+00  0.125729E+08  0.160826E+08
  0.885412E-02  0.160621E+08  0.160543E+08  0.000000E+00  0.000000E+00  0.124999E+08  0.160385E+08
  0.895305E-02  0.160178E+08  0.160098E+08  0.000000E+00  0.000000E+00  0.124267E+08  0.159940E+08
  0.905308E-02  0.159732E+08  0.159650E+08  0.000000E+00  0.000000E+00  0.123531E+08  0.159492E+08
  0.915423E-02  0.159281E+08  0.159198E+08  0.000000E+00  0.000000E+00  0.122792E+08  0.159039E+08
  0.925651E-02  0.158827E+08  0.158741E+08  0.000000E+00  0.000000E+00  0.122049E+08  0.158582E+08
  0.935993E-02  0.158368E+08  0.158281E+08  0.000000E+00  0.000000E+00  0.121303E+08  0.158122E+08
  0.946451E-02  0.157906E+08  0.157817E+08  0.000000E+00  0.000000E+00  0.120554E+08  0.157657E+08
  0.957026E-02  0.157439E+08  0.157349E+08  0.000000E+00  0.000000E+00  0.119802E+08  0.157189E+08
  0.967719E-02  0.156969E+08  0.156876E+08  0.000000E+00  0.000000E+00  0.119047E+08  0.156716E+08
  0.978531E-02  0.156494E+08  0.156400E+08  0.000000E+00  0.000000E+00  0.118288E+08  0.156240E+08
  0.989465E-02  0.156016E+08  0.155920E+08  0.000000E+00  0.000000E+00  0.117527E+08  0.155759E+08
  0.100052E-01  0.155533E+08  0.155435E+08  0.000000E+00  0.000000E+00  0.116763E+08  0.155275E+08
  0.101170E-01  0.155047E+08  0.154947E+08  0.000000E+00  0.000000E+00  0.115995E+08  0.154786E+08
  0.102300E-01  0.154556E+08  0.154454E+08  0.000000E+00  0.000000E+00  0.115224E+08  0.154293E+08
  0.103443E-01  0.154061E+08  0.153957E+08  0.000000E+00  0.000000E+00  0.114451E+08  0.153796E+08
  0.104599E-01  0.153562E+08  0.153457E+08  0.000000E+00  0.000000E+00  0.113674E+08  0.153295E+08
  0.105768E-01  0.153059E+08  0.152951E+08  0.000000E+00  0.000000E+00  0.112895E+08  0.152790E+08
  0.106949E-01  0.152552E+08  0.152442E+08  0.000000E+00  0.000000E+00  0.112112E+08  0.152281E+08
  0.108144E-01  0.152041E+08  0.151929E+08  0.000000E+00  0.000000E+00  0.111326E+08  0.151768E+08
  0.109353E-01  0.151525E+08  0.151411E+08  0.000000E+00  0.000000E+00  0.110538E+08  0.151250E+08
  0.110575E-01  0.151005E+08  0.150889E+08  0.000000E+00  0.000000E+00  0.109746E+08  0.150728E+08
  0.111810E-01  0.150481E+08  0.150363E+08  0.000000E+00  0.000000E+00  0.108951E+08  0.150202E+08
  0.113059E-01  0.149953E+08  0.149832E+08  0.000000E+00  0.000000E+00  0.108154E+08  0.149672E+08
  0.114322E-01  0.149421E+08  0.149297E+08  0.000000E+00  0.000000E+00  0.107354E+08  0.149137E+08
  0.115600E-01  0.148884E+08  0.148758E+08  0.000000E+00  0.000000E+00  0.106551E+08  0.148599E+08
  0.116891E-01  0.148343E+08  0.148214E+08  0.000000E+00  0.000000E+00  0.105746E+08  0.148055E+08
  0.118197E-01  0.147797E+08  0.147667E+08  0.000000E+00  0.000000E+00  0.104939E+08  0.147508E+08
  0.119518E-01  0.147248E+08  0.147114E+08  0.000000E+00  0.000000E+00  0.104129E+08  0.146956E+08
  0.120853E-01  0.146694E+08  0.146558E+08  0.000000E+00  0.000000E+00  0.103317E+08  0.146400E+08
  0.122204E-01  0.146135E+08  0.145997E+08  0.000000E+00  0.000000E+00  0.102502E+08  0.145840E+08
  0.123569E-01  0.145572E+08  0.145431E+08  0.000000E+00  0.000000E+00  0.101686E+08  0.145275E+08
  0.124950E-01  0.145005E+08  0.144861E+08  0.000000E+00  0.000000E+00  0.100868E+08  0.144706E+08
  0.126346E-01  0.144433E+08  0.144287E+08  0.000000E+00  0.000000E+00  0.100049E+08  0.144132E+08
  0.127758E-01  0.143857E+08  0.143708E+08  0.000000E+00  0.000000E+00  0.992281E+07  0.143554E+08
  0.129185E-01  0.143277E+08  0.143125E+08  0.000000E+00  0.000000E+00  0.984057E+07  0.142972E+08
  0.130628E-01  0.142692E+08  0.142537E+08  0.000000E+00  0.000000E+00  0.975820E+07  0.142385E+08
  0.132088E-01  0.142103E+08  0.141945E+08  0.000000E+00  0.000000E+00  0.967571E+07  0.141793E+08
  0.133564E-01  0.141509E+08  0.141348E+08  0.000000E+00  0.000000E+00  0.959310E+07  0.141198E+08
  0.135056E-01  0.140910E+08  0.140747E+08  0.000000E+00  0.000000E+00  0.951038E+07  0.140597E+08
  0.136565E-01  0.140308E+08  0.140141E+08  0.000000E+00  0.000000E+00  0.942754E+07  0.139993E+08
  0.138091E-01  0.139700E+08  0.139531E+08  0.000000E+00  0.000000E+00  0.934461E+07  0.139384E+08
  0.139634E-01  0.139088E+08  0.138916E+08  0.000000E+00  0.000000E+00  0.926157E+07  0.138770E+08
  0.141194E-01  0.138472E+08  0.138296E+08  0.000000E+00  0.000000E+00  0.917844E+07  0.138152E+08
  0.142772E-01  0.137851E+08  0.137672E+08  0.000000E+00  0.000000E+00  0.909521E+07  0.137529E+08
  0.144367E-01  0.137226E+08  0.137044E+08  0.000000E+00  0.000000E+00  0.901188E+07  0.136902E+08
  0.145980E-01  0.136596E+08  0.136410E+08  0.000000E+00  0.000000E+00  0.892847E+07  0.136270E+08
  0.147611E-01  0.135961E+08  0.135773E+08  0.000000E+00  0.000000E+00  0.884497E+07  0.135634E+08
  0.149260E-01  0.135322E+08  0.135130E+08  0.000000E+00  0.000000E+00  0.876140E+07  0.134993E+08
  0.150928E-01  0.134679E+08  0.134483E+08  0.000000E+00  0.000000E+00  0.867776E+07  0.134348E+08
  0.152614E-01  0.134031E+08  0.133832E+08  0.000000E+00  0.000000E+00  0.859405E+07  0.133698E+08
  0.154319E-01  0.133378E+08  0.133176E+08  0.000000E+00  0.000000E+00  0.851030E+07  0.133044E+08
  0.156043E-01  0.132721E+08  0.132515E+08  0.000000E+00  0.000000E+00  0.842651E+07  0.132385E+08
  0.157787E-01  0.132059E+08  0.131850E+08  0.000000E+00  0.000000E+00  0.834270E+07  0.131721E+08
  0.159550E-01  0.131393E+08  0.131180E+08  0.000000E+00  0.000000E+00  0.825887E+07  0.131053E+08
  0.161333E-01  0.130722E+08  0.130505E+08  0.000000E+00  0.000000E+00  0.817504E+07  0.130381E+08
  0.163135E-01  0.130046E+08  0.129826E+08  0.000000E+00  0.000000E+00  0.809122E+07  0.129704E+08
  0.164958E-01  0.129366E+08  0.129142E+08  0.000000E+00  0.000000E+00  0.800742E+07  0.129022E+08
  0.166801E-01  0.128682E+08  0.128454E+08  0.000000E+00  0.000000E+00  0.792365E+07  0.128336E+08
  0.168665E-01  0.127993E+08  0.127761E+08  0.000000E+00  0.000000E+00  0.783992E+07  0.127646E+08
  0.170549E-01  0.127299E+08  0.127064E+08  0.000000E+00  0.000000E+00  0.775625E+07  0.126951E+08
  0.172455E-01  0.126601E+08  0.126362E+08  0.000000E+00  0.000000E+00  0.767264E+07  0.126251E+08
  0.174382E-01  0.125899E+08  0.125656E+08  0.000000E+00  0.000000E+00  0.758911E+07  0.125547E+08
  0.176330E-01  0.125192E+08  0.124945E+08  0.000000E+00  0.000000E+00  0.750565E+07  0.124839E+08
  0.178300E-01  0.124481E+08  0.124230E+08  0.000000E+00  0.000000E+00  0.742228E+07  0.124126E+08
  0.180292E-01  0.123765E+08  0.123510E+08  0.000000E+00  0.000000E+00  0.733902E+07  0.123409E+08
  0.182307E-01  0.123045E+08  0.122786E+08  0.000000E+00  0.000000E+00  0.725587E+07  0.122688E+08
  0.184344E-01  0.122320E+08  0.122057E+08  0.000000E+00  0.000000E+00  0.717284E+07  0.121962E+08
  0.186403E-01  0.121592E+08  0.121324E+08  0.000000E+00  0.000000E+00  0.708996E+07  0.121232E+08
  0.188486E-01  0.120858E+08  0.120587E+08  0.000000E+00  0.000000E+00  0.700722E+07  0.120497E+08
  0.190592E-01  0.120121E+08  0.119845E+08  0.000000E+00  0.000000E+00  0.692463E+07  0.119759E+08
  0.192721E-01  0.119379E+08  0.119099E+08  0.000000E+00  0.000000E+00  0.684222E+07  0.119016E+08
  0.194875E-01  0.118634E+08  0.118349E+08  0.000000E+00  0.000000E+00  0.675999E+07  0.118269E+08
  0.197052E-01  0.117884E+08  0.117595E+08  0.000000E+00  0.000000E+00  0.667795E+07  0.117518E+08
  0.199254E-01  0.117130E+08  0.116837E+08  0.000000E+00  0.000000E+00  0.659610E+07  0.116763E+08
  0.201480E-01  0.116372E+08  0.116074E+08  0.000000E+00  0.000000E+00  0.651447E+07  0.116004E+08
  0.203731E-01  0.115609E+08  0.115308E+08  0.000000E+00  0.000000E+00  0.643305E+07  0.115241E+08
  0.206007E-01  0.114843E+08  0.114538E+08  0.000000E+00  0.000000E+00  0.635187E+07  0.114474E+08
  0.208309E-01  0.114074E+08  0.113764E+08  0.000000E+00  0.000000E+00  0.627092E+07  0.113703E+08
  0.210637E-01  0.113300E+08  0.112986E+08  0.000000E+00  0.000000E+00  0.619023E+07  0.112929E+08
  0.212990E-01  0.112522E+08  0.112204E+08  0.000000E+00  0.000000E+00  0.610981E+07  0.112150E+08
  0.215370E-01  0.111741E+08  0.111418E+08  0.000000E+00  0.000000E+00  0.602967E+07  0.111368E+08
  0.217776E-01  0.110957E+08  0.110629E+08  0.000000E+00  0.000000E+00  0.594982E+07  0.110583E+08
  0.220209E-01  0.110169E+08  0.109837E+08  0.000000E+00  0.000000E+00  0.587028E+07  0.109794E+08
  0.222670E-01  0.109377E+08  0.109041E+08  0.000000E+00  0.000000E+00  0.579106E+07  0.109002E+08
  0.225158E-01  0.108582E+08  0.108241E+08  0.000000E+00  0.000000E+00  0.571217E+07  0.108206E+08
  0.227673E-01  0.107784E+08  0.107439E+08  0.000000E+00  0.000000E+00  0.563361E+07  0.107407E+08
  0.230217E-01  0.106982E+08  0.106633E+08  0.000000E+00  0.000000E+00  0.555540E+07  0.106606E+08
  0.232789E-01  0.106178E+08  0.105825E+08  0.000000E+00  0.000000E+00  0.547754E+07  0.105801E+08
  0.235390E-01  0.105371E+08  0.105013E+08  0.000000E+00  0.000000E+00  0.540003E+07  0.104993E+08
  0.238020E-01  0.104561E+08  0.104199E+08  0.000000E+00  0.000000E+00  0.532290E+07  0.104182E+08
  0.240680E-01  0.103748E+08  0.103382E+08  0.000000E+00  0.000000E+00  0.524615E+07  0.103369E+08
  0.243369E-01  0.102932E+08  0.102562E+08  0.000000E+00  0.000000E+00  0.516979E+07  0.102553E+08
  0.246088E-01  0.102114E+08  0.101740E+08  0.000000E+00  0.000000E+00  0.509385E+07  0.101735E+08
  0.248838E-01  0.101294E+08  0.100916E+08  0.000000E+00  0.000000E+00  0.501835E+07  0.100915E+08
  0.251618E-01  0.100472E+08  0.100089E+08  0.000000E+00  0.000000E+00  0.494330E+07  0.100092E+08
  0.254429E-01  0.996476E+07  0.992607E+07  0.000000E+00  0.000000E+00  0.486872E+07  0.992678E+07
  0.257272E-01  0.988213E+07  0.984305E+07  0.000000E+00  0.000000E+00  0.479462E+07  0.984415E+07
  0.260147E-01  0.979933E+07  0.975986E+07  0.000000E+00  0.000000E+00  0.472103E+07  0.976135E+07
  0.263053E-01  0.971638E+07  0.967652E+07  0.000000E+00  0.000000E+00  0.464794E+07  0.967840E+07
  0.265992E-01  0.963329E+07  0.959305E+07  0.000000E+00  0.000000E+00  0.457538E+07  0.959531E+07
  0.268964E-01  0.955008E+07  0.950946E+07  0.000000E+00  0.000000E+00  0.450334E+07  0.951211E+07
  0.271970E-01  0.946676E+07  0.942579E+07  0.000000E+00  0.000000E+00  0.443184E+07  0.942882E+07
  0.275008E-01  0.938336E+07  0.934203E+07  0.000000E+00  0.000000E+00  0.436089E+07  0.934544E+07
  0.278081E-01  0.929990E+07  0.925822E+07  0.000000E+00  0.000000E+00  0.429048E+07  0.926201E+07
  0.281188E-01  0.921639E+07  0.917438E+07  0.000000E+00  0.000000E+00  0.422063E+07  0.917853E+07
  0.284330E-01  0.913285E+07  0.909052E+07  0.000000E+00  0.000000E+00  0.415135E+07  0.909504E+07
  0.287507E-01  0.904932E+07  0.900666E+07  0.000000E+00  0.000000E+00  0.408265E+07  0.901154E+07
  0.290719E-01  0.896580E+07  0.892284E+07  0.000000E+00  0.000000E+00  0.401455E+07  0.892807E+07
  0.293967E-01  0.888232E+07  0.883907E+07  0.000000E+00  0.000000E+00  0.394704E+07  0.884465E+07
  0.297252E-01  0.879890E+07  0.875537E+07  0.000000E+00  0.000000E+00  0.388016E+07  0.876129E+07
  0.300573E-01  0.871557E+07  0.867177E+07  0.000000E+00  0.000000E+00  0.381390E+07  0.867803E+07
  0.303931E-01  0.863235E+07  0.858830E+07  0.000000E+00  0.000000E+00  0.374830E+07  0.859488E+07
  0.307327E-01  0.854926E+07  0.850497E+07  0.000000E+00  0.000000E+00  0.368337E+07  0.851187E+07
  0.310761E-01  0.846633E+07  0.842182E+07  0.000000E+00  0.000000E+00  0.361912E+07  0.842902E+07
  0.314233E-01  0.838359E+07  0.833887E+07  0.000000E+00  0.000000E+00  0.355556E+07  0.834637E+07
  0.317744E-01  0.830106E+07  0.825615E+07  0.000000E+00  0.000000E+00  0.349270E+07  0.826393E+07
  0.321294E-01  0.821876E+07  0.817368E+07  0.000000E+00  0.000000E+00  0.343054E+07  0.818173E+07
  0.324884E-01  0.813672E+07  0.809149E+07  0.000000E+00  0.000000E+00  0.336908E+07  0.809980E+07
  0.328514E-01  0.805498E+07  0.800960E+07  0.000000E+00  0.000000E+00  0.330833E+07  0.801817E+07
  0.332184E-01  0.797355E+07  0.792806E+07  0.000000E+00  0.000000E+00  0.324829E+07  0.793686E+07
  0.335896E-01  0.789247E+07  0.784688E+07  0.000000E+00  0.000000E+00  0.318899E+07  0.785590E+07
  0.339649E-01  0.781176E+07  0.776609E+07  0.000000E+00  0.000000E+00  0.313042E+07  0.777532E+07
  0.343444E-01  0.773145E+07  0.768572E+07  0.000000E+00  0.000000E+00  0.307261E+07  0.769514E+07
  0.347281E-01  0.765157E+07  0.760581E+07  0.000000E+00  0.000000E+00  0.301556E+07  0.761540E+07
  0.351161E-01  0.757215E+07  0.752637E+07  0.000000E+00  0.000000E+00  0.295928E+07  0.753612E+07
  0.355085E-01  0.749321E+07  0.744744E+07  0.000000E+00  0.000000E+00  0.290377E+07  0.745733E+07
  0.359052E-01  0.741479E+07  0.736905E+07  0.000000E+00  0.000000E+00  0.284903E+07  0.737906E+07
  0.363064E-01  0.733691E+07  0.729122E+07  0.000000E+00  0.000000E+00  0.279507E+07  0.730134E+07
  0.367120E-01  0.725960E+07  0.721399E+07  0.000000E+00  0.000000E+00  0.274189E+07  0.722419E+07
  0.371222E-01  0.718289E+07  0.713738E+07  0.000000E+00  0.000000E+00  0.268950E+07  0.714765E+07
  0.375370E-01  0.710680E+07  0.706142E+07  0.000000E+00  0.000000E+00  0.263792E+07  0.707174E+07
  0.379564E-01  0.703137E+07  0.698614E+07  0.000000E+00  0.000000E+00  0.258715E+07  0.699648E+07
  0.383805E-01  0.695660E+07  0.691155E+07  0.000000E+00  0.000000E+00  0.253718E+07  0.692190E+07
  0.388093E-01  0.688254E+07  0.683769E+07  0.000000E+00  0.000000E+00  0.248803E+07  0.684802E+07
  0.392429E-01  0.680920E+07  0.676459E+07  0.000000E+00  0.000000E+00  0.243967E+07  0.677488E+07
  0.396814E-01  0.673662E+07  0.669227E+07  0.000000E+00  0.000000E+00  0.239211E+07  0.670250E+07
  0.401248E-01  0.666482E+07  0.662075E+07  0.000000E+00  0.000000E+00  0.234535E+07  0.663090E+07
  0.405731E-01  0.659383E+07  0.655007E+07  0.000000E+00  0.000000E+00  0.229940E+07  0.656011E+07
  0.410264E-01  0.652367E+07  0.648025E+07  0.000000E+00  0.000000E+00  0.225426E+07  0.649016E+07
  0.414848E-01  0.645437E+07  0.641131E+07  0.000000E+00  0.000000E+00  0.220993E+07  0.642107E+07
  0.419483E-01  0.638593E+07  0.634326E+07  0.000000E+00  0.000000E+00  0.216641E+07  0.635285E+07
  0.424170E-01  0.631838E+07  0.627613E+07  0.000000E+00  0.000000E+00  0.212370E+07  0.628552E+07
  0.428909E-01  0.625173E+07  0.620992E+07  0.000000E+00  0.000000E+00  0.208178E+07  0.621909E+07
  0.433702E-01  0.618600E+07  0.614466E+07  0.000000E+00  0.000000E+00  0.204066E+07  0.615359E+07
  0.438547E-01  0.612119E+07  0.608036E+07  0.000000E+00  0.000000E+00  0.200032E+07  0.608901E+07
  0.443447E-01  0.605733E+07  0.601702E+07  0.000000E+00  0.000000E+00  0.196078E+07  0.602539E+07
  0.448402E-01  0.599443E+07  0.595466E+07  0.000000E+00  0.000000E+00  0.192201E+07  0.596272E+07
  0.453412E-01  0.593248E+07  0.589328E+07  0.000000E+00  0.000000E+00  0.188400E+07  0.590101E+07
  0.458478E-01  0.587151E+07  0.583290E+07  0.000000E+00  0.000000E+00  0.184674E+07  0.584028E+07
  0.463601E-01  0.581151E+07  0.577352E+07  0.000000E+00  0.000000E+00  0.181024E+07  0.578052E+07
  0.468780E-01  0.575248E+07  0.571514E+07  0.000000E+00  0.000000E+00  0.177449E+07  0.572174E+07
  0.474018E-01  0.569443E+07  0.565775E+07  0.000000E+00  0.000000E+00  0.173947E+07  0.566393E+07
  0.479314E-01  0.563735E+07  0.560134E+07  0.000000E+00  0.000000E+00  0.170518E+07  0.560710E+07
  0.484670E-01  0.558122E+07  0.554592E+07  0.000000E+00  0.000000E+00  0.167158E+07  0.555122E+07
  0.490085E-01  0.552605E+07  0.549146E+07  0.000000E+00  0.000000E+00  0.163866E+07  0.549630E+07
  0.495561E-01  0.547181E+07  0.543796E+07  0.000000E+00  0.000000E+00  0.160642E+07  0.544231E+07
  0.501098E-01  0.541851E+07  0.538540E+07  0.000000E+00  0.000000E+00  0.157485E+07  0.538926E+07
  0.506696E-01  0.536612E+07  0.533378E+07  0.000000E+00  0.000000E+00  0.154394E+07  0.533713E+07
  0.512358E-01  0.531464E+07  0.528307E+07  0.000000E+00  0.000000E+00  0.151369E+07  0.528589E+07
  0.518082E-01  0.526403E+07  0.523325E+07  0.000000E+00  0.000000E+00  0.148407E+07  0.523554E+07
  0.523871E-01  0.521429E+07  0.518429E+07  0.000000E+00  0.000000E+00  0.145505E+07  0.518605E+07
  0.529724E-01  0.516537E+07  0.513618E+07  0.000000E+00  0.000000E+00  0.142661E+07  0.513738E+07
  0.535643E-01  0.511724E+07  0.508885E+07  0.000000E+00  0.000000E+00  0.139875E+07  0.508951E+07
  0.541628E-01  0.506988E+07  0.504229E+07  0.000000E+00  0.000000E+00  0.137144E+07  0.504239E+07
  0.547679E-01  0.502323E+07  0.499645E+07  0.000000E+00  0.000000E+00  0.134467E+07  0.499599E+07
  0.553799E-01  0.497725E+07  0.495128E+07  0.000000E+00  0.000000E+00  0.131843E+07  0.495026E+07
  0.559986E-01  0.493192E+07  0.490674E+07  0.000000E+00  0.000000E+00  0.129269E+07  0.490517E+07
  0.566243E-01  0.488718E+07  0.486280E+07  0.000000E+00  0.000000E+00  0.126744E+07  0.486068E+07
  0.572570E-01  0.484300E+07  0.481940E+07  0.000000E+00  0.000000E+00  0.124265E+07  0.481674E+07
  0.578967E-01  0.479933E+07  0.477651E+07  0.000000E+00  0.000000E+00  0.121831E+07  0.477332E+07
  0.585436E-01  0.475612E+07  0.473406E+07  0.000000E+00  0.000000E+00  0.119439E+07  0.473035E+07
  0.594634E-01  0.469619E+07  0.467517E+07  0.000000E+00  0.000000E+00  0.116153E+07  0.467074E+07
  0.603832E-01  0.463781E+07  0.461778E+07  0.000000E+00  0.000000E+00  0.112994E+07  0.461269E+07
  0.613030E-01  0.458079E+07  0.456170E+07  0.000000E+00  0.000000E+00  0.109950E+07  0.455598E+07
  0.622228E-01  0.452495E+07  0.450672E+07  0.000000E+00  0.000000E+00  0.107011E+07  0.450043E+07
  0.631426E-01  0.447010E+07  0.445269E+07  0.000000E+00  0.000000E+00  0.104172E+07  0.444588E+07
  0.640624E-01  0.441612E+07  0.439946E+07  0.000000E+00  0.000000E+00  0.101425E+07  0.439218E+07
  0.649823E-01  0.436285E+07  0.434687E+07  0.000000E+00  0.000000E+00  0.987648E+06  0.433918E+07
  0.659021E-01  0.431016E+07  0.429479E+07  0.000000E+00  0.000000E+00  0.961836E+06  0.428675E+07
  0.668219E-01  0.425794E+07  0.424312E+07  0.000000E+00  0.000000E+00  0.936766E+06  0.423479E+07
  0.677417E-01  0.420609E+07  0.419175E+07  0.000000E+00  0.000000E+00  0.912396E+06  0.418319E+07
  0.686615E-01  0.415452E+07  0.414060E+07  0.000000E+00  0.000000E+00  0.888694E+06  0.413186E+07
  0.695813E-01  0.410316E+07  0.408960E+07  0.000000E+00  0.000000E+00  0.865618E+06  0.408073E+07
  0.705011E-01  0.405196E+07  0.403869E+07  0.000000E+00  0.000000E+00  0.843122E+06  0.402976E+07
  0.714209E-01  0.400087E+07  0.398782E+07  0.000000E+00  0.000000E+00  0.821181E+06  0.397888E+07
  0.723407E-01  0.394986E+07  0.393698E+07  0.000000E+00  0.000000E+00  0.799789E+06  0.392809E+07
  0.732605E-01  0.389892E+07  0.388615E+07  0.000000E+00  0.000000E+00  0.778926E+06  0.387735E+07
  0.741803E-01  0.384803E+07  0.383533E+07  0.000000E+00  0.000000E+00  0.758560E+06  0.382667E+07
  0.751002E-01  0.379720E+07  0.378451E+07  0.000000E+00  0.000000E+00  0.738675E+06  0.377603E+07
  0.760200E-01  0.374644E+07  0.373371E+07  0.000000E+00  0.000000E+00  0.719268E+06  0.372546E+07
  0.769398E-01  0.369576E+07  0.368296E+07  0.000000E+00  0.000000E+00  0.700329E+06  0.367497E+07
  0.778596E-01  0.364520E+07  0.363228E+07  0.000000E+00  0.000000E+00  0.681847E+06  0.362459E+07
  0.787794E-01  0.359480E+07  0.358173E+07  0.000000E+00  0.000000E+00  0.663814E+06  0.357437E+07
  0.796992E-01  0.354460E+07  0.353135E+07  0.000000E+00  0.000000E+00  0.646225E+06  0.352435E+07
  0.806190E-01  0.349465E+07  0.348120E+07  0.000000E+00  0.000000E+00  0.629081E+06  0.347457E+07
  0.815388E-01  0.344500E+07  0.343133E+07  0.000000E+00  0.000000E+00  0.612381E+06  0.342510E+07
  0.824586E-01  0.339571E+07  0.338181E+07  0.000000E+00  0.000000E+00  0.596114E+06  0.337598E+07
  0.833784E-01  0.334684E+07  0.333268E+07  0.000000E+00  0.000000E+00  0.580273E+06  0.332727E+07
  0.842982E-01  0.329845E+07  0.328404E+07  0.000000E+00  0.000000E+00  0.564862E+06  0.327905E+07
  0.852180E-01  0.325061E+07  0.323595E+07  0.000000E+00  0.000000E+00  0.549888E+06  0.323139E+07
  0.861379E-01  0.320340E+07  0.318848E+07  0.000000E+00  0.000000E+00  0.535348E+06  0.318434E+07
  0.870577E-01  0.315686E+07  0.314169E+07  0.000000E+00  0.000000E+00  0.521230E+06  0.313796E+07
  0.879775E-01  0.311105E+07  0.309564E+07  0.000000E+00  0.000000E+00  0.507534E+06  0.309232E+07
  0.888973E-01  0.306604E+07  0.305040E+07  0.000000E+00  0.000000E+00  0.494258E+06  0.304747E+07
  0.898171E-01  0.302187E+07  0.300601E+07  0.000000E+00  0.000000E+00  0.481400E+06  0.300347E+07
  0.907369E-01  0.297861E+07  0.296256E+07  0.000000E+00  0.000000E+00  0.468957E+06  0.296037E+07
  0.916567E-01  0.293631E+07  0.292008E+07  0.000000E+00  0.000000E+00  0.456923E+06  0.291823E+07
  0.925765E-01  0.289501E+07  0.287863E+07  0.000000E+00  0.000000E+00  0.445293E+06  0.287710E+07
  0.934963E-01  0.285475E+07  0.283825E+07  0.000000E+00  0.000000E+00  0.434066E+06  0.283700E+07
  0.944161E-01  0.281558E+07  0.279897E+07  0.000000E+00  0.000000E+00  0.423234E+06  0.279799E+07
  0.953360E-01  0.277751E+07  0.276083E+07  0.000000E+00  0.000000E+00  0.412785E+06  0.276008E+07
  0.962558E-01  0.274058E+07  0.272385E+07  0.000000E+00  0.000000E+00  0.402710E+06  0.272331E+07
  0.971756E-01  0.270480E+07  0.268806E+07  0.000000E+00  0.000000E+00  0.393008E+06  0.268770E+07
  0.980954E-01  0.267019E+07  0.265347E+07  0.000000E+00  0.000000E+00  0.383673E+06  0.265325E+07
  0.990152E-01  0.263675E+07  0.262008E+07  0.000000E+00  0.000000E+00  0.374690E+06  0.261997E+07
  0.999350E-01  0.260448E+07  0.258790E+07  0.000000E+00  0.000000E+00  0.366047E+06  0.258787E+07
  0.100855E+00  0.257338E+07  0.255691E+07  0.000000E+00  0.000000E+00  0.357734E+06  0.255693E+07
  0.101775E+00  0.254344E+07  0.252711E+07  0.000000E+00  0.000000E+00  0.349743E+06  0.252715E+07
  0.102694E+00  0.251465E+07  0.249848E+07  0.000000E+00  0.000000E+00  0.342063E+06  0.249851E+07
  0.103614E+00  0.248698E+07  0.247101E+07  0.000000E+00  0.000000E+00  0.334683E+06  0.247100E+07
  0.104534E+00  0.246041E+07  0.244466E+07  0.000000E+00  0.000000E+00  0.327588E+06  0.244459E+07
  0.105454E+00  0.243490E+07  0.241940E+07  0.000000E+00  0.000000E+00  0.320766E+06  0.241923E+07
  0.106374E+00  0.241042E+07  0.239518E+07  0.000000E+00  0.000000E+00  0.314209E+06  0.239490E+07
  0.107293E+00  0.238692E+07  0.237197E+07  0.000000E+00  0.000000E+00  0.307900E+06  0.237155E+07
  0.108213E+00  0.236436E+07  0.234972E+07  0.000000E+00  0.000000E+00  0.301826E+06  0.234915E+07
  0.109133E+00  0.234271E+07  0.232839E+07  0.000000E+00  0.000000E+00  0.295975E+06  0.232764E+07
  0.110053E+00  0.232190E+07  0.230792E+07  0.000000E+00  0.000000E+00  0.290339E+06  0.230698E+07
  0.110973E+00  0.230189E+07  0.228826E+07  0.000000E+00  0.000000E+00  0.284906E+06  0.228712E+07
  0.111893E+00  0.228262E+07  0.226935E+07  0.000000E+00  0.000000E+00  0.279660E+06  0.226799E+07
  0.112812E+00  0.226402E+07  0.225113E+07  0.000000E+00  0.000000E+00  0.274588E+06  0.224954E+07
  0.113732E+00  0.224606E+07  0.223354E+07  0.000000E+00  0.000000E+00  0.269680E+06  0.223172E+07
  0.114652E+00  0.222868E+07  0.221652E+07  0.000000E+00  0.000000E+00  0.264926E+06  0.221447E+07
  0.115572E+00  0.221180E+07  0.220003E+07  0.000000E+00  0.000000E+00  0.260318E+06  0.219773E+07
  0.116492E+00  0.219539E+07  0.218399E+07  0.000000E+00  0.000000E+00  0.255842E+06  0.218145E+07
  0.117411E+00  0.217938E+07  0.216834E+07  0.000000E+00  0.000000E+00  0.251488E+06  0.216557E+07
  0.118331E+00  0.216371E+07  0.215303E+07  0.000000E+00  0.000000E+00  0.247247E+06  0.215002E+07
  0.119251E+00  0.214833E+07  0.213800E+07  0.000000E+00  0.000000E+00  0.243112E+06  0.213477E+07
  0.120171E+00  0.213318E+07  0.212319E+07  0.000000E+00  0.000000E+00  0.239072E+06  0.211974E+07
  0.121091E+00  0.211822E+07  0.210856E+07  0.000000E+00  0.000000E+00  0.235118E+06  0.210490E+07
  0.122010E+00  0.210339E+07  0.209405E+07  0.000000E+00  0.000000E+00  0.231244E+06  0.209019E+07
  0.122930E+00  0.208866E+07  0.207961E+07  0.000000E+00  0.000000E+00  0.227447E+06  0.207557E+07
  0.123850E+00  0.207398E+07  0.206521E+07  0.000000E+00  0.000000E+00  0.223718E+06  0.206100E+07
  0.124770E+00  0.205931E+07  0.205081E+07  0.000000E+00  0.000000E+00  0.220051E+06  0.204645E+07
  0.125690E+00  0.204463E+07  0.203638E+07  0.000000E+00  0.000000E+00  0.216441E+06  0.203187E+07
  0.126609E+00  0.202990E+07  0.202188E+07  0.000000E+00  0.000000E+00  0.212883E+06  0.201725E+07
  0.127529E+00  0.201510E+07  0.200728E+07  0.000000E+00  0.000000E+00  0.209376E+06  0.200255E+07
  0.128449E+00  0.200020E+07  0.199257E+07  0.000000E+00  0.000000E+00  0.205916E+06  0.198775E+07
  0.129369E+00  0.198518E+07  0.197771E+07  0.000000E+00  0.000000E+00  0.202499E+06  0.197283E+07
  0.130289E+00  0.197003E+07  0.196271E+07  0.000000E+00  0.000000E+00  0.199122E+06  0.195778E+07
  0.131209E+00  0.195474E+07  0.194754E+07  0.000000E+00  0.000000E+00  0.195784E+06  0.194258E+07
  0.132128E+00  0.193929E+07  0.193219E+07  0.000000E+00  0.000000E+00  0.192484E+06  0.192722E+07
  0.133048E+00  0.192368E+07  0.191666E+07  0.000000E+00  0.000000E+00  0.189220E+06  0.191170E+07
  0.133968E+00  0.190790E+07  0.190095E+07  0.000000E+00  0.000000E+00  0.185989E+06  0.189601E+07
  0.134888E+00  0.189197E+07  0.188505E+07  0.000000E+00  0.000000E+00  0.182795E+06  0.188016E+07
  0.135808E+00  0.187587E+07  0.186899E+07  0.000000E+00  0.000000E+00  0.179636E+06  0.186415E+07
  0.136727E+00  0.185963E+07  0.185275E+07  0.000000E+00  0.000000E+00  0.176512E+06  0.184800E+07
  0.137647E+00  0.184326E+07  0.183637E+07  0.000000E+00  0.000000E+00  0.173423E+06  0.183171E+07
  0.138567E+00  0.182676E+07  0.181986E+07  0.000000E+00  0.000000E+00  0.170370E+06  0.181529E+07
  0.139487E+00  0.181016E+07  0.180322E+07  0.000000E+00  0.000000E+00  0.167354E+06  0.179877E+07
  0.140407E+00  0.179348E+07  0.178649E+07  0.000000E+00  0.000000E+00  0.164377E+06  0.178217E+07
  0.141326E+00  0.177673E+07  0.176968E+07  0.000000E+00  0.000000E+00  0.161440E+06  0.176550E+07
  0.142246E+00  0.175994E+07  0.175282E+07  0.000000E+00  0.000000E+00  0.158543E+06  0.174878E+07
  0.143166E+00  0.174313E+07  0.173593E+07  0.000000E+00  0.000000E+00  0.155689E+06  0.173204E+07
  0.144086E+00  0.172632E+07  0.171905E+07  0.000000E+00  0.000000E+00  0.152879E+06  0.171532E+07
  0.145006E+00  0.170956E+07  0.170219E+07  0.000000E+00  0.000000E+00  0.150114E+06  0.169863E+07
  0.145925E+00  0.169285E+07  0.168539E+07  0.000000E+00  0.000000E+00  0.147395E+06  0.168199E+07
  0.146845E+00  0.167623E+07  0.166868E+07  0.000000E+00  0.000000E+00  0.144725E+06  0.166544E+07
  0.147765E+00  0.165972E+07  0.165207E+07  0.000000E+00  0.000000E+00  0.142104E+06  0.164900E+07
  0.148685E+00  0.164334E+07  0.163560E+07  0.000000E+00  0.000000E+00  0.139534E+06  0.163270E+07
  0.149605E+00  0.162712E+07  0.161929E+07  0.000000E+00  0.000000E+00  0.137016E+06  0.161656E+07
  0.150525E+00  0.161109E+07  0.160317E+07  0.000000E+00  0.000000E+00  0.134549E+06  0.160060E+07
  0.151444E+00  0.159527E+07  0.158727E+07  0.000000E+00  0.000000E+00  0.132136E+06  0.158485E+07
  0.152364E+00  0.157969E+07  0.157160E+07  0.000000E+00  0.000000E+00  0.129778E+06  0.156933E+07
  0.153284E+00  0.156435E+07  0.155619E+07  0.000000E+00  0.000000E+00  0.127475E+06  0.155407E+07
  0.154204E+00  0.154929E+07  0.154106E+07  0.000000E+00  0.000000E+00  0.125228E+06  0.153908E+07
  0.155124E+00  0.153452E+07  0.152624E+07  0.000000E+00  0.000000E+00  0.123036E+06  0.152438E+07
  0.156043E+00  0.152006E+07  0.151173E+07  0.000000E+00  0.000000E+00  0.120900E+06  0.150999E+07
  0.156963E+00  0.150593E+07  0.149756E+07  0.000000E+00  0.000000E+00  0.118821E+06  0.149593E+07
  0.157883E+00  0.149213E+07  0.148373E+07  0.000000E+00  0.000000E+00  0.116798E+06  0.148220E+07
  0.158803E+00  0.147869E+07  0.147027E+07  0.000000E+00  0.000000E+00  0.114831E+06  0.146882E+07
  0.159723E+00  0.146560E+07  0.145717E+07  0.000000E+00  0.000000E+00  0.112919E+06  0.145581E+07
  0.160642E+00  0.145288E+07  0.144445E+07  0.000000E+00  0.000000E+00  0.111062E+06  0.144315E+07
  0.161562E+00  0.144053E+07  0.143211E+07  0.000000E+00  0.000000E+00  0.109260E+06  0.143087E+07
  0.162482E+00  0.142855E+07  0.142016E+07  0.000000E+00  0.000000E+00  0.107510E+06  0.141896E+07
  0.163402E+00  0.141695E+07  0.140859E+07  0.000000E+00  0.000000E+00  0.105811E+06  0.140742E+07
  0.164322E+00  0.140571E+07  0.139740E+07  0.000000E+00  0.000000E+00  0.104164E+06  0.139625E+07
  0.165241E+00  0.139484E+07  0.138658E+07  0.000000E+00  0.000000E+00  0.102566E+06  0.138545E+07
  0.166161E+00  0.138432E+07  0.137613E+07  0.000000E+00  0.000000E+00  0.101017E+06  0.137500E+07
  0.167081E+00  0.137416E+07  0.136605E+07  0.000000E+00  0.000000E+00  0.995137E+05  0.136490E+07
  0.168001E+00  0.136434E+07  0.135631E+07  0.000000E+00  0.000000E+00  0.980549E+05  0.135515E+07
  0.168921E+00  0.135485E+07  0.134692E+07  0.000000E+00  0.000000E+00  0.966395E+05  0.134572E+07
  0.169840E+00  0.134568E+07  0.133785E+07  0.000000E+00  0.000000E+00  0.952656E+05  0.133662E+07
  0.170760E+00  0.133682E+07  0.132910E+07  0.000000E+00  0.000000E+00  0.939313E+05  0.132782E+07
  0.171680E+00  0.132825E+07  0.132064E+07  0.000000E+00  0.000000E+00  0.926349E+05  0.131931E+07
  0.172600E+00  0.131995E+07  0.131247E+07  0.000000E+00  0.000000E+00  0.913746E+05  0.131108E+07
  0.173520E+00  0.131191E+07  0.130456E+07  0.000000E+00  0.000000E+00  0.901485E+05  0.130311E+07
  0.174440E+00  0.130412E+07  0.129689E+07  0.000000E+00  0.000000E+00  0.889547E+05  0.129537E+07
  0.175359E+00  0.129655E+07  0.128946E+07  0.000000E+00  0.000000E+00  0.877910E+05  0.128786E+07
  0.176279E+00  0.128918E+07  0.128223E+07  0.000000E+00  0.000000E+00  0.866557E+05  0.128055E+07
  0.177199E+00  0.128199E+07  0.127518E+07  0.000000E+00  0.000000E+00  0.855475E+05  0.127343E+07
  0.178119E+00  0.127498E+07  0.126830E+07  0.000000E+00  0.000000E+00  0.844647E+05  0.126647E+07
  0.179039E+00  0.126811E+07  0.126157E+07  0.000000E+00  0.000000E+00  0.834049E+05  0.125966E+07
  0.179958E+00  0.126136E+07  0.125497E+07  0.000000E+00  0.000000E+00  0.823662E+05  0.125297E+07
  0.180878E+00  0.125472E+07  0.124847E+07  0.000000E+00  0.000000E+00  0.813473E+05  0.124639E+07
  0.181798E+00  0.124818E+07  0.124206E+07  0.000000E+00  0.000000E+00  0.803470E+05  0.123990E+07
  0.182718E+00  0.124170E+07  0.123571E+07  0.000000E+00  0.000000E+00  0.793636E+05  0.123347E+07
  0.183638E+00  0.123528E+07  0.122942E+07  0.000000E+00  0.000000E+00  0.783956E+05  0.122711E+07
  0.184557E+00  0.122889E+07  0.122316E+07  0.000000E+00  0.000000E+00  0.774417E+05  0.122077E+07
  0.185477E+00  0.122253E+07  0.121691E+07  0.000000E+00  0.000000E+00  0.765008E+05  0.121446E+07
  0.186397E+00  0.121617E+07  0.121067E+07  0.000000E+00  0.000000E+00  0.755718E+05  0.120816E+07
  0.187317E+00  0.120981E+07  0.120442E+07  0.000000E+00  0.000000E+00  0.746534E+05  0.120184E+07
  0.188237E+00  0.120343E+07  0.119814E+07  0.000000E+00  0.000000E+00  0.737447E+05  0.119552E+07
  0.189156E+00  0.119702E+07  0.119183E+07  0.000000E+00  0.000000E+00  0.728454E+05  0.118916E+07
  0.190076E+00  0.119058E+07  0.118547E+07  0.000000E+00  0.000000E+00  0.719549E+05  0.118276E+07
  0.190996E+00  0.118408E+07  0.117906E+07  0.000000E+00  0.000000E+00  0.710723E+05  0.117632E+07
  0.191916E+00  0.117754E+07  0.117259E+07  0.000000E+00  0.000000E+00  0.701965E+05  0.116982E+07
  0.192836E+00  0.117093E+07  0.116606E+07  0.000000E+00  0.000000E+00  0.693273E+05  0.116326E+07
  0.193756E+00  0.116426E+07  0.115944E+07  0.000000E+00  0.000000E+00  0.684646E+05  0.115664E+07
  0.194675E+00  0.115753E+07  0.115276E+07  0.000000E+00  0.000000E+00  0.676082E+05  0.114994E+07
  0.195595E+00  0.115072E+07  0.114600E+07  0.000000E+00  0.000000E+00  0.667579E+05  0.114318E+07
  0.196515E+00  0.114384E+07  0.113915E+07  0.000000E+00  0.000000E+00  0.659133E+05  0.113634E+07
  0.197435E+00  0.113688E+07  0.113223E+07  0.000000E+00  0.000000E+00  0.650743E+05  0.112943E+07
  0.198355E+00  0.112986E+07  0.112523E+07  0.000000E+00  0.000000E+00  0.642412E+05  0.112245E+07
  0.199274E+00  0.112277E+07  0.111816E+07  0.000000E+00  0.000000E+00  0.634140E+05  0.111540E+07
  0.200194E+00  0.111561E+07  0.111102E+07  0.000000E+00  0.000000E+00  0.625927E+05  0.110829E+07
  0.201114E+00  0.110840E+07  0.110381E+07  0.000000E+00  0.000000E+00  0.617775E+05  0.110112E+07
  0.202034E+00  0.110113E+07  0.109654E+07  0.000000E+00  0.000000E+00  0.609689E+05  0.109389E+07
  0.202954E+00  0.109382E+07  0.108922E+07  0.000000E+00  0.000000E+00  0.601673E+05  0.108662E+07
  0.203873E+00  0.108647E+07  0.108186E+07  0.000000E+00  0.000000E+00  0.593726E+05  0.107930E+07
  0.204793E+00  0.107908E+07  0.107446E+07  0.000000E+00  0.000000E+00  0.585850E+05  0.107196E+07
  0.205713E+00  0.107167E+07  0.106704E+07  0.000000E+00  0.000000E+00  0.578052E+05  0.106459E+07
  0.206633E+00  0.106425E+07  0.105960E+07  0.000000E+00  0.000000E+00  0.570336E+05  0.105721E+07
  0.207553E+00  0.105682E+07  0.105215E+07  0.000000E+00  0.000000E+00  0.562708E+05  0.104982E+07
  0.208472E+00  0.104940E+07  0.104470E+07  0.000000E+00  0.000000E+00  0.555168E+05  0.104243E+07
  0.209392E+00  0.104199E+07  0.103726E+07  0.000000E+00  0.000000E+00  0.547720E+05  0.103506E+07
  0.210312E+00  0.103460E+07  0.102985E+07  0.000000E+00  0.000000E+00  0.540368E+05  0.102771E+07
  0.211232E+00  0.102725E+07  0.102247E+07  0.000000E+00  0.000000E+00  0.533118E+05  0.102040E+07
  0.212152E+00  0.101994E+07  0.101513E+07  0.000000E+00  0.000000E+00  0.525971E+05  0.101312E+07
  0.213072E+00  0.101268E+07  0.100785E+07  0.000000E+00  0.000000E+00  0.518929E+05  0.100590E+07
  0.213991E+00  0.100549E+07  0.100063E+07  0.000000E+00  0.000000E+00  0.511999E+05  0.998743E+06
  0.214911E+00  0.998360E+06  0.993474E+06  0.000000E+00  0.000000E+00  0.505184E+05  0.991653E+06
  0.215831E+00  0.991312E+06  0.986403E+06  0.000000E+00  0.000000E+00  0.498484E+05  0.984642E+06
  0.216751E+00  0.984352E+06  0.979420E+06  0.000000E+00  0.000000E+00  0.491901E+05  0.977717E+06
  0.217671E+00  0.977486E+06  0.972534E+06  0.000000E+00  0.000000E+00  0.485436E+05  0.970887E+06
  0.220535E+00  0.956789E+06  0.951795E+06  0.000000E+00  0.000000E+00  0.466096E+05  0.950301E+06
  0.223436E+00  0.937007E+06  0.932004E+06  0.000000E+00  0.000000E+00  0.447732E+05  0.930631E+06
  0.226376E+00  0.918296E+06  0.913322E+06  0.000000E+00  0.000000E+00  0.430381E+05  0.912031E+06
  0.229355E+00  0.900740E+06  0.895835E+06  0.000000E+00  0.000000E+00  0.414046E+05  0.894586E+06
  0.232373E+00  0.884351E+06  0.879555E+06  0.000000E+00  0.000000E+00  0.398686E+05  0.878307E+06
  0.235430E+00  0.869069E+06  0.864415E+06  0.000000E+00  0.000000E+00  0.384235E+05  0.863133E+06
  0.238528E+00  0.854762E+06  0.850278E+06  0.000000E+00  0.000000E+00  0.370600E+05  0.848934E+06
  0.241666E+00  0.841242E+06  0.836946E+06  0.000000E+00  0.000000E+00  0.357669E+05  0.835520E+06
  0.244846E+00  0.828273E+06  0.824170E+06  0.000000E+00  0.000000E+00  0.345311E+05  0.822654E+06
  0.248068E+00  0.815601E+06  0.811686E+06  0.000000E+00  0.000000E+00  0.333401E+05  0.810084E+06
  0.251332E+00  0.802982E+06  0.799239E+06  0.000000E+00  0.000000E+00  0.321830E+05  0.797562E+06
  0.254639E+00  0.790201E+06  0.786606E+06  0.000000E+00  0.000000E+00  0.310503E+05  0.784878E+06
  0.257989E+00  0.777093E+06  0.773616E+06  0.000000E+00  0.000000E+00  0.299355E+05  0.771864E+06
  0.261384E+00  0.763550E+06  0.760157E+06  0.000000E+00  0.000000E+00  0.288341E+05  0.758411E+06
  0.264823E+00  0.749541E+06  0.746200E+06  0.000000E+00  0.000000E+00  0.277459E+05  0.744492E+06
  0.268307E+00  0.735118E+06  0.731800E+06  0.000000E+00  0.000000E+00  0.266728E+05  0.730156E+06
  0.271838E+00  0.720399E+06  0.717083E+06  0.000000E+00  0.000000E+00  0.256195E+05  0.715523E+06
  0.275414E+00  0.705552E+06  0.702225E+06  0.000000E+00  0.000000E+00  0.245917E+05  0.700761E+06
  0.279038E+00  0.690774E+06  0.687433E+06  0.000000E+00  0.000000E+00  0.235959E+05  0.686068E+06
  0.282710E+00  0.676275E+06  0.672925E+06  0.000000E+00  0.000000E+00  0.226383E+05  0.671653E+06
  0.286430E+00  0.662249E+06  0.658905E+06  0.000000E+00  0.000000E+00  0.217241E+05  0.657710E+06
  0.290198E+00  0.648844E+06  0.645526E+06  0.000000E+00  0.000000E+00  0.208565E+05  0.644388E+06
  0.294017E+00  0.636144E+06  0.632874E+06  0.000000E+00  0.000000E+00  0.200364E+05  0.631770E+06
  0.297885E+00  0.624168E+06  0.620968E+06  0.000000E+00  0.000000E+00  0.192623E+05  0.619875E+06
  0.301805E+00  0.612870E+06  0.609758E+06  0.000000E+00  0.000000E+00  0.185312E+05  0.608657E+06
  0.305776E+00  0.602136E+06  0.599126E+06  0.000000E+00  0.000000E+00  0.178376E+05  0.598002E+06
  0.309799E+00  0.591810E+06  0.588906E+06  0.000000E+00  0.000000E+00  0.171756E+05  0.587752E+06
  0.313875E+00  0.581714E+06  0.578914E+06  0.000000E+00  0.000000E+00  0.165390E+05  0.577732E+06
  0.318005E+00  0.571685E+06  0.568979E+06  0.000000E+00  0.000000E+00  0.159222E+05  0.567777E+06
  0.322189E+00  0.561584E+06  0.558957E+06  0.000000E+00  0.000000E+00  0.153209E+05  0.557747E+06
  0.326429E+00  0.551312E+06  0.548747E+06  0.000000E+00  0.000000E+00  0.132595E+05  0.547536E+06
  0.330724E+00  0.540856E+06  0.538335E+06  0.000000E+00  0.000000E+00  0.127298E+05  0.537150E+06
  0.335075E+00  0.530248E+06  0.527756E+06  0.000000E+00  0.000000E+00  0.122126E+05  0.526610E+06
  0.339484E+00  0.519572E+06  0.517099E+06  0.000000E+00  0.000000E+00  0.117096E+05  0.516000E+06
  0.343951E+00  0.508947E+06  0.506490E+06  0.000000E+00  0.000000E+00  0.112232E+05  0.505442E+06
  0.348477E+00  0.498509E+06  0.496069E+06  0.000000E+00  0.000000E+00  0.107559E+05  0.495069E+06
  0.353062E+00  0.488379E+06  0.485964E+06  0.000000E+00  0.000000E+00  0.103096E+05  0.485004E+06
  0.357707E+00  0.478638E+06  0.476257E+06  0.000000E+00  0.000000E+00  0.988522E+04  0.475327E+06
  0.362414E+00  0.469324E+06  0.466988E+06  0.000000E+00  0.000000E+00  0.948261E+04  0.466075E+06
  0.367182E+00  0.460422E+06  0.458142E+06  0.000000E+00  0.000000E+00  0.910062E+04  0.457236E+06
  0.372014E+00  0.451867E+06  0.449649E+06  0.000000E+00  0.000000E+00  0.873711E+04  0.448742E+06
  0.376908E+00  0.443565E+06  0.441410E+06  0.000000E+00  0.000000E+00  0.838953E+04  0.440499E+06
  0.381868E+00  0.435412E+06  0.433318E+06  0.000000E+00  0.000000E+00  0.805540E+04  0.432405E+06
  0.386892E+00  0.427315E+06  0.425274E+06  0.000000E+00  0.000000E+00  0.773252E+04  0.424364E+06
  0.391983E+00  0.419207E+06  0.417213E+06  0.000000E+00  0.000000E+00  0.741940E+04  0.416313E+06
  0.397140E+00  0.411071E+06  0.409113E+06  0.000000E+00  0.000000E+00  0.711548E+04  0.408231E+06
  0.402366E+00  0.402923E+06  0.400995E+06  0.000000E+00  0.000000E+00  0.682086E+04  0.400138E+06
  0.407660E+00  0.394817E+06  0.392915E+06  0.000000E+00  0.000000E+00  0.653617E+04  0.392085E+06
  0.413024E+00  0.386826E+06  0.384948E+06  0.000000E+00  0.000000E+00  0.626231E+04  0.384146E+06
  0.418458E+00  0.379018E+06  0.377167E+06  0.000000E+00  0.000000E+00  0.600005E+04  0.376389E+06
  0.423964E+00  0.371443E+06  0.369624E+06  0.000000E+00  0.000000E+00  0.574972E+04  0.368865E+06
  0.429543E+00  0.364125E+06  0.362341E+06  0.000000E+00  0.000000E+00  0.551121E+04  0.361597E+06
  0.435195E+00  0.357048E+06  0.355305E+06  0.000000E+00  0.000000E+00  0.528384E+04  0.354569E+06
  0.440921E+00  0.350172E+06  0.348471E+06  0.000000E+00  0.000000E+00  0.506659E+04  0.347742E+06
  0.446722E+00  0.343446E+06  0.341786E+06  0.000000E+00  0.000000E+00  0.485832E+04  0.341063E+06
  0.452600E+00  0.336813E+06  0.335191E+06  0.000000E+00  0.000000E+00  0.465793E+04  0.334476E+06
  0.458555E+00  0.330237E+06  0.328650E+06  0.000000E+00  0.000000E+00  0.446468E+04  0.327946E+06
  0.464589E+00  0.323707E+06  0.322150E+06  0.000000E+00  0.000000E+00  0.427816E+04  0.321460E+06
  0.470702E+00  0.317230E+06  0.315701E+06  0.000000E+00  0.000000E+00  0.409831E+04  0.315027E+06
  0.476895E+00  0.310840E+06  0.309336E+06  0.000000E+00  0.000000E+00  0.392532E+04  0.308680E+06
  0.483170E+00  0.304569E+06  0.303091E+06  0.000000E+00  0.000000E+00  0.375938E+04  0.302451E+06
  0.489527E+00  0.298447E+06  0.296996E+06  0.000000E+00  0.000000E+00  0.360060E+04  0.296371E+06
  0.495968E+00  0.292488E+06  0.291066E+06  0.000000E+00  0.000000E+00  0.344887E+04  0.290453E+06
  0.502494E+00  0.286685E+06  0.285293E+06  0.000000E+00  0.000000E+00  0.330385E+04  0.284690E+06
  0.509106E+00  0.281020E+06  0.279659E+06  0.000000E+00  0.000000E+00  0.316507E+04  0.279065E+06
  0.515805E+00  0.275464E+06  0.274132E+06  0.000000E+00  0.000000E+00  0.303197E+04  0.273547E+06
  0.522591E+00  0.269993E+06  0.268690E+06  0.000000E+00  0.000000E+00  0.290411E+04  0.268114E+06
  0.529467E+00  0.264595E+06  0.263318E+06  0.000000E+00  0.000000E+00  0.278116E+04  0.262754E+06
  0.536434E+00  0.259269E+06  0.258017E+06  0.000000E+00  0.000000E+00  0.266295E+04  0.257464E+06
  0.543492E+00  0.254028E+06  0.252799E+06  0.000000E+00  0.000000E+00  0.254944E+04  0.252258E+06
  0.550643E+00  0.248884E+06  0.247678E+06  0.000000E+00  0.000000E+00  0.244061E+04  0.247150E+06
  0.557889E+00  0.243852E+06  0.242670E+06  0.000000E+00  0.000000E+00  0.233643E+04  0.242153E+06
  0.565229E+00  0.238934E+06  0.237776E+06  0.000000E+00  0.000000E+00  0.223672E+04  0.237269E+06
  0.572666E+00  0.234127E+06  0.232993E+06  0.000000E+00  0.000000E+00  0.214131E+04  0.232495E+06
  0.580201E+00  0.229416E+06  0.228306E+06  0.000000E+00  0.000000E+00  0.204990E+04  0.227817E+06
  0.587835E+00  0.224792E+06  0.223706E+06  0.000000E+00  0.000000E+00  0.196225E+04  0.223225E+06
  0.595570E+00  0.220245E+06  0.219181E+06  0.000000E+00  0.000000E+00  0.187815E+04  0.218709E+06
  0.603406E+00  0.215774E+06  0.214731E+06  0.000000E+00  0.000000E+00  0.179746E+04  0.214269E+06
  0.611346E+00  0.211381E+06  0.210358E+06  0.000000E+00  0.000000E+00  0.172008E+04  0.209906E+06
  0.619390E+00  0.207073E+06  0.206071E+06  0.000000E+00  0.000000E+00  0.164594E+04  0.205628E+06
  0.627539E+00  0.202853E+06  0.201871E+06  0.000000E+00  0.000000E+00  0.157495E+04  0.201437E+06
  0.635796E+00  0.198722E+06  0.197760E+06  0.000000E+00  0.000000E+00  0.150699E+04  0.197335E+06
  0.644162E+00  0.194675E+06  0.193733E+06  0.000000E+00  0.000000E+00  0.144193E+04  0.193316E+06
  0.652638E+00  0.190707E+06  0.189785E+06  0.000000E+00  0.000000E+00  0.137960E+04  0.189376E+06
  0.702817E+00  0.169589E+06  0.168769E+06  0.000000E+00  0.000000E+00  0.107268E+04  0.168404E+06
  0.756854E+00  0.150712E+06  0.149983E+06  0.000000E+00  0.000000E+00  0.832707E+03  0.149658E+06
  0.815046E+00  0.133842E+06  0.133195E+06  0.000000E+00  0.000000E+00  0.645383E+03  0.132906E+06
  0.877712E+00  0.118781E+06  0.118206E+06  0.000000E+00  0.000000E+00  0.499431E+03  0.117949E+06
  0.945196E+00  0.105347E+06  0.104838E+06  0.000000E+00  0.000000E+00  0.385925E+03  0.104609E+06
  0.101787E+01  0.933756E+05  0.929243E+05  0.000000E+00  0.000000E+00  0.297803E+03  0.927214E+05
  0.109613E+01  0.827148E+05  0.823150E+05  0.000000E+00  0.000000E+00  0.229496E+03  0.821350E+05
  0.118041E+01  0.732290E+05  0.728751E+05  0.000000E+00  0.000000E+00  0.176632E+03  0.727155E+05
  0.127116E+01  0.647958E+05  0.644826E+05  0.000000E+00  0.000000E+00  0.135783E+03  0.643413E+05
  0.136890E+01  0.573024E+05  0.570255E+05  0.000000E+00  0.000000E+00  0.104260E+03  0.569004E+05
  0.147415E+01  0.506496E+05  0.504049E+05  0.000000E+00  0.000000E+00  0.799681E+02  0.502942E+05
  0.158749E+01  0.447465E+05  0.445303E+05  0.000000E+00  0.000000E+00  0.833126E+02  0.444326E+05
  0.170955E+01  0.395124E+05  0.393215E+05  0.000000E+00  0.000000E+00  0.639417E+02  0.392352E+05
  0.184099E+01  0.348741E+05  0.347056E+05  0.000000E+00  0.000000E+00  0.490210E+02  0.346294E+05
  0.198254E+01  0.307665E+05  0.306178E+05  0.000000E+00  0.000000E+00  0.375429E+02  0.305505E+05
  0.213497E+01  0.271306E+05  0.269996E+05  0.000000E+00  0.000000E+00  0.287239E+02  0.269402E+05
