    0.10000E-03    0.44586E+03
    0.10202E-03    0.45453E+03
    0.10408E-03    0.46335E+03
    0.10618E-03    0.47235E+03
    0.10833E-03    0.48153E+03
    0.11052E-03    0.49088E+03
    0.11275E-03    0.50042E+03
    0.11503E-03    0.51014E+03
    0.11735E-03    0.52004E+03
    0.11972E-03    0.53014E+03
    0.12214E-03    0.54044E+03
    0.12461E-03    0.55093E+03
    0.12712E-03    0.56163E+03
    0.12969E-03    0.57254E+03
    0.13231E-03    0.58366E+03
    0.13499E-03    0.59499E+03
    0.13771E-03    0.60654E+03
    0.14049E-03    0.61832E+03
    0.14333E-03    0.63033E+03
    0.14623E-03    0.64256E+03
    0.14918E-03    0.65504E+03
    0.15220E-03    0.66776E+03
    0.15527E-03    0.68072E+03
    0.15841E-03    0.69393E+03
    0.16161E-03    0.70740E+03
    0.16487E-03    0.72113E+03
    0.16820E-03    0.73513E+03
    0.17160E-03    0.74940E+03
    0.17507E-03    0.76394E+03
    0.17860E-03    0.77876E+03
    0.18221E-03    0.79388E+03
    0.18589E-03    0.80928E+03
    0.18965E-03    0.82498E+03
    0.19348E-03    0.84099E+03
    0.19739E-03    0.85730E+03
    0.20138E-03    0.87393E+03
    0.20544E-03    0.89088E+03
    0.20959E-03    0.90816E+03
    0.21383E-03    0.92577E+03
    0.21815E-03    0.94373E+03
    0.22255E-03    0.96202E+03
    0.22705E-03    0.98068E+03
    0.23164E-03    0.99969E+03
    0.23632E-03    0.10191E+04
    0.24109E-03    0.10388E+04
    0.24596E-03    0.10590E+04
    0.25093E-03    0.10795E+04
    0.25600E-03    0.11004E+04
    0.26117E-03    0.11217E+04
    0.26645E-03    0.11434E+04
    0.27183E-03    0.11656E+04
    0.27732E-03    0.11882E+04
    0.28292E-03    0.12112E+04
    0.28864E-03    0.12346E+04
    0.29447E-03    0.12585E+04
    0.30042E-03    0.12829E+04
    0.30649E-03    0.13077E+04
    0.31268E-03    0.13330E+04
    0.31899E-03    0.13588E+04
    0.32544E-03    0.13851E+04
    0.33201E-03    0.14119E+04
    0.33872E-03    0.14392E+04
    0.34556E-03    0.14670E+04
    0.35254E-03    0.14953E+04
    0.35966E-03    0.15242E+04
    0.36693E-03    0.15537E+04
    0.37434E-03    0.15837E+04
    0.38190E-03    0.16143E+04
    0.38962E-03    0.16454E+04
    0.39749E-03    0.16772E+04
    0.40552E-03    0.17095E+04
    0.41371E-03    0.17425E+04
    0.42207E-03    0.17761E+04
    0.43060E-03    0.18104E+04
    0.43929E-03    0.18452E+04
    0.44817E-03    0.18808E+04
    0.45722E-03    0.19170E+04
    0.46646E-03    0.19539E+04
    0.47588E-03    0.19915E+04
    0.48550E-03    0.20299E+04
    0.49530E-03    0.20689E+04
    0.50531E-03    0.21087E+04
    0.51552E-03    0.21492E+04
    0.52593E-03    0.21905E+04
    0.53656E-03    0.22326E+04
    0.54739E-03    0.22754E+04
    0.55845E-03    0.23191E+04
    0.56973E-03    0.23635E+04
    0.58124E-03    0.24088E+04
    0.59299E-03    0.24550E+04
    0.60496E-03    0.25020E+04
    0.61719E-03    0.25499E+04
    0.62965E-03    0.25987E+04
    0.64237E-03    0.26483E+04
    0.65535E-03    0.26989E+04
    0.66859E-03    0.27505E+04
    0.68210E-03    0.28030E+04
    0.69588E-03    0.28564E+04
    0.70993E-03    0.29109E+04
    0.72427E-03    0.29663E+04
    0.73891E-03    0.30228E+04
    0.75383E-03    0.30803E+04
    0.76906E-03    0.31388E+04
    0.78460E-03    0.31984E+04
    0.80045E-03    0.32591E+04
    0.81662E-03    0.33209E+04
    0.83311E-03    0.33839E+04
    0.84994E-03    0.34479E+04
    0.86711E-03    0.35131E+04
    0.88463E-03    0.35795E+04
    0.90250E-03    0.36471E+04
    0.92073E-03    0.37159E+04
    0.93933E-03    0.37860E+04
    0.95831E-03    0.38572E+04
    0.97767E-03    0.39298E+04
    0.99742E-03    0.40036E+04
    0.10176E-02    0.40788E+04
    0.10381E-02    0.41552E+04
    0.10591E-02    0.42330E+04
    0.10805E-02    0.43122E+04
    0.11023E-02    0.43928E+04
    0.11246E-02    0.44748E+04
    0.11473E-02    0.45581E+04
    0.11705E-02    0.46430E+04
    0.11941E-02    0.47293E+04
    0.12182E-02    0.48170E+04
    0.12429E-02    0.49063E+04
    0.12680E-02    0.49971E+04
    0.12936E-02    0.50894E+04
    0.13197E-02    0.51833E+04
    0.13464E-02    0.52788E+04
    0.13736E-02    0.53759E+04
    0.14013E-02    0.54746E+04
    0.14296E-02    0.55749E+04
    0.14585E-02    0.56769E+04
    0.14880E-02    0.57806E+04
    0.15180E-02    0.58859E+04
    0.15487E-02    0.59930E+04
    0.15800E-02    0.61018E+04
    0.16119E-02    0.62123E+04
    0.16445E-02    0.63246E+04
    0.16777E-02    0.64387E+04
    0.17116E-02    0.65546E+04
    0.17462E-02    0.66723E+04
    0.17814E-02    0.67919E+04
    0.18174E-02    0.69133E+04
    0.18541E-02    0.70365E+04
    0.18916E-02    0.71616E+04
    0.19298E-02    0.72887E+04
    0.19688E-02    0.74176E+04
    0.20086E-02    0.75485E+04
    0.20491E-02    0.76812E+04
    0.20905E-02    0.78160E+04
    0.21328E-02    0.79527E+04
    0.21758E-02    0.80913E+04
    0.22198E-02    0.82319E+04
    0.22646E-02    0.83745E+04
    0.23104E-02    0.85191E+04
    0.23571E-02    0.86657E+04
    0.24047E-02    0.88143E+04
    0.24533E-02    0.89650E+04
    0.25028E-02    0.91176E+04
    0.25534E-02    0.92722E+04
    0.26050E-02    0.94289E+04
    0.26576E-02    0.95876E+04
    0.27113E-02    0.97483E+04
    0.27660E-02    0.99110E+04
    0.28219E-02    0.10076E+05
    0.28789E-02    0.10242E+05
    0.29371E-02    0.10411E+05
    0.29964E-02    0.10582E+05
    0.30569E-02    0.10754E+05
    0.31187E-02    0.10929E+05
    0.31817E-02    0.11106E+05
    0.32460E-02    0.11285E+05
    0.33115E-02    0.11465E+05
    0.33784E-02    0.11648E+05
    0.34467E-02    0.11832E+05
    0.35163E-02    0.12018E+05
    0.35874E-02    0.12206E+05
    0.36598E-02    0.12395E+05
    0.37338E-02    0.12586E+05
    0.38092E-02    0.12779E+05
    0.38861E-02    0.12975E+05
    0.39646E-02    0.13173E+05
    0.40447E-02    0.13373E+05
    0.41264E-02    0.13576E+05
    0.42098E-02    0.13780E+05
    0.42948E-02    0.13983E+05
    0.43816E-02    0.14185E+05
    0.44701E-02    0.14384E+05
    0.45604E-02    0.14582E+05
    0.46525E-02    0.14782E+05
    0.47465E-02    0.14988E+05
    0.48424E-02    0.15206E+05
    0.49402E-02    0.15439E+05
    0.50400E-02    0.15603E+05
    0.51419E-02    0.15814E+05
    0.52457E-02    0.16027E+05
    0.53517E-02    0.16241E+05
    0.54598E-02    0.16456E+05
    0.55701E-02    0.16672E+05
    0.56826E-02    0.16889E+05
    0.57974E-02    0.17106E+05
    0.59145E-02    0.17323E+05
    0.60340E-02    0.17540E+05
    0.61559E-02    0.17758E+05
    0.62803E-02    0.17975E+05
    0.64072E-02    0.18193E+05
    0.65366E-02    0.18410E+05
    0.66686E-02    0.18627E+05
    0.68033E-02    0.18843E+05
    0.69408E-02    0.19059E+05
    0.70810E-02    0.19274E+05
    0.72240E-02    0.19488E+05
    0.73700E-02    0.19702E+05
    0.75189E-02    0.19914E+05
    0.76708E-02    0.20124E+05
    0.78257E-02    0.20333E+05
    0.79838E-02    0.20541E+05
    0.81451E-02    0.20747E+05
    0.83096E-02    0.20950E+05
    0.84775E-02    0.21152E+05
    0.86488E-02    0.21351E+05
    0.88235E-02    0.21547E+05
    0.90017E-02    0.21741E+05
    0.91836E-02    0.21932E+05
    0.93691E-02    0.22119E+05
    0.95583E-02    0.22304E+05
    0.97514E-02    0.22484E+05
    0.99484E-02    0.22661E+05
    0.10149E-01    0.22834E+05
    0.10354E-01    0.23002E+05
    0.10564E-01    0.23166E+05
    0.10777E-01    0.23326E+05
    0.10995E-01    0.23480E+05
    0.11217E-01    0.23629E+05
    0.11443E-01    0.23772E+05
    0.11675E-01    0.23910E+05
    0.11910E-01    0.24042E+05
    0.12151E-01    0.24167E+05
    0.12397E-01    0.24286E+05
    0.12647E-01    0.24398E+05
    0.12902E-01    0.24503E+05
    0.13163E-01    0.24600E+05
    0.13429E-01    0.24690E+05
    0.13700E-01    0.24772E+05
    0.13977E-01    0.24846E+05
    0.14259E-01    0.24912E+05
    0.14547E-01    0.24969E+05
    0.14841E-01    0.25016E+05
    0.15141E-01    0.25055E+05
    0.15447E-01    0.25084E+05
    0.15759E-01    0.25103E+05
    0.16077E-01    0.25112E+05
    0.16402E-01    0.25111E+05
    0.16734E-01    0.25099E+05
    0.17072E-01    0.25077E+05
    0.17416E-01    0.25044E+05
    0.17768E-01    0.25000E+05
    0.18127E-01    0.24944E+05
    0.18493E-01    0.24877E+05
    0.18867E-01    0.24798E+05
    0.19248E-01    0.24707E+05
    0.19637E-01    0.24605E+05
    0.20034E-01    0.24490E+05
    0.20438E-01    0.24364E+05
    0.20851E-01    0.24225E+05
    0.21272E-01    0.24074E+05
    0.21702E-01    0.23912E+05
    0.22141E-01    0.23737E+05
    0.22588E-01    0.23550E+05
    0.23044E-01    0.23352E+05
    0.23510E-01    0.23141E+05
    0.23985E-01    0.22920E+05
    0.24469E-01    0.22687E+05
    0.24964E-01    0.22443E+05
    0.25468E-01    0.22189E+05
    0.25982E-01    0.21925E+05
    0.26507E-01    0.21651E+05
    0.27043E-01    0.21367E+05
    0.27589E-01    0.21075E+05
    0.28146E-01    0.20774E+05
    0.28715E-01    0.20466E+05
    0.29295E-01    0.20151E+05
    0.29887E-01    0.19829E+05
    0.30490E-01    0.19502E+05
    0.31106E-01    0.19170E+05
    0.31735E-01    0.18834E+05
    0.32376E-01    0.18495E+05
    0.33030E-01    0.18154E+05
    0.33697E-01    0.17811E+05
    0.34378E-01    0.17468E+05
    0.35072E-01    0.17125E+05
    0.35781E-01    0.16784E+05
    0.36504E-01    0.16444E+05
    0.37241E-01    0.16108E+05
    0.37993E-01    0.15776E+05
    0.38761E-01    0.15449E+05
    0.39544E-01    0.15128E+05
    0.40343E-01    0.14814E+05
    0.41158E-01    0.14507E+05
    0.41989E-01    0.14208E+05
    0.42838E-01    0.13918E+05
    0.43703E-01    0.13638E+05
    0.44586E-01    0.13367E+05
    0.45486E-01    0.13106E+05
    0.46405E-01    0.12857E+05
    0.47343E-01    0.12618E+05
    0.48299E-01    0.12390E+05
    0.49275E-01    0.12173E+05
    0.50270E-01    0.11967E+05
    0.51286E-01    0.11771E+05
    0.52322E-01    0.11586E+05
    0.53379E-01    0.11410E+05
    0.54457E-01    0.11243E+05
    0.55557E-01    0.11084E+05
    0.56680E-01    0.10933E+05
    0.57825E-01    0.10787E+05
    0.58993E-01    0.10646E+05
    0.60184E-01    0.10509E+05
    0.61400E-01    0.10374E+05
    0.62641E-01    0.10239E+05
    0.63906E-01    0.10103E+05
    0.65197E-01    0.99648E+04
    0.66514E-01    0.98221E+04
    0.67858E-01    0.96737E+04
    0.69229E-01    0.95182E+04
    0.70627E-01    0.93544E+04
    0.72054E-01    0.91811E+04
    0.73510E-01    0.89978E+04
    0.74994E-01    0.88038E+04
    0.76509E-01    0.85992E+04
    0.78055E-01    0.83842E+04
    0.79632E-01    0.81594E+04
    0.81241E-01    0.79260E+04
    0.82882E-01    0.76855E+04
    0.84556E-01    0.74396E+04
    0.86264E-01    0.71907E+04
    0.88007E-01    0.69411E+04
    0.89785E-01    0.66935E+04
    0.91598E-01    0.64504E+04
    0.93449E-01    0.62145E+04
    0.95337E-01    0.59884E+04
    0.97263E-01    0.57743E+04
    0.99227E-01    0.55741E+04
    0.10123E+00    0.53894E+04
    0.10328E+00    0.52213E+04
    0.10536E+00    0.50703E+04
    0.10749E+00    0.49365E+04
    0.10966E+00    0.48191E+04
    0.11188E+00    0.47170E+04
    0.11414E+00    0.46285E+04
    0.11644E+00    0.45512E+04
    0.11880E+00    0.44825E+04
    0.12120E+00    0.44190E+04
    0.12365E+00    0.43575E+04
    0.12614E+00    0.42944E+04
    0.12869E+00    0.42267E+04
    0.13129E+00    0.41516E+04
    0.13394E+00    0.40667E+04
    0.13665E+00    0.39709E+04
    0.13941E+00    0.38638E+04
    0.14223E+00    0.37462E+04
    0.14510E+00    0.36202E+04
    0.14803E+00    0.34887E+04
    0.15102E+00    0.33552E+04
    0.15407E+00    0.32233E+04
    0.15718E+00    0.30969E+04
    0.16036E+00    0.29794E+04
    0.16360E+00    0.28734E+04
    0.16690E+00    0.27806E+04
    0.17028E+00    0.27015E+04
    0.17371E+00    0.26354E+04
    0.17722E+00    0.25809E+04
    0.18080E+00    0.25352E+04
    0.18446E+00    0.24950E+04
    0.18818E+00    0.24567E+04
    0.19198E+00    0.24165E+04
    0.19586E+00    0.23714E+04
    0.19982E+00    0.23193E+04
    0.20386E+00    0.22593E+04
    0.20797E+00    0.21924E+04
    0.21218E+00    0.21205E+04
    0.21646E+00    0.20468E+04
    0.22083E+00    0.19747E+04
    0.22530E+00    0.19074E+04
    0.22985E+00    0.18473E+04
    0.23449E+00    0.17956E+04
    0.23923E+00    0.17522E+04
    0.24406E+00    0.17157E+04
    0.24899E+00    0.16838E+04
    0.25402E+00    0.16537E+04
    0.25915E+00    0.16226E+04
    0.26439E+00    0.15884E+04
    0.26973E+00    0.15502E+04
    0.27518E+00    0.15086E+04
    0.28074E+00    0.14650E+04
    0.28641E+00    0.14218E+04
    0.29219E+00    0.13811E+04
    0.29810E+00    0.13445E+04
    0.30412E+00    0.13124E+04
    0.31026E+00    0.12844E+04
    0.31653E+00    0.12589E+04
    0.32292E+00    0.12342E+04
    0.32945E+00    0.12088E+04
    0.33610E+00    0.11819E+04
    0.34289E+00    0.11536E+04
    0.34982E+00    0.11249E+04
    0.35689E+00    0.10971E+04
    0.36409E+00    0.10711E+04
    0.37145E+00    0.10474E+04
    0.37895E+00    0.10257E+04
    0.38661E+00    0.10052E+04
    0.39442E+00    0.98500E+03
    0.40239E+00    0.96448E+03
    0.41052E+00    0.94361E+03
    0.41881E+00    0.92284E+03
    0.42727E+00    0.90276E+03
    0.43590E+00    0.88378E+03
    0.44471E+00    0.86592E+03
    0.45369E+00    0.84886E+03
    0.46286E+00    0.83215E+03
    0.47221E+00    0.81554E+03
    0.48174E+00    0.79905E+03
    0.49148E+00    0.78289E+03
    0.50141E+00    0.76730E+03
    0.51153E+00    0.75234E+03
    0.52187E+00    0.73788E+03
    0.53241E+00    0.72374E+03
    0.54317E+00    0.70982E+03
    0.55414E+00    0.69613E+03
    0.56533E+00    0.68278E+03
    0.57675E+00    0.66981E+03
    0.58840E+00    0.65720E+03
    0.60029E+00    0.64487E+03
    0.61242E+00    0.63277E+03
    0.62479E+00    0.62090E+03
    0.63741E+00    0.60928E+03
    0.65029E+00    0.59794E+03
    0.66342E+00    0.58683E+03
    0.67683E+00    0.57594E+03
    0.69050E+00    0.56525E+03
    0.70445E+00    0.55477E+03
    0.71868E+00    0.54449E+03
    0.73320E+00    0.53440E+03
    0.74801E+00    0.52449E+03
    0.76312E+00    0.51475E+03
    0.77854E+00    0.50518E+03
    0.79426E+00    0.49577E+03
    0.81031E+00    0.48651E+03
    0.82668E+00    0.47740E+03
    0.84338E+00    0.46844E+03
    0.86041E+00    0.45961E+03
    0.87780E+00    0.45092E+03
    0.89553E+00    0.44236E+03
    0.91362E+00    0.43392E+03
    0.93208E+00    0.42560E+03
    0.95091E+00    0.41740E+03
    0.97011E+00    0.40931E+03
    0.98971E+00    0.40133E+03
    0.10097E+01    0.39345E+03
    0.10301E+01    0.38569E+03
    0.10509E+01    0.37802E+03
    0.10721E+01    0.37045E+03
    0.10938E+01    0.36297E+03
    0.11159E+01    0.35560E+03
    0.11384E+01    0.34831E+03
    0.11614E+01    0.34111E+03
    0.11849E+01    0.33401E+03
    0.12088E+01    0.32699E+03
    0.12333E+01    0.32006E+03
    0.12582E+01    0.31321E+03
    0.12836E+01    0.30645E+03
    0.13095E+01    0.29977E+03
    0.13360E+01    0.29317E+03
    0.13630E+01    0.28666E+03
    0.13905E+01    0.28022E+03
    0.14186E+01    0.27387E+03
    0.14472E+01    0.26760E+03
    0.14765E+01    0.26141E+03
    0.15063E+01    0.25530E+03
    0.15367E+01    0.24927E+03
    0.15678E+01    0.24332E+03
    0.15994E+01    0.23745E+03
    0.16318E+01    0.23167E+03
    0.16647E+01    0.22596E+03
    0.16984E+01    0.22033E+03
    0.17327E+01    0.21479E+03
    0.17677E+01    0.20933E+03
    0.18034E+01    0.20395E+03
    0.18398E+01    0.19866E+03
    0.18770E+01    0.19345E+03
    0.19149E+01    0.18831E+03
    0.19536E+01    0.18324E+03
    0.19930E+01    0.17826E+03
    0.20333E+01    0.17339E+03
