  0.745045E-04  0.198016E+08  0.198016E+08  0.257040E+08  0.257030E+08  0.198020E+08  0.198016E+08
  0.103979E-03  0.198004E+08  0.198004E+08  0.250566E+08  0.250546E+08  0.197998E+08  0.198004E+08
  0.145115E-03  0.197981E+08  0.197981E+08  0.238380E+08  0.238344E+08  0.197955E+08  0.197981E+08
  0.202524E-03  0.197937E+08  0.197937E+08  0.216192E+08  0.216131E+08  0.197871E+08  0.197936E+08
  0.282645E-03  0.197852E+08  0.197851E+08  0.178339E+08  0.178247E+08  0.197710E+08  0.197851E+08
  0.394464E-03  0.197690E+08  0.197690E+08  0.121688E+08  0.121589E+08  0.197403E+08  0.197688E+08
  0.550518E-03  0.197392E+08  0.197392E+08  0.570852E+07  0.570496E+07  0.196823E+08  0.197389E+08
  0.768310E-03  0.196860E+08  0.196859E+08  0.168051E+07  0.168505E+07  0.195752E+08  0.196853E+08
  0.107226E-02  0.195948E+08  0.195947E+08  0.942979E+06  0.939004E+06  0.193831E+08  0.195935E+08
  0.149646E-02  0.194444E+08  0.194442E+08  0.234708E+06  0.226579E+06  0.190502E+08  0.194419E+08
  0.208848E-02  0.192037E+08  0.192033E+08  0.000000E+00  0.000000E+00  0.185056E+08  0.191992E+08
  0.291471E-02  0.188310E+08  0.188303E+08  0.000000E+00  0.000000E+00  0.176806E+08  0.188236E+08
  0.406781E-02  0.182766E+08  0.182753E+08  0.000000E+00  0.000000E+00  0.165340E+08  0.182653E+08
  0.420569E-02  0.182091E+08  0.182078E+08  0.000000E+00  0.000000E+00  0.164004E+08  0.181974E+08
  0.434824E-02  0.181393E+08  0.181378E+08  0.000000E+00  0.000000E+00  0.162631E+08  0.181271E+08
  0.449563E-02  0.180670E+08  0.180654E+08  0.000000E+00  0.000000E+00  0.161222E+08  0.180543E+08
  0.464801E-02  0.179922E+08  0.179905E+08  0.000000E+00  0.000000E+00  0.159775E+08  0.179790E+08
  0.480555E-02  0.179148E+08  0.179130E+08  0.000000E+00  0.000000E+00  0.158291E+08  0.179012E+08
  0.496843E-02  0.178348E+08  0.178329E+08  0.000000E+00  0.000000E+00  0.156769E+08  0.178207E+08
  0.513684E-02  0.177521E+08  0.177501E+08  0.000000E+00  0.000000E+00  0.155209E+08  0.177376E+08
  0.531095E-02  0.176668E+08  0.176646E+08  0.000000E+00  0.000000E+00  0.153611E+08  0.176517E+08
  0.549097E-02  0.175786E+08  0.175763E+08  0.000000E+00  0.000000E+00  0.151976E+08  0.175630E+08
  0.567709E-02  0.174877E+08  0.174852E+08  0.000000E+00  0.000000E+00  0.150302E+08  0.174716E+08
  0.586951E-02  0.173938E+08  0.173912E+08  0.000000E+00  0.000000E+00  0.148591E+08  0.173772E+08
  0.606846E-02  0.172970E+08  0.172943E+08  0.000000E+00  0.000000E+00  0.146842E+08  0.172799E+08
  0.627415E-02  0.171973E+08  0.171943E+08  0.000000E+00  0.000000E+00  0.145051E+08  0.171795E+08
  0.648681E-02  0.170944E+08  0.170913E+08  0.000000E+00  0.000000E+00  0.143226E+08  0.170762E+08
  0.670669E-02  0.169885E+08  0.169852E+08  0.000000E+00  0.000000E+00  0.141363E+08  0.169697E+08
  0.693401E-02  0.168794E+08  0.168759E+08  0.000000E+00  0.000000E+00  0.139461E+08  0.168600E+08
  0.716904E-02  0.167671E+08  0.167633E+08  0.000000E+00  0.000000E+00  0.137520E+08  0.167471E+08
  0.741203E-02  0.166521E+08  0.166481E+08  0.000000E+00  0.000000E+00  0.135373E+08  0.166315E+08
  0.766327E-02  0.165332E+08  0.165289E+08  0.000000E+00  0.000000E+00  0.133327E+08  0.165119E+08
  0.792301E-02  0.164108E+08  0.164062E+08  0.000000E+00  0.000000E+00  0.131239E+08  0.163889E+08
  0.819156E-02  0.162849E+08  0.162801E+08  0.000000E+00  0.000000E+00  0.129110E+08  0.162624E+08
  0.846922E-02  0.161555E+08  0.161504E+08  0.000000E+00  0.000000E+00  0.126943E+08  0.161323E+08
  0.875628E-02  0.160225E+08  0.160170E+08  0.000000E+00  0.000000E+00  0.124739E+08  0.159987E+08
  0.905308E-02  0.158858E+08  0.158799E+08  0.000000E+00  0.000000E+00  0.122502E+08  0.158613E+08
  0.935993E-02  0.157453E+08  0.157391E+08  0.000000E+00  0.000000E+00  0.120236E+08  0.157202E+08
  0.967719E-02  0.156007E+08  0.155941E+08  0.000000E+00  0.000000E+00  0.117942E+08  0.155750E+08
  0.100052E-01  0.154526E+08  0.154455E+08  0.000000E+00  0.000000E+00  0.115625E+08  0.154262E+08
  0.103443E-01  0.153004E+08  0.152930E+08  0.000000E+00  0.000000E+00  0.113284E+08  0.152734E+08
  0.106949E-01  0.151443E+08  0.151364E+08  0.000000E+00  0.000000E+00  0.110919E+08  0.151166E+08
  0.110575E-01  0.149840E+08  0.149756E+08  0.000000E+00  0.000000E+00  0.108530E+08  0.149558E+08
  0.114322E-01  0.148197E+08  0.148107E+08  0.000000E+00  0.000000E+00  0.106117E+08  0.147908E+08
  0.118197E-01  0.146512E+08  0.146417E+08  0.000000E+00  0.000000E+00  0.103679E+08  0.146217E+08
  0.122204E-01  0.144783E+08  0.144683E+08  0.000000E+00  0.000000E+00  0.101218E+08  0.144482E+08
  0.126346E-01  0.143011E+08  0.142905E+08  0.000000E+00  0.000000E+00  0.987351E+07  0.142703E+08
  0.130628E-01  0.141194E+08  0.141082E+08  0.000000E+00  0.000000E+00  0.962329E+07  0.140881E+08
  0.135056E-01  0.139333E+08  0.139214E+08  0.000000E+00  0.000000E+00  0.937141E+07  0.139013E+08
  0.139634E-01  0.137425E+08  0.137299E+08  0.000000E+00  0.000000E+00  0.911809E+07  0.137100E+08
  0.144367E-01  0.135472E+08  0.135338E+08  0.000000E+00  0.000000E+00  0.886370E+07  0.135140E+08
  0.149260E-01  0.133471E+08  0.133330E+08  0.000000E+00  0.000000E+00  0.860852E+07  0.133134E+08
  0.154319E-01  0.131424E+08  0.131274E+08  0.000000E+00  0.000000E+00  0.835285E+07  0.131081E+08
  0.159550E-01  0.129328E+08  0.129171E+08  0.000000E+00  0.000000E+00  0.809695E+07  0.128981E+08
  0.164958E-01  0.127185E+08  0.127019E+08  0.000000E+00  0.000000E+00  0.784089E+07  0.126832E+08
  0.170549E-01  0.124993E+08  0.124818E+08  0.000000E+00  0.000000E+00  0.758430E+07  0.124636E+08
  0.176330E-01  0.122753E+08  0.122569E+08  0.000000E+00  0.000000E+00  0.732819E+07  0.122391E+08
  0.182307E-01  0.120465E+08  0.120271E+08  0.000000E+00  0.000000E+00  0.707236E+07  0.120098E+08
  0.188486E-01  0.118128E+08  0.117924E+08  0.000000E+00  0.000000E+00  0.681728E+07  0.117758E+08
  0.194875E-01  0.115744E+08  0.115530E+08  0.000000E+00  0.000000E+00  0.656340E+07  0.115370E+08
  0.201480E-01  0.113313E+08  0.113088E+08  0.000000E+00  0.000000E+00  0.631109E+07  0.112935E+08
  0.208309E-01  0.110836E+08  0.110600E+08  0.000000E+00  0.000000E+00  0.606061E+07  0.110455E+08
  0.215370E-01  0.108314E+08  0.108067E+08  0.000000E+00  0.000000E+00  0.581218E+07  0.107930E+08
  0.222670E-01  0.105749E+08  0.105491E+08  0.000000E+00  0.000000E+00  0.556607E+07  0.105363E+08
  0.230217E-01  0.103143E+08  0.102873E+08  0.000000E+00  0.000000E+00  0.532260E+07  0.102755E+08
  0.238020E-01  0.100498E+08  0.100217E+08  0.000000E+00  0.000000E+00  0.508216E+07  0.100108E+08
  0.246088E-01  0.978171E+07  0.975246E+07  0.000000E+00  0.000000E+00  0.484520E+07  0.974258E+07
  0.254429E-01  0.951037E+07  0.947997E+07  0.000000E+00  0.000000E+00  0.461216E+07  0.947117E+07
  0.263053E-01  0.923616E+07  0.920464E+07  0.000000E+00  0.000000E+00  0.438333E+07  0.919694E+07
  0.271970E-01  0.895956E+07  0.892692E+07  0.000000E+00  0.000000E+00  0.415899E+07  0.892035E+07
  0.281188E-01  0.868105E+07  0.864734E+07  0.000000E+00  0.000000E+00  0.393955E+07  0.864192E+07
  0.290719E-01  0.840124E+07  0.836649E+07  0.000000E+00  0.000000E+00  0.372549E+07  0.836223E+07
  0.300573E-01  0.812077E+07  0.808504E+07  0.000000E+00  0.000000E+00  0.351720E+07  0.808194E+07
  0.310761E-01  0.784037E+07  0.780372E+07  0.000000E+00  0.000000E+00  0.331502E+07  0.780178E+07
  0.321294E-01  0.756083E+07  0.752335E+07  0.000000E+00  0.000000E+00  0.311926E+07  0.752254E+07
  0.332184E-01  0.728303E+07  0.724482E+07  0.000000E+00  0.000000E+00  0.293028E+07  0.724509E+07
  0.343444E-01  0.700791E+07  0.696907E+07  0.000000E+00  0.000000E+00  0.274849E+07  0.697038E+07
  0.355085E-01  0.673648E+07  0.669714E+07  0.000000E+00  0.000000E+00  0.257417E+07  0.669943E+07
  0.367120E-01  0.646980E+07  0.643010E+07  0.000000E+00  0.000000E+00  0.240754E+07  0.643328E+07
  0.379564E-01  0.620866E+07  0.616876E+07  0.000000E+00  0.000000E+00  0.224875E+07  0.617272E+07
  0.392429E-01  0.595383E+07  0.591389E+07  0.000000E+00  0.000000E+00  0.209793E+07  0.591853E+07
  0.405731E-01  0.570692E+07  0.566714E+07  0.000000E+00  0.000000E+00  0.195541E+07  0.567232E+07
  0.419483E-01  0.546927E+07  0.542984E+07  0.000000E+00  0.000000E+00  0.182132E+07  0.543542E+07
  0.433702E-01  0.524215E+07  0.520328E+07  0.000000E+00  0.000000E+00  0.169581E+07  0.520909E+07
  0.448402E-01  0.502669E+07  0.498858E+07  0.000000E+00  0.000000E+00  0.157890E+07  0.499446E+07
  0.463601E-01  0.482379E+07  0.478668E+07  0.000000E+00  0.000000E+00  0.147045E+07  0.479243E+07
  0.479314E-01  0.463413E+07  0.459822E+07  0.000000E+00  0.000000E+00  0.137027E+07  0.460367E+07
  0.495561E-01  0.445807E+07  0.442356E+07  0.000000E+00  0.000000E+00  0.127808E+07  0.442852E+07
  0.512358E-01  0.429566E+07  0.426277E+07  0.000000E+00  0.000000E+00  0.119344E+07  0.426705E+07
  0.529724E-01  0.414664E+07  0.411554E+07  0.000000E+00  0.000000E+00  0.111590E+07  0.411898E+07
  0.547679E-01  0.401058E+07  0.398141E+07  0.000000E+00  0.000000E+00  0.104493E+07  0.398386E+07
  0.566243E-01  0.388668E+07  0.385958E+07  0.000000E+00  0.000000E+00  0.979936E+06  0.386090E+07
  0.593837E-01  0.372899E+07  0.370496E+07  0.000000E+00  0.000000E+00  0.896396E+06  0.370453E+07
  0.621432E-01  0.359964E+07  0.357859E+07  0.000000E+00  0.000000E+00  0.826043E+06  0.357638E+07
  0.649026E-01  0.348714E+07  0.346885E+07  0.000000E+00  0.000000E+00  0.764820E+06  0.346496E+07
  0.676620E-01  0.338644E+07  0.337060E+07  0.000000E+00  0.000000E+00  0.710660E+06  0.336524E+07
  0.704214E-01  0.329135E+07  0.327757E+07  0.000000E+00  0.000000E+00  0.661564E+06  0.327101E+07
  0.731809E-01  0.319690E+07  0.318476E+07  0.000000E+00  0.000000E+00  0.616079E+06  0.317732E+07
  0.759403E-01  0.309947E+07  0.308852E+07  0.000000E+00  0.000000E+00  0.573201E+06  0.308056E+07
  0.786997E-01  0.299693E+07  0.298676E+07  0.000000E+00  0.000000E+00  0.532345E+06  0.297863E+07
  0.814591E-01  0.288855E+07  0.287876E+07  0.000000E+00  0.000000E+00  0.493246E+06  0.287079E+07
  0.842186E-01  0.277472E+07  0.276496E+07  0.000000E+00  0.000000E+00  0.455844E+06  0.275745E+07
  0.869780E-01  0.265660E+07  0.264660E+07  0.000000E+00  0.000000E+00  0.420220E+06  0.263978E+07
  0.897374E-01  0.253584E+07  0.252539E+07  0.000000E+00  0.000000E+00  0.386498E+06  0.251944E+07
  0.924969E-01  0.241434E+07  0.240333E+07  0.000000E+00  0.000000E+00  0.354822E+06  0.239834E+07
  0.952563E-01  0.229417E+07  0.228255E+07  0.000000E+00  0.000000E+00  0.325333E+06  0.227858E+07
  0.980157E-01  0.217749E+07  0.216528E+07  0.000000E+00  0.000000E+00  0.298154E+06  0.216230E+07
  0.100775E+00  0.206645E+07  0.205374E+07  0.000000E+00  0.000000E+00  0.273387E+06  0.205166E+07
  0.103535E+00  0.196303E+07  0.194995E+07  0.000000E+00  0.000000E+00  0.251089E+06  0.194864E+07
  0.106294E+00  0.186889E+07  0.185563E+07  0.000000E+00  0.000000E+00  0.231264E+06  0.185493E+07
  0.109053E+00  0.178524E+07  0.177197E+07  0.000000E+00  0.000000E+00  0.213852E+06  0.177169E+07
  0.111813E+00  0.171267E+07  0.169960E+07  0.000000E+00  0.000000E+00  0.198720E+06  0.169954E+07
  0.114572E+00  0.165122E+07  0.163853E+07  0.000000E+00  0.000000E+00  0.185686E+06  0.163849E+07
  0.117332E+00  0.160035E+07  0.158823E+07  0.000000E+00  0.000000E+00  0.174522E+06  0.158803E+07
  0.120091E+00  0.155912E+07  0.154769E+07  0.000000E+00  0.000000E+00  0.164971E+06  0.154719E+07
  0.122851E+00  0.152618E+07  0.151555E+07  0.000000E+00  0.000000E+00  0.156768E+06  0.151462E+07
  0.125610E+00  0.149993E+07  0.149016E+07  0.000000E+00  0.000000E+00  0.149647E+06  0.148874E+07
  0.128369E+00  0.147861E+07  0.146973E+07  0.000000E+00  0.000000E+00  0.143350E+06  0.146776E+07
  0.131129E+00  0.146038E+07  0.145235E+07  0.000000E+00  0.000000E+00  0.137643E+06  0.144984E+07
  0.133888E+00  0.144346E+07  0.143624E+07  0.000000E+00  0.000000E+00  0.132319E+06  0.143322E+07
  0.136648E+00  0.142626E+07  0.141975E+07  0.000000E+00  0.000000E+00  0.127210E+06  0.141629E+07
  0.139407E+00  0.140747E+07  0.140155E+07  0.000000E+00  0.000000E+00  0.122189E+06  0.139776E+07
  0.142167E+00  0.138612E+07  0.138067E+07  0.000000E+00  0.000000E+00  0.117173E+06  0.137664E+07
  0.144926E+00  0.136161E+07  0.135648E+07  0.000000E+00  0.000000E+00  0.112115E+06  0.135234E+07
  0.147685E+00  0.133365E+07  0.132871E+07  0.000000E+00  0.000000E+00  0.107001E+06  0.132458E+07
  0.150445E+00  0.130226E+07  0.129738E+07  0.000000E+00  0.000000E+00  0.101841E+06  0.129337E+07
  0.153204E+00  0.126769E+07  0.126277E+07  0.000000E+00  0.000000E+00  0.966617E+05  0.125897E+07
  0.155964E+00  0.123042E+07  0.122536E+07  0.000000E+00  0.000000E+00  0.915062E+05  0.122186E+07
  0.158723E+00  0.119114E+07  0.118587E+07  0.000000E+00  0.000000E+00  0.864267E+05  0.118274E+07
  0.161483E+00  0.115067E+07  0.114517E+07  0.000000E+00  0.000000E+00  0.814819E+05  0.114243E+07
  0.164242E+00  0.111000E+07  0.110423E+07  0.000000E+00  0.000000E+00  0.767334E+05  0.110191E+07
  0.167001E+00  0.107009E+07  0.106409E+07  0.000000E+00  0.000000E+00  0.722386E+05  0.106216E+07
  0.169761E+00  0.103190E+07  0.102568E+07  0.000000E+00  0.000000E+00  0.680455E+05  0.102412E+07
  0.172520E+00  0.996235E+06  0.989859E+06  0.000000E+00  0.000000E+00  0.641900E+05  0.988612E+06
  0.175280E+00  0.963679E+06  0.957211E+06  0.000000E+00  0.000000E+00  0.606893E+05  0.956212E+06
  0.178039E+00  0.934653E+06  0.928166E+06  0.000000E+00  0.000000E+00  0.575486E+05  0.927344E+06
  0.180799E+00  0.909353E+06  0.902924E+06  0.000000E+00  0.000000E+00  0.547583E+05  0.902201E+06
  0.183558E+00  0.887791E+06  0.881494E+06  0.000000E+00  0.000000E+00  0.522982E+05  0.880796E+06
  0.186317E+00  0.869817E+06  0.863720E+06  0.000000E+00  0.000000E+00  0.501403E+05  0.862976E+06
  0.189077E+00  0.855134E+06  0.849294E+06  0.000000E+00  0.000000E+00  0.482498E+05  0.848446E+06
  0.191836E+00  0.843318E+06  0.837780E+06  0.000000E+00  0.000000E+00  0.465877E+05  0.836777E+06
  0.194596E+00  0.833830E+06  0.828623E+06  0.000000E+00  0.000000E+00  0.451114E+05  0.827431E+06
  0.197355E+00  0.826050E+06  0.821187E+06  0.000000E+00  0.000000E+00  0.437772E+05  0.819787E+06
  0.200115E+00  0.819315E+06  0.814793E+06  0.000000E+00  0.000000E+00  0.425428E+05  0.813181E+06
  0.202874E+00  0.812968E+06  0.808769E+06  0.000000E+00  0.000000E+00  0.413691E+05  0.806956E+06
  0.205633E+00  0.806411E+06  0.802504E+06  0.000000E+00  0.000000E+00  0.402232E+05  0.800514E+06
  0.208393E+00  0.799138E+06  0.795483E+06  0.000000E+00  0.000000E+00  0.390792E+05  0.793350E+06
  0.211152E+00  0.790763E+06  0.787311E+06  0.000000E+00  0.000000E+00  0.379188E+05  0.785076E+06
  0.219597E+00  0.756147E+06  0.752993E+06  0.000000E+00  0.000000E+00  0.341856E+05  0.750737E+06
  0.228380E+00  0.706360E+06  0.703079E+06  0.000000E+00  0.000000E+00  0.300888E+05  0.701201E+06
  0.237514E+00  0.648462E+06  0.644866E+06  0.000000E+00  0.000000E+00  0.260106E+05  0.643554E+06
  0.247013E+00  0.595731E+06  0.591960E+06  0.000000E+00  0.000000E+00  0.224914E+05  0.591084E+06
  0.256893E+00  0.558202E+06  0.554609E+06  0.000000E+00  0.000000E+00  0.198308E+05  0.553823E+06
  0.267167E+00  0.536208E+06  0.533103E+06  0.000000E+00  0.000000E+00  0.179210E+05  0.532091E+06
  0.277852E+00  0.520491E+06  0.517916E+06  0.000000E+00  0.000000E+00  0.163587E+05  0.516610E+06
  0.288965E+00  0.498716E+06  0.496427E+06  0.000000E+00  0.000000E+00  0.147315E+05  0.495041E+06
  0.300522E+00  0.466188E+06  0.463878E+06  0.000000E+00  0.000000E+00  0.129340E+05  0.462700E+06
  0.312541E+00  0.429231E+06  0.426792E+06  0.000000E+00  0.000000E+00  0.111792E+05  0.425929E+06
  0.325041E+00  0.398814E+06  0.396406E+06  0.000000E+00  0.000000E+00  0.974758E+04  0.395702E+06
  0.338041E+00  0.379563E+06  0.377414E+06  0.000000E+00  0.000000E+00  0.870407E+04  0.376637E+06
  0.351561E+00  0.365006E+06  0.363159E+06  0.000000E+00  0.000000E+00  0.785050E+04  0.362250E+06
  0.365622E+00  0.345972E+06  0.344258E+06  0.000000E+00  0.000000E+00  0.697519E+04  0.343367E+06
  0.380245E+00  0.321461E+06  0.319726E+06  0.000000E+00  0.000000E+00  0.607182E+04  0.318999E+06
  0.395452E+00  0.298831E+06  0.297116E+06  0.000000E+00  0.000000E+00  0.528602E+04  0.296511E+06
  0.411268E+00  0.282920E+06  0.281361E+06  0.000000E+00  0.000000E+00  0.468573E+04  0.280740E+06
  0.427717E+00  0.269680E+06  0.268291E+06  0.000000E+00  0.000000E+00  0.418041E+04  0.267627E+06
  0.444823E+00  0.253474E+06  0.252148E+06  0.000000E+00  0.000000E+00  0.367568E+04  0.251537E+06
  0.462614E+00  0.236047E+06  0.234742E+06  0.000000E+00  0.000000E+00  0.320072E+04  0.234222E+06
  0.481116E+00  0.222051E+06  0.220833E+06  0.000000E+00  0.000000E+00  0.281467E+04  0.220336E+06
  0.500358E+00  0.210437E+06  0.209331E+06  0.000000E+00  0.000000E+00  0.249279E+04  0.208824E+06
  0.520370E+00  0.197638E+06  0.196587E+06  0.000000E+00  0.000000E+00  0.218690E+04  0.196119E+06
  0.541182E+00  0.184795E+06  0.183786E+06  0.000000E+00  0.000000E+00  0.190934E+04  0.183366E+06
  0.562827E+00  0.174119E+06  0.173184E+06  0.000000E+00  0.000000E+00  0.167939E+04  0.172777E+06
  0.585337E+00  0.164008E+06  0.163137E+06  0.000000E+00  0.000000E+00  0.147615E+04  0.162746E+06
  0.608747E+00  0.153615E+06  0.152785E+06  0.000000E+00  0.000000E+00  0.128971E+04  0.152428E+06
  0.633094E+00  0.144340E+06  0.143563E+06  0.000000E+00  0.000000E+00  0.113010E+04  0.143225E+06
  0.790639E+00  0.100923E+06  0.100382E+06  0.000000E+00  0.000000E+00  0.528818E+03  0.100142E+06
  0.987388E+00  0.701376E+05  0.697616E+05  0.000000E+00  0.000000E+00  0.243771E+03  0.695942E+05
  0.123310E+01  0.485084E+05  0.482485E+05  0.000000E+00  0.000000E+00  0.110985E+03  0.481322E+05
  0.153995E+01  0.334002E+05  0.332213E+05  0.000000E+00  0.000000E+00  0.678008E+02  0.331412E+05
  0.192317E+01  0.229050E+05  0.227823E+05  0.000000E+00  0.000000E+00  0.305220E+02  0.227273E+05
  0.240175E+01  0.156503E+05  0.155665E+05  0.000000E+00  0.000000E+00  0.136123E+02  0.155288E+05
