  0.745045E-04  0.198016E+08  0.198016E+08  0.257040E+08  0.257030E+08  0.198008E+08  0.198016E+08
  0.829624E-04  0.198013E+08  0.198013E+08  0.255387E+08  0.255374E+08  0.198002E+08  0.198013E+08
  0.923803E-04  0.198009E+08  0.198009E+08  0.253350E+08  0.253335E+08  0.197995E+08  0.198009E+08
  0.102867E-03  0.198005E+08  0.198005E+08  0.250845E+08  0.250826E+08  0.197986E+08  0.198005E+08
  0.114545E-03  0.197999E+08  0.197999E+08  0.247771E+08  0.247748E+08  0.197976E+08  0.197999E+08
  0.127548E-03  0.197992E+08  0.197992E+08  0.244007E+08  0.243979E+08  0.197962E+08  0.197992E+08
  0.142028E-03  0.197983E+08  0.197983E+08  0.239412E+08  0.239378E+08  0.197946E+08  0.197983E+08
  0.158151E-03  0.197972E+08  0.197972E+08  0.233826E+08  0.233784E+08  0.197926E+08  0.197972E+08
  0.176104E-03  0.197959E+08  0.197959E+08  0.227064E+08  0.227015E+08  0.197901E+08  0.197959E+08
  0.196096E-03  0.197942E+08  0.197942E+08  0.218930E+08  0.218872E+08  0.197869E+08  0.197942E+08
  0.218356E-03  0.197922E+08  0.197922E+08  0.209217E+08  0.209149E+08  0.197831E+08  0.197921E+08
  0.243144E-03  0.197897E+08  0.197897E+08  0.197724E+08  0.197647E+08  0.197783E+08  0.197896E+08
  0.270746E-03  0.197866E+08  0.197866E+08  0.184285E+08  0.184198E+08  0.197725E+08  0.197865E+08
  0.301482E-03  0.197828E+08  0.197828E+08  0.168797E+08  0.168702E+08  0.197652E+08  0.197827E+08
  0.335706E-03  0.197781E+08  0.197781E+08  0.151278E+08  0.151178E+08  0.197563E+08  0.197779E+08
  0.373816E-03  0.197723E+08  0.197723E+08  0.131924E+08  0.131824E+08  0.197453E+08  0.197722E+08
  0.416252E-03  0.197653E+08  0.197653E+08  0.111181E+08  0.111087E+08  0.197318E+08  0.197651E+08
  0.463505E-03  0.197568E+08  0.197568E+08  0.898029E+07  0.897244E+07  0.197152E+08  0.197565E+08
  0.516122E-03  0.197464E+08  0.197464E+08  0.688734E+07  0.688195E+07  0.196949E+08  0.197461E+08
  0.574713E-03  0.197339E+08  0.197339E+08  0.497386E+07  0.497168E+07  0.196701E+08  0.197335E+08
  0.639955E-03  0.197188E+08  0.197187E+08  0.338051E+07  0.338170E+07  0.196400E+08  0.197183E+08
  0.712603E-03  0.197007E+08  0.197006E+08  0.221730E+07  0.222107E+07  0.196034E+08  0.197000E+08
  0.793498E-03  0.196790E+08  0.196790E+08  0.151606E+07  0.152057E+07  0.195592E+08  0.196783E+08
  0.883577E-03  0.196533E+08  0.196533E+08  0.119308E+07  0.119592E+07  0.195059E+08  0.196524E+08
  0.983881E-03  0.196229E+08  0.196228E+08  0.105820E+07  0.105775E+07  0.194418E+08  0.196218E+08
  0.109557E-02  0.195871E+08  0.195870E+08  0.901404E+06  0.898482E+06  0.193652E+08  0.195857E+08
  0.121994E-02  0.195450E+08  0.195449E+08  0.632278E+06  0.630088E+06  0.192743E+08  0.195433E+08
  0.135843E-02  0.194957E+08  0.194955E+08  0.351630E+06  0.352648E+06  0.191661E+08  0.194936E+08
  0.151264E-02  0.194382E+08  0.194379E+08  0.219068E+06  0.221289E+06  0.190384E+08  0.194356E+08
  0.168436E-02  0.193712E+08  0.193709E+08  0.211129E+06  0.210559E+06  0.188886E+08  0.193681E+08
  0.187557E-02  0.192934E+08  0.192931E+08  0.154668E+06  0.153038E+06  0.187141E+08  0.192897E+08
  0.208848E-02  0.192036E+08  0.192031E+08  0.634203E+05  0.646775E+05  0.185126E+08  0.191992E+08
  0.232557E-02  0.191001E+08  0.190995E+08  0.616544E+05  0.614609E+05  0.182818E+08  0.190949E+08
  0.258957E-02  0.189814E+08  0.189807E+08  0.407041E+05  0.386483E+05  0.180199E+08  0.189752E+08
  0.288354E-02  0.188457E+08  0.188449E+08  0.174448E+05  0.151053E+05  0.177258E+08  0.188385E+08
  0.321088E-02  0.186914E+08  0.186904E+08  0.205153E+05  0.152588E+05  0.173984E+08  0.186831E+08
  0.357538E-02  0.185168E+08  0.185155E+08  0.271574E+04  0.321999E+04  0.170368E+08  0.185072E+08
  0.398126E-02  0.183200E+08  0.183184E+08 -0.360781E+03 -0.523130E+03  0.166400E+08  0.183092E+08
  0.443322E-02  0.180994E+08  0.180974E+08  0.255301E+04  0.142022E+04  0.162065E+08  0.180871E+08
  0.493648E-02  0.178532E+08  0.178508E+08  0.000000E+00  0.000000E+00  0.157340E+08  0.178395E+08
  0.498985E-02  0.178271E+08  0.178247E+08  0.000000E+00  0.000000E+00  0.156845E+08  0.178132E+08
  0.504379E-02  0.178007E+08  0.177983E+08  0.000000E+00  0.000000E+00  0.156346E+08  0.177867E+08
  0.509832E-02  0.177741E+08  0.177716E+08  0.000000E+00  0.000000E+00  0.155843E+08  0.177599E+08
  0.515344E-02  0.177472E+08  0.177446E+08  0.000000E+00  0.000000E+00  0.155336E+08  0.177328E+08
  0.520915E-02  0.177200E+08  0.177173E+08  0.000000E+00  0.000000E+00  0.154825E+08  0.177054E+08
  0.526546E-02  0.176925E+08  0.176898E+08  0.000000E+00  0.000000E+00  0.154309E+08  0.176778E+08
  0.532239E-02  0.176647E+08  0.176620E+08  0.000000E+00  0.000000E+00  0.153790E+08  0.176499E+08
  0.537993E-02  0.176367E+08  0.176339E+08  0.000000E+00  0.000000E+00  0.153266E+08  0.176217E+08
  0.543809E-02  0.176084E+08  0.176055E+08  0.000000E+00  0.000000E+00  0.152738E+08  0.175932E+08
  0.549688E-02  0.175797E+08  0.175768E+08  0.000000E+00  0.000000E+00  0.152205E+08  0.175644E+08
  0.555630E-02  0.175508E+08  0.175478E+08  0.000000E+00  0.000000E+00  0.151669E+08  0.175353E+08
  0.561637E-02  0.175216E+08  0.175186E+08  0.000000E+00  0.000000E+00  0.151128E+08  0.175059E+08
  0.567709E-02  0.174921E+08  0.174890E+08  0.000000E+00  0.000000E+00  0.150583E+08  0.174763E+08
  0.573846E-02  0.174623E+08  0.174591E+08  0.000000E+00  0.000000E+00  0.150034E+08  0.174463E+08
  0.580050E-02  0.174322E+08  0.174290E+08  0.000000E+00  0.000000E+00  0.149480E+08  0.174160E+08
  0.586320E-02  0.174018E+08  0.173985E+08  0.000000E+00  0.000000E+00  0.148922E+08  0.173855E+08
  0.592659E-02  0.173712E+08  0.173678E+08  0.000000E+00  0.000000E+00  0.148360E+08  0.173546E+08
  0.599066E-02  0.173402E+08  0.173367E+08  0.000000E+00  0.000000E+00  0.147794E+08  0.173234E+08
  0.605542E-02  0.173089E+08  0.173053E+08  0.000000E+00  0.000000E+00  0.147223E+08  0.172920E+08
  0.612089E-02  0.172773E+08  0.172737E+08  0.000000E+00  0.000000E+00  0.146649E+08  0.172602E+08
  0.618706E-02  0.172454E+08  0.172417E+08  0.000000E+00  0.000000E+00  0.146070E+08  0.172281E+08
  0.625394E-02  0.172131E+08  0.172094E+08  0.000000E+00  0.000000E+00  0.145486E+08  0.171957E+08
  0.632155E-02  0.171806E+08  0.171768E+08  0.000000E+00  0.000000E+00  0.144899E+08  0.171630E+08
  0.638989E-02  0.171478E+08  0.171439E+08  0.000000E+00  0.000000E+00  0.144307E+08  0.171300E+08
  0.645897E-02  0.171146E+08  0.171106E+08  0.000000E+00  0.000000E+00  0.143712E+08  0.170967E+08
  0.652880E-02  0.170812E+08  0.170771E+08  0.000000E+00  0.000000E+00  0.143111E+08  0.170630E+08
  0.659938E-02  0.170474E+08  0.170432E+08  0.000000E+00  0.000000E+00  0.142507E+08  0.170290E+08
  0.667072E-02  0.170133E+08  0.170090E+08  0.000000E+00  0.000000E+00  0.141899E+08  0.169947E+08
  0.674284E-02  0.169788E+08  0.169745E+08  0.000000E+00  0.000000E+00  0.141286E+08  0.169601E+08
  0.681573E-02  0.169441E+08  0.169397E+08  0.000000E+00  0.000000E+00  0.140670E+08  0.169252E+08
  0.688942E-02  0.169090E+08  0.169045E+08  0.000000E+00  0.000000E+00  0.140049E+08  0.168899E+08
  0.696390E-02  0.168736E+08  0.168690E+08  0.000000E+00  0.000000E+00  0.139425E+08  0.168543E+08
  0.703918E-02  0.168379E+08  0.168332E+08  0.000000E+00  0.000000E+00  0.138796E+08  0.168184E+08
  0.711528E-02  0.168018E+08  0.167970E+08  0.000000E+00  0.000000E+00  0.138163E+08  0.167822E+08
  0.719220E-02  0.167654E+08  0.167606E+08  0.000000E+00  0.000000E+00  0.137526E+08  0.167456E+08
  0.726995E-02  0.167287E+08  0.167237E+08  0.000000E+00  0.000000E+00  0.136885E+08  0.167087E+08
  0.734855E-02  0.166916E+08  0.166866E+08  0.000000E+00  0.000000E+00  0.136240E+08  0.166714E+08
  0.742799E-02  0.166542E+08  0.166491E+08  0.000000E+00  0.000000E+00  0.135592E+08  0.166338E+08
  0.750829E-02  0.166165E+08  0.166112E+08  0.000000E+00  0.000000E+00  0.134939E+08  0.165959E+08
  0.758946E-02  0.165784E+08  0.165730E+08  0.000000E+00  0.000000E+00  0.134282E+08  0.165576E+08
  0.767151E-02  0.165400E+08  0.165345E+08  0.000000E+00  0.000000E+00  0.133622E+08  0.165190E+08
  0.775444E-02  0.165012E+08  0.164956E+08  0.000000E+00  0.000000E+00  0.132958E+08  0.164801E+08
  0.783828E-02  0.164621E+08  0.164564E+08  0.000000E+00  0.000000E+00  0.132290E+08  0.164408E+08
  0.792301E-02  0.164227E+08  0.164168E+08  0.000000E+00  0.000000E+00  0.131618E+08  0.164011E+08
  0.800867E-02  0.163828E+08  0.163769E+08  0.000000E+00  0.000000E+00  0.130943E+08  0.163611E+08
  0.809524E-02  0.163427E+08  0.163366E+08  0.000000E+00  0.000000E+00  0.130263E+08  0.163208E+08
  0.818276E-02  0.163022E+08  0.162960E+08  0.000000E+00  0.000000E+00  0.129581E+08  0.162801E+08
  0.827122E-02  0.162613E+08  0.162550E+08  0.000000E+00  0.000000E+00  0.128894E+08  0.162390E+08
  0.836064E-02  0.162201E+08  0.162137E+08  0.000000E+00  0.000000E+00  0.128204E+08  0.161976E+08
  0.845102E-02  0.161785E+08  0.161720E+08  0.000000E+00  0.000000E+00  0.127510E+08  0.161558E+08
  0.854239E-02  0.161366E+08  0.161299E+08  0.000000E+00  0.000000E+00  0.126813E+08  0.161137E+08
  0.863473E-02  0.160943E+08  0.160875E+08  0.000000E+00  0.000000E+00  0.126112E+08  0.160712E+08
  0.872808E-02  0.160516E+08  0.160447E+08  0.000000E+00  0.000000E+00  0.125408E+08  0.160283E+08
  0.882244E-02  0.160086E+08  0.160015E+08  0.000000E+00  0.000000E+00  0.124700E+08  0.159851E+08
  0.891782E-02  0.159652E+08  0.159580E+08  0.000000E+00  0.000000E+00  0.123989E+08  0.159415E+08
  0.901422E-02  0.159215E+08  0.159141E+08  0.000000E+00  0.000000E+00  0.123275E+08  0.158975E+08
  0.911167E-02  0.158773E+08  0.158698E+08  0.000000E+00  0.000000E+00  0.122557E+08  0.158532E+08
  0.921018E-02  0.158328E+08  0.158252E+08  0.000000E+00  0.000000E+00  0.121836E+08  0.158085E+08
  0.930975E-02  0.157879E+08  0.157801E+08  0.000000E+00  0.000000E+00  0.121112E+08  0.157634E+08
  0.941039E-02  0.157427E+08  0.157347E+08  0.000000E+00  0.000000E+00  0.120384E+08  0.157180E+08
  0.951212E-02  0.156971E+08  0.156890E+08  0.000000E+00  0.000000E+00  0.119654E+08  0.156721E+08
  0.961496E-02  0.156511E+08  0.156428E+08  0.000000E+00  0.000000E+00  0.118920E+08  0.156259E+08
  0.971890E-02  0.156047E+08  0.155962E+08  0.000000E+00  0.000000E+00  0.118183E+08  0.155793E+08
  0.982397E-02  0.155579E+08  0.155493E+08  0.000000E+00  0.000000E+00  0.117443E+08  0.155324E+08
  0.993017E-02  0.155107E+08  0.155020E+08  0.000000E+00  0.000000E+00  0.116701E+08  0.154850E+08
  0.100375E-01  0.154632E+08  0.154543E+08  0.000000E+00  0.000000E+00  0.115955E+08  0.154373E+08
  0.101460E-01  0.154153E+08  0.154062E+08  0.000000E+00  0.000000E+00  0.115207E+08  0.153891E+08
  0.102557E-01  0.153669E+08  0.153577E+08  0.000000E+00  0.000000E+00  0.114455E+08  0.153406E+08
  0.103666E-01  0.153182E+08  0.153088E+08  0.000000E+00  0.000000E+00  0.113701E+08  0.152917E+08
  0.104787E-01  0.152691E+08  0.152595E+08  0.000000E+00  0.000000E+00  0.112944E+08  0.152424E+08
  0.105919E-01  0.152196E+08  0.152098E+08  0.000000E+00  0.000000E+00  0.112185E+08  0.151927E+08
  0.107065E-01  0.151698E+08  0.151598E+08  0.000000E+00  0.000000E+00  0.111422E+08  0.151426E+08
  0.108222E-01  0.151195E+08  0.151093E+08  0.000000E+00  0.000000E+00  0.110658E+08  0.150921E+08
  0.109392E-01  0.150688E+08  0.150584E+08  0.000000E+00  0.000000E+00  0.109891E+08  0.150413E+08
  0.110575E-01  0.150177E+08  0.150071E+08  0.000000E+00  0.000000E+00  0.109121E+08  0.149900E+08
  0.111770E-01  0.149662E+08  0.149554E+08  0.000000E+00  0.000000E+00  0.108349E+08  0.149383E+08
  0.112978E-01  0.149143E+08  0.149033E+08  0.000000E+00  0.000000E+00  0.107574E+08  0.148862E+08
  0.114200E-01  0.148620E+08  0.148508E+08  0.000000E+00  0.000000E+00  0.106798E+08  0.148337E+08
  0.115434E-01  0.148093E+08  0.147979E+08  0.000000E+00  0.000000E+00  0.106019E+08  0.147808E+08
  0.116682E-01  0.147561E+08  0.147445E+08  0.000000E+00  0.000000E+00  0.105237E+08  0.147274E+08
  0.117944E-01  0.147026E+08  0.146908E+08  0.000000E+00  0.000000E+00  0.104454E+08  0.146737E+08
  0.119219E-01  0.146487E+08  0.146366E+08  0.000000E+00  0.000000E+00  0.103669E+08  0.146196E+08
  0.120507E-01  0.145943E+08  0.145820E+08  0.000000E+00  0.000000E+00  0.102882E+08  0.145650E+08
  0.121810E-01  0.145395E+08  0.145270E+08  0.000000E+00  0.000000E+00  0.102092E+08  0.145101E+08
  0.123127E-01  0.144843E+08  0.144716E+08  0.000000E+00  0.000000E+00  0.101301E+08  0.144547E+08
  0.124458E-01  0.144287E+08  0.144158E+08  0.000000E+00  0.000000E+00  0.100508E+08  0.143989E+08
  0.125804E-01  0.143727E+08  0.143595E+08  0.000000E+00  0.000000E+00  0.997139E+07  0.143426E+08
  0.127164E-01  0.143162E+08  0.143028E+08  0.000000E+00  0.000000E+00  0.989176E+07  0.142860E+08
  0.128538E-01  0.142594E+08  0.142457E+08  0.000000E+00  0.000000E+00  0.981198E+07  0.142289E+08
  0.129928E-01  0.142021E+08  0.141881E+08  0.000000E+00  0.000000E+00  0.973204E+07  0.141715E+08
  0.131333E-01  0.141444E+08  0.141301E+08  0.000000E+00  0.000000E+00  0.965195E+07  0.141135E+08
  0.132752E-01  0.140862E+08  0.140717E+08  0.000000E+00  0.000000E+00  0.957172E+07  0.140552E+08
  0.134188E-01  0.140276E+08  0.140129E+08  0.000000E+00  0.000000E+00  0.949137E+07  0.139964E+08
  0.135638E-01  0.139686E+08  0.139536E+08  0.000000E+00  0.000000E+00  0.941089E+07  0.139372E+08
  0.137105E-01  0.139092E+08  0.138939E+08  0.000000E+00  0.000000E+00  0.933029E+07  0.138776E+08
  0.138587E-01  0.138493E+08  0.138338E+08  0.000000E+00  0.000000E+00  0.924958E+07  0.138176E+08
  0.140085E-01  0.137890E+08  0.137732E+08  0.000000E+00  0.000000E+00  0.916876E+07  0.137571E+08
  0.141599E-01  0.137283E+08  0.137122E+08  0.000000E+00  0.000000E+00  0.908786E+07  0.136962E+08
  0.143130E-01  0.136671E+08  0.136507E+08  0.000000E+00  0.000000E+00  0.900686E+07  0.136348E+08
  0.144678E-01  0.136055E+08  0.135888E+08  0.000000E+00  0.000000E+00  0.892578E+07  0.135730E+08
  0.146242E-01  0.135434E+08  0.135265E+08  0.000000E+00  0.000000E+00  0.884464E+07  0.135108E+08
  0.147823E-01  0.134810E+08  0.134637E+08  0.000000E+00  0.000000E+00  0.876342E+07  0.134482E+08
  0.149421E-01  0.134180E+08  0.134005E+08  0.000000E+00  0.000000E+00  0.868216E+07  0.133851E+08
  0.151036E-01  0.133547E+08  0.133368E+08  0.000000E+00  0.000000E+00  0.860084E+07  0.133216E+08
  0.152669E-01  0.132909E+08  0.132727E+08  0.000000E+00  0.000000E+00  0.851948E+07  0.132576E+08
  0.154319E-01  0.132267E+08  0.132082E+08  0.000000E+00  0.000000E+00  0.843809E+07  0.131932E+08
  0.155988E-01  0.131620E+08  0.131432E+08  0.000000E+00  0.000000E+00  0.835668E+07  0.131284E+08
  0.157674E-01  0.130969E+08  0.130778E+08  0.000000E+00  0.000000E+00  0.827525E+07  0.130631E+08
  0.159378E-01  0.130313E+08  0.130119E+08  0.000000E+00  0.000000E+00  0.819381E+07  0.129974E+08
  0.161101E-01  0.129653E+08  0.129456E+08  0.000000E+00  0.000000E+00  0.811238E+07  0.129313E+08
  0.162843E-01  0.128989E+08  0.128788E+08  0.000000E+00  0.000000E+00  0.803096E+07  0.128647E+08
  0.164603E-01  0.128320E+08  0.128116E+08  0.000000E+00  0.000000E+00  0.794955E+07  0.127977E+08
  0.166383E-01  0.127647E+08  0.127440E+08  0.000000E+00  0.000000E+00  0.786817E+07  0.127302E+08
  0.168182E-01  0.126970E+08  0.126759E+08  0.000000E+00  0.000000E+00  0.778683E+07  0.126623E+08
  0.170000E-01  0.126288E+08  0.126074E+08  0.000000E+00  0.000000E+00  0.770554E+07  0.125940E+08
  0.171838E-01  0.125602E+08  0.125384E+08  0.000000E+00  0.000000E+00  0.762430E+07  0.125252E+08
  0.173695E-01  0.124912E+08  0.124690E+08  0.000000E+00  0.000000E+00  0.754312E+07  0.124561E+08
  0.175573E-01  0.124217E+08  0.123992E+08  0.000000E+00  0.000000E+00  0.746201E+07  0.123864E+08
  0.177471E-01  0.123518E+08  0.123289E+08  0.000000E+00  0.000000E+00  0.738099E+07  0.123164E+08
  0.179390E-01  0.122814E+08  0.122582E+08  0.000000E+00  0.000000E+00  0.730005E+07  0.122459E+08
  0.181329E-01  0.122107E+08  0.121871E+08  0.000000E+00  0.000000E+00  0.721922E+07  0.121750E+08
  0.183289E-01  0.121395E+08  0.121155E+08  0.000000E+00  0.000000E+00  0.713849E+07  0.121037E+08
  0.185271E-01  0.120679E+08  0.120435E+08  0.000000E+00  0.000000E+00  0.705789E+07  0.120320E+08
  0.187274E-01  0.119958E+08  0.119711E+08  0.000000E+00  0.000000E+00  0.697741E+07  0.119598E+08
  0.189298E-01  0.119234E+08  0.118982E+08  0.000000E+00  0.000000E+00  0.689707E+07  0.118872E+08
  0.191345E-01  0.118505E+08  0.118250E+08  0.000000E+00  0.000000E+00  0.681688E+07  0.118142E+08
  0.193413E-01  0.117772E+08  0.117513E+08  0.000000E+00  0.000000E+00  0.673685E+07  0.117408E+08
  0.195504E-01  0.117035E+08  0.116772E+08  0.000000E+00  0.000000E+00  0.665698E+07  0.116670E+08
  0.197618E-01  0.116294E+08  0.116028E+08  0.000000E+00  0.000000E+00  0.657729E+07  0.115928E+08
  0.199754E-01  0.115549E+08  0.115279E+08  0.000000E+00  0.000000E+00  0.649779E+07  0.115182E+08
  0.201914E-01  0.114800E+08  0.114526E+08  0.000000E+00  0.000000E+00  0.641849E+07  0.114432E+08
  0.204097E-01  0.114047E+08  0.113769E+08  0.000000E+00  0.000000E+00  0.633939E+07  0.113678E+08
  0.206303E-01  0.113291E+08  0.113008E+08  0.000000E+00  0.000000E+00  0.626051E+07  0.112921E+08
  0.208533E-01  0.112530E+08  0.112243E+08  0.000000E+00  0.000000E+00  0.618186E+07  0.112159E+08
  0.210788E-01  0.111766E+08  0.111475E+08  0.000000E+00  0.000000E+00  0.610345E+07  0.111394E+08
  0.213066E-01  0.110998E+08  0.110703E+08  0.000000E+00  0.000000E+00  0.602529E+07  0.110625E+08
  0.215370E-01  0.110226E+08  0.109927E+08  0.000000E+00  0.000000E+00  0.594739E+07  0.109853E+08
  0.217698E-01  0.109451E+08  0.109148E+08  0.000000E+00  0.000000E+00  0.586976E+07  0.109077E+08
  0.220052E-01  0.108672E+08  0.108365E+08  0.000000E+00  0.000000E+00  0.579241E+07  0.108297E+08
  0.222430E-01  0.107890E+08  0.107579E+08  0.000000E+00  0.000000E+00  0.571535E+07  0.107514E+08
  0.224835E-01  0.107104E+08  0.106789E+08  0.000000E+00  0.000000E+00  0.563859E+07  0.106728E+08
  0.227266E-01  0.106315E+08  0.105996E+08  0.000000E+00  0.000000E+00  0.556215E+07  0.105939E+08
  0.229723E-01  0.105523E+08  0.105200E+08  0.000000E+00  0.000000E+00  0.548604E+07  0.105146E+08
  0.232206E-01  0.104728E+08  0.104401E+08  0.000000E+00  0.000000E+00  0.541026E+07  0.104351E+08
  0.234716E-01  0.103930E+08  0.103599E+08  0.000000E+00  0.000000E+00  0.533482E+07  0.103552E+08
  0.237254E-01  0.103129E+08  0.102794E+08  0.000000E+00  0.000000E+00  0.525975E+07  0.102751E+08
  0.239819E-01  0.102325E+08  0.101986E+08  0.000000E+00  0.000000E+00  0.518505E+07  0.101947E+08
  0.242411E-01  0.101519E+08  0.101176E+08  0.000000E+00  0.000000E+00  0.511072E+07  0.101140E+08
  0.245032E-01  0.100710E+08  0.100363E+08  0.000000E+00  0.000000E+00  0.503679E+07  0.100331E+08
  0.247681E-01  0.998986E+07  0.995478E+07  0.000000E+00  0.000000E+00  0.496327E+07  0.995191E+07
  0.250359E-01  0.990849E+07  0.987301E+07  0.000000E+00  0.000000E+00  0.489016E+07  0.987052E+07
  0.253065E-01  0.982690E+07  0.979103E+07  0.000000E+00  0.000000E+00  0.481747E+07  0.978891E+07
  0.255801E-01  0.974511E+07  0.970885E+07  0.000000E+00  0.000000E+00  0.474523E+07  0.970710E+07
  0.258566E-01  0.966312E+07  0.962648E+07  0.000000E+00  0.000000E+00  0.467343E+07  0.962511E+07
  0.261362E-01  0.958096E+07  0.954395E+07  0.000000E+00  0.000000E+00  0.460209E+07  0.954295E+07
  0.264187E-01  0.949864E+07  0.946125E+07  0.000000E+00  0.000000E+00  0.453123E+07  0.946063E+07
  0.267043E-01  0.941617E+07  0.937842E+07  0.000000E+00  0.000000E+00  0.446084E+07  0.937818E+07
  0.269930E-01  0.933357E+07  0.929546E+07  0.000000E+00  0.000000E+00  0.439096E+07  0.929559E+07
  0.272848E-01  0.925087E+07  0.921240E+07  0.000000E+00  0.000000E+00  0.432157E+07  0.921291E+07
  0.275798E-01  0.916806E+07  0.912925E+07  0.000000E+00  0.000000E+00  0.425271E+07  0.913013E+07
  0.278779E-01  0.908519E+07  0.904603E+07  0.000000E+00  0.000000E+00  0.418437E+07  0.904728E+07
  0.281793E-01  0.900225E+07  0.896276E+07  0.000000E+00  0.000000E+00  0.411657E+07  0.896438E+07
  0.284840E-01  0.891928E+07  0.887946E+07  0.000000E+00  0.000000E+00  0.404931E+07  0.888145E+07
  0.287919E-01  0.883629E+07  0.879615E+07  0.000000E+00  0.000000E+00  0.398262E+07  0.879850E+07
  0.291032E-01  0.875330E+07  0.871285E+07  0.000000E+00  0.000000E+00  0.391650E+07  0.871556E+07
  0.294178E-01  0.867034E+07  0.862958E+07  0.000000E+00  0.000000E+00  0.385096E+07  0.863265E+07
  0.297358E-01  0.858741E+07  0.854637E+07  0.000000E+00  0.000000E+00  0.378602E+07  0.854979E+07
  0.300573E-01  0.850456E+07  0.846324E+07  0.000000E+00  0.000000E+00  0.372167E+07  0.846700E+07
  0.303822E-01  0.842179E+07  0.838020E+07  0.000000E+00  0.000000E+00  0.365795E+07  0.838431E+07
  0.307107E-01  0.833914E+07  0.829730E+07  0.000000E+00  0.000000E+00  0.359484E+07  0.830173E+07
  0.310427E-01  0.825662E+07  0.821453E+07  0.000000E+00  0.000000E+00  0.353237E+07  0.821929E+07
  0.313783E-01  0.817427E+07  0.813194E+07  0.000000E+00  0.000000E+00  0.347054E+07  0.813702E+07
  0.317175E-01  0.809210E+07  0.804955E+07  0.000000E+00  0.000000E+00  0.340937E+07  0.805494E+07
  0.320604E-01  0.801013E+07  0.796739E+07  0.000000E+00  0.000000E+00  0.334886E+07  0.797308E+07
  0.324070E-01  0.792841E+07  0.788547E+07  0.000000E+00  0.000000E+00  0.328902E+07  0.789146E+07
  0.327573E-01  0.784694E+07  0.780383E+07  0.000000E+00  0.000000E+00  0.322987E+07  0.781010E+07
  0.331114E-01  0.776577E+07  0.772249E+07  0.000000E+00  0.000000E+00  0.317140E+07  0.772904E+07
  0.334694E-01  0.768491E+07  0.764149E+07  0.000000E+00  0.000000E+00  0.311363E+07  0.764829E+07
  0.338312E-01  0.760439E+07  0.756084E+07  0.000000E+00  0.000000E+00  0.305657E+07  0.756790E+07
  0.341970E-01  0.752424E+07  0.748058E+07  0.000000E+00  0.000000E+00  0.300022E+07  0.748788E+07
  0.345667E-01  0.744449E+07  0.740073E+07  0.000000E+00  0.000000E+00  0.294460E+07  0.740826E+07
  0.349404E-01  0.736516E+07  0.732133E+07  0.000000E+00  0.000000E+00  0.288970E+07  0.732908E+07
  0.353181E-01  0.728628E+07  0.724240E+07  0.000000E+00  0.000000E+00  0.283553E+07  0.725035E+07
  0.356999E-01  0.720789E+07  0.716397E+07  0.000000E+00  0.000000E+00  0.278211E+07  0.717210E+07
  0.360858E-01  0.713001E+07  0.708607E+07  0.000000E+00  0.000000E+00  0.272943E+07  0.709438E+07
  0.364760E-01  0.705267E+07  0.700873E+07  0.000000E+00  0.000000E+00  0.267751E+07  0.701720E+07
  0.368703E-01  0.697589E+07  0.693198E+07  0.000000E+00  0.000000E+00  0.262635E+07  0.694058E+07
  0.372689E-01  0.689971E+07  0.685584E+07  0.000000E+00  0.000000E+00  0.257595E+07  0.686457E+07
  0.376718E-01  0.682414E+07  0.678034E+07  0.000000E+00  0.000000E+00  0.252632E+07  0.678918E+07
  0.380790E-01  0.674922E+07  0.670551E+07  0.000000E+00  0.000000E+00  0.247746E+07  0.671444E+07
  0.384907E-01  0.667498E+07  0.663138E+07  0.000000E+00  0.000000E+00  0.242938E+07  0.664038E+07
  0.389068E-01  0.660145E+07  0.655798E+07  0.000000E+00  0.000000E+00  0.238209E+07  0.656704E+07
  0.393274E-01  0.652865E+07  0.648534E+07  0.000000E+00  0.000000E+00  0.233558E+07  0.649444E+07
  0.397526E-01  0.645662E+07  0.641350E+07  0.000000E+00  0.000000E+00  0.228985E+07  0.642261E+07
  0.401823E-01  0.638539E+07  0.634246E+07  0.000000E+00  0.000000E+00  0.224491E+07  0.635157E+07
  0.406167E-01  0.631496E+07  0.627226E+07  0.000000E+00  0.000000E+00  0.220076E+07  0.628135E+07
  0.410558E-01  0.624537E+07  0.620292E+07  0.000000E+00  0.000000E+00  0.215739E+07  0.621197E+07
  0.414997E-01  0.617663E+07  0.613446E+07  0.000000E+00  0.000000E+00  0.211480E+07  0.614345E+07
  0.419483E-01  0.610877E+07  0.606690E+07  0.000000E+00  0.000000E+00  0.207299E+07  0.607581E+07
  0.424018E-01  0.604181E+07  0.600026E+07  0.000000E+00  0.000000E+00  0.203196E+07  0.600906E+07
  0.428602E-01  0.597575E+07  0.593456E+07  0.000000E+00  0.000000E+00  0.199171E+07  0.594324E+07
  0.433235E-01  0.591064E+07  0.586982E+07  0.000000E+00  0.000000E+00  0.195223E+07  0.587835E+07
  0.437919E-01  0.584647E+07  0.580605E+07  0.000000E+00  0.000000E+00  0.191352E+07  0.581441E+07
  0.442653E-01  0.578328E+07  0.574327E+07  0.000000E+00  0.000000E+00  0.187559E+07  0.575145E+07
  0.447439E-01  0.572107E+07  0.568151E+07  0.000000E+00  0.000000E+00  0.183842E+07  0.568948E+07
  0.452276E-01  0.565986E+07  0.562078E+07  0.000000E+00  0.000000E+00  0.180200E+07  0.562852E+07
  0.457165E-01  0.559967E+07  0.556107E+07  0.000000E+00  0.000000E+00  0.176634E+07  0.556857E+07
  0.462107E-01  0.554049E+07  0.550242E+07  0.000000E+00  0.000000E+00  0.173142E+07  0.550964E+07
  0.467103E-01  0.548235E+07  0.544481E+07  0.000000E+00  0.000000E+00  0.169722E+07  0.545174E+07
  0.472153E-01  0.542523E+07  0.538825E+07  0.000000E+00  0.000000E+00  0.166375E+07  0.539488E+07
  0.477257E-01  0.536915E+07  0.533275E+07  0.000000E+00  0.000000E+00  0.163100E+07  0.533905E+07
  0.482417E-01  0.531410E+07  0.527830E+07  0.000000E+00  0.000000E+00  0.159895E+07  0.528425E+07
  0.487632E-01  0.526009E+07  0.522490E+07  0.000000E+00  0.000000E+00  0.156759E+07  0.523049E+07
  0.492904E-01  0.520710E+07  0.517255E+07  0.000000E+00  0.000000E+00  0.153692E+07  0.517776E+07
  0.498232E-01  0.515514E+07  0.512124E+07  0.000000E+00  0.000000E+00  0.150693E+07  0.512606E+07
  0.503618E-01  0.510419E+07  0.507096E+07  0.000000E+00  0.000000E+00  0.147759E+07  0.507537E+07
  0.509063E-01  0.505424E+07  0.502170E+07  0.000000E+00  0.000000E+00  0.144889E+07  0.502568E+07
  0.514566E-01  0.500528E+07  0.497344E+07  0.000000E+00  0.000000E+00  0.142082E+07  0.497697E+07
  0.520129E-01  0.495728E+07  0.492615E+07  0.000000E+00  0.000000E+00  0.139337E+07  0.492923E+07
  0.525752E-01  0.491022E+07  0.487982E+07  0.000000E+00  0.000000E+00  0.136652E+07  0.488244E+07
  0.531436E-01  0.486409E+07  0.483441E+07  0.000000E+00  0.000000E+00  0.134026E+07  0.483655E+07
  0.537181E-01  0.481884E+07  0.478991E+07  0.000000E+00  0.000000E+00  0.131456E+07  0.479157E+07
  0.542988E-01  0.477446E+07  0.474628E+07  0.000000E+00  0.000000E+00  0.128942E+07  0.474745E+07
  0.548858E-01  0.473092E+07  0.470349E+07  0.000000E+00  0.000000E+00  0.126481E+07  0.470416E+07
  0.554792E-01  0.468819E+07  0.466152E+07  0.000000E+00  0.000000E+00  0.124071E+07  0.466168E+07
  0.560790E-01  0.464623E+07  0.462032E+07  0.000000E+00  0.000000E+00  0.121711E+07  0.461998E+07
  0.566852E-01  0.460500E+07  0.457984E+07  0.000000E+00  0.000000E+00  0.119399E+07  0.457900E+07
  0.572980E-01  0.456446E+07  0.454006E+07  0.000000E+00  0.000000E+00  0.117134E+07  0.453870E+07
  0.579175E-01  0.452455E+07  0.450090E+07  0.000000E+00  0.000000E+00  0.114915E+07  0.449905E+07
  0.588076E-01  0.446894E+07  0.444634E+07  0.000000E+00  0.000000E+00  0.111839E+07  0.444378E+07
  0.596977E-01  0.441518E+07  0.439360E+07  0.000000E+00  0.000000E+00  0.108888E+07  0.439036E+07
  0.605879E-01  0.436307E+07  0.434247E+07  0.000000E+00  0.000000E+00  0.106051E+07  0.433858E+07
  0.614780E-01  0.431241E+07  0.429276E+07  0.000000E+00  0.000000E+00  0.103321E+07  0.428823E+07
  0.623681E-01  0.426302E+07  0.424426E+07  0.000000E+00  0.000000E+00  0.100690E+07  0.423915E+07
  0.632583E-01  0.421472E+07  0.419681E+07  0.000000E+00  0.000000E+00  0.981503E+06  0.419115E+07
  0.641484E-01  0.416733E+07  0.415022E+07  0.000000E+00  0.000000E+00  0.956928E+06  0.414405E+07
  0.650386E-01  0.412071E+07  0.410434E+07  0.000000E+00  0.000000E+00  0.933124E+06  0.409771E+07
  0.659287E-01  0.407469E+07  0.405901E+07  0.000000E+00  0.000000E+00  0.910040E+06  0.405196E+07
  0.668188E-01  0.402917E+07  0.401412E+07  0.000000E+00  0.000000E+00  0.887617E+06  0.400670E+07
  0.677090E-01  0.398402E+07  0.396955E+07  0.000000E+00  0.000000E+00  0.865805E+06  0.396180E+07
  0.685991E-01  0.393914E+07  0.392519E+07  0.000000E+00  0.000000E+00  0.844566E+06  0.391716E+07
  0.694892E-01  0.389444E+07  0.388095E+07  0.000000E+00  0.000000E+00  0.823868E+06  0.387269E+07
  0.703794E-01  0.384983E+07  0.383675E+07  0.000000E+00  0.000000E+00  0.803674E+06  0.382832E+07
  0.712695E-01  0.380525E+07  0.379252E+07  0.000000E+00  0.000000E+00  0.783949E+06  0.378396E+07
  0.721597E-01  0.376065E+07  0.374822E+07  0.000000E+00  0.000000E+00  0.764671E+06  0.373957E+07
  0.730498E-01  0.371599E+07  0.370379E+07  0.000000E+00  0.000000E+00  0.745824E+06  0.369511E+07
  0.739399E-01  0.367122E+07  0.365921E+07  0.000000E+00  0.000000E+00  0.727385E+06  0.365054E+07
  0.748301E-01  0.362634E+07  0.361447E+07  0.000000E+00  0.000000E+00  0.709337E+06  0.360585E+07
  0.757202E-01  0.358133E+07  0.356955E+07  0.000000E+00  0.000000E+00  0.691671E+06  0.356103E+07
  0.766104E-01  0.353619E+07  0.352447E+07  0.000000E+00  0.000000E+00  0.674376E+06  0.351608E+07
  0.775005E-01  0.349094E+07  0.347922E+07  0.000000E+00  0.000000E+00  0.657441E+06  0.347101E+07
  0.783906E-01  0.344558E+07  0.343384E+07  0.000000E+00  0.000000E+00  0.640859E+06  0.342583E+07
  0.792808E-01  0.340015E+07  0.338834E+07  0.000000E+00  0.000000E+00  0.624628E+06  0.338057E+07
  0.801709E-01  0.335467E+07  0.334276E+07  0.000000E+00  0.000000E+00  0.608743E+06  0.333526E+07
  0.810610E-01  0.330919E+07  0.329714E+07  0.000000E+00  0.000000E+00  0.593202E+06  0.328994E+07
  0.819512E-01  0.326375E+07  0.325155E+07  0.000000E+00  0.000000E+00  0.578003E+06  0.324466E+07
  0.828413E-01  0.321840E+07  0.320602E+07  0.000000E+00  0.000000E+00  0.563146E+06  0.319947E+07
  0.837315E-01  0.317320E+07  0.316063E+07  0.000000E+00  0.000000E+00  0.548631E+06  0.315443E+07
  0.846216E-01  0.312820E+07  0.311542E+07  0.000000E+00  0.000000E+00  0.534457E+06  0.310958E+07
  0.855117E-01  0.308346E+07  0.307046E+07  0.000000E+00  0.000000E+00  0.520629E+06  0.306500E+07
  0.864019E-01  0.303905E+07  0.302582E+07  0.000000E+00  0.000000E+00  0.507147E+06  0.302074E+07
  0.872920E-01  0.299504E+07  0.298157E+07  0.000000E+00  0.000000E+00  0.494011E+06  0.297688E+07
  0.881821E-01  0.295147E+07  0.293777E+07  0.000000E+00  0.000000E+00  0.481221E+06  0.293346E+07
  0.890723E-01  0.290843E+07  0.289450E+07  0.000000E+00  0.000000E+00  0.468777E+06  0.289057E+07
  0.899624E-01  0.286597E+07  0.285181E+07  0.000000E+00  0.000000E+00  0.456681E+06  0.284826E+07
  0.908526E-01  0.282415E+07  0.280977E+07  0.000000E+00  0.000000E+00  0.444934E+06  0.280658E+07
  0.917427E-01  0.278302E+07  0.276843E+07  0.000000E+00  0.000000E+00  0.433534E+06  0.276560E+07
  0.926328E-01  0.274264E+07  0.272786E+07  0.000000E+00  0.000000E+00  0.422481E+06  0.272538E+07
  0.935230E-01  0.270307E+07  0.268811E+07  0.000000E+00  0.000000E+00  0.411772E+06  0.268596E+07
  0.944131E-01  0.266437E+07  0.264924E+07  0.000000E+00  0.000000E+00  0.401405E+06  0.264740E+07
  0.953033E-01  0.262658E+07  0.261131E+07  0.000000E+00  0.000000E+00  0.391379E+06  0.260976E+07
  0.961934E-01  0.258974E+07  0.257434E+07  0.000000E+00  0.000000E+00  0.381692E+06  0.257307E+07
  0.970835E-01  0.255388E+07  0.253839E+07  0.000000E+00  0.000000E+00  0.372340E+06  0.253736E+07
  0.979737E-01  0.251904E+07  0.250347E+07  0.000000E+00  0.000000E+00  0.363316E+06  0.250266E+07
  0.988638E-01  0.248524E+07  0.246962E+07  0.000000E+00  0.000000E+00  0.354614E+06  0.246901E+07
  0.997539E-01  0.245251E+07  0.243687E+07  0.000000E+00  0.000000E+00  0.346229E+06  0.243643E+07
  0.100644E+00  0.242086E+07  0.240522E+07  0.000000E+00  0.000000E+00  0.338156E+06  0.240494E+07
  0.101534E+00  0.239032E+07  0.237470E+07  0.000000E+00  0.000000E+00  0.330390E+06  0.237454E+07
  0.102424E+00  0.236087E+07  0.234530E+07  0.000000E+00  0.000000E+00  0.322920E+06  0.234523E+07
  0.103314E+00  0.233252E+07  0.231704E+07  0.000000E+00  0.000000E+00  0.315739E+06  0.231703E+07
  0.104205E+00  0.230527E+07  0.228989E+07  0.000000E+00  0.000000E+00  0.308837E+06  0.228993E+07
  0.105095E+00  0.227911E+07  0.226386E+07  0.000000E+00  0.000000E+00  0.302207E+06  0.226392E+07
  0.105985E+00  0.225403E+07  0.223893E+07  0.000000E+00  0.000000E+00  0.295842E+06  0.223898E+07
  0.106875E+00  0.223000E+07  0.221508E+07  0.000000E+00  0.000000E+00  0.289729E+06  0.221509E+07
  0.107765E+00  0.220699E+07  0.219227E+07  0.000000E+00  0.000000E+00  0.283857E+06  0.219223E+07
  0.108655E+00  0.218499E+07  0.217049E+07  0.000000E+00  0.000000E+00  0.278216E+06  0.217037E+07
  0.109545E+00  0.216395E+07  0.214969E+07  0.000000E+00  0.000000E+00  0.272799E+06  0.214947E+07
  0.110436E+00  0.214384E+07  0.212984E+07  0.000000E+00  0.000000E+00  0.267595E+06  0.212951E+07
  0.111326E+00  0.212463E+07  0.211091E+07  0.000000E+00  0.000000E+00  0.262593E+06  0.211044E+07
  0.112216E+00  0.210627E+07  0.209284E+07  0.000000E+00  0.000000E+00  0.257781E+06  0.209222E+07
  0.113106E+00  0.208872E+07  0.207558E+07  0.000000E+00  0.000000E+00  0.253148E+06  0.207480E+07
  0.113996E+00  0.207191E+07  0.205909E+07  0.000000E+00  0.000000E+00  0.248686E+06  0.205813E+07
  0.114886E+00  0.205581E+07  0.204331E+07  0.000000E+00  0.000000E+00  0.244383E+06  0.204216E+07
  0.115776E+00  0.204036E+07  0.202819E+07  0.000000E+00  0.000000E+00  0.240230E+06  0.202684E+07
  0.116667E+00  0.202553E+07  0.201369E+07  0.000000E+00  0.000000E+00  0.236217E+06  0.201213E+07
  0.117557E+00  0.201124E+07  0.199974E+07  0.000000E+00  0.000000E+00  0.232334E+06  0.199798E+07
  0.118447E+00  0.199745E+07  0.198628E+07  0.000000E+00  0.000000E+00  0.228572E+06  0.198431E+07
  0.119337E+00  0.198410E+07  0.197327E+07  0.000000E+00  0.000000E+00  0.224921E+06  0.197108E+07
  0.120227E+00  0.197113E+07  0.196063E+07  0.000000E+00  0.000000E+00  0.221372E+06  0.195823E+07
  0.121117E+00  0.195848E+07  0.194832E+07  0.000000E+00  0.000000E+00  0.217916E+06  0.194570E+07
  0.122007E+00  0.194612E+07  0.193628E+07  0.000000E+00  0.000000E+00  0.214547E+06  0.193346E+07
  0.122898E+00  0.193399E+07  0.192447E+07  0.000000E+00  0.000000E+00  0.211257E+06  0.192144E+07
  0.123788E+00  0.192204E+07  0.191283E+07  0.000000E+00  0.000000E+00  0.208038E+06  0.190960E+07
  0.124678E+00  0.191023E+07  0.190131E+07  0.000000E+00  0.000000E+00  0.204884E+06  0.189789E+07
  0.125568E+00  0.189850E+07  0.188988E+07  0.000000E+00  0.000000E+00  0.201789E+06  0.188628E+07
  0.126458E+00  0.188683E+07  0.187848E+07  0.000000E+00  0.000000E+00  0.198747E+06  0.187471E+07
  0.127348E+00  0.187517E+07  0.186708E+07  0.000000E+00  0.000000E+00  0.195754E+06  0.186315E+07
  0.128238E+00  0.186349E+07  0.185564E+07  0.000000E+00  0.000000E+00  0.192804E+06  0.185157E+07
  0.129128E+00  0.185175E+07  0.184413E+07  0.000000E+00  0.000000E+00  0.189893E+06  0.183992E+07
  0.130019E+00  0.183992E+07  0.183251E+07  0.000000E+00  0.000000E+00  0.187018E+06  0.182819E+07
  0.130909E+00  0.182797E+07  0.182076E+07  0.000000E+00  0.000000E+00  0.184175E+06  0.181633E+07
  0.131799E+00  0.181589E+07  0.180885E+07  0.000000E+00  0.000000E+00  0.181360E+06  0.180434E+07
  0.132689E+00  0.180364E+07  0.179677E+07  0.000000E+00  0.000000E+00  0.178571E+06  0.179218E+07
  0.133579E+00  0.179122E+07  0.178449E+07  0.000000E+00  0.000000E+00  0.175808E+06  0.177985E+07
  0.134469E+00  0.177861E+07  0.177200E+07  0.000000E+00  0.000000E+00  0.173068E+06  0.176732E+07
  0.135359E+00  0.176579E+07  0.175929E+07  0.000000E+00  0.000000E+00  0.170348E+06  0.175459E+07
  0.136250E+00  0.175277E+07  0.174635E+07  0.000000E+00  0.000000E+00  0.167648E+06  0.174164E+07
  0.137140E+00  0.173953E+07  0.173318E+07  0.000000E+00  0.000000E+00  0.164968E+06  0.172848E+07
  0.138030E+00  0.172607E+07  0.171978E+07  0.000000E+00  0.000000E+00  0.162308E+06  0.171511E+07
  0.138920E+00  0.171241E+07  0.170616E+07  0.000000E+00  0.000000E+00  0.159667E+06  0.170152E+07
  0.139810E+00  0.169854E+07  0.169231E+07  0.000000E+00  0.000000E+00  0.157047E+06  0.168772E+07
  0.140700E+00  0.168447E+07  0.167825E+07  0.000000E+00  0.000000E+00  0.154446E+06  0.167373E+07
  0.141590E+00  0.167022E+07  0.166399E+07  0.000000E+00  0.000000E+00  0.151867E+06  0.165955E+07
  0.142481E+00  0.165580E+07  0.164955E+07  0.000000E+00  0.000000E+00  0.149310E+06  0.164520E+07
  0.143371E+00  0.164122E+07  0.163495E+07  0.000000E+00  0.000000E+00  0.146776E+06  0.163069E+07
  0.144261E+00  0.162651E+07  0.162020E+07  0.000000E+00  0.000000E+00  0.144267E+06  0.161605E+07
  0.145151E+00  0.161169E+07  0.160532E+07  0.000000E+00  0.000000E+00  0.141785E+06  0.160129E+07
  0.146041E+00  0.159677E+07  0.159034E+07  0.000000E+00  0.000000E+00  0.139330E+06  0.158644E+07
  0.146931E+00  0.158177E+07  0.157528E+07  0.000000E+00  0.000000E+00  0.136904E+06  0.157151E+07
  0.147821E+00  0.156673E+07  0.156016E+07  0.000000E+00  0.000000E+00  0.134508E+06  0.155654E+07
  0.148712E+00  0.155166E+07  0.154501E+07  0.000000E+00  0.000000E+00  0.132145E+06  0.154153E+07
  0.149602E+00  0.153659E+07  0.152986E+07  0.000000E+00  0.000000E+00  0.129816E+06  0.152653E+07
  0.150492E+00  0.152155E+07  0.151472E+07  0.000000E+00  0.000000E+00  0.127521E+06  0.151155E+07
  0.151382E+00  0.150655E+07  0.149964E+07  0.000000E+00  0.000000E+00  0.125263E+06  0.149662E+07
  0.152272E+00  0.149164E+07  0.148464E+07  0.000000E+00  0.000000E+00  0.123044E+06  0.148177E+07
  0.153162E+00  0.147682E+07  0.146973E+07  0.000000E+00  0.000000E+00  0.120864E+06  0.146701E+07
  0.154052E+00  0.146213E+07  0.145495E+07  0.000000E+00  0.000000E+00  0.118725E+06  0.145239E+07
  0.154942E+00  0.144759E+07  0.144033E+07  0.000000E+00  0.000000E+00  0.116629E+06  0.143791E+07
  0.155833E+00  0.143323E+07  0.142589E+07  0.000000E+00  0.000000E+00  0.114575E+06  0.142361E+07
  0.156723E+00  0.141907E+07  0.141164E+07  0.000000E+00  0.000000E+00  0.112566E+06  0.140951E+07
  0.157613E+00  0.140513E+07  0.139763E+07  0.000000E+00  0.000000E+00  0.110602E+06  0.139563E+07
  0.158503E+00  0.139143E+07  0.138387E+07  0.000000E+00  0.000000E+00  0.108685E+06  0.138199E+07
  0.159393E+00  0.137799E+07  0.137037E+07  0.000000E+00  0.000000E+00  0.106814E+06  0.136862E+07
  0.160283E+00  0.136483E+07  0.135716E+07  0.000000E+00  0.000000E+00  0.104990E+06  0.135552E+07
  0.161173E+00  0.135197E+07  0.134426E+07  0.000000E+00  0.000000E+00  0.103213E+06  0.134273E+07
  0.162064E+00  0.133942E+07  0.133167E+07  0.000000E+00  0.000000E+00  0.101485E+06  0.133024E+07
  0.162954E+00  0.132719E+07  0.131941E+07  0.000000E+00  0.000000E+00  0.998037E+05  0.131807E+07
  0.163844E+00  0.131530E+07  0.130750E+07  0.000000E+00  0.000000E+00  0.981699E+05  0.130623E+07
  0.164734E+00  0.130374E+07  0.129593E+07  0.000000E+00  0.000000E+00  0.965832E+05  0.129474E+07
  0.165624E+00  0.129253E+07  0.128472E+07  0.000000E+00  0.000000E+00  0.950432E+05  0.128359E+07
  0.166514E+00  0.128167E+07  0.127388E+07  0.000000E+00  0.000000E+00  0.935494E+05  0.127279E+07
  0.167404E+00  0.127117E+07  0.126339E+07  0.000000E+00  0.000000E+00  0.921008E+05  0.126235E+07
  0.168295E+00  0.126101E+07  0.125327E+07  0.000000E+00  0.000000E+00  0.906966E+05  0.125225E+07
  0.169185E+00  0.125122E+07  0.124351E+07  0.000000E+00  0.000000E+00  0.893358E+05  0.124252E+07
  0.170075E+00  0.124177E+07  0.123411E+07  0.000000E+00  0.000000E+00  0.880178E+05  0.123313E+07
  0.170965E+00  0.123266E+07  0.122506E+07  0.000000E+00  0.000000E+00  0.867413E+05  0.122408E+07
  0.171855E+00  0.122390E+07  0.121636E+07  0.000000E+00  0.000000E+00  0.855050E+05  0.121538E+07
  0.172745E+00  0.121547E+07  0.120801E+07  0.000000E+00  0.000000E+00  0.843072E+05  0.120701E+07
  0.173635E+00  0.120736E+07  0.119998E+07  0.000000E+00  0.000000E+00  0.831469E+05  0.119896E+07
  0.174526E+00  0.119957E+07  0.119228E+07  0.000000E+00  0.000000E+00  0.820227E+05  0.119123E+07
  0.175416E+00  0.119208E+07  0.118488E+07  0.000000E+00  0.000000E+00  0.809333E+05  0.118379E+07
  0.176306E+00  0.118487E+07  0.117778E+07  0.000000E+00  0.000000E+00  0.798768E+05  0.117664E+07
  0.177196E+00  0.117794E+07  0.117095E+07  0.000000E+00  0.000000E+00  0.788517E+05  0.116977E+07
  0.178086E+00  0.117127E+07  0.116439E+07  0.000000E+00  0.000000E+00  0.778561E+05  0.116315E+07
  0.178976E+00  0.116483E+07  0.115807E+07  0.000000E+00  0.000000E+00  0.768886E+05  0.115677E+07
  0.179866E+00  0.115862E+07  0.115198E+07  0.000000E+00  0.000000E+00  0.759476E+05  0.115061E+07
  0.180756E+00  0.115261E+07  0.114610E+07  0.000000E+00  0.000000E+00  0.750312E+05  0.114466E+07
  0.181647E+00  0.114680E+07  0.114041E+07  0.000000E+00  0.000000E+00  0.741381E+05  0.113890E+07
  0.182537E+00  0.114115E+07  0.113488E+07  0.000000E+00  0.000000E+00  0.732667E+05  0.113330E+07
  0.183427E+00  0.113565E+07  0.112951E+07  0.000000E+00  0.000000E+00  0.724151E+05  0.112785E+07
  0.184317E+00  0.113028E+07  0.112427E+07  0.000000E+00  0.000000E+00  0.715818E+05  0.112254E+07
  0.185207E+00  0.112502E+07  0.111915E+07  0.000000E+00  0.000000E+00  0.707653E+05  0.111733E+07
  0.186097E+00  0.111986E+07  0.111411E+07  0.000000E+00  0.000000E+00  0.699644E+05  0.111222E+07
  0.186987E+00  0.111478E+07  0.110916E+07  0.000000E+00  0.000000E+00  0.691777E+05  0.110719E+07
  0.187878E+00  0.110976E+07  0.110426E+07  0.000000E+00  0.000000E+00  0.684037E+05  0.110222E+07
  0.188768E+00  0.110478E+07  0.109940E+07  0.000000E+00  0.000000E+00  0.676411E+05  0.109729E+07
  0.189658E+00  0.109983E+07  0.109456E+07  0.000000E+00  0.000000E+00  0.668891E+05  0.109238E+07
  0.190548E+00  0.109489E+07  0.108974E+07  0.000000E+00  0.000000E+00  0.661465E+05  0.108749E+07
  0.191438E+00  0.108995E+07  0.108490E+07  0.000000E+00  0.000000E+00  0.654122E+05  0.108260E+07
  0.192328E+00  0.108500E+07  0.108005E+07  0.000000E+00  0.000000E+00  0.646852E+05  0.107769E+07
  0.193218E+00  0.108002E+07  0.107517E+07  0.000000E+00  0.000000E+00  0.639648E+05  0.107275E+07
  0.194109E+00  0.107499E+07  0.107024E+07  0.000000E+00  0.000000E+00  0.632500E+05  0.106777E+07
  0.194999E+00  0.106992E+07  0.106525E+07  0.000000E+00  0.000000E+00  0.625404E+05  0.106274E+07
  0.195889E+00  0.106479E+07  0.106020E+07  0.000000E+00  0.000000E+00  0.618352E+05  0.105765E+07
  0.196779E+00  0.105958E+07  0.105507E+07  0.000000E+00  0.000000E+00  0.611340E+05  0.105249E+07
  0.197669E+00  0.105431E+07  0.104986E+07  0.000000E+00  0.000000E+00  0.604362E+05  0.104725E+07
  0.198559E+00  0.104895E+07  0.104456E+07  0.000000E+00  0.000000E+00  0.597414E+05  0.104193E+07
  0.199449E+00  0.104350E+07  0.103917E+07  0.000000E+00  0.000000E+00  0.590494E+05  0.103653E+07
  0.200340E+00  0.103796E+07  0.103368E+07  0.000000E+00  0.000000E+00  0.583601E+05  0.103103E+07
  0.201230E+00  0.103233E+07  0.102809E+07  0.000000E+00  0.000000E+00  0.576733E+05  0.102544E+07
  0.202120E+00  0.102661E+07  0.102240E+07  0.000000E+00  0.000000E+00  0.569887E+05  0.101975E+07
  0.203010E+00  0.102079E+07  0.101662E+07  0.000000E+00  0.000000E+00  0.563064E+05  0.101398E+07
  0.203900E+00  0.101489E+07  0.101073E+07  0.000000E+00  0.000000E+00  0.556266E+05  0.100810E+07
  0.204790E+00  0.100889E+07  0.100475E+07  0.000000E+00  0.000000E+00  0.549494E+05  0.100214E+07
  0.205680E+00  0.100280E+07  0.998679E+06  0.000000E+00  0.000000E+00  0.542751E+05  0.996095E+06
  0.206570E+00  0.996638E+06  0.992520E+06  0.000000E+00  0.000000E+00  0.536037E+05  0.989964E+06
  0.207461E+00  0.990395E+06  0.986278E+06  0.000000E+00  0.000000E+00  0.529356E+05  0.983757E+06
  0.208351E+00  0.984082E+06  0.979962E+06  0.000000E+00  0.000000E+00  0.522709E+05  0.977479E+06
  0.209241E+00  0.977704E+06  0.973576E+06  0.000000E+00  0.000000E+00  0.516101E+05  0.971135E+06
  0.210131E+00  0.971268E+06  0.967130E+06  0.000000E+00  0.000000E+00  0.509534E+05  0.964734E+06
  0.211021E+00  0.964784E+06  0.960630E+06  0.000000E+00  0.000000E+00  0.503012E+05  0.958284E+06
  0.211911E+00  0.958258E+06  0.954086E+06  0.000000E+00  0.000000E+00  0.496541E+05  0.951792E+06
  0.212801E+00  0.951700E+06  0.947507E+06  0.000000E+00  0.000000E+00  0.490122E+05  0.945267E+06
  0.213692E+00  0.945118E+06  0.940902E+06  0.000000E+00  0.000000E+00  0.483762E+05  0.938718E+06
  0.214582E+00  0.938523E+06  0.934281E+06  0.000000E+00  0.000000E+00  0.477463E+05  0.932155E+06
  0.215472E+00  0.931922E+06  0.927653E+06  0.000000E+00  0.000000E+00  0.471229E+05  0.925588E+06
  0.216362E+00  0.925327E+06  0.921030E+06  0.000000E+00  0.000000E+00  0.465064E+05  0.919025E+06
  0.217252E+00  0.918747E+06  0.914421E+06  0.000000E+00  0.000000E+00  0.458972E+05  0.912477E+06
  0.220018E+00  0.898508E+06  0.894093E+06  0.000000E+00  0.000000E+00  0.440563E+05  0.892337E+06
  0.222819E+00  0.878556E+06  0.874060E+06  0.000000E+00  0.000000E+00  0.422791E+05  0.872485E+06
  0.225655E+00  0.859181E+06  0.854622E+06  0.000000E+00  0.000000E+00  0.405780E+05  0.853209E+06
  0.228528E+00  0.840638E+06  0.836043E+06  0.000000E+00  0.000000E+00  0.389625E+05  0.834766E+06
  0.231437E+00  0.823134E+06  0.818538E+06  0.000000E+00  0.000000E+00  0.374386E+05  0.817362E+06
  0.234384E+00  0.806812E+06  0.802252E+06  0.000000E+00  0.000000E+00  0.360093E+05  0.801140E+06
  0.237368E+00  0.791746E+06  0.787261E+06  0.000000E+00  0.000000E+00  0.346741E+05  0.786174E+06
  0.240389E+00  0.777929E+06  0.773556E+06  0.000000E+00  0.000000E+00  0.334287E+05  0.772457E+06
  0.243450E+00  0.765268E+06  0.761039E+06  0.000000E+00  0.000000E+00  0.322653E+05  0.759894E+06
  0.246549E+00  0.753595E+06  0.749533E+06  0.000000E+00  0.000000E+00  0.311732E+05  0.748318E+06
  0.249688E+00  0.742684E+06  0.738804E+06  0.000000E+00  0.000000E+00  0.301407E+05  0.737502E+06
  0.252866E+00  0.732274E+06  0.728580E+06  0.000000E+00  0.000000E+00  0.291546E+05  0.727186E+06
  0.256086E+00  0.722092E+06  0.718576E+06  0.000000E+00  0.000000E+00  0.282026E+05  0.717093E+06
  0.259346E+00  0.711865E+06  0.708511E+06  0.000000E+00  0.000000E+00  0.272731E+05  0.706954E+06
  0.262647E+00  0.701351E+06  0.698135E+06  0.000000E+00  0.000000E+00  0.263566E+05  0.696526E+06
  0.265991E+00  0.690364E+06  0.687256E+06  0.000000E+00  0.000000E+00  0.254464E+05  0.685622E+06
  0.269377E+00  0.678798E+06  0.675765E+06  0.000000E+00  0.000000E+00  0.245389E+05  0.674136E+06
  0.272806E+00  0.666624E+06  0.663634E+06  0.000000E+00  0.000000E+00  0.236341E+05  0.662041E+06
  0.276279E+00  0.653892E+06  0.650918E+06  0.000000E+00  0.000000E+00  0.227344E+05  0.649386E+06
  0.279797E+00  0.640725E+06  0.637745E+06  0.000000E+00  0.000000E+00  0.218446E+05  0.636295E+06
  0.283359E+00  0.627312E+06  0.624312E+06  0.000000E+00  0.000000E+00  0.209714E+05  0.622958E+06
  0.286966E+00  0.613885E+06  0.610860E+06  0.000000E+00  0.000000E+00  0.201226E+05  0.609605E+06
  0.290619E+00  0.600682E+06  0.597638E+06  0.000000E+00  0.000000E+00  0.193051E+05  0.596477E+06
  0.294319E+00  0.587926E+06  0.584875E+06  0.000000E+00  0.000000E+00  0.185251E+05  0.583794E+06
  0.298066E+00  0.575796E+06  0.572758E+06  0.000000E+00  0.000000E+00  0.177870E+05  0.571738E+06
  0.301860E+00  0.564420E+06  0.561417E+06  0.000000E+00  0.000000E+00  0.170929E+05  0.560436E+06
  0.305703E+00  0.553845E+06  0.550899E+06  0.000000E+00  0.000000E+00  0.164423E+05  0.549933E+06
  0.309595E+00  0.544035E+06  0.541168E+06  0.000000E+00  0.000000E+00  0.158325E+05  0.540195E+06
  0.313536E+00  0.534882E+06  0.532108E+06  0.000000E+00  0.000000E+00  0.152584E+05  0.531113E+06
  0.317528E+00  0.526226E+06  0.523554E+06  0.000000E+00  0.000000E+00  0.147142E+05  0.522526E+06
  0.321570E+00  0.517871E+06  0.515302E+06  0.000000E+00  0.000000E+00  0.141931E+05  0.514240E+06
  0.325664E+00  0.509612E+06  0.507139E+06  0.000000E+00  0.000000E+00  0.136889E+05  0.506047E+06
  0.329810E+00  0.501264E+06  0.498873E+06  0.000000E+00  0.000000E+00  0.131962E+05  0.497763E+06
  0.334008E+00  0.492694E+06  0.490369E+06  0.000000E+00  0.000000E+00  0.127113E+05  0.489256E+06
  0.338261E+00  0.483833E+06  0.481556E+06  0.000000E+00  0.000000E+00  0.122325E+05  0.480456E+06
  0.342567E+00  0.474671E+06  0.472424E+06  0.000000E+00  0.000000E+00  0.105513E+05  0.471347E+06
  0.346928E+00  0.465288E+06  0.463058E+06  0.000000E+00  0.000000E+00  0.101259E+05  0.462023E+06
  0.351344E+00  0.455804E+06  0.453583E+06  0.000000E+00  0.000000E+00  0.971107E+04  0.452598E+06
  0.355817E+00  0.446373E+06  0.444159E+06  0.000000E+00  0.000000E+00  0.930988E+04  0.443225E+06
  0.360347E+00  0.437151E+06  0.434947E+06  0.000000E+00  0.000000E+00  0.892518E+04  0.434060E+06
  0.364934E+00  0.428277E+06  0.426092E+06  0.000000E+00  0.000000E+00  0.855920E+04  0.425243E+06
  0.369580E+00  0.419843E+06  0.417690E+06  0.000000E+00  0.000000E+00  0.821302E+04  0.416866E+06
  0.374285E+00  0.411880E+06  0.409770E+06  0.000000E+00  0.000000E+00  0.788640E+04  0.408959E+06
  0.379050E+00  0.404359E+06  0.402301E+06  0.000000E+00  0.000000E+00  0.757793E+04  0.401492E+06
  0.383876E+00  0.397198E+06  0.395200E+06  0.000000E+00  0.000000E+00  0.728537E+04  0.394386E+06
  0.388763E+00  0.390280E+06  0.388342E+06  0.000000E+00  0.000000E+00  0.700589E+04  0.387519E+06
  0.393712E+00  0.383472E+06  0.381591E+06  0.000000E+00  0.000000E+00  0.673668E+04  0.380763E+06
  0.398724E+00  0.376664E+06  0.374834E+06  0.000000E+00  0.000000E+00  0.647550E+04  0.374005E+06
  0.403800E+00  0.369777E+06  0.367988E+06  0.000000E+00  0.000000E+00  0.622080E+04  0.367168E+06
  0.408941E+00  0.362780E+06  0.361024E+06  0.000000E+00  0.000000E+00  0.597197E+04  0.360219E+06
  0.414147E+00  0.355699E+06  0.353967E+06  0.000000E+00  0.000000E+00  0.572937E+04  0.353186E+06
  0.419419E+00  0.348599E+06  0.346886E+06  0.000000E+00  0.000000E+00  0.549391E+04  0.346132E+06
  0.424758E+00  0.341567E+06  0.339873E+06  0.000000E+00  0.000000E+00  0.526679E+04  0.339147E+06
  0.430166E+00  0.334699E+06  0.333025E+06  0.000000E+00  0.000000E+00  0.504920E+04  0.332324E+06
  0.435642E+00  0.328067E+06  0.326418E+06  0.000000E+00  0.000000E+00  0.484186E+04  0.325736E+06
  0.441188E+00  0.321704E+06  0.320086E+06  0.000000E+00  0.000000E+00  0.464489E+04  0.319418E+06
  0.446805E+00  0.315610E+06  0.314028E+06  0.000000E+00  0.000000E+00  0.445783E+04  0.313368E+06
  0.452493E+00  0.309741E+06  0.308197E+06  0.000000E+00  0.000000E+00  0.427966E+04  0.307541E+06
  0.458253E+00  0.304028E+06  0.302523E+06  0.000000E+00  0.000000E+00  0.410911E+04  0.301871E+06
  0.464087E+00  0.298403E+06  0.296935E+06  0.000000E+00  0.000000E+00  0.394497E+04  0.296287E+06
  0.469995E+00  0.292805E+06  0.291370E+06  0.000000E+00  0.000000E+00  0.378624E+04  0.290728E+06
  0.475978E+00  0.287204E+06  0.285797E+06  0.000000E+00  0.000000E+00  0.363239E+04  0.285167E+06
  0.482038E+00  0.281602E+06  0.280220E+06  0.000000E+00  0.000000E+00  0.348334E+04  0.279604E+06
  0.488174E+00  0.276029E+06  0.274668E+06  0.000000E+00  0.000000E+00  0.333929E+04  0.274069E+06
  0.494389E+00  0.270534E+06  0.269193E+06  0.000000E+00  0.000000E+00  0.320071E+04  0.268611E+06
  0.500683E+00  0.265162E+06  0.263843E+06  0.000000E+00  0.000000E+00  0.306794E+04  0.263276E+06
  0.507057E+00  0.259947E+06  0.258652E+06  0.000000E+00  0.000000E+00  0.294114E+04  0.258097E+06
  0.513512E+00  0.254899E+06  0.253630E+06  0.000000E+00  0.000000E+00  0.282021E+04  0.253085E+06
  0.520049E+00  0.250002E+06  0.248760E+06  0.000000E+00  0.000000E+00  0.270473E+04  0.248222E+06
  0.526670E+00  0.245225E+06  0.244011E+06  0.000000E+00  0.000000E+00  0.259418E+04  0.243480E+06
  0.533375E+00  0.240530E+06  0.239343E+06  0.000000E+00  0.000000E+00  0.248796E+04  0.238819E+06
  0.540165E+00  0.235888E+06  0.234726E+06  0.000000E+00  0.000000E+00  0.238564E+04  0.234210E+06
  0.547042E+00  0.231286E+06  0.230146E+06  0.000000E+00  0.000000E+00  0.228695E+04  0.229640E+06
  0.554006E+00  0.226726E+06  0.225607E+06  0.000000E+00  0.000000E+00  0.219182E+04  0.225112E+06
  0.561059E+00  0.222230E+06  0.221131E+06  0.000000E+00  0.000000E+00  0.210033E+04  0.220647E+06
  0.568201E+00  0.217819E+06  0.216739E+06  0.000000E+00  0.000000E+00  0.201255E+04  0.216267E+06
  0.575435E+00  0.213512E+06  0.212453E+06  0.000000E+00  0.000000E+00  0.192853E+04  0.211990E+06
  0.582760E+00  0.209315E+06  0.208277E+06  0.000000E+00  0.000000E+00  0.184818E+04  0.207822E+06
  0.590179E+00  0.205221E+06  0.204204E+06  0.000000E+00  0.000000E+00  0.177131E+04  0.203758E+06
  0.597692E+00  0.201213E+06  0.200218E+06  0.000000E+00  0.000000E+00  0.169763E+04  0.199778E+06
  0.605301E+00  0.197274E+06  0.196300E+06  0.000000E+00  0.000000E+00  0.162689E+04  0.195868E+06
  0.613007E+00  0.193392E+06  0.192437E+06  0.000000E+00  0.000000E+00  0.155888E+04  0.192013E+06
  0.620811E+00  0.189564E+06  0.188628E+06  0.000000E+00  0.000000E+00  0.149350E+04  0.188212E+06
  0.628715E+00  0.185795E+06  0.184877E+06  0.000000E+00  0.000000E+00  0.143068E+04  0.184470E+06
  0.636718E+00  0.182096E+06  0.181195E+06  0.000000E+00  0.000000E+00  0.137043E+04  0.180797E+06
  0.644824E+00  0.178474E+06  0.177590E+06  0.000000E+00  0.000000E+00  0.131270E+04  0.177200E+06
  0.653033E+00  0.174932E+06  0.174066E+06  0.000000E+00  0.000000E+00  0.125744E+04  0.173684E+06
  0.701564E+00  0.156108E+06  0.155337E+06  0.000000E+00  0.000000E+00  0.984640E+03  0.154994E+06
  0.753702E+00  0.139206E+06  0.138518E+06  0.000000E+00  0.000000E+00  0.769781E+03  0.138212E+06
  0.809714E+00  0.124052E+06  0.123439E+06  0.000000E+00  0.000000E+00  0.600912E+03  0.123165E+06
  0.869890E+00  0.110481E+06  0.109935E+06  0.000000E+00  0.000000E+00  0.468443E+03  0.109691E+06
  0.934537E+00  0.983382E+05  0.978523E+05  0.000000E+00  0.000000E+00  0.364697E+03  0.976344E+05
  0.100399E+01  0.874813E+05  0.870490E+05  0.000000E+00  0.000000E+00  0.283573E+03  0.868549E+05
  0.107860E+01  0.777803E+05  0.773960E+05  0.000000E+00  0.000000E+00  0.220231E+03  0.772231E+05
  0.115876E+01  0.691178E+05  0.687764E+05  0.000000E+00  0.000000E+00  0.170840E+03  0.686226E+05
  0.124487E+01  0.613893E+05  0.610860E+05  0.000000E+00  0.000000E+00  0.132383E+03  0.609493E+05
  0.133739E+01  0.544978E+05  0.542286E+05  0.000000E+00  0.000000E+00  0.102477E+03  0.541071E+05
  0.143678E+01  0.483566E+05  0.481177E+05  0.000000E+00  0.000000E+00  0.792485E+02  0.480098E+05
  0.154355E+01  0.428877E+05  0.426759E+05  0.000000E+00  0.000000E+00  0.833600E+02  0.425803E+05
  0.165827E+01  0.380201E+05  0.378323E+05  0.000000E+00  0.000000E+00  0.645040E+02  0.377475E+05
  0.178150E+01  0.336904E+05  0.335240E+05  0.000000E+00  0.000000E+00  0.498638E+02  0.334488E+05
  0.191390E+01  0.298411E+05  0.296937E+05  0.000000E+00  0.000000E+00  0.385098E+02  0.296271E+05
  0.205613E+01  0.264209E+05  0.262904E+05  0.000000E+00  0.000000E+00  0.297143E+02  0.262314E+05
