  0.745045E-04  0.198016E+08  0.198016E+08  0.257040E+08  0.257030E+08  0.198008E+08  0.198016E+08
  0.829624E-04  0.198013E+08  0.198013E+08  0.255387E+08  0.255374E+08  0.198002E+08  0.198013E+08
  0.923803E-04  0.198009E+08  0.198009E+08  0.253350E+08  0.253335E+08  0.197995E+08  0.198009E+08
  0.102867E-03  0.198005E+08  0.198005E+08  0.250845E+08  0.250826E+08  0.197986E+08  0.198005E+08
  0.114545E-03  0.197999E+08  0.197999E+08  0.247771E+08  0.247748E+08  0.197976E+08  0.197999E+08
  0.127548E-03  0.197992E+08  0.197992E+08  0.244007E+08  0.243979E+08  0.197962E+08  0.197992E+08
  0.142028E-03  0.197983E+08  0.197983E+08  0.239412E+08  0.239378E+08  0.197946E+08  0.197983E+08
  0.158151E-03  0.197972E+08  0.197972E+08  0.233825E+08  0.233784E+08  0.197926E+08  0.197972E+08
  0.176104E-03  0.197959E+08  0.197959E+08  0.227064E+08  0.227015E+08  0.197901E+08  0.197959E+08
  0.196096E-03  0.197942E+08  0.197942E+08  0.218930E+08  0.218872E+08  0.197869E+08  0.197942E+08
  0.218356E-03  0.197922E+08  0.197922E+08  0.209216E+08  0.209149E+08  0.197831E+08  0.197921E+08
  0.243144E-03  0.197897E+08  0.197897E+08  0.197724E+08  0.197647E+08  0.197783E+08  0.197896E+08
  0.270746E-03  0.197866E+08  0.197866E+08  0.184284E+08  0.184198E+08  0.197725E+08  0.197865E+08
  0.301482E-03  0.197828E+08  0.197828E+08  0.168797E+08  0.168702E+08  0.197652E+08  0.197826E+08
  0.335706E-03  0.197781E+08  0.197781E+08  0.151278E+08  0.151178E+08  0.197563E+08  0.197779E+08
  0.373816E-03  0.197723E+08  0.197723E+08  0.131924E+08  0.131824E+08  0.197453E+08  0.197722E+08
  0.416252E-03  0.197653E+08  0.197653E+08  0.111180E+08  0.111087E+08  0.197318E+08  0.197651E+08
  0.463505E-03  0.197568E+08  0.197568E+08  0.898024E+07  0.897245E+07  0.197152E+08  0.197565E+08
  0.516122E-03  0.197464E+08  0.197464E+08  0.688731E+07  0.688196E+07  0.196949E+08  0.197461E+08
  0.574713E-03  0.197339E+08  0.197338E+08  0.497385E+07  0.497168E+07  0.196701E+08  0.197335E+08
  0.639955E-03  0.197188E+08  0.197187E+08  0.338053E+07  0.338170E+07  0.196400E+08  0.197183E+08
  0.712603E-03  0.197006E+08  0.197006E+08  0.221733E+07  0.222107E+07  0.196034E+08  0.197000E+08
  0.793498E-03  0.196790E+08  0.196789E+08  0.151609E+07  0.152056E+07  0.195592E+08  0.196782E+08
  0.883577E-03  0.196533E+08  0.196532E+08  0.119310E+07  0.119591E+07  0.195058E+08  0.196524E+08
  0.983881E-03  0.196229E+08  0.196228E+08  0.105819E+07  0.105775E+07  0.194418E+08  0.196218E+08
  0.109557E-02  0.195871E+08  0.195869E+08  0.901378E+06  0.898482E+06  0.193651E+08  0.195856E+08
  0.121994E-02  0.195450E+08  0.195448E+08  0.632266E+06  0.630089E+06  0.192742E+08  0.195432E+08
  0.135843E-02  0.194956E+08  0.194954E+08  0.351644E+06  0.352647E+06  0.191660E+08  0.194935E+08
  0.151264E-02  0.194381E+08  0.194378E+08  0.219082E+06  0.221286E+06  0.190383E+08  0.194355E+08
  0.168436E-02  0.193711E+08  0.193707E+08  0.211116E+06  0.210557E+06  0.188885E+08  0.193680E+08
  0.187557E-02  0.192933E+08  0.192929E+08  0.154658E+06  0.153039E+06  0.187140E+08  0.192896E+08
  0.208848E-02  0.192035E+08  0.192030E+08  0.634352E+05  0.646769E+05  0.185125E+08  0.191991E+08
  0.232557E-02  0.191000E+08  0.190994E+08  0.616481E+05  0.614596E+05  0.182817E+08  0.190948E+08
  0.258957E-02  0.189813E+08  0.189805E+08  0.407021E+05  0.386493E+05  0.180199E+08  0.189751E+08
  0.288354E-02  0.188457E+08  0.188447E+08  0.174449E+05  0.151044E+05  0.177257E+08  0.188385E+08
  0.321088E-02  0.186914E+08  0.186903E+08  0.204989E+05  0.152595E+05  0.173984E+08  0.186831E+08
  0.357538E-02  0.185169E+08  0.185154E+08  0.272315E+04  0.321934E+04  0.170369E+08  0.185074E+08
  0.398126E-02  0.183203E+08  0.183185E+08 -0.356493E+03 -0.522428E+03  0.166403E+08  0.183094E+08
  0.443322E-02  0.180999E+08  0.180977E+08  0.254305E+04  0.141992E+04  0.162069E+08  0.180877E+08
  0.493648E-02  0.178540E+08  0.178514E+08  0.000000E+00  0.000000E+00  0.157348E+08  0.178403E+08
  0.498985E-02  0.178280E+08  0.178253E+08  0.000000E+00  0.000000E+00  0.156853E+08  0.178141E+08
  0.504379E-02  0.178017E+08  0.177989E+08  0.000000E+00  0.000000E+00  0.156355E+08  0.177876E+08
  0.509832E-02  0.177751E+08  0.177722E+08  0.000000E+00  0.000000E+00  0.155852E+08  0.177609E+08
  0.515344E-02  0.177482E+08  0.177453E+08  0.000000E+00  0.000000E+00  0.155345E+08  0.177339E+08
  0.520915E-02  0.177210E+08  0.177181E+08  0.000000E+00  0.000000E+00  0.154835E+08  0.177066E+08
  0.526546E-02  0.176936E+08  0.176906E+08  0.000000E+00  0.000000E+00  0.154320E+08  0.176790E+08
  0.532239E-02  0.176659E+08  0.176628E+08  0.000000E+00  0.000000E+00  0.153800E+08  0.176511E+08
  0.537993E-02  0.176379E+08  0.176348E+08  0.000000E+00  0.000000E+00  0.153277E+08  0.176229E+08
  0.543809E-02  0.176096E+08  0.176064E+08  0.000000E+00  0.000000E+00  0.152749E+08  0.175945E+08
  0.549688E-02  0.175811E+08  0.175778E+08  0.000000E+00  0.000000E+00  0.152217E+08  0.175658E+08
  0.555630E-02  0.175522E+08  0.175489E+08  0.000000E+00  0.000000E+00  0.151681E+08  0.175368E+08
  0.561637E-02  0.175231E+08  0.175197E+08  0.000000E+00  0.000000E+00  0.151141E+08  0.175074E+08
  0.567709E-02  0.174936E+08  0.174902E+08  0.000000E+00  0.000000E+00  0.150597E+08  0.174778E+08
  0.573846E-02  0.174639E+08  0.174604E+08  0.000000E+00  0.000000E+00  0.150048E+08  0.174480E+08
  0.580050E-02  0.174339E+08  0.174303E+08  0.000000E+00  0.000000E+00  0.149495E+08  0.174178E+08
  0.586320E-02  0.174036E+08  0.173999E+08  0.000000E+00  0.000000E+00  0.148938E+08  0.173873E+08
  0.592659E-02  0.173730E+08  0.173692E+08  0.000000E+00  0.000000E+00  0.148376E+08  0.173565E+08
  0.599066E-02  0.173421E+08  0.173382E+08  0.000000E+00  0.000000E+00  0.147811E+08  0.173254E+08
  0.605542E-02  0.173109E+08  0.173069E+08  0.000000E+00  0.000000E+00  0.147241E+08  0.172940E+08
  0.612089E-02  0.172793E+08  0.172753E+08  0.000000E+00  0.000000E+00  0.146667E+08  0.172623E+08
  0.618706E-02  0.172475E+08  0.172434E+08  0.000000E+00  0.000000E+00  0.146089E+08  0.172303E+08
  0.625394E-02  0.172154E+08  0.172112E+08  0.000000E+00  0.000000E+00  0.145506E+08  0.171980E+08
  0.632155E-02  0.171830E+08  0.171787E+08  0.000000E+00  0.000000E+00  0.144919E+08  0.171654E+08
  0.638989E-02  0.171502E+08  0.171459E+08  0.000000E+00  0.000000E+00  0.144328E+08  0.171325E+08
  0.645897E-02  0.171172E+08  0.171127E+08  0.000000E+00  0.000000E+00  0.143733E+08  0.170993E+08
  0.652880E-02  0.170838E+08  0.170793E+08  0.000000E+00  0.000000E+00  0.143134E+08  0.170657E+08
  0.659938E-02  0.170501E+08  0.170455E+08  0.000000E+00  0.000000E+00  0.142531E+08  0.170319E+08
  0.667072E-02  0.170161E+08  0.170114E+08  0.000000E+00  0.000000E+00  0.141924E+08  0.169977E+08
  0.674284E-02  0.169818E+08  0.169770E+08  0.000000E+00  0.000000E+00  0.141312E+08  0.169632E+08
  0.681573E-02  0.169472E+08  0.169423E+08  0.000000E+00  0.000000E+00  0.140696E+08  0.169284E+08
  0.688942E-02  0.169122E+08  0.169072E+08  0.000000E+00  0.000000E+00  0.140077E+08  0.168932E+08
  0.696390E-02  0.168770E+08  0.168719E+08  0.000000E+00  0.000000E+00  0.139453E+08  0.168578E+08
  0.703918E-02  0.168414E+08  0.168362E+08  0.000000E+00  0.000000E+00  0.138825E+08  0.168220E+08
  0.711528E-02  0.168054E+08  0.168001E+08  0.000000E+00  0.000000E+00  0.138193E+08  0.167859E+08
  0.719220E-02  0.167692E+08  0.167638E+08  0.000000E+00  0.000000E+00  0.137558E+08  0.167494E+08
  0.726995E-02  0.167326E+08  0.167271E+08  0.000000E+00  0.000000E+00  0.136918E+08  0.167127E+08
  0.734855E-02  0.166957E+08  0.166901E+08  0.000000E+00  0.000000E+00  0.136274E+08  0.166756E+08
  0.742799E-02  0.166584E+08  0.166527E+08  0.000000E+00  0.000000E+00  0.135627E+08  0.166381E+08
  0.750829E-02  0.166209E+08  0.166150E+08  0.000000E+00  0.000000E+00  0.134975E+08  0.166004E+08
  0.758946E-02  0.165829E+08  0.165770E+08  0.000000E+00  0.000000E+00  0.134320E+08  0.165623E+08
  0.767151E-02  0.165447E+08  0.165386E+08  0.000000E+00  0.000000E+00  0.133661E+08  0.165238E+08
  0.775444E-02  0.165061E+08  0.164999E+08  0.000000E+00  0.000000E+00  0.132998E+08  0.164851E+08
  0.783828E-02  0.164672E+08  0.164609E+08  0.000000E+00  0.000000E+00  0.132332E+08  0.164459E+08
  0.792301E-02  0.164279E+08  0.164215E+08  0.000000E+00  0.000000E+00  0.131661E+08  0.164065E+08
  0.800867E-02  0.163883E+08  0.163817E+08  0.000000E+00  0.000000E+00  0.130987E+08  0.163667E+08
  0.809524E-02  0.163484E+08  0.163416E+08  0.000000E+00  0.000000E+00  0.130309E+08  0.163265E+08
  0.818276E-02  0.163080E+08  0.163012E+08  0.000000E+00  0.000000E+00  0.129628E+08  0.162860E+08
  0.827122E-02  0.162674E+08  0.162604E+08  0.000000E+00  0.000000E+00  0.128943E+08  0.162452E+08
  0.836064E-02  0.162264E+08  0.162193E+08  0.000000E+00  0.000000E+00  0.128255E+08  0.162040E+08
  0.845102E-02  0.161851E+08  0.161778E+08  0.000000E+00  0.000000E+00  0.127562E+08  0.161624E+08
  0.854239E-02  0.161433E+08  0.161359E+08  0.000000E+00  0.000000E+00  0.126867E+08  0.161205E+08
  0.863473E-02  0.161013E+08  0.160937E+08  0.000000E+00  0.000000E+00  0.126168E+08  0.160783E+08
  0.872808E-02  0.160589E+08  0.160512E+08  0.000000E+00  0.000000E+00  0.125465E+08  0.160357E+08
  0.882244E-02  0.160161E+08  0.160083E+08  0.000000E+00  0.000000E+00  0.124760E+08  0.159927E+08
  0.891782E-02  0.159730E+08  0.159650E+08  0.000000E+00  0.000000E+00  0.124050E+08  0.159494E+08
  0.901422E-02  0.159295E+08  0.159213E+08  0.000000E+00  0.000000E+00  0.123338E+08  0.159057E+08
  0.911167E-02  0.158856E+08  0.158773E+08  0.000000E+00  0.000000E+00  0.122622E+08  0.158616E+08
  0.921018E-02  0.158414E+08  0.158329E+08  0.000000E+00  0.000000E+00  0.121903E+08  0.158172E+08
  0.930975E-02  0.157968E+08  0.157882E+08  0.000000E+00  0.000000E+00  0.121181E+08  0.157725E+08
  0.941039E-02  0.157519E+08  0.157431E+08  0.000000E+00  0.000000E+00  0.120456E+08  0.157273E+08
  0.951212E-02  0.157066E+08  0.156976E+08  0.000000E+00  0.000000E+00  0.119727E+08  0.156818E+08
  0.961496E-02  0.156609E+08  0.156517E+08  0.000000E+00  0.000000E+00  0.118996E+08  0.156359E+08
  0.971890E-02  0.156148E+08  0.156055E+08  0.000000E+00  0.000000E+00  0.118262E+08  0.155897E+08
  0.982397E-02  0.155684E+08  0.155589E+08  0.000000E+00  0.000000E+00  0.117524E+08  0.155430E+08
  0.993017E-02  0.155216E+08  0.155119E+08  0.000000E+00  0.000000E+00  0.116784E+08  0.154960E+08
  0.100375E-01  0.154744E+08  0.154646E+08  0.000000E+00  0.000000E+00  0.116041E+08  0.154487E+08
  0.101460E-01  0.154269E+08  0.154168E+08  0.000000E+00  0.000000E+00  0.115295E+08  0.154009E+08
  0.102557E-01  0.153790E+08  0.153687E+08  0.000000E+00  0.000000E+00  0.114546E+08  0.153528E+08
  0.103666E-01  0.153306E+08  0.153202E+08  0.000000E+00  0.000000E+00  0.113794E+08  0.153043E+08
  0.104787E-01  0.152820E+08  0.152713E+08  0.000000E+00  0.000000E+00  0.113040E+08  0.152554E+08
  0.105919E-01  0.152329E+08  0.152220E+08  0.000000E+00  0.000000E+00  0.112284E+08  0.152061E+08
  0.107065E-01  0.151834E+08  0.151724E+08  0.000000E+00  0.000000E+00  0.111524E+08  0.151565E+08
  0.108222E-01  0.151336E+08  0.151223E+08  0.000000E+00  0.000000E+00  0.110762E+08  0.151064E+08
  0.109392E-01  0.150833E+08  0.150719E+08  0.000000E+00  0.000000E+00  0.109998E+08  0.150560E+08
  0.110575E-01  0.150327E+08  0.150210E+08  0.000000E+00  0.000000E+00  0.109232E+08  0.150052E+08
  0.111770E-01  0.149817E+08  0.149698E+08  0.000000E+00  0.000000E+00  0.108463E+08  0.149540E+08
  0.112978E-01  0.149303E+08  0.149182E+08  0.000000E+00  0.000000E+00  0.107691E+08  0.149024E+08
  0.114200E-01  0.148785E+08  0.148662E+08  0.000000E+00  0.000000E+00  0.106918E+08  0.148504E+08
  0.115434E-01  0.148263E+08  0.148137E+08  0.000000E+00  0.000000E+00  0.106142E+08  0.147980E+08
  0.116682E-01  0.147738E+08  0.147609E+08  0.000000E+00  0.000000E+00  0.105365E+08  0.147452E+08
  0.117944E-01  0.147208E+08  0.147077E+08  0.000000E+00  0.000000E+00  0.104585E+08  0.146921E+08
  0.119219E-01  0.146674E+08  0.146541E+08  0.000000E+00  0.000000E+00  0.103803E+08  0.146385E+08
  0.120507E-01  0.146136E+08  0.146001E+08  0.000000E+00  0.000000E+00  0.103019E+08  0.145845E+08
  0.121810E-01  0.145594E+08  0.145456E+08  0.000000E+00  0.000000E+00  0.102234E+08  0.145302E+08
  0.123127E-01  0.145049E+08  0.144908E+08  0.000000E+00  0.000000E+00  0.101447E+08  0.144754E+08
  0.124458E-01  0.144499E+08  0.144356E+08  0.000000E+00  0.000000E+00  0.100658E+08  0.144202E+08
  0.125804E-01  0.143945E+08  0.143799E+08  0.000000E+00  0.000000E+00  0.998670E+07  0.143647E+08
  0.127164E-01  0.143387E+08  0.143239E+08  0.000000E+00  0.000000E+00  0.990748E+07  0.143087E+08
  0.128538E-01  0.142825E+08  0.142674E+08  0.000000E+00  0.000000E+00  0.982810E+07  0.142523E+08
  0.129928E-01  0.142260E+08  0.142106E+08  0.000000E+00  0.000000E+00  0.974858E+07  0.141955E+08
  0.131333E-01  0.141689E+08  0.141533E+08  0.000000E+00  0.000000E+00  0.966892E+07  0.141384E+08
  0.132752E-01  0.141115E+08  0.140956E+08  0.000000E+00  0.000000E+00  0.958913E+07  0.140808E+08
  0.134188E-01  0.140537E+08  0.140375E+08  0.000000E+00  0.000000E+00  0.950922E+07  0.140228E+08
  0.135638E-01  0.139955E+08  0.139790E+08  0.000000E+00  0.000000E+00  0.942919E+07  0.139644E+08
  0.137105E-01  0.139368E+08  0.139200E+08  0.000000E+00  0.000000E+00  0.934906E+07  0.139055E+08
  0.138587E-01  0.138778E+08  0.138607E+08  0.000000E+00  0.000000E+00  0.926882E+07  0.138463E+08
  0.140085E-01  0.138183E+08  0.138009E+08  0.000000E+00  0.000000E+00  0.918848E+07  0.137867E+08
  0.141599E-01  0.137585E+08  0.137408E+08  0.000000E+00  0.000000E+00  0.910806E+07  0.137266E+08
  0.143130E-01  0.136982E+08  0.136802E+08  0.000000E+00  0.000000E+00  0.902757E+07  0.136662E+08
  0.144678E-01  0.136375E+08  0.136192E+08  0.000000E+00  0.000000E+00  0.894700E+07  0.136053E+08
  0.146242E-01  0.135764E+08  0.135577E+08  0.000000E+00  0.000000E+00  0.886636E+07  0.135440E+08
  0.147823E-01  0.135148E+08  0.134959E+08  0.000000E+00  0.000000E+00  0.878568E+07  0.134823E+08
  0.149421E-01  0.134529E+08  0.134336E+08  0.000000E+00  0.000000E+00  0.870494E+07  0.134202E+08
  0.151036E-01  0.133905E+08  0.133709E+08  0.000000E+00  0.000000E+00  0.862417E+07  0.133577E+08
  0.152669E-01  0.133278E+08  0.133078E+08  0.000000E+00  0.000000E+00  0.854336E+07  0.132948E+08
  0.154319E-01  0.132646E+08  0.132443E+08  0.000000E+00  0.000000E+00  0.846254E+07  0.132314E+08
  0.155988E-01  0.132010E+08  0.131804E+08  0.000000E+00  0.000000E+00  0.838169E+07  0.131677E+08
  0.157674E-01  0.131370E+08  0.131160E+08  0.000000E+00  0.000000E+00  0.830084E+07  0.131035E+08
  0.159378E-01  0.130726E+08  0.130513E+08  0.000000E+00  0.000000E+00  0.822000E+07  0.130389E+08
  0.161101E-01  0.130077E+08  0.129861E+08  0.000000E+00  0.000000E+00  0.813916E+07  0.129739E+08
  0.162843E-01  0.129425E+08  0.129205E+08  0.000000E+00  0.000000E+00  0.805835E+07  0.129086E+08
  0.164603E-01  0.128768E+08  0.128545E+08  0.000000E+00  0.000000E+00  0.797756E+07  0.128427E+08
  0.166383E-01  0.128108E+08  0.127880E+08  0.000000E+00  0.000000E+00  0.789681E+07  0.127765E+08
  0.168182E-01  0.127443E+08  0.127212E+08  0.000000E+00  0.000000E+00  0.781611E+07  0.127099E+08
  0.170000E-01  0.126774E+08  0.126539E+08  0.000000E+00  0.000000E+00  0.773546E+07  0.126429E+08
  0.171838E-01  0.126101E+08  0.125863E+08  0.000000E+00  0.000000E+00  0.765487E+07  0.125755E+08
  0.173695E-01  0.125424E+08  0.125182E+08  0.000000E+00  0.000000E+00  0.757436E+07  0.125076E+08
  0.175573E-01  0.124743E+08  0.124497E+08  0.000000E+00  0.000000E+00  0.749392E+07  0.124394E+08
  0.177471E-01  0.124058E+08  0.123808E+08  0.000000E+00  0.000000E+00  0.741358E+07  0.123708E+08
  0.179390E-01  0.123369E+08  0.123116E+08  0.000000E+00  0.000000E+00  0.733334E+07  0.123018E+08
  0.181329E-01  0.122677E+08  0.122419E+08  0.000000E+00  0.000000E+00  0.725321E+07  0.122323E+08
  0.183289E-01  0.121980E+08  0.121718E+08  0.000000E+00  0.000000E+00  0.717319E+07  0.121625E+08
  0.185271E-01  0.121279E+08  0.121013E+08  0.000000E+00  0.000000E+00  0.709331E+07  0.120923E+08
  0.187274E-01  0.120574E+08  0.120305E+08  0.000000E+00  0.000000E+00  0.701356E+07  0.120218E+08
  0.189298E-01  0.119866E+08  0.119592E+08  0.000000E+00  0.000000E+00  0.693395E+07  0.119508E+08
  0.191345E-01  0.119153E+08  0.118876E+08  0.000000E+00  0.000000E+00  0.685451E+07  0.118794E+08
  0.193413E-01  0.118437E+08  0.118156E+08  0.000000E+00  0.000000E+00  0.677523E+07  0.118077E+08
  0.195504E-01  0.117717E+08  0.117432E+08  0.000000E+00  0.000000E+00  0.669612E+07  0.117356E+08
  0.197618E-01  0.116994E+08  0.116704E+08  0.000000E+00  0.000000E+00  0.661720E+07  0.116632E+08
  0.199754E-01  0.116267E+08  0.115972E+08  0.000000E+00  0.000000E+00  0.653848E+07  0.115903E+08
  0.201914E-01  0.115536E+08  0.115238E+08  0.000000E+00  0.000000E+00  0.645996E+07  0.115172E+08
  0.204097E-01  0.114801E+08  0.114499E+08  0.000000E+00  0.000000E+00  0.638166E+07  0.114436E+08
  0.206303E-01  0.114063E+08  0.113757E+08  0.000000E+00  0.000000E+00  0.630358E+07  0.113698E+08
  0.208533E-01  0.113322E+08  0.113011E+08  0.000000E+00  0.000000E+00  0.622574E+07  0.112955E+08
  0.210788E-01  0.112577E+08  0.112262E+08  0.000000E+00  0.000000E+00  0.614814E+07  0.112210E+08
  0.213066E-01  0.111829E+08  0.111510E+08  0.000000E+00  0.000000E+00  0.607080E+07  0.111461E+08
  0.215370E-01  0.111078E+08  0.110754E+08  0.000000E+00  0.000000E+00  0.599373E+07  0.110709E+08
  0.217698E-01  0.110323E+08  0.109996E+08  0.000000E+00  0.000000E+00  0.591693E+07  0.109953E+08
  0.220052E-01  0.109565E+08  0.109234E+08  0.000000E+00  0.000000E+00  0.584042E+07  0.109195E+08
  0.222430E-01  0.108805E+08  0.108469E+08  0.000000E+00  0.000000E+00  0.576421E+07  0.108433E+08
  0.224835E-01  0.108041E+08  0.107701E+08  0.000000E+00  0.000000E+00  0.568830E+07  0.107669E+08
  0.227266E-01  0.107274E+08  0.106930E+08  0.000000E+00  0.000000E+00  0.561272E+07  0.106902E+08
  0.229723E-01  0.106505E+08  0.106156E+08  0.000000E+00  0.000000E+00  0.553746E+07  0.106132E+08
  0.232206E-01  0.105732E+08  0.105380E+08  0.000000E+00  0.000000E+00  0.546254E+07  0.105359E+08
  0.234716E-01  0.104958E+08  0.104601E+08  0.000000E+00  0.000000E+00  0.538798E+07  0.104584E+08
  0.237254E-01  0.104180E+08  0.103819E+08  0.000000E+00  0.000000E+00  0.531378E+07  0.103806E+08
  0.239819E-01  0.103401E+08  0.103035E+08  0.000000E+00  0.000000E+00  0.523995E+07  0.103026E+08
  0.242411E-01  0.102619E+08  0.102249E+08  0.000000E+00  0.000000E+00  0.516650E+07  0.102244E+08
  0.245032E-01  0.101834E+08  0.101461E+08  0.000000E+00  0.000000E+00  0.509345E+07  0.101459E+08
  0.247681E-01  0.101048E+08  0.100671E+08  0.000000E+00  0.000000E+00  0.502081E+07  0.100673E+08
  0.250359E-01  0.100260E+08  0.998785E+07  0.000000E+00  0.000000E+00  0.494858E+07  0.998843E+07
  0.253065E-01  0.994696E+07  0.990844E+07  0.000000E+00  0.000000E+00  0.487677E+07  0.990941E+07
  0.255801E-01  0.986778E+07  0.982888E+07  0.000000E+00  0.000000E+00  0.480541E+07  0.983022E+07
  0.258566E-01  0.978844E+07  0.974916E+07  0.000000E+00  0.000000E+00  0.473449E+07  0.975088E+07
  0.261362E-01  0.970896E+07  0.966930E+07  0.000000E+00  0.000000E+00  0.466404E+07  0.967140E+07
  0.264187E-01  0.962935E+07  0.958933E+07  0.000000E+00  0.000000E+00  0.459405E+07  0.959180E+07
  0.267043E-01  0.954963E+07  0.950924E+07  0.000000E+00  0.000000E+00  0.452454E+07  0.951209E+07
  0.269930E-01  0.946981E+07  0.942907E+07  0.000000E+00  0.000000E+00  0.445552E+07  0.943229E+07
  0.272848E-01  0.938992E+07  0.934882E+07  0.000000E+00  0.000000E+00  0.438701E+07  0.935241E+07
  0.275798E-01  0.930995E+07  0.926852E+07  0.000000E+00  0.000000E+00  0.431901E+07  0.927247E+07
  0.278779E-01  0.922994E+07  0.918818E+07  0.000000E+00  0.000000E+00  0.425153E+07  0.919249E+07
  0.281793E-01  0.914990E+07  0.910782E+07  0.000000E+00  0.000000E+00  0.418458E+07  0.911249E+07
  0.284840E-01  0.906985E+07  0.902746E+07  0.000000E+00  0.000000E+00  0.411817E+07  0.903248E+07
  0.287919E-01  0.898981E+07  0.894711E+07  0.000000E+00  0.000000E+00  0.405232E+07  0.895248E+07
  0.291032E-01  0.890979E+07  0.886680E+07  0.000000E+00  0.000000E+00  0.398703E+07  0.887251E+07
  0.294178E-01  0.882982E+07  0.878655E+07  0.000000E+00  0.000000E+00  0.392231E+07  0.879259E+07
  0.297358E-01  0.874991E+07  0.870637E+07  0.000000E+00  0.000000E+00  0.385818E+07  0.871274E+07
  0.300573E-01  0.867009E+07  0.862630E+07  0.000000E+00  0.000000E+00  0.379463E+07  0.863298E+07
  0.303822E-01  0.859037E+07  0.854634E+07  0.000000E+00  0.000000E+00  0.373169E+07  0.855334E+07
  0.307107E-01  0.851079E+07  0.846652E+07  0.000000E+00  0.000000E+00  0.366936E+07  0.847382E+07
  0.310427E-01  0.843135E+07  0.838687E+07  0.000000E+00  0.000000E+00  0.360765E+07  0.839446E+07
  0.313783E-01  0.835208E+07  0.830740E+07  0.000000E+00  0.000000E+00  0.354657E+07  0.831528E+07
  0.317175E-01  0.827301E+07  0.822814E+07  0.000000E+00  0.000000E+00  0.348613E+07  0.823630E+07
  0.320604E-01  0.819415E+07  0.814912E+07  0.000000E+00  0.000000E+00  0.342634E+07  0.815754E+07
  0.324070E-01  0.811554E+07  0.807035E+07  0.000000E+00  0.000000E+00  0.336720E+07  0.807902E+07
  0.327573E-01  0.803718E+07  0.799186E+07  0.000000E+00  0.000000E+00  0.330872E+07  0.800078E+07
  0.331114E-01  0.795912E+07  0.791368E+07  0.000000E+00  0.000000E+00  0.325091E+07  0.792282E+07
  0.334694E-01  0.788137E+07  0.783583E+07  0.000000E+00  0.000000E+00  0.319379E+07  0.784518E+07
  0.338312E-01  0.780395E+07  0.775833E+07  0.000000E+00  0.000000E+00  0.313734E+07  0.776788E+07
  0.341970E-01  0.772689E+07  0.768121E+07  0.000000E+00  0.000000E+00  0.308159E+07  0.769095E+07
  0.345667E-01  0.765021E+07  0.760449E+07  0.000000E+00  0.000000E+00  0.302653E+07  0.761440E+07
  0.349404E-01  0.757395E+07  0.752820E+07  0.000000E+00  0.000000E+00  0.297218E+07  0.753827E+07
  0.353181E-01  0.749812E+07  0.745237E+07  0.000000E+00  0.000000E+00  0.291853E+07  0.746258E+07
  0.356999E-01  0.742274E+07  0.737702E+07  0.000000E+00  0.000000E+00  0.286560E+07  0.738735E+07
  0.360858E-01  0.734785E+07  0.730217E+07  0.000000E+00  0.000000E+00  0.281339E+07  0.731261E+07
  0.364760E-01  0.727347E+07  0.722785E+07  0.000000E+00  0.000000E+00  0.276190E+07  0.723838E+07
  0.368703E-01  0.719962E+07  0.715409E+07  0.000000E+00  0.000000E+00  0.271115E+07  0.716469E+07
  0.372689E-01  0.712632E+07  0.708090E+07  0.000000E+00  0.000000E+00  0.266112E+07  0.709155E+07
  0.376718E-01  0.705360E+07  0.700831E+07  0.000000E+00  0.000000E+00  0.261184E+07  0.701899E+07
  0.380790E-01  0.698147E+07  0.693634E+07  0.000000E+00  0.000000E+00  0.256329E+07  0.694704E+07
  0.384907E-01  0.690998E+07  0.686503E+07  0.000000E+00  0.000000E+00  0.251548E+07  0.687572E+07
  0.389068E-01  0.683913E+07  0.679439E+07  0.000000E+00  0.000000E+00  0.246843E+07  0.680506E+07
  0.393274E-01  0.676897E+07  0.672446E+07  0.000000E+00  0.000000E+00  0.242212E+07  0.673508E+07
  0.397526E-01  0.669950E+07  0.665525E+07  0.000000E+00  0.000000E+00  0.237656E+07  0.666580E+07
  0.401823E-01  0.663075E+07  0.658678E+07  0.000000E+00  0.000000E+00  0.233174E+07  0.659724E+07
  0.406167E-01  0.656274E+07  0.651907E+07  0.000000E+00  0.000000E+00  0.228768E+07  0.652943E+07
  0.410558E-01  0.649548E+07  0.645215E+07  0.000000E+00  0.000000E+00  0.224435E+07  0.646237E+07
  0.414997E-01  0.642899E+07  0.638601E+07  0.000000E+00  0.000000E+00  0.220176E+07  0.639608E+07
  0.419483E-01  0.636328E+07  0.632068E+07  0.000000E+00  0.000000E+00  0.215991E+07  0.633058E+07
  0.424018E-01  0.629837E+07  0.625618E+07  0.000000E+00  0.000000E+00  0.211880E+07  0.626587E+07
  0.428602E-01  0.623427E+07  0.619251E+07  0.000000E+00  0.000000E+00  0.207842E+07  0.620199E+07
  0.433235E-01  0.617100E+07  0.612970E+07  0.000000E+00  0.000000E+00  0.203877E+07  0.613893E+07
  0.437919E-01  0.610857E+07  0.606775E+07  0.000000E+00  0.000000E+00  0.199985E+07  0.607672E+07
  0.442653E-01  0.604700E+07  0.600667E+07  0.000000E+00  0.000000E+00  0.196165E+07  0.601537E+07
  0.447439E-01  0.598629E+07  0.594649E+07  0.000000E+00  0.000000E+00  0.192418E+07  0.595489E+07
  0.452276E-01  0.592646E+07  0.588721E+07  0.000000E+00  0.000000E+00  0.188741E+07  0.589528E+07
  0.457165E-01  0.586750E+07  0.582882E+07  0.000000E+00  0.000000E+00  0.185134E+07  0.583655E+07
  0.462107E-01  0.580943E+07  0.577135E+07  0.000000E+00  0.000000E+00  0.181597E+07  0.577871E+07
  0.467103E-01  0.575224E+07  0.571477E+07  0.000000E+00  0.000000E+00  0.178128E+07  0.572176E+07
  0.472153E-01  0.569594E+07  0.565910E+07  0.000000E+00  0.000000E+00  0.174727E+07  0.566569E+07
  0.477257E-01  0.564052E+07  0.560433E+07  0.000000E+00  0.000000E+00  0.171392E+07  0.561050E+07
  0.482417E-01  0.558597E+07  0.555046E+07  0.000000E+00  0.000000E+00  0.168123E+07  0.555619E+07
  0.487632E-01  0.553230E+07  0.549748E+07  0.000000E+00  0.000000E+00  0.164919E+07  0.550276E+07
  0.492904E-01  0.547949E+07  0.544537E+07  0.000000E+00  0.000000E+00  0.161779E+07  0.545019E+07
  0.498232E-01  0.542754E+07  0.539414E+07  0.000000E+00  0.000000E+00  0.158701E+07  0.539848E+07
  0.503618E-01  0.537643E+07  0.534376E+07  0.000000E+00  0.000000E+00  0.155685E+07  0.534761E+07
  0.509063E-01  0.532615E+07  0.529422E+07  0.000000E+00  0.000000E+00  0.152728E+07  0.529756E+07
  0.514566E-01  0.527667E+07  0.524550E+07  0.000000E+00  0.000000E+00  0.149829E+07  0.524833E+07
  0.520129E-01  0.522798E+07  0.519757E+07  0.000000E+00  0.000000E+00  0.146988E+07  0.519987E+07
  0.525752E-01  0.518005E+07  0.515041E+07  0.000000E+00  0.000000E+00  0.144202E+07  0.515218E+07
  0.531436E-01  0.513285E+07  0.510398E+07  0.000000E+00  0.000000E+00  0.141471E+07  0.510522E+07
  0.537181E-01  0.508636E+07  0.505827E+07  0.000000E+00  0.000000E+00  0.138792E+07  0.505897E+07
  0.542988E-01  0.504056E+07  0.501325E+07  0.000000E+00  0.000000E+00  0.136165E+07  0.501341E+07
  0.548858E-01  0.499541E+07  0.496888E+07  0.000000E+00  0.000000E+00  0.133588E+07  0.496849E+07
  0.554792E-01  0.495088E+07  0.492513E+07  0.000000E+00  0.000000E+00  0.131058E+07  0.492421E+07
  0.560790E-01  0.490695E+07  0.488197E+07  0.000000E+00  0.000000E+00  0.128574E+07  0.488050E+07
  0.566852E-01  0.486356E+07  0.483935E+07  0.000000E+00  0.000000E+00  0.126136E+07  0.483735E+07
  0.572980E-01  0.482069E+07  0.479724E+07  0.000000E+00  0.000000E+00  0.123741E+07  0.479471E+07
  0.579175E-01  0.477827E+07  0.475557E+07  0.000000E+00  0.000000E+00  0.121389E+07  0.475252E+07
  0.585436E-01  0.473628E+07  0.471431E+07  0.000000E+00  0.000000E+00  0.119077E+07  0.471075E+07
  0.591765E-01  0.469465E+07  0.467341E+07  0.000000E+00  0.000000E+00  0.116803E+07  0.466935E+07
  0.600666E-01  0.463739E+07  0.461712E+07  0.000000E+00  0.000000E+00  0.113706E+07  0.461240E+07
  0.609568E-01  0.458147E+07  0.456213E+07  0.000000E+00  0.000000E+00  0.110720E+07  0.455679E+07
  0.618469E-01  0.452675E+07  0.450827E+07  0.000000E+00  0.000000E+00  0.107838E+07  0.450235E+07
  0.627370E-01  0.447306E+07  0.445539E+07  0.000000E+00  0.000000E+00  0.105054E+07  0.444894E+07
  0.636272E-01  0.442026E+07  0.440334E+07  0.000000E+00  0.000000E+00  0.102358E+07  0.439641E+07
  0.645173E-01  0.436820E+07  0.435198E+07  0.000000E+00  0.000000E+00  0.997450E+06  0.434463E+07
  0.654074E-01  0.431678E+07  0.430119E+07  0.000000E+00  0.000000E+00  0.972102E+06  0.429346E+07
  0.662976E-01  0.426588E+07  0.425086E+07  0.000000E+00  0.000000E+00  0.947491E+06  0.424281E+07
  0.671877E-01  0.421542E+07  0.420090E+07  0.000000E+00  0.000000E+00  0.923564E+06  0.419259E+07
  0.680779E-01  0.416532E+07  0.415124E+07  0.000000E+00  0.000000E+00  0.900279E+06  0.414272E+07
  0.689680E-01  0.411550E+07  0.410180E+07  0.000000E+00  0.000000E+00  0.877609E+06  0.409313E+07
  0.698581E-01  0.406590E+07  0.405253E+07  0.000000E+00  0.000000E+00  0.855524E+06  0.404375E+07
  0.707483E-01  0.401648E+07  0.400337E+07  0.000000E+00  0.000000E+00  0.833988E+06  0.399455E+07
  0.716384E-01  0.396720E+07  0.395429E+07  0.000000E+00  0.000000E+00  0.812976E+06  0.394547E+07
  0.725285E-01  0.391803E+07  0.390527E+07  0.000000E+00  0.000000E+00  0.792472E+06  0.389650E+07
  0.734187E-01  0.386895E+07  0.385630E+07  0.000000E+00  0.000000E+00  0.772460E+06  0.384763E+07
  0.743088E-01  0.381997E+07  0.380737E+07  0.000000E+00  0.000000E+00  0.752919E+06  0.379884E+07
  0.751990E-01  0.377109E+07  0.375849E+07  0.000000E+00  0.000000E+00  0.733837E+06  0.375015E+07
  0.760891E-01  0.372231E+07  0.370968E+07  0.000000E+00  0.000000E+00  0.715207E+06  0.370155E+07
  0.769792E-01  0.367366E+07  0.366095E+07  0.000000E+00  0.000000E+00  0.697016E+06  0.365308E+07
  0.778694E-01  0.362515E+07  0.361233E+07  0.000000E+00  0.000000E+00  0.679253E+06  0.360475E+07
  0.787595E-01  0.357682E+07  0.356386E+07  0.000000E+00  0.000000E+00  0.661916E+06  0.355659E+07
  0.796497E-01  0.352870E+07  0.351557E+07  0.000000E+00  0.000000E+00  0.644999E+06  0.350864E+07
  0.805398E-01  0.348084E+07  0.346752E+07  0.000000E+00  0.000000E+00  0.628497E+06  0.346095E+07
  0.814299E-01  0.343327E+07  0.341974E+07  0.000000E+00  0.000000E+00  0.612406E+06  0.341355E+07
  0.823201E-01  0.338606E+07  0.337230E+07  0.000000E+00  0.000000E+00  0.596724E+06  0.336650E+07
  0.832102E-01  0.333925E+07  0.332525E+07  0.000000E+00  0.000000E+00  0.581446E+06  0.331985E+07
  0.841003E-01  0.329289E+07  0.327865E+07  0.000000E+00  0.000000E+00  0.566571E+06  0.327365E+07
  0.849905E-01  0.324704E+07  0.323254E+07  0.000000E+00  0.000000E+00  0.552098E+06  0.322796E+07
  0.858806E-01  0.320174E+07  0.318700E+07  0.000000E+00  0.000000E+00  0.538026E+06  0.318283E+07
  0.867708E-01  0.315707E+07  0.314208E+07  0.000000E+00  0.000000E+00  0.524350E+06  0.313831E+07
  0.876609E-01  0.311306E+07  0.309784E+07  0.000000E+00  0.000000E+00  0.511069E+06  0.309446E+07
  0.885510E-01  0.306978E+07  0.305433E+07  0.000000E+00  0.000000E+00  0.498179E+06  0.305133E+07
  0.894412E-01  0.302726E+07  0.301160E+07  0.000000E+00  0.000000E+00  0.485676E+06  0.300898E+07
  0.903313E-01  0.298556E+07  0.296970E+07  0.000000E+00  0.000000E+00  0.473558E+06  0.296743E+07
  0.912215E-01  0.294471E+07  0.292867E+07  0.000000E+00  0.000000E+00  0.461821E+06  0.292674E+07
  0.921116E-01  0.290476E+07  0.288855E+07  0.000000E+00  0.000000E+00  0.450461E+06  0.288694E+07
  0.930017E-01  0.286574E+07  0.284940E+07  0.000000E+00  0.000000E+00  0.439471E+06  0.284808E+07
  0.938919E-01  0.282769E+07  0.281123E+07  0.000000E+00  0.000000E+00  0.428846E+06  0.281018E+07
  0.947820E-01  0.279064E+07  0.277410E+07  0.000000E+00  0.000000E+00  0.418581E+06  0.277329E+07
  0.956721E-01  0.275462E+07  0.273801E+07  0.000000E+00  0.000000E+00  0.408670E+06  0.273742E+07
  0.965623E-01  0.271963E+07  0.270299E+07  0.000000E+00  0.000000E+00  0.399107E+06  0.270259E+07
  0.974524E-01  0.268569E+07  0.266905E+07  0.000000E+00  0.000000E+00  0.389883E+06  0.266881E+07
  0.983426E-01  0.265282E+07  0.263620E+07  0.000000E+00  0.000000E+00  0.380988E+06  0.263609E+07
  0.992327E-01  0.262101E+07  0.260445E+07  0.000000E+00  0.000000E+00  0.372415E+06  0.260444E+07
  0.100123E+00  0.259028E+07  0.257379E+07  0.000000E+00  0.000000E+00  0.364154E+06  0.257385E+07
  0.101013E+00  0.256060E+07  0.254422E+07  0.000000E+00  0.000000E+00  0.356197E+06  0.254432E+07
  0.101903E+00  0.253196E+07  0.251572E+07  0.000000E+00  0.000000E+00  0.348536E+06  0.251585E+07
  0.102793E+00  0.250437E+07  0.248829E+07  0.000000E+00  0.000000E+00  0.341158E+06  0.248840E+07
  0.103683E+00  0.247779E+07  0.246190E+07  0.000000E+00  0.000000E+00  0.334053E+06  0.246197E+07
  0.104574E+00  0.245220E+07  0.243653E+07  0.000000E+00  0.000000E+00  0.327210E+06  0.243654E+07
  0.105464E+00  0.242759E+07  0.241215E+07  0.000000E+00  0.000000E+00  0.320621E+06  0.241207E+07
  0.106354E+00  0.240390E+07  0.238872E+07  0.000000E+00  0.000000E+00  0.314274E+06  0.238853E+07
  0.107244E+00  0.238111E+07  0.236621E+07  0.000000E+00  0.000000E+00  0.308157E+06  0.236589E+07
  0.108134E+00  0.235918E+07  0.234457E+07  0.000000E+00  0.000000E+00  0.302257E+06  0.234410E+07
  0.109024E+00  0.233807E+07  0.232377E+07  0.000000E+00  0.000000E+00  0.296566E+06  0.232313E+07
  0.109914E+00  0.231774E+07  0.230376E+07  0.000000E+00  0.000000E+00  0.291074E+06  0.230294E+07
  0.110804E+00  0.229815E+07  0.228450E+07  0.000000E+00  0.000000E+00  0.285770E+06  0.228349E+07
  0.111695E+00  0.227924E+07  0.226593E+07  0.000000E+00  0.000000E+00  0.280642E+06  0.226472E+07
  0.112585E+00  0.226097E+07  0.224802E+07  0.000000E+00  0.000000E+00  0.275679E+06  0.224658E+07
  0.113475E+00  0.224329E+07  0.223069E+07  0.000000E+00  0.000000E+00  0.270872E+06  0.222903E+07
  0.114365E+00  0.222614E+07  0.221390E+07  0.000000E+00  0.000000E+00  0.266210E+06  0.221202E+07
  0.115255E+00  0.220948E+07  0.219760E+07  0.000000E+00  0.000000E+00  0.261686E+06  0.219549E+07
  0.116145E+00  0.219327E+07  0.218175E+07  0.000000E+00  0.000000E+00  0.257288E+06  0.217940E+07
  0.117035E+00  0.217745E+07  0.216628E+07  0.000000E+00  0.000000E+00  0.253010E+06  0.216371E+07
  0.117926E+00  0.216198E+07  0.215116E+07  0.000000E+00  0.000000E+00  0.248842E+06  0.214836E+07
  0.118816E+00  0.214680E+07  0.213632E+07  0.000000E+00  0.000000E+00  0.244776E+06  0.213330E+07
  0.119706E+00  0.213186E+07  0.212172E+07  0.000000E+00  0.000000E+00  0.240804E+06  0.211848E+07
  0.120596E+00  0.211713E+07  0.210731E+07  0.000000E+00  0.000000E+00  0.236918E+06  0.210387E+07
  0.121486E+00  0.210256E+07  0.209305E+07  0.000000E+00  0.000000E+00  0.233112E+06  0.208941E+07
  0.122376E+00  0.208810E+07  0.207890E+07  0.000000E+00  0.000000E+00  0.229381E+06  0.207507E+07
  0.123266E+00  0.207374E+07  0.206481E+07  0.000000E+00  0.000000E+00  0.225719E+06  0.206081E+07
  0.124157E+00  0.205942E+07  0.205076E+07  0.000000E+00  0.000000E+00  0.222120E+06  0.204660E+07
  0.125047E+00  0.204512E+07  0.203672E+07  0.000000E+00  0.000000E+00  0.218580E+06  0.203240E+07
  0.125937E+00  0.203081E+07  0.202264E+07  0.000000E+00  0.000000E+00  0.215093E+06  0.201820E+07
  0.126827E+00  0.201647E+07  0.200851E+07  0.000000E+00  0.000000E+00  0.211658E+06  0.200395E+07
  0.127717E+00  0.200207E+07  0.199431E+07  0.000000E+00  0.000000E+00  0.208270E+06  0.198965E+07
  0.128607E+00  0.198759E+07  0.198000E+07  0.000000E+00  0.000000E+00  0.204926E+06  0.197527E+07
  0.129497E+00  0.197301E+07  0.196559E+07  0.000000E+00  0.000000E+00  0.201625E+06  0.196079E+07
  0.130388E+00  0.195833E+07  0.195104E+07  0.000000E+00  0.000000E+00  0.198363E+06  0.194620E+07
  0.131278E+00  0.194353E+07  0.193636E+07  0.000000E+00  0.000000E+00  0.195139E+06  0.193149E+07
  0.132168E+00  0.192861E+07  0.192154E+07  0.000000E+00  0.000000E+00  0.191951E+06  0.191665E+07
  0.133058E+00  0.191355E+07  0.190656E+07  0.000000E+00  0.000000E+00  0.188799E+06  0.190168E+07
  0.133948E+00  0.189836E+07  0.189144E+07  0.000000E+00  0.000000E+00  0.185683E+06  0.188658E+07
  0.134838E+00  0.188304E+07  0.187616E+07  0.000000E+00  0.000000E+00  0.182601E+06  0.187134E+07
  0.135728E+00  0.186759E+07  0.186074E+07  0.000000E+00  0.000000E+00  0.179552E+06  0.185598E+07
  0.136618E+00  0.185202E+07  0.184518E+07  0.000000E+00  0.000000E+00  0.176537E+06  0.184048E+07
  0.137509E+00  0.183634E+07  0.182949E+07  0.000000E+00  0.000000E+00  0.173556E+06  0.182488E+07
  0.138399E+00  0.182055E+07  0.181369E+07  0.000000E+00  0.000000E+00  0.170610E+06  0.180917E+07
  0.139289E+00  0.180468E+07  0.179779E+07  0.000000E+00  0.000000E+00  0.167701E+06  0.179337E+07
  0.140179E+00  0.178873E+07  0.178180E+07  0.000000E+00  0.000000E+00  0.164827E+06  0.177750E+07
  0.141069E+00  0.177273E+07  0.176575E+07  0.000000E+00  0.000000E+00  0.161992E+06  0.176157E+07
  0.141959E+00  0.175669E+07  0.174965E+07  0.000000E+00  0.000000E+00  0.159194E+06  0.174561E+07
  0.142849E+00  0.174064E+07  0.173353E+07  0.000000E+00  0.000000E+00  0.156435E+06  0.172963E+07
  0.143740E+00  0.172459E+07  0.171740E+07  0.000000E+00  0.000000E+00  0.153718E+06  0.171366E+07
  0.144630E+00  0.170857E+07  0.170131E+07  0.000000E+00  0.000000E+00  0.151044E+06  0.169771E+07
  0.145520E+00  0.169261E+07  0.168525E+07  0.000000E+00  0.000000E+00  0.148412E+06  0.168182E+07
  0.146410E+00  0.167671E+07  0.166927E+07  0.000000E+00  0.000000E+00  0.145824E+06  0.166599E+07
  0.147300E+00  0.166090E+07  0.165337E+07  0.000000E+00  0.000000E+00  0.143282E+06  0.165026E+07
  0.148190E+00  0.164521E+07  0.163759E+07  0.000000E+00  0.000000E+00  0.140787E+06  0.163463E+07
  0.149080E+00  0.162966E+07  0.162195E+07  0.000000E+00  0.000000E+00  0.138338E+06  0.161915E+07
  0.149971E+00  0.161426E+07  0.160647E+07  0.000000E+00  0.000000E+00  0.135938E+06  0.160382E+07
  0.150861E+00  0.159905E+07  0.159117E+07  0.000000E+00  0.000000E+00  0.133587E+06  0.158868E+07
  0.151751E+00  0.158403E+07  0.157607E+07  0.000000E+00  0.000000E+00  0.131285E+06  0.157373E+07
  0.152641E+00  0.156923E+07  0.156119E+07  0.000000E+00  0.000000E+00  0.129034E+06  0.155899E+07
  0.153531E+00  0.155466E+07  0.154655E+07  0.000000E+00  0.000000E+00  0.126834E+06  0.154449E+07
  0.154421E+00  0.154034E+07  0.153217E+07  0.000000E+00  0.000000E+00  0.124685E+06  0.153024E+07
  0.155311E+00  0.152629E+07  0.151807E+07  0.000000E+00  0.000000E+00  0.122587E+06  0.151626E+07
  0.156202E+00  0.151252E+07  0.150425E+07  0.000000E+00  0.000000E+00  0.120541E+06  0.150255E+07
  0.157092E+00  0.149905E+07  0.149074E+07  0.000000E+00  0.000000E+00  0.118546E+06  0.148915E+07
  0.157982E+00  0.148588E+07  0.147754E+07  0.000000E+00  0.000000E+00  0.116603E+06  0.147604E+07
  0.158872E+00  0.147302E+07  0.146467E+07  0.000000E+00  0.000000E+00  0.114711E+06  0.146325E+07
  0.159762E+00  0.146049E+07  0.145213E+07  0.000000E+00  0.000000E+00  0.112870E+06  0.145079E+07
  0.160652E+00  0.144829E+07  0.143993E+07  0.000000E+00  0.000000E+00  0.111079E+06  0.143865E+07
  0.161542E+00  0.143642E+07  0.142807E+07  0.000000E+00  0.000000E+00  0.109337E+06  0.142685E+07
  0.162432E+00  0.142489E+07  0.141655E+07  0.000000E+00  0.000000E+00  0.107644E+06  0.141538E+07
  0.163323E+00  0.141368E+07  0.140538E+07  0.000000E+00  0.000000E+00  0.105999E+06  0.140424E+07
  0.164213E+00  0.140282E+07  0.139456E+07  0.000000E+00  0.000000E+00  0.104400E+06  0.139344E+07
  0.165103E+00  0.139228E+07  0.138407E+07  0.000000E+00  0.000000E+00  0.102847E+06  0.138296E+07
  0.165993E+00  0.138206E+07  0.137391E+07  0.000000E+00  0.000000E+00  0.101338E+06  0.137281E+07
  0.166883E+00  0.137217E+07  0.136409E+07  0.000000E+00  0.000000E+00  0.998726E+05  0.136298E+07
  0.167773E+00  0.136258E+07  0.135458E+07  0.000000E+00  0.000000E+00  0.984482E+05  0.135346E+07
  0.168663E+00  0.135330E+07  0.134538E+07  0.000000E+00  0.000000E+00  0.970636E+05  0.134423E+07
  0.169554E+00  0.134430E+07  0.133648E+07  0.000000E+00  0.000000E+00  0.957177E+05  0.133530E+07
  0.170444E+00  0.133559E+07  0.132787E+07  0.000000E+00  0.000000E+00  0.944091E+05  0.132665E+07
  0.171334E+00  0.132715E+07  0.131953E+07  0.000000E+00  0.000000E+00  0.931361E+05  0.131827E+07
  0.172224E+00  0.131896E+07  0.131146E+07  0.000000E+00  0.000000E+00  0.918968E+05  0.131014E+07
  0.173114E+00  0.131101E+07  0.130363E+07  0.000000E+00  0.000000E+00  0.906896E+05  0.130225E+07
  0.174004E+00  0.130329E+07  0.129603E+07  0.000000E+00  0.000000E+00  0.895131E+05  0.129459E+07
  0.174894E+00  0.129578E+07  0.128865E+07  0.000000E+00  0.000000E+00  0.883659E+05  0.128714E+07
  0.175785E+00  0.128847E+07  0.128146E+07  0.000000E+00  0.000000E+00  0.872463E+05  0.127989E+07
  0.176675E+00  0.128134E+07  0.127446E+07  0.000000E+00  0.000000E+00  0.861526E+05  0.127281E+07
  0.177565E+00  0.127437E+07  0.126762E+07  0.000000E+00  0.000000E+00  0.850831E+05  0.126590E+07
  0.178455E+00  0.126754E+07  0.126093E+07  0.000000E+00  0.000000E+00  0.840363E+05  0.125913E+07
  0.179345E+00  0.126085E+07  0.125438E+07  0.000000E+00  0.000000E+00  0.830107E+05  0.125249E+07
  0.180235E+00  0.125427E+07  0.124793E+07  0.000000E+00  0.000000E+00  0.820050E+05  0.124597E+07
  0.181125E+00  0.124779E+07  0.124158E+07  0.000000E+00  0.000000E+00  0.810176E+05  0.123954E+07
  0.182016E+00  0.124139E+07  0.123531E+07  0.000000E+00  0.000000E+00  0.800475E+05  0.123320E+07
  0.182906E+00  0.123506E+07  0.122910E+07  0.000000E+00  0.000000E+00  0.790932E+05  0.122692E+07
  0.183796E+00  0.122878E+07  0.122295E+07  0.000000E+00  0.000000E+00  0.781533E+05  0.122069E+07
  0.184686E+00  0.122254E+07  0.121682E+07  0.000000E+00  0.000000E+00  0.772268E+05  0.121450E+07
  0.185576E+00  0.121632E+07  0.121072E+07  0.000000E+00  0.000000E+00  0.763127E+05  0.120833E+07
  0.186466E+00  0.121011E+07  0.120462E+07  0.000000E+00  0.000000E+00  0.754102E+05  0.120217E+07
  0.187356E+00  0.120390E+07  0.119852E+07  0.000000E+00  0.000000E+00  0.745182E+05  0.119601E+07
  0.188246E+00  0.119769E+07  0.119240E+07  0.000000E+00  0.000000E+00  0.736359E+05  0.118984E+07
  0.189137E+00  0.119145E+07  0.118626E+07  0.000000E+00  0.000000E+00  0.727625E+05  0.118365E+07
  0.190027E+00  0.118519E+07  0.118008E+07  0.000000E+00  0.000000E+00  0.718977E+05  0.117744E+07
  0.190917E+00  0.117889E+07  0.117386E+07  0.000000E+00  0.000000E+00  0.710408E+05  0.117119E+07
  0.191807E+00  0.117255E+07  0.116760E+07  0.000000E+00  0.000000E+00  0.701913E+05  0.116489E+07
  0.192697E+00  0.116617E+07  0.116128E+07  0.000000E+00  0.000000E+00  0.693486E+05  0.115856E+07
  0.193587E+00  0.115973E+07  0.115491E+07  0.000000E+00  0.000000E+00  0.685125E+05  0.115216E+07
  0.194477E+00  0.115324E+07  0.114847E+07  0.000000E+00  0.000000E+00  0.676827E+05  0.114572E+07
  0.195368E+00  0.114670E+07  0.114197E+07  0.000000E+00  0.000000E+00  0.668590E+05  0.113921E+07
  0.196258E+00  0.114009E+07  0.113541E+07  0.000000E+00  0.000000E+00  0.660414E+05  0.113265E+07
  0.197148E+00  0.113343E+07  0.112878E+07  0.000000E+00  0.000000E+00  0.652296E+05  0.112603E+07
  0.198038E+00  0.112671E+07  0.112208E+07  0.000000E+00  0.000000E+00  0.644237E+05  0.111935E+07
  0.198928E+00  0.111993E+07  0.111533E+07  0.000000E+00  0.000000E+00  0.636235E+05  0.111261E+07
  0.199818E+00  0.111310E+07  0.110851E+07  0.000000E+00  0.000000E+00  0.628293E+05  0.110582E+07
  0.200708E+00  0.110621E+07  0.110164E+07  0.000000E+00  0.000000E+00  0.620412E+05  0.109898E+07
  0.201599E+00  0.109929E+07  0.109471E+07  0.000000E+00  0.000000E+00  0.612594E+05  0.109209E+07
  0.202489E+00  0.109231E+07  0.108774E+07  0.000000E+00  0.000000E+00  0.604839E+05  0.108516E+07
  0.203379E+00  0.108531E+07  0.108073E+07  0.000000E+00  0.000000E+00  0.597149E+05  0.107819E+07
  0.204269E+00  0.107827E+07  0.107369E+07  0.000000E+00  0.000000E+00  0.589529E+05  0.107119E+07
  0.205159E+00  0.107121E+07  0.106662E+07  0.000000E+00  0.000000E+00  0.581983E+05  0.106417E+07
  0.206049E+00  0.106414E+07  0.105953E+07  0.000000E+00  0.000000E+00  0.574512E+05  0.105713E+07
  0.206939E+00  0.105706E+07  0.105243E+07  0.000000E+00  0.000000E+00  0.567120E+05  0.105009E+07
  0.207830E+00  0.104998E+07  0.104533E+07  0.000000E+00  0.000000E+00  0.559810E+05  0.104305E+07
  0.208720E+00  0.104291E+07  0.103823E+07  0.000000E+00  0.000000E+00  0.552583E+05  0.103601E+07
  0.209610E+00  0.103585E+07  0.103115E+07  0.000000E+00  0.000000E+00  0.545444E+05  0.102899E+07
  0.210500E+00  0.102882E+07  0.102410E+07  0.000000E+00  0.000000E+00  0.538396E+05  0.102199E+07
  0.211390E+00  0.102182E+07  0.101707E+07  0.000000E+00  0.000000E+00  0.531442E+05  0.101503E+07
  0.212280E+00  0.101486E+07  0.101009E+07  0.000000E+00  0.000000E+00  0.524584E+05  0.100811E+07
  0.213170E+00  0.100795E+07  0.100315E+07  0.000000E+00  0.000000E+00  0.517826E+05  0.100123E+07
  0.214060E+00  0.100109E+07  0.996272E+06  0.000000E+00  0.000000E+00  0.511170E+05  0.994412E+06
  0.214951E+00  0.994300E+06  0.989456E+06  0.000000E+00  0.000000E+00  0.504618E+05  0.987654E+06
  0.215841E+00  0.987578E+06  0.982712E+06  0.000000E+00  0.000000E+00  0.498171E+05  0.980967E+06
  0.216731E+00  0.980933E+06  0.976046E+06  0.000000E+00  0.000000E+00  0.491831E+05  0.974356E+06
  0.217621E+00  0.974371E+06  0.969467E+06  0.000000E+00  0.000000E+00  0.485602E+05  0.967830E+06
  0.218511E+00  0.967900E+06  0.962979E+06  0.000000E+00  0.000000E+00  0.479485E+05  0.961393E+06
  0.219401E+00  0.961525E+06  0.956590E+06  0.000000E+00  0.000000E+00  0.473480E+05  0.955052E+06
  0.220291E+00  0.955251E+06  0.950306E+06  0.000000E+00  0.000000E+00  0.467588E+05  0.948812E+06
  0.223096E+00  0.936193E+06  0.931234E+06  0.000000E+00  0.000000E+00  0.449767E+05  0.929861E+06
  0.225936E+00  0.918062E+06  0.913124E+06  0.000000E+00  0.000000E+00  0.432865E+05  0.911836E+06
  0.228812E+00  0.900945E+06  0.896063E+06  0.000000E+00  0.000000E+00  0.416886E+05  0.894825E+06
  0.231725E+00  0.884863E+06  0.880074E+06  0.000000E+00  0.000000E+00  0.401804E+05  0.878848E+06
  0.234675E+00  0.869778E+06  0.865115E+06  0.000000E+00  0.000000E+00  0.387568E+05  0.863868E+06
  0.237663E+00  0.855602E+06  0.851090E+06  0.000000E+00  0.000000E+00  0.374103E+05  0.849794E+06
  0.240688E+00  0.842190E+06  0.837850E+06  0.000000E+00  0.000000E+00  0.361320E+05  0.836484E+06
  0.243752E+00  0.829357E+06  0.825199E+06  0.000000E+00  0.000000E+00  0.349112E+05  0.823751E+06
  0.246856E+00  0.816893E+06  0.812916E+06  0.000000E+00  0.000000E+00  0.337371E+05  0.811385E+06
  0.249998E+00  0.804586E+06  0.800780E+06  0.000000E+00  0.000000E+00  0.325998E+05  0.799173E+06
  0.253181E+00  0.792242E+06  0.788588E+06  0.000000E+00  0.000000E+00  0.314901E+05  0.786922E+06
  0.256404E+00  0.779702E+06  0.776176E+06  0.000000E+00  0.000000E+00  0.304017E+05  0.774473E+06
  0.259668E+00  0.766847E+06  0.763420E+06  0.000000E+00  0.000000E+00  0.293297E+05  0.761707E+06
  0.262974E+00  0.753616E+06  0.750258E+06  0.000000E+00  0.000000E+00  0.282719E+05  0.748562E+06
  0.266322E+00  0.740006E+06  0.736689E+06  0.000000E+00  0.000000E+00  0.272285E+05  0.735038E+06
  0.269712E+00  0.726085E+06  0.722785E+06  0.000000E+00  0.000000E+00  0.262019E+05  0.721200E+06
  0.273146E+00  0.711967E+06  0.708667E+06  0.000000E+00  0.000000E+00  0.251966E+05  0.707164E+06
  0.276623E+00  0.697802E+06  0.694492E+06  0.000000E+00  0.000000E+00  0.242175E+05  0.693080E+06
  0.280145E+00  0.683754E+06  0.680435E+06  0.000000E+00  0.000000E+00  0.232698E+05  0.679114E+06
  0.283711E+00  0.669998E+06  0.666675E+06  0.000000E+00  0.000000E+00  0.223583E+05  0.665438E+06
  0.287323E+00  0.656690E+06  0.653377E+06  0.000000E+00  0.000000E+00  0.214873E+05  0.652210E+06
  0.290981E+00  0.643944E+06  0.640659E+06  0.000000E+00  0.000000E+00  0.206588E+05  0.639543E+06
  0.294685E+00  0.631822E+06  0.628586E+06  0.000000E+00  0.000000E+00  0.198734E+05  0.627499E+06
  0.298436E+00  0.620332E+06  0.617164E+06  0.000000E+00  0.000000E+00  0.191294E+05  0.616086E+06
  0.302236E+00  0.609432E+06  0.606348E+06  0.000000E+00  0.000000E+00  0.184241E+05  0.605263E+06
  0.306083E+00  0.599029E+06  0.596040E+06  0.000000E+00  0.000000E+00  0.177531E+05  0.594935E+06
  0.309980E+00  0.588992E+06  0.586103E+06  0.000000E+00  0.000000E+00  0.171112E+05  0.584972E+06
  0.313926E+00  0.579174E+06  0.576382E+06  0.000000E+00  0.000000E+00  0.164933E+05  0.575226E+06
  0.317923E+00  0.569439E+06  0.566737E+06  0.000000E+00  0.000000E+00  0.158947E+05  0.565562E+06
  0.321970E+00  0.559671E+06  0.557047E+06  0.000000E+00  0.000000E+00  0.153117E+05  0.555863E+06
  0.326069E+00  0.549790E+06  0.547227E+06  0.000000E+00  0.000000E+00  0.147418E+05  0.546049E+06
  0.330220E+00  0.539761E+06  0.537244E+06  0.000000E+00  0.000000E+00  0.141841E+05  0.536087E+06
  0.334424E+00  0.529609E+06  0.527124E+06  0.000000E+00  0.000000E+00  0.136389E+05  0.526000E+06
  0.338681E+00  0.519395E+06  0.516932E+06  0.000000E+00  0.000000E+00  0.131076E+05  0.515850E+06
  0.342993E+00  0.509204E+06  0.506758E+06  0.000000E+00  0.000000E+00  0.112972E+05  0.505714E+06
  0.347359E+00  0.499155E+06  0.496726E+06  0.000000E+00  0.000000E+00  0.108420E+05  0.495728E+06
  0.351781E+00  0.489348E+06  0.486942E+06  0.000000E+00  0.000000E+00  0.104057E+05  0.485984E+06
  0.356260E+00  0.479863E+06  0.477486E+06  0.000000E+00  0.000000E+00  0.998915E+04  0.476559E+06
  0.360795E+00  0.470741E+06  0.468404E+06  0.000000E+00  0.000000E+00  0.959262E+04  0.467498E+06
  0.365388E+00  0.461991E+06  0.459702E+06  0.000000E+00  0.000000E+00  0.921542E+04  0.458808E+06
  0.370040E+00  0.453578E+06  0.451345E+06  0.000000E+00  0.000000E+00  0.885612E+04  0.450454E+06
  0.374751E+00  0.445433E+06  0.443259E+06  0.000000E+00  0.000000E+00  0.851268E+04  0.442366E+06
  0.379521E+00  0.437473E+06  0.435359E+06  0.000000E+00  0.000000E+00  0.818296E+04  0.434464E+06
  0.384353E+00  0.429620E+06  0.427561E+06  0.000000E+00  0.000000E+00  0.786502E+04  0.426666E+06
  0.389246E+00  0.421803E+06  0.419792E+06  0.000000E+00  0.000000E+00  0.755723E+04  0.418903E+06
  0.394201E+00  0.413982E+06  0.412012E+06  0.000000E+00  0.000000E+00  0.725862E+04  0.411136E+06
  0.399220E+00  0.406155E+06  0.404218E+06  0.000000E+00  0.000000E+00  0.696891E+04  0.403361E+06
  0.404302E+00  0.398344E+06  0.396435E+06  0.000000E+00  0.000000E+00  0.668828E+04  0.395602E+06
  0.409449E+00  0.390597E+06  0.388713E+06  0.000000E+00  0.000000E+00  0.641725E+04  0.387905E+06
  0.414661E+00  0.382973E+06  0.381114E+06  0.000000E+00  0.000000E+00  0.615654E+04  0.380331E+06
  0.419940E+00  0.375525E+06  0.373694E+06  0.000000E+00  0.000000E+00  0.590662E+04  0.372932E+06
  0.425286E+00  0.368288E+06  0.366487E+06  0.000000E+00  0.000000E+00  0.566765E+04  0.365743E+06
  0.430701E+00  0.361276E+06  0.359510E+06  0.000000E+00  0.000000E+00  0.543944E+04  0.358779E+06
  0.436184E+00  0.354474E+06  0.352747E+06  0.000000E+00  0.000000E+00  0.522137E+04  0.352025E+06
  0.441737E+00  0.347849E+06  0.346161E+06  0.000000E+00  0.000000E+00  0.501255E+04  0.345446E+06
  0.447360E+00  0.341359E+06  0.339710E+06  0.000000E+00  0.000000E+00  0.481206E+04  0.339001E+06
  0.453055E+00  0.334961E+06  0.333349E+06  0.000000E+00  0.000000E+00  0.461901E+04  0.332647E+06
  0.458823E+00  0.328624E+06  0.327045E+06  0.000000E+00  0.000000E+00  0.443275E+04  0.326354E+06
  0.464664E+00  0.322339E+06  0.320790E+06  0.000000E+00  0.000000E+00  0.425294E+04  0.320112E+06
  0.470579E+00  0.316111E+06  0.314588E+06  0.000000E+00  0.000000E+00  0.407946E+04  0.313926E+06
  0.476570E+00  0.309963E+06  0.308466E+06  0.000000E+00  0.000000E+00  0.391240E+04  0.307819E+06
  0.482637E+00  0.303922E+06  0.302450E+06  0.000000E+00  0.000000E+00  0.375190E+04  0.301819E+06
  0.488781E+00  0.298011E+06  0.296564E+06  0.000000E+00  0.000000E+00  0.359799E+04  0.295947E+06
  0.495004E+00  0.292244E+06  0.290825E+06  0.000000E+00  0.000000E+00  0.345064E+04  0.290220E+06
  0.501306E+00  0.286620E+06  0.285229E+06  0.000000E+00  0.000000E+00  0.330956E+04  0.284634E+06
  0.507688E+00  0.281124E+06  0.279763E+06  0.000000E+00  0.000000E+00  0.317438E+04  0.279177E+06
  0.514151E+00  0.275739E+06  0.274406E+06  0.000000E+00  0.000000E+00  0.304466E+04  0.273829E+06
  0.520696E+00  0.270441E+06  0.269136E+06  0.000000E+00  0.000000E+00  0.291998E+04  0.268567E+06
  0.527325E+00  0.265219E+06  0.263940E+06  0.000000E+00  0.000000E+00  0.280003E+04  0.263381E+06
  0.534038E+00  0.260066E+06  0.258811E+06  0.000000E+00  0.000000E+00  0.268459E+04  0.258263E+06
  0.540837E+00  0.254989E+06  0.253758E+06  0.000000E+00  0.000000E+00  0.257359E+04  0.253221E+06
  0.547722E+00  0.249998E+06  0.248789E+06  0.000000E+00  0.000000E+00  0.246696E+04  0.248264E+06
  0.554695E+00  0.245104E+06  0.243918E+06  0.000000E+00  0.000000E+00  0.236467E+04  0.243404E+06
  0.561756E+00  0.240314E+06  0.239150E+06  0.000000E+00  0.000000E+00  0.226662E+04  0.238646E+06
  0.568908E+00  0.235626E+06  0.234485E+06  0.000000E+00  0.000000E+00  0.217264E+04  0.233991E+06
  0.576150E+00  0.231035E+06  0.229918E+06  0.000000E+00  0.000000E+00  0.208255E+04  0.229431E+06
  0.583485E+00  0.226530E+06  0.225435E+06  0.000000E+00  0.000000E+00  0.199610E+04  0.224957E+06
  0.590913E+00  0.222103E+06  0.221031E+06  0.000000E+00  0.000000E+00  0.191310E+04  0.220561E+06
  0.598436E+00  0.217749E+06  0.216697E+06  0.000000E+00  0.000000E+00  0.183338E+04  0.216237E+06
  0.606054E+00  0.213467E+06  0.212436E+06  0.000000E+00  0.000000E+00  0.175681E+04  0.211985E+06
  0.613769E+00  0.209261E+06  0.208249E+06  0.000000E+00  0.000000E+00  0.168332E+04  0.207807E+06
  0.621583E+00  0.205134E+06  0.204142E+06  0.000000E+00  0.000000E+00  0.161284E+04  0.203708E+06
  0.629496E+00  0.201088E+06  0.200115E+06  0.000000E+00  0.000000E+00  0.154525E+04  0.199690E+06
  0.637510E+00  0.197123E+06  0.196170E+06  0.000000E+00  0.000000E+00  0.148047E+04  0.195753E+06
  0.645626E+00  0.193236E+06  0.192302E+06  0.000000E+00  0.000000E+00  0.141835E+04  0.191892E+06
  0.653845E+00  0.189421E+06  0.188506E+06  0.000000E+00  0.000000E+00  0.135877E+04  0.188104E+06
  0.662169E+00  0.185675E+06  0.184778E+06  0.000000E+00  0.000000E+00  0.130161E+04  0.184384E+06
  0.711379E+00  0.165722E+06  0.164922E+06  0.000000E+00  0.000000E+00  0.101922E+04  0.164569E+06
  0.764246E+00  0.147823E+06  0.147109E+06  0.000000E+00  0.000000E+00  0.796918E+03  0.146794E+06
  0.821042E+00  0.131772E+06  0.131135E+06  0.000000E+00  0.000000E+00  0.622195E+03  0.130854E+06
  0.882059E+00  0.117390E+06  0.116823E+06  0.000000E+00  0.000000E+00  0.485100E+03  0.116571E+06
  0.947611E+00  0.104515E+06  0.104010E+06  0.000000E+00  0.000000E+00  0.377713E+03  0.103786E+06
  0.101803E+01  0.929998E+05  0.925507E+05  0.000000E+00  0.000000E+00  0.293731E+03  0.923510E+05
  0.109369E+01  0.827065E+05  0.823071E+05  0.000000E+00  0.000000E+00  0.228146E+03  0.821293E+05
  0.117497E+01  0.735125E+05  0.731575E+05  0.000000E+00  0.000000E+00  0.177001E+03  0.729992E+05
  0.126229E+01  0.653072E+05  0.649919E+05  0.000000E+00  0.000000E+00  0.137174E+03  0.648512E+05
  0.135610E+01  0.579881E+05  0.577081E+05  0.000000E+00  0.000000E+00  0.106197E+03  0.575830E+05
  0.145688E+01  0.514642E+05  0.512158E+05  0.000000E+00  0.000000E+00  0.821343E+02  0.511047E+05
  0.156515E+01  0.456529E+05  0.454325E+05  0.000000E+00  0.000000E+00  0.864467E+02  0.453340E+05
  0.168146E+01  0.404790E+05  0.402836E+05  0.000000E+00  0.000000E+00  0.668978E+02  0.401962E+05
  0.180642E+01  0.358758E+05  0.357026E+05  0.000000E+00  0.000000E+00  0.517181E+02  0.356251E+05
  0.194067E+01  0.317824E+05  0.316289E+05  0.000000E+00  0.000000E+00  0.399449E+02  0.315603E+05
  0.208490E+01  0.281443E+05  0.280084E+05  0.000000E+00  0.000000E+00  0.308239E+02  0.279476E+05
