  0.745045E-04  0.175636E+08  0.175636E+08  0.228744E+08  0.228735E+08  0.175632E+08  0.175636E+08
  0.832603E-04  0.175634E+08  0.175634E+08  0.227406E+08  0.227396E+08  0.175627E+08  0.175634E+08
  0.930449E-04  0.175631E+08  0.175631E+08  0.225745E+08  0.225732E+08  0.175622E+08  0.175631E+08
  0.103979E-03  0.175628E+08  0.175628E+08  0.223687E+08  0.223671E+08  0.175616E+08  0.175628E+08
  0.116199E-03  0.175624E+08  0.175624E+08  0.221141E+08  0.221122E+08  0.175608E+08  0.175624E+08
  0.129855E-03  0.175619E+08  0.175619E+08  0.217999E+08  0.217975E+08  0.175598E+08  0.175619E+08
  0.145115E-03  0.175613E+08  0.175613E+08  0.214132E+08  0.214103E+08  0.175585E+08  0.175612E+08
  0.162169E-03  0.175605E+08  0.175605E+08  0.209392E+08  0.209357E+08  0.175570E+08  0.175604E+08
  0.181227E-03  0.175595E+08  0.175595E+08  0.203609E+08  0.203567E+08  0.175550E+08  0.175595E+08
  0.202524E-03  0.175583E+08  0.175582E+08  0.196593E+08  0.196543E+08  0.175526E+08  0.175582E+08
  0.226325E-03  0.175567E+08  0.175567E+08  0.188146E+08  0.188087E+08  0.175496E+08  0.175567E+08
  0.252922E-03  0.175548E+08  0.175548E+08  0.178069E+08  0.178001E+08  0.175458E+08  0.175548E+08
  0.282645E-03  0.175525E+08  0.175525E+08  0.166189E+08  0.166112E+08  0.175411E+08  0.175524E+08
  0.315862E-03  0.175496E+08  0.175496E+08  0.152392E+08  0.152307E+08  0.175353E+08  0.175495E+08
  0.352982E-03  0.175460E+08  0.175460E+08  0.136670E+08  0.136580E+08  0.175281E+08  0.175459E+08
  0.394464E-03  0.175415E+08  0.175415E+08  0.119187E+08  0.119096E+08  0.175191E+08  0.175414E+08
  0.440821E-03  0.175361E+08  0.175360E+08  0.100350E+08  0.100264E+08  0.175080E+08  0.175359E+08
  0.492625E-03  0.175293E+08  0.175293E+08  0.808678E+07  0.807967E+07  0.174943E+08  0.175292E+08
  0.550518E-03  0.175211E+08  0.175211E+08  0.617827E+07  0.617347E+07  0.174774E+08  0.175209E+08
  0.615215E-03  0.175111E+08  0.175111E+08  0.443993E+07  0.443813E+07  0.174567E+08  0.175108E+08
  0.687514E-03  0.174990E+08  0.174990E+08  0.300760E+07  0.300892E+07  0.174312E+08  0.174986E+08
  0.768310E-03  0.174844E+08  0.174843E+08  0.198400E+07  0.198760E+07  0.174000E+08  0.174839E+08
  0.858601E-03  0.174668E+08  0.174667E+08  0.138968E+07  0.139366E+07  0.173621E+08  0.174662E+08
  0.959503E-03  0.174458E+08  0.174457E+08  0.112782E+07  0.112988E+07  0.173160E+08  0.174451E+08
  0.107226E-02  0.174207E+08  0.174206E+08  0.100381E+07  0.100275E+07  0.172602E+08  0.174199E+08
  0.119827E-02  0.173910E+08  0.173909E+08  0.827886E+06  0.825096E+06  0.171930E+08  0.173900E+08
  0.133909E-02  0.173559E+08  0.173558E+08  0.556124E+06  0.554890E+06  0.171124E+08  0.173546E+08
  0.149646E-02  0.173146E+08  0.173144E+08  0.321489E+06  0.323170E+06  0.170168E+08  0.173130E+08
  0.167233E-02  0.172660E+08  0.172657E+08  0.243457E+06  0.244839E+06  0.169028E+08  0.172640E+08
  0.186886E-02  0.172090E+08  0.172087E+08  0.226360E+06  0.224915E+06  0.167684E+08  0.172066E+08
  0.208848E-02  0.171426E+08  0.171422E+08  0.138902E+06  0.138468E+06  0.166113E+08  0.171397E+08
  0.233392E-02  0.170654E+08  0.170649E+08  0.824264E+05  0.837178E+05  0.164291E+08  0.170619E+08
  0.260820E-02  0.169759E+08  0.169753E+08  0.832103E+05  0.816320E+05  0.162200E+08  0.169717E+08
  0.291471E-02  0.168727E+08  0.168719E+08  0.406067E+05  0.395409E+05  0.159823E+08  0.168678E+08
  0.325725E-02  0.167541E+08  0.167532E+08  0.432107E+05  0.391293E+05  0.157150E+08  0.167484E+08
  0.364004E-02  0.166186E+08  0.166174E+08  0.189621E+05  0.178519E+05  0.154171E+08  0.166120E+08
  0.406781E-02  0.164645E+08  0.164630E+08  0.186037E+05  0.186544E+05  0.150874E+08  0.164569E+08
  0.454586E-02  0.162900E+08  0.162882E+08  0.109327E+05  0.103611E+05  0.147245E+08  0.162813E+08
  0.508008E-02  0.160935E+08  0.160913E+08  0.000000E+00  0.000000E+00  0.143260E+08  0.160837E+08
  0.513684E-02  0.160726E+08  0.160703E+08  0.000000E+00  0.000000E+00  0.142841E+08  0.160626E+08
  0.519423E-02  0.160514E+08  0.160491E+08  0.000000E+00  0.000000E+00  0.142418E+08  0.160414E+08
  0.525227E-02  0.160300E+08  0.160276E+08  0.000000E+00  0.000000E+00  0.141992E+08  0.160198E+08
  0.531095E-02  0.160083E+08  0.160059E+08  0.000000E+00  0.000000E+00  0.141562E+08  0.159981E+08
  0.537029E-02  0.159864E+08  0.159840E+08  0.000000E+00  0.000000E+00  0.141127E+08  0.159760E+08
  0.543030E-02  0.159643E+08  0.159618E+08  0.000000E+00  0.000000E+00  0.140689E+08  0.159538E+08
  0.549097E-02  0.159419E+08  0.159393E+08  0.000000E+00  0.000000E+00  0.140247E+08  0.159313E+08
  0.555232E-02  0.159193E+08  0.159166E+08  0.000000E+00  0.000000E+00  0.139801E+08  0.159085E+08
  0.561436E-02  0.158964E+08  0.158937E+08  0.000000E+00  0.000000E+00  0.139351E+08  0.158855E+08
  0.567709E-02  0.158732E+08  0.158705E+08  0.000000E+00  0.000000E+00  0.138898E+08  0.158622E+08
  0.574052E-02  0.158498E+08  0.158470E+08  0.000000E+00  0.000000E+00  0.138440E+08  0.158387E+08
  0.580466E-02  0.158262E+08  0.158233E+08  0.000000E+00  0.000000E+00  0.137978E+08  0.158149E+08
  0.586951E-02  0.158022E+08  0.157993E+08  0.000000E+00  0.000000E+00  0.137512E+08  0.157908E+08
  0.593509E-02  0.157781E+08  0.157751E+08  0.000000E+00  0.000000E+00  0.137043E+08  0.157665E+08
  0.600141E-02  0.157536E+08  0.157506E+08  0.000000E+00  0.000000E+00  0.136569E+08  0.157420E+08
  0.606846E-02  0.157289E+08  0.157258E+08  0.000000E+00  0.000000E+00  0.136091E+08  0.157171E+08
  0.613626E-02  0.157040E+08  0.157008E+08  0.000000E+00  0.000000E+00  0.135609E+08  0.156920E+08
  0.620482E-02  0.156787E+08  0.156755E+08  0.000000E+00  0.000000E+00  0.135123E+08  0.156666E+08
  0.627415E-02  0.156532E+08  0.156499E+08  0.000000E+00  0.000000E+00  0.134634E+08  0.156410E+08
  0.634425E-02  0.156274E+08  0.156241E+08  0.000000E+00  0.000000E+00  0.134140E+08  0.156151E+08
  0.641514E-02  0.156014E+08  0.155979E+08  0.000000E+00  0.000000E+00  0.133642E+08  0.155889E+08
  0.648681E-02  0.155751E+08  0.155715E+08  0.000000E+00  0.000000E+00  0.133140E+08  0.155624E+08
  0.655929E-02  0.155485E+08  0.155449E+08  0.000000E+00  0.000000E+00  0.132634E+08  0.155357E+08
  0.663258E-02  0.155216E+08  0.155179E+08  0.000000E+00  0.000000E+00  0.132124E+08  0.155087E+08
  0.670669E-02  0.154944E+08  0.154907E+08  0.000000E+00  0.000000E+00  0.131610E+08  0.154814E+08
  0.678162E-02  0.154670E+08  0.154631E+08  0.000000E+00  0.000000E+00  0.131092E+08  0.154538E+08
  0.685739E-02  0.154392E+08  0.154353E+08  0.000000E+00  0.000000E+00  0.130570E+08  0.154259E+08
  0.693401E-02  0.154112E+08  0.154072E+08  0.000000E+00  0.000000E+00  0.130044E+08  0.153978E+08
  0.701148E-02  0.153829E+08  0.153789E+08  0.000000E+00  0.000000E+00  0.129515E+08  0.153693E+08
  0.708982E-02  0.153543E+08  0.153502E+08  0.000000E+00  0.000000E+00  0.128981E+08  0.153406E+08
  0.716904E-02  0.153255E+08  0.153212E+08  0.000000E+00  0.000000E+00  0.128443E+08  0.153116E+08
  0.724914E-02  0.152963E+08  0.152920E+08  0.000000E+00  0.000000E+00  0.127901E+08  0.152822E+08
  0.733013E-02  0.152668E+08  0.152624E+08  0.000000E+00  0.000000E+00  0.127355E+08  0.152526E+08
  0.741203E-02  0.152371E+08  0.152325E+08  0.000000E+00  0.000000E+00  0.126805E+08  0.152227E+08
  0.749485E-02  0.152070E+08  0.152024E+08  0.000000E+00  0.000000E+00  0.126251E+08  0.151925E+08
  0.757859E-02  0.151766E+08  0.151719E+08  0.000000E+00  0.000000E+00  0.125694E+08  0.151620E+08
  0.766327E-02  0.151460E+08  0.151412E+08  0.000000E+00  0.000000E+00  0.125132E+08  0.151312E+08
  0.774889E-02  0.151150E+08  0.151101E+08  0.000000E+00  0.000000E+00  0.124566E+08  0.151000E+08
  0.783547E-02  0.150837E+08  0.150787E+08  0.000000E+00  0.000000E+00  0.123997E+08  0.150686E+08
  0.792301E-02  0.150521E+08  0.150470E+08  0.000000E+00  0.000000E+00  0.123423E+08  0.150369E+08
  0.801154E-02  0.150202E+08  0.150150E+08  0.000000E+00  0.000000E+00  0.122846E+08  0.150048E+08
  0.810105E-02  0.149880E+08  0.149827E+08  0.000000E+00  0.000000E+00  0.122265E+08  0.149725E+08
  0.819156E-02  0.149555E+08  0.149501E+08  0.000000E+00  0.000000E+00  0.121680E+08  0.149398E+08
  0.828309E-02  0.149227E+08  0.149172E+08  0.000000E+00  0.000000E+00  0.121091E+08  0.149068E+08
  0.837564E-02  0.148895E+08  0.148839E+08  0.000000E+00  0.000000E+00  0.120498E+08  0.148735E+08
  0.846922E-02  0.148561E+08  0.148503E+08  0.000000E+00  0.000000E+00  0.119901E+08  0.148399E+08
  0.856385E-02  0.148223E+08  0.148164E+08  0.000000E+00  0.000000E+00  0.119301E+08  0.148060E+08
  0.865953E-02  0.147882E+08  0.147822E+08  0.000000E+00  0.000000E+00  0.118697E+08  0.147717E+08
  0.875628E-02  0.147538E+08  0.147476E+08  0.000000E+00  0.000000E+00  0.118089E+08  0.147371E+08
  0.885412E-02  0.147190E+08  0.147127E+08  0.000000E+00  0.000000E+00  0.117478E+08  0.147022E+08
  0.895305E-02  0.146839E+08  0.146775E+08  0.000000E+00  0.000000E+00  0.116863E+08  0.146669E+08
  0.905308E-02  0.146485E+08  0.146420E+08  0.000000E+00  0.000000E+00  0.116245E+08  0.146314E+08
  0.915423E-02  0.146127E+08  0.146061E+08  0.000000E+00  0.000000E+00  0.115623E+08  0.145955E+08
  0.925651E-02  0.145767E+08  0.145699E+08  0.000000E+00  0.000000E+00  0.114998E+08  0.145592E+08
  0.935993E-02  0.145402E+08  0.145333E+08  0.000000E+00  0.000000E+00  0.114369E+08  0.145226E+08
  0.946451E-02  0.145035E+08  0.144964E+08  0.000000E+00  0.000000E+00  0.113737E+08  0.144857E+08
  0.957026E-02  0.144664E+08  0.144592E+08  0.000000E+00  0.000000E+00  0.113101E+08  0.144485E+08
  0.967719E-02  0.144290E+08  0.144216E+08  0.000000E+00  0.000000E+00  0.112463E+08  0.144109E+08
  0.978531E-02  0.143912E+08  0.143837E+08  0.000000E+00  0.000000E+00  0.111821E+08  0.143729E+08
  0.989465E-02  0.143531E+08  0.143454E+08  0.000000E+00  0.000000E+00  0.111176E+08  0.143347E+08
  0.100052E-01  0.143146E+08  0.143068E+08  0.000000E+00  0.000000E+00  0.110528E+08  0.142960E+08
  0.101170E-01  0.142758E+08  0.142678E+08  0.000000E+00  0.000000E+00  0.109877E+08  0.142571E+08
  0.102300E-01  0.142366E+08  0.142285E+08  0.000000E+00  0.000000E+00  0.109223E+08  0.142177E+08
  0.103443E-01  0.141971E+08  0.141888E+08  0.000000E+00  0.000000E+00  0.108566E+08  0.141781E+08
  0.104599E-01  0.141572E+08  0.141488E+08  0.000000E+00  0.000000E+00  0.107907E+08  0.141380E+08
  0.105768E-01  0.141170E+08  0.141084E+08  0.000000E+00  0.000000E+00  0.107244E+08  0.140976E+08
  0.106949E-01  0.140764E+08  0.140677E+08  0.000000E+00  0.000000E+00  0.106578E+08  0.140569E+08
  0.108144E-01  0.140355E+08  0.140265E+08  0.000000E+00  0.000000E+00  0.105909E+08  0.140158E+08
  0.109353E-01  0.139942E+08  0.139851E+08  0.000000E+00  0.000000E+00  0.105238E+08  0.139743E+08
  0.110575E-01  0.139526E+08  0.139432E+08  0.000000E+00  0.000000E+00  0.104563E+08  0.139325E+08
  0.111810E-01  0.139105E+08  0.139010E+08  0.000000E+00  0.000000E+00  0.103886E+08  0.138903E+08
  0.113059E-01  0.138681E+08  0.138585E+08  0.000000E+00  0.000000E+00  0.103205E+08  0.138478E+08
  0.114322E-01  0.138254E+08  0.138155E+08  0.000000E+00  0.000000E+00  0.102522E+08  0.138049E+08
  0.115600E-01  0.137823E+08  0.137722E+08  0.000000E+00  0.000000E+00  0.101836E+08  0.137616E+08
  0.116891E-01  0.137388E+08  0.137285E+08  0.000000E+00  0.000000E+00  0.101147E+08  0.137179E+08
  0.118197E-01  0.136949E+08  0.136844E+08  0.000000E+00  0.000000E+00  0.100455E+08  0.136739E+08
  0.119518E-01  0.136507E+08  0.136400E+08  0.000000E+00  0.000000E+00  0.997605E+07  0.136295E+08
  0.120853E-01  0.136060E+08  0.135952E+08  0.000000E+00  0.000000E+00  0.990631E+07  0.135847E+08
  0.122204E-01  0.135611E+08  0.135500E+08  0.000000E+00  0.000000E+00  0.983630E+07  0.135396E+08
  0.123569E-01  0.135157E+08  0.135044E+08  0.000000E+00  0.000000E+00  0.976604E+07  0.134940E+08
  0.124950E-01  0.134699E+08  0.134584E+08  0.000000E+00  0.000000E+00  0.969551E+07  0.134481E+08
  0.126346E-01  0.134238E+08  0.134120E+08  0.000000E+00  0.000000E+00  0.962475E+07  0.134018E+08
  0.127758E-01  0.133773E+08  0.133653E+08  0.000000E+00  0.000000E+00  0.955375E+07  0.133551E+08
  0.129185E-01  0.133304E+08  0.133182E+08  0.000000E+00  0.000000E+00  0.948253E+07  0.133081E+08
  0.130628E-01  0.132831E+08  0.132706E+08  0.000000E+00  0.000000E+00  0.941110E+07  0.132606E+08
  0.132088E-01  0.132354E+08  0.132227E+08  0.000000E+00  0.000000E+00  0.933947E+07  0.132128E+08
  0.133564E-01  0.131873E+08  0.131744E+08  0.000000E+00  0.000000E+00  0.926765E+07  0.131645E+08
  0.135056E-01  0.131389E+08  0.131257E+08  0.000000E+00  0.000000E+00  0.919566E+07  0.131159E+08
  0.136565E-01  0.130900E+08  0.130766E+08  0.000000E+00  0.000000E+00  0.912350E+07  0.130669E+08
  0.138091E-01  0.130407E+08  0.130271E+08  0.000000E+00  0.000000E+00  0.905119E+07  0.130175E+08
  0.139634E-01  0.129911E+08  0.129772E+08  0.000000E+00  0.000000E+00  0.897872E+07  0.129677E+08
  0.141194E-01  0.129411E+08  0.129269E+08  0.000000E+00  0.000000E+00  0.890612E+07  0.129175E+08
  0.142772E-01  0.128906E+08  0.128762E+08  0.000000E+00  0.000000E+00  0.883338E+07  0.128669E+08
  0.144367E-01  0.128398E+08  0.128251E+08  0.000000E+00  0.000000E+00  0.876052E+07  0.128159E+08
  0.145980E-01  0.127885E+08  0.127736E+08  0.000000E+00  0.000000E+00  0.868753E+07  0.127645E+08
  0.147611E-01  0.127369E+08  0.127217E+08  0.000000E+00  0.000000E+00  0.861441E+07  0.127127E+08
  0.149260E-01  0.126849E+08  0.126694E+08  0.000000E+00  0.000000E+00  0.854118E+07  0.126605E+08
  0.150928E-01  0.126324E+08  0.126166E+08  0.000000E+00  0.000000E+00  0.846783E+07  0.126079E+08
  0.152614E-01  0.125796E+08  0.125635E+08  0.000000E+00  0.000000E+00  0.839436E+07  0.125549E+08
  0.154319E-01  0.125263E+08  0.125100E+08  0.000000E+00  0.000000E+00  0.832078E+07  0.125015E+08
  0.156043E-01  0.124727E+08  0.124560E+08  0.000000E+00  0.000000E+00  0.824709E+07  0.124477E+08
  0.157787E-01  0.124186E+08  0.124017E+08  0.000000E+00  0.000000E+00  0.817330E+07  0.123935E+08
  0.159550E-01  0.123641E+08  0.123469E+08  0.000000E+00  0.000000E+00  0.809940E+07  0.123389E+08
  0.161333E-01  0.123093E+08  0.122917E+08  0.000000E+00  0.000000E+00  0.802542E+07  0.122839E+08
  0.163135E-01  0.122540E+08  0.122361E+08  0.000000E+00  0.000000E+00  0.795134E+07  0.122285E+08
  0.164958E-01  0.121983E+08  0.121801E+08  0.000000E+00  0.000000E+00  0.787720E+07  0.121727E+08
  0.166801E-01  0.121422E+08  0.121237E+08  0.000000E+00  0.000000E+00  0.780298E+07  0.121164E+08
  0.168665E-01  0.120857E+08  0.120669E+08  0.000000E+00  0.000000E+00  0.772871E+07  0.120598E+08
  0.170549E-01  0.120288E+08  0.120097E+08  0.000000E+00  0.000000E+00  0.765440E+07  0.120027E+08
  0.172455E-01  0.119715E+08  0.119520E+08  0.000000E+00  0.000000E+00  0.758005E+07  0.119453E+08
  0.174382E-01  0.119137E+08  0.118940E+08  0.000000E+00  0.000000E+00  0.750567E+07  0.118874E+08
  0.176330E-01  0.118556E+08  0.118355E+08  0.000000E+00  0.000000E+00  0.743128E+07  0.118292E+08
  0.178300E-01  0.117971E+08  0.117767E+08  0.000000E+00  0.000000E+00  0.735689E+07  0.117705E+08
  0.180292E-01  0.117381E+08  0.117174E+08  0.000000E+00  0.000000E+00  0.728250E+07  0.117114E+08
  0.182307E-01  0.116788E+08  0.116577E+08  0.000000E+00  0.000000E+00  0.720813E+07  0.116520E+08
  0.184344E-01  0.116191E+08  0.115976E+08  0.000000E+00  0.000000E+00  0.713378E+07  0.115921E+08
  0.186403E-01  0.115589E+08  0.115371E+08  0.000000E+00  0.000000E+00  0.705947E+07  0.115318E+08
  0.188486E-01  0.114984E+08  0.114762E+08  0.000000E+00  0.000000E+00  0.698519E+07  0.114712E+08
  0.190592E-01  0.114374E+08  0.114149E+08  0.000000E+00  0.000000E+00  0.691096E+07  0.114101E+08
  0.192721E-01  0.113761E+08  0.113532E+08  0.000000E+00  0.000000E+00  0.683679E+07  0.113486E+08
  0.194875E-01  0.113143E+08  0.112911E+08  0.000000E+00  0.000000E+00  0.676268E+07  0.112868E+08
  0.197052E-01  0.112522E+08  0.112286E+08  0.000000E+00  0.000000E+00  0.668866E+07  0.112246E+08
  0.199254E-01  0.111897E+08  0.111658E+08  0.000000E+00  0.000000E+00  0.661472E+07  0.111619E+08
  0.201480E-01  0.111268E+08  0.111025E+08  0.000000E+00  0.000000E+00  0.654088E+07  0.110989E+08
  0.203731E-01  0.110635E+08  0.110388E+08  0.000000E+00  0.000000E+00  0.646715E+07  0.110355E+08
  0.206007E-01  0.109998E+08  0.109748E+08  0.000000E+00  0.000000E+00  0.639353E+07  0.109718E+08
  0.208309E-01  0.109358E+08  0.109104E+08  0.000000E+00  0.000000E+00  0.632005E+07  0.109076E+08
  0.210637E-01  0.108714E+08  0.108456E+08  0.000000E+00  0.000000E+00  0.624670E+07  0.108431E+08
  0.212990E-01  0.108066E+08  0.107804E+08  0.000000E+00  0.000000E+00  0.617349E+07  0.107782E+08
  0.215370E-01  0.107414E+08  0.107148E+08  0.000000E+00  0.000000E+00  0.610044E+07  0.107129E+08
  0.217776E-01  0.106759E+08  0.106489E+08  0.000000E+00  0.000000E+00  0.602755E+07  0.106473E+08
  0.220209E-01  0.106100E+08  0.105827E+08  0.000000E+00  0.000000E+00  0.595483E+07  0.105814E+08
  0.222670E-01  0.105438E+08  0.105161E+08  0.000000E+00  0.000000E+00  0.588230E+07  0.105151E+08
  0.225158E-01  0.104772E+08  0.104491E+08  0.000000E+00  0.000000E+00  0.580995E+07  0.104484E+08
  0.227673E-01  0.104103E+08  0.103818E+08  0.000000E+00  0.000000E+00  0.573782E+07  0.103814E+08
  0.230217E-01  0.103430E+08  0.103142E+08  0.000000E+00  0.000000E+00  0.566590E+07  0.103141E+08
  0.232789E-01  0.102755E+08  0.102462E+08  0.000000E+00  0.000000E+00  0.559421E+07  0.102464E+08
  0.235390E-01  0.102076E+08  0.101779E+08  0.000000E+00  0.000000E+00  0.552276E+07  0.101784E+08
  0.238020E-01  0.101393E+08  0.101093E+08  0.000000E+00  0.000000E+00  0.545157E+07  0.101102E+08
  0.240680E-01  0.100708E+08  0.100404E+08  0.000000E+00  0.000000E+00  0.538063E+07  0.100416E+08
  0.243369E-01  0.100020E+08  0.997122E+07  0.000000E+00  0.000000E+00  0.530996E+07  0.997270E+07
  0.246088E-01  0.993288E+07  0.990173E+07  0.000000E+00  0.000000E+00  0.523957E+07  0.990353E+07
  0.248838E-01  0.986349E+07  0.983196E+07  0.000000E+00  0.000000E+00  0.516946E+07  0.983408E+07
  0.251618E-01  0.979382E+07  0.976192E+07  0.000000E+00  0.000000E+00  0.509964E+07  0.976436E+07
  0.254429E-01  0.972389E+07  0.969162E+07  0.000000E+00  0.000000E+00  0.503012E+07  0.969438E+07
  0.257272E-01  0.965370E+07  0.962106E+07  0.000000E+00  0.000000E+00  0.496091E+07  0.962416E+07
  0.260147E-01  0.958328E+07  0.955027E+07  0.000000E+00  0.000000E+00  0.489202E+07  0.955369E+07
  0.263053E-01  0.951262E+07  0.947924E+07  0.000000E+00  0.000000E+00  0.482347E+07  0.948299E+07
  0.265992E-01  0.944174E+07  0.940801E+07  0.000000E+00  0.000000E+00  0.475528E+07  0.941208E+07
  0.268964E-01  0.937064E+07  0.933656E+07  0.000000E+00  0.000000E+00  0.468745E+07  0.934096E+07
  0.271970E-01  0.929936E+07  0.926492E+07  0.000000E+00  0.000000E+00  0.462001E+07  0.926965E+07
  0.275008E-01  0.922789E+07  0.919311E+07  0.000000E+00  0.000000E+00  0.455298E+07  0.919815E+07
  0.278081E-01  0.915624E+07  0.912113E+07  0.000000E+00  0.000000E+00  0.448636E+07  0.912649E+07
  0.281188E-01  0.908444E+07  0.904900E+07  0.000000E+00  0.000000E+00  0.442016E+07  0.905468E+07
  0.284330E-01  0.901250E+07  0.897673E+07  0.000000E+00  0.000000E+00  0.435440E+07  0.898273E+07
  0.287507E-01  0.894043E+07  0.890434E+07  0.000000E+00  0.000000E+00  0.428908E+07  0.891065E+07
  0.290719E-01  0.886824E+07  0.883184E+07  0.000000E+00  0.000000E+00  0.422420E+07  0.883846E+07
  0.293967E-01  0.879596E+07  0.875925E+07  0.000000E+00  0.000000E+00  0.415978E+07  0.876618E+07
  0.297252E-01  0.872360E+07  0.868659E+07  0.000000E+00  0.000000E+00  0.409583E+07  0.869382E+07
  0.300573E-01  0.865117E+07  0.861388E+07  0.000000E+00  0.000000E+00  0.403234E+07  0.862140E+07
  0.303931E-01  0.857869E+07  0.854112E+07  0.000000E+00  0.000000E+00  0.396933E+07  0.854894E+07
  0.307327E-01  0.850618E+07  0.846834E+07  0.000000E+00  0.000000E+00  0.390681E+07  0.847645E+07
  0.310761E-01  0.843366E+07  0.839557E+07  0.000000E+00  0.000000E+00  0.384479E+07  0.840395E+07
  0.314233E-01  0.836114E+07  0.832280E+07  0.000000E+00  0.000000E+00  0.378327E+07  0.833146E+07
  0.317744E-01  0.828865E+07  0.825008E+07  0.000000E+00  0.000000E+00  0.372228E+07  0.825900E+07
  0.321294E-01  0.821620E+07  0.817741E+07  0.000000E+00  0.000000E+00  0.366182E+07  0.818658E+07
  0.324884E-01  0.814381E+07  0.810482E+07  0.000000E+00  0.000000E+00  0.360192E+07  0.811424E+07
  0.328514E-01  0.807151E+07  0.803232E+07  0.000000E+00  0.000000E+00  0.354258E+07  0.804198E+07
  0.332184E-01  0.799931E+07  0.795994E+07  0.000000E+00  0.000000E+00  0.348381E+07  0.796983E+07
  0.335896E-01  0.792724E+07  0.788770E+07  0.000000E+00  0.000000E+00  0.342564E+07  0.789781E+07
  0.339649E-01  0.785531E+07  0.781562E+07  0.000000E+00  0.000000E+00  0.336806E+07  0.782594E+07
  0.343444E-01  0.778356E+07  0.774373E+07  0.000000E+00  0.000000E+00  0.331108E+07  0.775424E+07
  0.347281E-01  0.771199E+07  0.767204E+07  0.000000E+00  0.000000E+00  0.325470E+07  0.768274E+07
  0.351161E-01  0.764063E+07  0.760058E+07  0.000000E+00  0.000000E+00  0.319892E+07  0.761145E+07
  0.355085E-01  0.756951E+07  0.752937E+07  0.000000E+00  0.000000E+00  0.314376E+07  0.754041E+07
  0.359052E-01  0.749864E+07  0.745844E+07  0.000000E+00  0.000000E+00  0.308921E+07  0.746962E+07
  0.363064E-01  0.742805E+07  0.738780E+07  0.000000E+00  0.000000E+00  0.303530E+07  0.739912E+07
  0.367120E-01  0.735777E+07  0.731749E+07  0.000000E+00  0.000000E+00  0.298203E+07  0.732892E+07
  0.371222E-01  0.728781E+07  0.724752E+07  0.000000E+00  0.000000E+00  0.292941E+07  0.725905E+07
  0.375370E-01  0.721820E+07  0.717792E+07  0.000000E+00  0.000000E+00  0.287746E+07  0.718954E+07
  0.379564E-01  0.714896E+07  0.710871E+07  0.000000E+00  0.000000E+00  0.282616E+07  0.712040E+07
  0.383805E-01  0.708012E+07  0.703991E+07  0.000000E+00  0.000000E+00  0.277553E+07  0.705166E+07
  0.388093E-01  0.701170E+07  0.697155E+07  0.000000E+00  0.000000E+00  0.272556E+07  0.698334E+07
  0.392429E-01  0.694371E+07  0.690366E+07  0.000000E+00  0.000000E+00  0.267627E+07  0.691547E+07
  0.396814E-01  0.687619E+07  0.683625E+07  0.000000E+00  0.000000E+00  0.262765E+07  0.684806E+07
  0.401248E-01  0.680915E+07  0.676935E+07  0.000000E+00  0.000000E+00  0.257973E+07  0.678115E+07
  0.405731E-01  0.674261E+07  0.670297E+07  0.000000E+00  0.000000E+00  0.253250E+07  0.671474E+07
  0.410264E-01  0.667660E+07  0.663713E+07  0.000000E+00  0.000000E+00  0.248597E+07  0.664885E+07
  0.414848E-01  0.661113E+07  0.657187E+07  0.000000E+00  0.000000E+00  0.244013E+07  0.658351E+07
  0.419483E-01  0.654623E+07  0.650719E+07  0.000000E+00  0.000000E+00  0.239498E+07  0.651875E+07
  0.424170E-01  0.648191E+07  0.644312E+07  0.000000E+00  0.000000E+00  0.235053E+07  0.645457E+07
  0.428909E-01  0.641821E+07  0.637969E+07  0.000000E+00  0.000000E+00  0.230676E+07  0.639101E+07
  0.433702E-01  0.635513E+07  0.631691E+07  0.000000E+00  0.000000E+00  0.226369E+07  0.632808E+07
  0.438547E-01  0.629270E+07  0.625480E+07  0.000000E+00  0.000000E+00  0.222131E+07  0.626581E+07
  0.443447E-01  0.623094E+07  0.619338E+07  0.000000E+00  0.000000E+00  0.217964E+07  0.620419E+07
  0.448402E-01  0.616985E+07  0.613265E+07  0.000000E+00  0.000000E+00  0.213866E+07  0.614326E+07
  0.453412E-01  0.610945E+07  0.607264E+07  0.000000E+00  0.000000E+00  0.209837E+07  0.608302E+07
  0.458478E-01  0.604974E+07  0.601335E+07  0.000000E+00  0.000000E+00  0.205878E+07  0.602348E+07
  0.463601E-01  0.599075E+07  0.595479E+07  0.000000E+00  0.000000E+00  0.201987E+07  0.596465E+07
  0.468780E-01  0.593249E+07  0.589697E+07  0.000000E+00  0.000000E+00  0.198165E+07  0.590655E+07
  0.474018E-01  0.587495E+07  0.583991E+07  0.000000E+00  0.000000E+00  0.194411E+07  0.584918E+07
  0.479314E-01  0.581814E+07  0.578360E+07  0.000000E+00  0.000000E+00  0.190724E+07  0.579255E+07
  0.484670E-01  0.576209E+07  0.572806E+07  0.000000E+00  0.000000E+00  0.187103E+07  0.573667E+07
  0.490085E-01  0.570678E+07  0.567329E+07  0.000000E+00  0.000000E+00  0.183548E+07  0.568154E+07
  0.495561E-01  0.565222E+07  0.561928E+07  0.000000E+00  0.000000E+00  0.180057E+07  0.562716E+07
  0.501098E-01  0.559841E+07  0.556605E+07  0.000000E+00  0.000000E+00  0.176631E+07  0.557353E+07
  0.506696E-01  0.554535E+07  0.551357E+07  0.000000E+00  0.000000E+00  0.173270E+07  0.552065E+07
  0.512358E-01  0.549302E+07  0.546185E+07  0.000000E+00  0.000000E+00  0.169971E+07  0.546851E+07
  0.518082E-01  0.544143E+07  0.541088E+07  0.000000E+00  0.000000E+00  0.166733E+07  0.541710E+07
  0.523871E-01  0.539056E+07  0.536064E+07  0.000000E+00  0.000000E+00  0.163554E+07  0.536642E+07
  0.529724E-01  0.534041E+07  0.531114E+07  0.000000E+00  0.000000E+00  0.160434E+07  0.531645E+07
  0.535643E-01  0.529097E+07  0.526235E+07  0.000000E+00  0.000000E+00  0.157373E+07  0.526720E+07
  0.541628E-01  0.524221E+07  0.521426E+07  0.000000E+00  0.000000E+00  0.154369E+07  0.521863E+07
  0.547679E-01  0.519414E+07  0.516686E+07  0.000000E+00  0.000000E+00  0.151423E+07  0.517075E+07
  0.553799E-01  0.514673E+07  0.512013E+07  0.000000E+00  0.000000E+00  0.148532E+07  0.512352E+07
  0.559986E-01  0.509995E+07  0.507404E+07  0.000000E+00  0.000000E+00  0.145695E+07  0.507694E+07
  0.566243E-01  0.505379E+07  0.502856E+07  0.000000E+00  0.000000E+00  0.142908E+07  0.503097E+07
  0.572570E-01  0.500822E+07  0.498368E+07  0.000000E+00  0.000000E+00  0.140172E+07  0.498558E+07
  0.578967E-01  0.496320E+07  0.493934E+07  0.000000E+00  0.000000E+00  0.137485E+07  0.494075E+07
  0.585436E-01  0.491870E+07  0.489553E+07  0.000000E+00  0.000000E+00  0.134845E+07  0.489644E+07
  0.591977E-01  0.487469E+07  0.485220E+07  0.000000E+00  0.000000E+00  0.132252E+07  0.485262E+07
  0.598591E-01  0.483114E+07  0.480933E+07  0.000000E+00  0.000000E+00  0.129704E+07  0.480925E+07
  0.605279E-01  0.478802E+07  0.476687E+07  0.000000E+00  0.000000E+00  0.127200E+07  0.476632E+07
  0.612042E-01  0.474530E+07  0.472480E+07  0.000000E+00  0.000000E+00  0.124738E+07  0.472378E+07
  0.621240E-01  0.468849E+07  0.466885E+07  0.000000E+00  0.000000E+00  0.121496E+07  0.466722E+07
  0.630438E-01  0.463305E+07  0.461424E+07  0.000000E+00  0.000000E+00  0.118368E+07  0.461202E+07
  0.639636E-01  0.457885E+07  0.456081E+07  0.000000E+00  0.000000E+00  0.115349E+07  0.455804E+07
  0.648834E-01  0.452573E+07  0.450842E+07  0.000000E+00  0.000000E+00  0.112433E+07  0.450515E+07
  0.658033E-01  0.447357E+07  0.445696E+07  0.000000E+00  0.000000E+00  0.109610E+07  0.445321E+07
  0.667231E-01  0.442227E+07  0.440629E+07  0.000000E+00  0.000000E+00  0.106875E+07  0.440213E+07
  0.676429E-01  0.437173E+07  0.435633E+07  0.000000E+00  0.000000E+00  0.104223E+07  0.435179E+07
  0.685627E-01  0.432184E+07  0.430698E+07  0.000000E+00  0.000000E+00  0.101650E+07  0.430210E+07
  0.694825E-01  0.427252E+07  0.425814E+07  0.000000E+00  0.000000E+00  0.991515E+06  0.425297E+07
  0.704023E-01  0.422369E+07  0.420975E+07  0.000000E+00  0.000000E+00  0.967221E+06  0.420434E+07
  0.713221E-01  0.417529E+07  0.416173E+07  0.000000E+00  0.000000E+00  0.943582E+06  0.415612E+07
  0.722419E-01  0.412726E+07  0.411402E+07  0.000000E+00  0.000000E+00  0.920568E+06  0.410826E+07
  0.731617E-01  0.407954E+07  0.406658E+07  0.000000E+00  0.000000E+00  0.898154E+06  0.406071E+07
  0.740815E-01  0.403209E+07  0.401936E+07  0.000000E+00  0.000000E+00  0.876314E+06  0.401343E+07
  0.750013E-01  0.398488E+07  0.397233E+07  0.000000E+00  0.000000E+00  0.855016E+06  0.396639E+07
  0.759212E-01  0.393789E+07  0.392548E+07  0.000000E+00  0.000000E+00  0.834233E+06  0.391956E+07
  0.768410E-01  0.389110E+07  0.387879E+07  0.000000E+00  0.000000E+00  0.813953E+06  0.387292E+07
  0.777608E-01  0.384450E+07  0.383224E+07  0.000000E+00  0.000000E+00  0.794169E+06  0.382648E+07
  0.786806E-01  0.379810E+07  0.378585E+07  0.000000E+00  0.000000E+00  0.774865E+06  0.378022E+07
  0.796004E-01  0.375189E+07  0.373962E+07  0.000000E+00  0.000000E+00  0.756018E+06  0.373416E+07
  0.805202E-01  0.370588E+07  0.369356E+07  0.000000E+00  0.000000E+00  0.737615E+06  0.368829E+07
  0.814400E-01  0.366009E+07  0.364769E+07  0.000000E+00  0.000000E+00  0.719653E+06  0.364264E+07
  0.823598E-01  0.361454E+07  0.360202E+07  0.000000E+00  0.000000E+00  0.702126E+06  0.359722E+07
  0.832796E-01  0.356925E+07  0.355660E+07  0.000000E+00  0.000000E+00  0.685025E+06  0.355207E+07
  0.841994E-01  0.352426E+07  0.351145E+07  0.000000E+00  0.000000E+00  0.668341E+06  0.350721E+07
  0.851192E-01  0.347959E+07  0.346661E+07  0.000000E+00  0.000000E+00  0.652069E+06  0.346267E+07
  0.860391E-01  0.343529E+07  0.342212E+07  0.000000E+00  0.000000E+00  0.636205E+06  0.341849E+07
  0.869589E-01  0.339138E+07  0.337802E+07  0.000000E+00  0.000000E+00  0.620748E+06  0.337471E+07
  0.878787E-01  0.334790E+07  0.333434E+07  0.000000E+00  0.000000E+00  0.605693E+06  0.333136E+07
  0.887985E-01  0.330490E+07  0.329113E+07  0.000000E+00  0.000000E+00  0.591029E+06  0.328848E+07
  0.897183E-01  0.326241E+07  0.324844E+07  0.000000E+00  0.000000E+00  0.576752E+06  0.324612E+07
  0.906381E-01  0.322049E+07  0.320632E+07  0.000000E+00  0.000000E+00  0.562865E+06  0.320432E+07
  0.915579E-01  0.317917E+07  0.316480E+07  0.000000E+00  0.000000E+00  0.549368E+06  0.316313E+07
  0.924777E-01  0.313848E+07  0.312392E+07  0.000000E+00  0.000000E+00  0.536255E+06  0.312257E+07
  0.933975E-01  0.309847E+07  0.308373E+07  0.000000E+00  0.000000E+00  0.523514E+06  0.308268E+07
  0.943173E-01  0.305917E+07  0.304426E+07  0.000000E+00  0.000000E+00  0.511143E+06  0.304350E+07
  0.952372E-01  0.302061E+07  0.300555E+07  0.000000E+00  0.000000E+00  0.499139E+06  0.300506E+07
  0.961570E-01  0.298282E+07  0.296762E+07  0.000000E+00  0.000000E+00  0.487499E+06  0.296739E+07
  0.970768E-01  0.294583E+07  0.293052E+07  0.000000E+00  0.000000E+00  0.476217E+06  0.293052E+07
  0.979966E-01  0.290967E+07  0.289426E+07  0.000000E+00  0.000000E+00  0.465287E+06  0.289449E+07
  0.989164E-01  0.287437E+07  0.285888E+07  0.000000E+00  0.000000E+00  0.454702E+06  0.285931E+07
  0.998362E-01  0.283994E+07  0.282440E+07  0.000000E+00  0.000000E+00  0.444456E+06  0.282500E+07
  0.100756E+00  0.280639E+07  0.279082E+07  0.000000E+00  0.000000E+00  0.434546E+06  0.279158E+07
  0.101676E+00  0.277375E+07  0.275817E+07  0.000000E+00  0.000000E+00  0.424961E+06  0.275906E+07
  0.102596E+00  0.274201E+07  0.272645E+07  0.000000E+00  0.000000E+00  0.415691E+06  0.272744E+07
  0.103515E+00  0.271118E+07  0.269566E+07  0.000000E+00  0.000000E+00  0.406729E+06  0.269674E+07
  0.104435E+00  0.268127E+07  0.266581E+07  0.000000E+00  0.000000E+00  0.398071E+06  0.266695E+07
  0.105355E+00  0.265226E+07  0.263690E+07  0.000000E+00  0.000000E+00  0.389709E+06  0.263806E+07
  0.106275E+00  0.262415E+07  0.260890E+07  0.000000E+00  0.000000E+00  0.381632E+06  0.261008E+07
  0.107195E+00  0.259694E+07  0.258182E+07  0.000000E+00  0.000000E+00  0.373827E+06  0.258298E+07
  0.108114E+00  0.257059E+07  0.255564E+07  0.000000E+00  0.000000E+00  0.366288E+06  0.255676E+07
  0.109034E+00  0.254512E+07  0.253034E+07  0.000000E+00  0.000000E+00  0.359005E+06  0.253141E+07
  0.109954E+00  0.252048E+07  0.250590E+07  0.000000E+00  0.000000E+00  0.351972E+06  0.250689E+07
  0.110874E+00  0.249666E+07  0.248229E+07  0.000000E+00  0.000000E+00  0.345176E+06  0.248319E+07
  0.111794E+00  0.247362E+07  0.245950E+07  0.000000E+00  0.000000E+00  0.338607E+06  0.246028E+07
  0.112714E+00  0.245135E+07  0.243747E+07  0.000000E+00  0.000000E+00  0.332255E+06  0.243812E+07
  0.113633E+00  0.242980E+07  0.241619E+07  0.000000E+00  0.000000E+00  0.326112E+06  0.241669E+07
  0.114553E+00  0.240894E+07  0.239561E+07  0.000000E+00  0.000000E+00  0.320168E+06  0.239595E+07
  0.115473E+00  0.238875E+07  0.237570E+07  0.000000E+00  0.000000E+00  0.314412E+06  0.237587E+07
  0.116393E+00  0.236918E+07  0.235643E+07  0.000000E+00  0.000000E+00  0.308833E+06  0.235641E+07
  0.117313E+00  0.235019E+07  0.233775E+07  0.000000E+00  0.000000E+00  0.303424E+06  0.233754E+07
  0.118232E+00  0.233176E+07  0.231963E+07  0.000000E+00  0.000000E+00  0.298178E+06  0.231922E+07
  0.119152E+00  0.231383E+07  0.230201E+07  0.000000E+00  0.000000E+00  0.293084E+06  0.230140E+07
  0.120072E+00  0.229636E+07  0.228486E+07  0.000000E+00  0.000000E+00  0.288133E+06  0.228404E+07
  0.120992E+00  0.227932E+07  0.226814E+07  0.000000E+00  0.000000E+00  0.283315E+06  0.226711E+07
  0.121912E+00  0.226268E+07  0.225180E+07  0.000000E+00  0.000000E+00  0.278623E+06  0.225057E+07
  0.122831E+00  0.224638E+07  0.223582E+07  0.000000E+00  0.000000E+00  0.274050E+06  0.223438E+07
  0.123751E+00  0.223039E+07  0.222014E+07  0.000000E+00  0.000000E+00  0.269590E+06  0.221849E+07
  0.124671E+00  0.221468E+07  0.220472E+07  0.000000E+00  0.000000E+00  0.265234E+06  0.220288E+07
  0.125591E+00  0.219920E+07  0.218953E+07  0.000000E+00  0.000000E+00  0.260974E+06  0.218750E+07
  0.126511E+00  0.218392E+07  0.217453E+07  0.000000E+00  0.000000E+00  0.256805E+06  0.217231E+07
  0.127430E+00  0.216880E+07  0.215969E+07  0.000000E+00  0.000000E+00  0.252722E+06  0.215729E+07
  0.128350E+00  0.215381E+07  0.214496E+07  0.000000E+00  0.000000E+00  0.248718E+06  0.214240E+07
  0.129270E+00  0.213892E+07  0.213032E+07  0.000000E+00  0.000000E+00  0.244787E+06  0.212760E+07
  0.130190E+00  0.212411E+07  0.211574E+07  0.000000E+00  0.000000E+00  0.240924E+06  0.211287E+07
  0.131110E+00  0.210934E+07  0.210119E+07  0.000000E+00  0.000000E+00  0.237127E+06  0.209820E+07
  0.132030E+00  0.209460E+07  0.208665E+07  0.000000E+00  0.000000E+00  0.233393E+06  0.208354E+07
  0.132949E+00  0.207986E+07  0.207210E+07  0.000000E+00  0.000000E+00  0.229717E+06  0.206889E+07
  0.133869E+00  0.206511E+07  0.205752E+07  0.000000E+00  0.000000E+00  0.226094E+06  0.205422E+07
  0.134789E+00  0.205034E+07  0.204290E+07  0.000000E+00  0.000000E+00  0.222523E+06  0.203952E+07
  0.135709E+00  0.203552E+07  0.202822E+07  0.000000E+00  0.000000E+00  0.219000E+06  0.202478E+07
  0.136629E+00  0.202065E+07  0.201346E+07  0.000000E+00  0.000000E+00  0.215526E+06  0.200999E+07
  0.137548E+00  0.200571E+07  0.199863E+07  0.000000E+00  0.000000E+00  0.212098E+06  0.199513E+07
  0.138468E+00  0.199071E+07  0.198372E+07  0.000000E+00  0.000000E+00  0.208715E+06  0.198020E+07
  0.139388E+00  0.197563E+07  0.196872E+07  0.000000E+00  0.000000E+00  0.205373E+06  0.196520E+07
  0.140308E+00  0.196048E+07  0.195362E+07  0.000000E+00  0.000000E+00  0.202073E+06  0.195012E+07
  0.141228E+00  0.194526E+07  0.193844E+07  0.000000E+00  0.000000E+00  0.198815E+06  0.193496E+07
  0.142147E+00  0.192996E+07  0.192317E+07  0.000000E+00  0.000000E+00  0.195597E+06  0.191973E+07
  0.143067E+00  0.191459E+07  0.190782E+07  0.000000E+00  0.000000E+00  0.192419E+06  0.190443E+07
  0.143987E+00  0.189916E+07  0.189239E+07  0.000000E+00  0.000000E+00  0.189281E+06  0.188907E+07
  0.144907E+00  0.188368E+07  0.187689E+07  0.000000E+00  0.000000E+00  0.186184E+06  0.187365E+07
  0.145827E+00  0.186815E+07  0.186134E+07  0.000000E+00  0.000000E+00  0.183129E+06  0.185819E+07
  0.146746E+00  0.185259E+07  0.184575E+07  0.000000E+00  0.000000E+00  0.180115E+06  0.184269E+07
  0.147666E+00  0.183701E+07  0.183013E+07  0.000000E+00  0.000000E+00  0.177142E+06  0.182718E+07
  0.148586E+00  0.182143E+07  0.181450E+07  0.000000E+00  0.000000E+00  0.174210E+06  0.181166E+07
  0.149506E+00  0.180586E+07  0.179887E+07  0.000000E+00  0.000000E+00  0.171322E+06  0.179615E+07
  0.150426E+00  0.179032E+07  0.178327E+07  0.000000E+00  0.000000E+00  0.168479E+06  0.178066E+07
  0.151346E+00  0.177482E+07  0.176770E+07  0.000000E+00  0.000000E+00  0.165680E+06  0.176522E+07
  0.152265E+00  0.175938E+07  0.175219E+07  0.000000E+00  0.000000E+00  0.162927E+06  0.174984E+07
  0.153185E+00  0.174402E+07  0.173676E+07  0.000000E+00  0.000000E+00  0.160219E+06  0.173454E+07
  0.154105E+00  0.172876E+07  0.172142E+07  0.000000E+00  0.000000E+00  0.157558E+06  0.171934E+07
  0.155025E+00  0.171361E+07  0.170620E+07  0.000000E+00  0.000000E+00  0.154946E+06  0.170425E+07
  0.155945E+00  0.169860E+07  0.169111E+07  0.000000E+00  0.000000E+00  0.152382E+06  0.168929E+07
  0.156864E+00  0.168373E+07  0.167617E+07  0.000000E+00  0.000000E+00  0.149866E+06  0.167448E+07
  0.157784E+00  0.166902E+07  0.166139E+07  0.000000E+00  0.000000E+00  0.147400E+06  0.165983E+07
  0.158704E+00  0.165450E+07  0.164680E+07  0.000000E+00  0.000000E+00  0.144984E+06  0.164536E+07
  0.159624E+00  0.164016E+07  0.163240E+07  0.000000E+00  0.000000E+00  0.142619E+06  0.163108E+07
  0.160544E+00  0.162604E+07  0.161822E+07  0.000000E+00  0.000000E+00  0.140303E+06  0.161702E+07
  0.161463E+00  0.161214E+07  0.160426E+07  0.000000E+00  0.000000E+00  0.138038E+06  0.160317E+07
  0.162383E+00  0.159847E+07  0.159055E+07  0.000000E+00  0.000000E+00  0.135823E+06  0.158956E+07
  0.163303E+00  0.158504E+07  0.157708E+07  0.000000E+00  0.000000E+00  0.133660E+06  0.157619E+07
  0.164223E+00  0.157187E+07  0.156388E+07  0.000000E+00  0.000000E+00  0.131548E+06  0.156307E+07
  0.165143E+00  0.155897E+07  0.155095E+07  0.000000E+00  0.000000E+00  0.129486E+06  0.155022E+07
  0.166062E+00  0.154634E+07  0.153831E+07  0.000000E+00  0.000000E+00  0.127473E+06  0.153765E+07
  0.166982E+00  0.153398E+07  0.152595E+07  0.000000E+00  0.000000E+00  0.125510E+06  0.152535E+07
  0.167902E+00  0.152192E+07  0.151388E+07  0.000000E+00  0.000000E+00  0.123597E+06  0.151333E+07
  0.168822E+00  0.151013E+07  0.150211E+07  0.000000E+00  0.000000E+00  0.121732E+06  0.150161E+07
  0.169742E+00  0.149864E+07  0.149063E+07  0.000000E+00  0.000000E+00  0.119915E+06  0.149017E+07
  0.170662E+00  0.148744E+07  0.147946E+07  0.000000E+00  0.000000E+00  0.118144E+06  0.147902E+07
  0.171581E+00  0.147653E+07  0.146859E+07  0.000000E+00  0.000000E+00  0.116420E+06  0.146817E+07
  0.172501E+00  0.146591E+07  0.145801E+07  0.000000E+00  0.000000E+00  0.114740E+06  0.145760E+07
  0.173421E+00  0.145557E+07  0.144772E+07  0.000000E+00  0.000000E+00  0.113105E+06  0.144731E+07
  0.174341E+00  0.144551E+07  0.143773E+07  0.000000E+00  0.000000E+00  0.111511E+06  0.143731E+07
  0.175261E+00  0.143572E+07  0.142801E+07  0.000000E+00  0.000000E+00  0.109959E+06  0.142758E+07
  0.176180E+00  0.142620E+07  0.141856E+07  0.000000E+00  0.000000E+00  0.108446E+06  0.141811E+07
  0.177100E+00  0.141694E+07  0.140938E+07  0.000000E+00  0.000000E+00  0.106973E+06  0.140890E+07
  0.178020E+00  0.140793E+07  0.140046E+07  0.000000E+00  0.000000E+00  0.105537E+06  0.139994E+07
  0.178940E+00  0.139915E+07  0.139178E+07  0.000000E+00  0.000000E+00  0.104137E+06  0.139122E+07
  0.179860E+00  0.139061E+07  0.138334E+07  0.000000E+00  0.000000E+00  0.102770E+06  0.138272E+07
  0.180779E+00  0.138229E+07  0.137512E+07  0.000000E+00  0.000000E+00  0.101437E+06  0.137445E+07
  0.181699E+00  0.137417E+07  0.136711E+07  0.000000E+00  0.000000E+00  0.100135E+06  0.136638E+07
  0.182619E+00  0.136624E+07  0.135930E+07  0.000000E+00  0.000000E+00  0.988636E+05  0.135851E+07
  0.183539E+00  0.135850E+07  0.135167E+07  0.000000E+00  0.000000E+00  0.976204E+05  0.135082E+07
  0.184459E+00  0.135093E+07  0.134421E+07  0.000000E+00  0.000000E+00  0.964043E+05  0.134329E+07
  0.185378E+00  0.134351E+07  0.133691E+07  0.000000E+00  0.000000E+00  0.952141E+05  0.133592E+07
  0.186298E+00  0.133623E+07  0.132976E+07  0.000000E+00  0.000000E+00  0.940482E+05  0.132870E+07
  0.187218E+00  0.132909E+07  0.132273E+07  0.000000E+00  0.000000E+00  0.929052E+05  0.132160E+07
  0.188138E+00  0.132206E+07  0.131582E+07  0.000000E+00  0.000000E+00  0.917837E+05  0.131462E+07
  0.189058E+00  0.131513E+07  0.130902E+07  0.000000E+00  0.000000E+00  0.906823E+05  0.130774E+07
  0.189977E+00  0.130830E+07  0.130230E+07  0.000000E+00  0.000000E+00  0.896004E+05  0.130095E+07
  0.190897E+00  0.130153E+07  0.129565E+07  0.000000E+00  0.000000E+00  0.885366E+05  0.129423E+07
  0.191817E+00  0.129484E+07  0.128907E+07  0.000000E+00  0.000000E+00  0.874895E+05  0.128758E+07
  0.192737E+00  0.128819E+07  0.128253E+07  0.000000E+00  0.000000E+00  0.864577E+05  0.128098E+07
  0.193657E+00  0.128159E+07  0.127603E+07  0.000000E+00  0.000000E+00  0.854404E+05  0.127442E+07
  0.194577E+00  0.127501E+07  0.126956E+07  0.000000E+00  0.000000E+00  0.844370E+05  0.126789E+07
  0.195496E+00  0.126846E+07  0.126310E+07  0.000000E+00  0.000000E+00  0.834466E+05  0.126138E+07
  0.196416E+00  0.126191E+07  0.125665E+07  0.000000E+00  0.000000E+00  0.824682E+05  0.125487E+07
  0.197336E+00  0.125537E+07  0.125019E+07  0.000000E+00  0.000000E+00  0.815011E+05  0.124837E+07
  0.198256E+00  0.124882E+07  0.124373E+07  0.000000E+00  0.000000E+00  0.805446E+05  0.124186E+07
  0.199176E+00  0.124226E+07  0.123724E+07  0.000000E+00  0.000000E+00  0.795981E+05  0.123534E+07
  0.200095E+00  0.123568E+07  0.123073E+07  0.000000E+00  0.000000E+00  0.786612E+05  0.122880E+07
  0.201015E+00  0.122908E+07  0.122420E+07  0.000000E+00  0.000000E+00  0.777334E+05  0.122224E+07
  0.201935E+00  0.122245E+07  0.121763E+07  0.000000E+00  0.000000E+00  0.768140E+05  0.121565E+07
  0.202855E+00  0.121579E+07  0.121102E+07  0.000000E+00  0.000000E+00  0.759032E+05  0.120903E+07
  0.203775E+00  0.120909E+07  0.120438E+07  0.000000E+00  0.000000E+00  0.750007E+05  0.120237E+07
  0.204694E+00  0.120236E+07  0.119769E+07  0.000000E+00  0.000000E+00  0.741062E+05  0.119568E+07
  0.205614E+00  0.119560E+07  0.119096E+07  0.000000E+00  0.000000E+00  0.732191E+05  0.118895E+07
  0.206534E+00  0.118879E+07  0.118418E+07  0.000000E+00  0.000000E+00  0.723393E+05  0.118218E+07
  0.207454E+00  0.118195E+07  0.117737E+07  0.000000E+00  0.000000E+00  0.714672E+05  0.117537E+07
  0.208374E+00  0.117508E+07  0.117051E+07  0.000000E+00  0.000000E+00  0.706026E+05  0.116853E+07
  0.209293E+00  0.116817E+07  0.116362E+07  0.000000E+00  0.000000E+00  0.697458E+05  0.116166E+07
  0.210213E+00  0.116122E+07  0.115668E+07  0.000000E+00  0.000000E+00  0.688964E+05  0.115475E+07
  0.211133E+00  0.115426E+07  0.114972E+07  0.000000E+00  0.000000E+00  0.680547E+05  0.114781E+07
  0.212053E+00  0.114726E+07  0.114273E+07  0.000000E+00  0.000000E+00  0.672207E+05  0.114085E+07
  0.212973E+00  0.114025E+07  0.113571E+07  0.000000E+00  0.000000E+00  0.663947E+05  0.113387E+07
  0.213893E+00  0.113322E+07  0.112868E+07  0.000000E+00  0.000000E+00  0.655769E+05  0.112688E+07
  0.214812E+00  0.112619E+07  0.112163E+07  0.000000E+00  0.000000E+00  0.647673E+05  0.111988E+07
  0.215732E+00  0.111915E+07  0.111458E+07  0.000000E+00  0.000000E+00  0.639663E+05  0.111287E+07
  0.216652E+00  0.111211E+07  0.110753E+07  0.000000E+00  0.000000E+00  0.631743E+05  0.110586E+07
  0.217572E+00  0.110508E+07  0.110048E+07  0.000000E+00  0.000000E+00  0.623915E+05  0.109887E+07
  0.218492E+00  0.109807E+07  0.109345E+07  0.000000E+00  0.000000E+00  0.616179E+05  0.109188E+07
  0.219411E+00  0.109108E+07  0.108644E+07  0.000000E+00  0.000000E+00  0.608536E+05  0.108492E+07
  0.220331E+00  0.108412E+07  0.107946E+07  0.000000E+00  0.000000E+00  0.600990E+05  0.107799E+07
  0.221251E+00  0.107719E+07  0.107251E+07  0.000000E+00  0.000000E+00  0.593546E+05  0.107110E+07
  0.222171E+00  0.107030E+07  0.106561E+07  0.000000E+00  0.000000E+00  0.586204E+05  0.106424E+07
  0.223091E+00  0.106347E+07  0.105875E+07  0.000000E+00  0.000000E+00  0.578968E+05  0.105743E+07
  0.224010E+00  0.105668E+07  0.105194E+07  0.000000E+00  0.000000E+00  0.571837E+05  0.105068E+07
  0.224930E+00  0.104996E+07  0.104520E+07  0.000000E+00  0.000000E+00  0.564813E+05  0.104399E+07
  0.225850E+00  0.104330E+07  0.103853E+07  0.000000E+00  0.000000E+00  0.557897E+05  0.103736E+07
  0.226770E+00  0.103672E+07  0.103192E+07  0.000000E+00  0.000000E+00  0.551093E+05  0.103080E+07
  0.227690E+00  0.103021E+07  0.102540E+07  0.000000E+00  0.000000E+00  0.544402E+05  0.102433E+07
  0.228609E+00  0.102378E+07  0.101896E+07  0.000000E+00  0.000000E+00  0.537822E+05  0.101793E+07
  0.231617E+00  0.100338E+07  0.998534E+06  0.000000E+00  0.000000E+00  0.517103E+05  0.997624E+06
  0.234665E+00  0.983783E+06  0.978938E+06  0.000000E+00  0.000000E+00  0.497351E+05  0.978120E+06
  0.237753E+00  0.965102E+06  0.960295E+06  0.000000E+00  0.000000E+00  0.478600E+05  0.959534E+06
  0.240881E+00  0.947399E+06  0.942665E+06  0.000000E+00  0.000000E+00  0.460833E+05  0.941926E+06
  0.244050E+00  0.930670E+06  0.926044E+06  0.000000E+00  0.000000E+00  0.444017E+05  0.925293E+06
  0.247262E+00  0.914855E+06  0.910365E+06  0.000000E+00  0.000000E+00  0.428080E+05  0.909572E+06
  0.250515E+00  0.899841E+06  0.895510E+06  0.000000E+00  0.000000E+00  0.412943E+05  0.894651E+06
  0.253811E+00  0.885472E+06  0.881313E+06  0.000000E+00  0.000000E+00  0.398497E+05  0.880375E+06
  0.257151E+00  0.871563E+06  0.867580E+06  0.000000E+00  0.000000E+00  0.384642E+05  0.866556E+06
  0.260534E+00  0.857909E+06  0.854096E+06  0.000000E+00  0.000000E+00  0.371262E+05  0.852991E+06
  0.263962E+00  0.844316E+06  0.840657E+06  0.000000E+00  0.000000E+00  0.358266E+05  0.839484E+06
  0.267435E+00  0.830617E+06  0.827090E+06  0.000000E+00  0.000000E+00  0.345570E+05  0.825870E+06
  0.270954E+00  0.816691E+06  0.813268E+06  0.000000E+00  0.000000E+00  0.333124E+05  0.812026E+06
  0.274519E+00  0.802466E+06  0.799118E+06  0.000000E+00  0.000000E+00  0.320893E+05  0.797880E+06
  0.278131E+00  0.787924E+06  0.784622E+06  0.000000E+00  0.000000E+00  0.308875E+05  0.783416E+06
  0.281791E+00  0.773111E+06  0.769832E+06  0.000000E+00  0.000000E+00  0.297084E+05  0.768680E+06
  0.285499E+00  0.758130E+06  0.754855E+06  0.000000E+00  0.000000E+00  0.285559E+05  0.753774E+06
  0.289255E+00  0.743122E+06  0.739841E+06  0.000000E+00  0.000000E+00  0.274351E+05  0.738840E+06
  0.293061E+00  0.728247E+06  0.724959E+06  0.000000E+00  0.000000E+00  0.263508E+05  0.724038E+06
  0.296917E+00  0.713665E+06  0.710376E+06  0.000000E+00  0.000000E+00  0.253081E+05  0.709528E+06
  0.300824E+00  0.699523E+06  0.696248E+06  0.000000E+00  0.000000E+00  0.243106E+05  0.695459E+06
  0.304782E+00  0.685935E+06  0.682691E+06  0.000000E+00  0.000000E+00  0.233607E+05  0.681943E+06
  0.308792E+00  0.672961E+06  0.669768E+06  0.000000E+00  0.000000E+00  0.224587E+05  0.669041E+06
  0.312855E+00  0.660602E+06  0.657479E+06  0.000000E+00  0.000000E+00  0.216025E+05  0.656753E+06
  0.316972E+00  0.648809E+06  0.645771E+06  0.000000E+00  0.000000E+00  0.207889E+05  0.645030E+06
  0.321142E+00  0.637490E+06  0.634547E+06  0.000000E+00  0.000000E+00  0.200133E+05  0.633780E+06
  0.325368E+00  0.626516E+06  0.623672E+06  0.000000E+00  0.000000E+00  0.192703E+05  0.622874E+06
  0.329649E+00  0.615744E+06  0.612996E+06  0.000000E+00  0.000000E+00  0.185544E+05  0.612169E+06
  0.333986E+00  0.605044E+06  0.602381E+06  0.000000E+00  0.000000E+00  0.178609E+05  0.601534E+06
  0.338381E+00  0.594314E+06  0.591723E+06  0.000000E+00  0.000000E+00  0.171861E+05  0.590868E+06
  0.342833E+00  0.583491E+06  0.580956E+06  0.000000E+00  0.000000E+00  0.165281E+05  0.580107E+06
  0.347344E+00  0.572552E+06  0.570058E+06  0.000000E+00  0.000000E+00  0.143074E+05  0.569221E+06
  0.351914E+00  0.561546E+06  0.559080E+06  0.000000E+00  0.000000E+00  0.137321E+05  0.558274E+06
  0.356545E+00  0.550544E+06  0.548098E+06  0.000000E+00  0.000000E+00  0.131743E+05  0.547331E+06
  0.361236E+00  0.539641E+06  0.537212E+06  0.000000E+00  0.000000E+00  0.126359E+05  0.536486E+06
  0.365989E+00  0.528940E+06  0.526532E+06  0.000000E+00  0.000000E+00  0.121186E+05  0.525842E+06
  0.370805E+00  0.518535E+06  0.516154E+06  0.000000E+00  0.000000E+00  0.116239E+05  0.515494E+06
  0.375684E+00  0.508487E+06  0.506143E+06  0.000000E+00  0.000000E+00  0.111522E+05  0.505503E+06
  0.380627E+00  0.498815E+06  0.496516E+06  0.000000E+00  0.000000E+00  0.107031E+05  0.495886E+06
  0.385635E+00  0.489498E+06  0.487254E+06  0.000000E+00  0.000000E+00  0.102753E+05  0.486624E+06
  0.390709E+00  0.480484E+06  0.478299E+06  0.000000E+00  0.000000E+00  0.986683E+04  0.477664E+06
  0.395850E+00  0.471692E+06  0.469566E+06  0.000000E+00  0.000000E+00  0.947530E+04  0.468925E+06
  0.401058E+00  0.463038E+06  0.460969E+06  0.000000E+00  0.000000E+00  0.909847E+04  0.460323E+06
  0.406335E+00  0.454455E+06  0.452436E+06  0.000000E+00  0.000000E+00  0.873455E+04  0.451791E+06
  0.411682E+00  0.445894E+06  0.443918E+06  0.000000E+00  0.000000E+00  0.838224E+04  0.443280E+06
  0.417099E+00  0.437344E+06  0.435403E+06  0.000000E+00  0.000000E+00  0.804099E+04  0.434778E+06
  0.422587E+00  0.428826E+06  0.426914E+06  0.000000E+00  0.000000E+00  0.771095E+04  0.426309E+06
  0.428147E+00  0.420385E+06  0.418499E+06  0.000000E+00  0.000000E+00  0.739257E+04  0.417915E+06
  0.433780E+00  0.412076E+06  0.410216E+06  0.000000E+00  0.000000E+00  0.708646E+04  0.409652E+06
  0.439488E+00  0.403955E+06  0.402122E+06  0.000000E+00  0.000000E+00  0.679315E+04  0.401577E+06
  0.445270E+00  0.396056E+06  0.394256E+06  0.000000E+00  0.000000E+00  0.651275E+04  0.393723E+06
  0.451129E+00  0.388390E+06  0.386626E+06  0.000000E+00  0.000000E+00  0.624494E+04  0.386102E+06
  0.457065E+00  0.380945E+06  0.379219E+06  0.000000E+00  0.000000E+00  0.598904E+04  0.378700E+06
  0.463079E+00  0.373682E+06  0.371997E+06  0.000000E+00  0.000000E+00  0.574403E+04  0.371481E+06
  0.469172E+00  0.366559E+06  0.364913E+06  0.000000E+00  0.000000E+00  0.550884E+04  0.364400E+06
  0.475345E+00  0.359537E+06  0.357927E+06  0.000000E+00  0.000000E+00  0.528255E+04  0.357419E+06
  0.481600E+00  0.352585E+06  0.351009E+06  0.000000E+00  0.000000E+00  0.506444E+04  0.350508E+06
  0.487936E+00  0.345700E+06  0.344152E+06  0.000000E+00  0.000000E+00  0.485417E+04  0.343662E+06
  0.494357E+00  0.338890E+06  0.337370E+06  0.000000E+00  0.000000E+00  0.465166E+04  0.336892E+06
  0.500861E+00  0.332181E+06  0.330686E+06  0.000000E+00  0.000000E+00  0.445697E+04  0.330221E+06
  0.507451E+00  0.325601E+06  0.324132E+06  0.000000E+00  0.000000E+00  0.427021E+04  0.323679E+06
  0.514128E+00  0.319168E+06  0.317727E+06  0.000000E+00  0.000000E+00  0.409136E+04  0.317283E+06
  0.520893E+00  0.312892E+06  0.311479E+06  0.000000E+00  0.000000E+00  0.392022E+04  0.311044E+06
  0.527747E+00  0.306765E+06  0.305382E+06  0.000000E+00  0.000000E+00  0.375642E+04  0.304953E+06
  0.534691E+00  0.300769E+06  0.299415E+06  0.000000E+00  0.000000E+00  0.359946E+04  0.298992E+06
  0.541726E+00  0.294883E+06  0.293558E+06  0.000000E+00  0.000000E+00  0.344885E+04  0.293141E+06
  0.548854E+00  0.289087E+06  0.287790E+06  0.000000E+00  0.000000E+00  0.330414E+04  0.287379E+06
  0.556076E+00  0.283375E+06  0.282103E+06  0.000000E+00  0.000000E+00  0.316504E+04  0.281700E+06
  0.563392E+00  0.277746E+06  0.276498E+06  0.000000E+00  0.000000E+00  0.303136E+04  0.276103E+06
  0.570805E+00  0.272210E+06  0.270985E+06  0.000000E+00  0.000000E+00  0.290304E+04  0.270600E+06
  0.578316E+00  0.266779E+06  0.265577E+06  0.000000E+00  0.000000E+00  0.277998E+04  0.265200E+06
  0.585925E+00  0.261460E+06  0.260282E+06  0.000000E+00  0.000000E+00  0.266210E+04  0.259912E+06
  0.593634E+00  0.256256E+06  0.255102E+06  0.000000E+00  0.000000E+00  0.254921E+04  0.254739E+06
  0.601445E+00  0.251160E+06  0.250030E+06  0.000000E+00  0.000000E+00  0.244107E+04  0.249673E+06
  0.609359E+00  0.246163E+06  0.245056E+06  0.000000E+00  0.000000E+00  0.233742E+04  0.244706E+06
  0.617377E+00  0.241255E+06  0.240171E+06  0.000000E+00  0.000000E+00  0.223799E+04  0.239826E+06
  0.625500E+00  0.236430E+06  0.235368E+06  0.000000E+00  0.000000E+00  0.214259E+04  0.235030E+06
  0.633730E+00  0.231687E+06  0.230646E+06  0.000000E+00  0.000000E+00  0.205106E+04  0.230314E+06
  0.642069E+00  0.227029E+06  0.226008E+06  0.000000E+00  0.000000E+00  0.196329E+04  0.225684E+06
  0.650517E+00  0.222460E+06  0.221459E+06  0.000000E+00  0.000000E+00  0.187916E+04  0.221142E+06
  0.659076E+00  0.217983E+06  0.217002E+06  0.000000E+00  0.000000E+00  0.179859E+04  0.216691E+06
  0.667748E+00  0.213595E+06  0.212634E+06  0.000000E+00  0.000000E+00  0.172141E+04  0.212329E+06
  0.676534E+00  0.209294E+06  0.208353E+06  0.000000E+00  0.000000E+00  0.164748E+04  0.208053E+06
  0.685436E+00  0.205074E+06  0.204153E+06  0.000000E+00  0.000000E+00  0.157663E+04  0.203858E+06
  0.738136E+00  0.182608E+06  0.181787E+06  0.000000E+00  0.000000E+00  0.122753E+04  0.181524E+06
  0.794889E+00  0.162487E+06  0.161756E+06  0.000000E+00  0.000000E+00  0.954136E+03  0.161522E+06
  0.856005E+00  0.144475E+06  0.143826E+06  0.000000E+00  0.000000E+00  0.740400E+03  0.143616E+06
  0.921821E+00  0.128368E+06  0.127791E+06  0.000000E+00  0.000000E+00  0.573632E+03  0.127604E+06
  0.992696E+00  0.113980E+06  0.113467E+06  0.000000E+00  0.000000E+00  0.443761E+03  0.113301E+06
  0.106902E+01  0.101138E+06  0.100684E+06  0.000000E+00  0.000000E+00  0.342800E+03  0.100536E+06
  0.115121E+01  0.896857E+05  0.892827E+05  0.000000E+00  0.000000E+00  0.264443E+03  0.891515E+05
  0.123973E+01  0.794819E+05  0.791248E+05  0.000000E+00  0.000000E+00  0.203730E+03  0.790083E+05
  0.133505E+01  0.703974E+05  0.700811E+05  0.000000E+00  0.000000E+00  0.156761E+03  0.699779E+05
  0.143769E+01  0.623154E+05  0.620355E+05  0.000000E+00  0.000000E+00  0.120476E+03  0.619440E+05
  0.154823E+01  0.551313E+05  0.548836E+05  0.000000E+00  0.000000E+00  0.125309E+03  0.548027E+05
  0.166727E+01  0.487490E+05  0.485300E+05  0.000000E+00  0.000000E+00  0.963650E+02  0.484584E+05
  0.179546E+01  0.430837E+05  0.428901E+05  0.000000E+00  0.000000E+00  0.740191E+02  0.428268E+05
  0.193351E+01  0.380576E+05  0.378866E+05  0.000000E+00  0.000000E+00  0.567908E+02  0.378306E+05
  0.208217E+01  0.336018E+05  0.334509E+05  0.000000E+00  0.000000E+00  0.435258E+02  0.334014E+05
