    0.10000E-03    0.39850E+03
    0.10202E-03    0.40624E+03
    0.10408E-03    0.41413E+03
    0.10618E-03    0.42217E+03
    0.10833E-03    0.43038E+03
    0.11052E-03    0.43874E+03
    0.11275E-03    0.44726E+03
    0.11503E-03    0.45594E+03
    0.11735E-03    0.46480E+03
    0.11972E-03    0.47383E+03
    0.12214E-03    0.48303E+03
    0.12461E-03    0.49241E+03
    0.12712E-03    0.50198E+03
    0.12969E-03    0.51173E+03
    0.13231E-03    0.52166E+03
    0.13499E-03    0.53179E+03
    0.13771E-03    0.54212E+03
    0.14049E-03    0.55265E+03
    0.14333E-03    0.56338E+03
    0.14623E-03    0.57432E+03
    0.14918E-03    0.58547E+03
    0.15220E-03    0.59684E+03
    0.15527E-03    0.60843E+03
    0.15841E-03    0.62024E+03
    0.16161E-03    0.63228E+03
    0.16487E-03    0.64455E+03
    0.16820E-03    0.65706E+03
    0.17160E-03    0.66982E+03
    0.17507E-03    0.68282E+03
    0.17860E-03    0.69607E+03
    0.18221E-03    0.70958E+03
    0.18589E-03    0.72335E+03
    0.18965E-03    0.73739E+03
    0.19348E-03    0.75170E+03
    0.19739E-03    0.76629E+03
    0.20138E-03    0.78115E+03
    0.20544E-03    0.79631E+03
    0.20959E-03    0.81176E+03
    0.21383E-03    0.82750E+03
    0.21815E-03    0.84355E+03
    0.22255E-03    0.85991E+03
    0.22705E-03    0.87659E+03
    0.23164E-03    0.89359E+03
    0.23632E-03    0.91092E+03
    0.24109E-03    0.92858E+03
    0.24596E-03    0.94658E+03
    0.25093E-03    0.96493E+03
    0.25600E-03    0.98363E+03
    0.26117E-03    0.10027E+04
    0.26645E-03    0.10221E+04
    0.27183E-03    0.10419E+04
    0.27732E-03    0.10621E+04
    0.28292E-03    0.10827E+04
    0.28864E-03    0.11037E+04
    0.29447E-03    0.11250E+04
    0.30042E-03    0.11468E+04
    0.30649E-03    0.11690E+04
    0.31268E-03    0.11917E+04
    0.31899E-03    0.12147E+04
    0.32544E-03    0.12382E+04
    0.33201E-03    0.12622E+04
    0.33872E-03    0.12866E+04
    0.34556E-03    0.13115E+04
    0.35254E-03    0.13369E+04
    0.35966E-03    0.13627E+04
    0.36693E-03    0.13891E+04
    0.37434E-03    0.14159E+04
    0.38190E-03    0.14433E+04
    0.38962E-03    0.14712E+04
    0.39749E-03    0.14996E+04
    0.40552E-03    0.15285E+04
    0.41371E-03    0.15580E+04
    0.42207E-03    0.15881E+04
    0.43060E-03    0.16188E+04
    0.43929E-03    0.16500E+04
    0.44817E-03    0.16818E+04
    0.45722E-03    0.17142E+04
    0.46646E-03    0.17473E+04
    0.47588E-03    0.17809E+04
    0.48550E-03    0.18153E+04
    0.49530E-03    0.18502E+04
    0.50531E-03    0.18858E+04
    0.51552E-03    0.19221E+04
    0.52593E-03    0.19591E+04
    0.53656E-03    0.19968E+04
    0.54739E-03    0.20351E+04
    0.55845E-03    0.20742E+04
    0.56973E-03    0.21141E+04
    0.58124E-03    0.21547E+04
    0.59299E-03    0.21960E+04
    0.60496E-03    0.22381E+04
    0.61719E-03    0.22811E+04
    0.62965E-03    0.23248E+04
    0.64237E-03    0.23693E+04
    0.65535E-03    0.24146E+04
    0.66859E-03    0.24608E+04
    0.68210E-03    0.25079E+04
    0.69588E-03    0.25558E+04
    0.70993E-03    0.26047E+04
    0.72427E-03    0.26544E+04
    0.73891E-03    0.27050E+04
    0.75383E-03    0.27566E+04
    0.76906E-03    0.28091E+04
    0.78460E-03    0.28626E+04
    0.80045E-03    0.29171E+04
    0.81662E-03    0.29725E+04
    0.83311E-03    0.30290E+04
    0.84994E-03    0.30865E+04
    0.86711E-03    0.31451E+04
    0.88463E-03    0.32047E+04
    0.90250E-03    0.32654E+04
    0.92073E-03    0.33272E+04
    0.93933E-03    0.33901E+04
    0.95831E-03    0.34542E+04
    0.97767E-03    0.35194E+04
    0.99742E-03    0.35857E+04
    0.10176E-02    0.36533E+04
    0.10381E-02    0.37220E+04
    0.10591E-02    0.37920E+04
    0.10805E-02    0.38632E+04
    0.11023E-02    0.39357E+04
    0.11246E-02    0.40095E+04
    0.11473E-02    0.40845E+04
    0.11705E-02    0.41609E+04
    0.11941E-02    0.42386E+04
    0.12182E-02    0.43176E+04
    0.12429E-02    0.43980E+04
    0.12680E-02    0.44799E+04
    0.12936E-02    0.45631E+04
    0.13197E-02    0.46477E+04
    0.13464E-02    0.47338E+04
    0.13736E-02    0.48214E+04
    0.14013E-02    0.49104E+04
    0.14296E-02    0.50010E+04
    0.14585E-02    0.50930E+04
    0.14880E-02    0.51866E+04
    0.15180E-02    0.52818E+04
    0.15487E-02    0.53785E+04
    0.15800E-02    0.54769E+04
    0.16119E-02    0.55768E+04
    0.16445E-02    0.56784E+04
    0.16777E-02    0.57816E+04
    0.17116E-02    0.58865E+04
    0.17462E-02    0.59931E+04
    0.17814E-02    0.61013E+04
    0.18174E-02    0.62113E+04
    0.18541E-02    0.63230E+04
    0.18916E-02    0.64365E+04
    0.19298E-02    0.65517E+04
    0.19688E-02    0.66687E+04
    0.20086E-02    0.67875E+04
    0.20491E-02    0.69082E+04
    0.20905E-02    0.70306E+04
    0.21328E-02    0.71548E+04
    0.21758E-02    0.72810E+04
    0.22198E-02    0.74089E+04
    0.22646E-02    0.75388E+04
    0.23104E-02    0.76705E+04
    0.23571E-02    0.78041E+04
    0.24047E-02    0.79396E+04
    0.24533E-02    0.80770E+04
    0.25028E-02    0.82163E+04
    0.25534E-02    0.83576E+04
    0.26050E-02    0.85008E+04
    0.26576E-02    0.86459E+04
    0.27113E-02    0.87929E+04
    0.27660E-02    0.89419E+04
    0.28219E-02    0.90928E+04
    0.28789E-02    0.92457E+04
    0.29371E-02    0.94004E+04
    0.29964E-02    0.95571E+04
    0.30569E-02    0.97158E+04
    0.31187E-02    0.98764E+04
    0.31817E-02    0.10039E+05
    0.32460E-02    0.10203E+05
    0.33115E-02    0.10370E+05
    0.33784E-02    0.10538E+05
    0.34467E-02    0.10709E+05
    0.35163E-02    0.10880E+05
    0.35874E-02    0.11054E+05
    0.36598E-02    0.11229E+05
    0.37338E-02    0.11406E+05
    0.38092E-02    0.11585E+05
    0.38861E-02    0.11766E+05
    0.39646E-02    0.11950E+05
    0.40447E-02    0.12137E+05
    0.41264E-02    0.12326E+05
    0.42098E-02    0.12515E+05
    0.42948E-02    0.12705E+05
    0.43816E-02    0.12893E+05
    0.44701E-02    0.13079E+05
    0.45604E-02    0.13263E+05
    0.46525E-02    0.13449E+05
    0.47465E-02    0.13642E+05
    0.48424E-02    0.13847E+05
    0.49402E-02    0.14069E+05
    0.50400E-02    0.14217E+05
    0.51419E-02    0.14415E+05
    0.52457E-02    0.14616E+05
    0.53517E-02    0.14818E+05
    0.54598E-02    0.15022E+05
    0.55701E-02    0.15226E+05
    0.56826E-02    0.15431E+05
    0.57974E-02    0.15637E+05
    0.59145E-02    0.15844E+05
    0.60340E-02    0.16051E+05
    0.61559E-02    0.16259E+05
    0.62803E-02    0.16467E+05
    0.64072E-02    0.16675E+05
    0.65366E-02    0.16883E+05
    0.66686E-02    0.17092E+05
    0.68033E-02    0.17300E+05
    0.69408E-02    0.17509E+05
    0.70810E-02    0.17717E+05
    0.72240E-02    0.17925E+05
    0.73700E-02    0.18132E+05
    0.75189E-02    0.18339E+05
    0.76708E-02    0.18544E+05
    0.78257E-02    0.18749E+05
    0.79838E-02    0.18953E+05
    0.81451E-02    0.19156E+05
    0.83096E-02    0.19357E+05
    0.84775E-02    0.19557E+05
    0.86488E-02    0.19755E+05
    0.88235E-02    0.19952E+05
    0.90017E-02    0.20146E+05
    0.91836E-02    0.20338E+05
    0.93691E-02    0.20528E+05
    0.95583E-02    0.20715E+05
    0.97514E-02    0.20900E+05
    0.99484E-02    0.21081E+05
    0.10149E-01    0.21260E+05
    0.10354E-01    0.21435E+05
    0.10564E-01    0.21606E+05
    0.10777E-01    0.21774E+05
    0.10995E-01    0.21938E+05
    0.11217E-01    0.22098E+05
    0.11443E-01    0.22253E+05
    0.11675E-01    0.22403E+05
    0.11910E-01    0.22549E+05
    0.12151E-01    0.22689E+05
    0.12397E-01    0.22824E+05
    0.12647E-01    0.22954E+05
    0.12902E-01    0.23077E+05
    0.13163E-01    0.23195E+05
    0.13429E-01    0.23306E+05
    0.13700E-01    0.23410E+05
    0.13977E-01    0.23507E+05
    0.14259E-01    0.23598E+05
    0.14547E-01    0.23681E+05
    0.14841E-01    0.23756E+05
    0.15141E-01    0.23824E+05
    0.15447E-01    0.23883E+05
    0.15759E-01    0.23934E+05
    0.16077E-01    0.23976E+05
    0.16402E-01    0.24009E+05
    0.16734E-01    0.24034E+05
    0.17072E-01    0.24048E+05
    0.17416E-01    0.24054E+05
    0.17768E-01    0.24049E+05
    0.18127E-01    0.24035E+05
    0.18493E-01    0.24010E+05
    0.18867E-01    0.23975E+05
    0.19248E-01    0.23930E+05
    0.19637E-01    0.23874E+05
    0.20034E-01    0.23807E+05
    0.20438E-01    0.23729E+05
    0.20851E-01    0.23640E+05
    0.21272E-01    0.23541E+05
    0.21702E-01    0.23430E+05
    0.22141E-01    0.23308E+05
    0.22588E-01    0.23175E+05
    0.23044E-01    0.23031E+05
    0.23510E-01    0.22876E+05
    0.23985E-01    0.22710E+05
    0.24469E-01    0.22533E+05
    0.24964E-01    0.22346E+05
    0.25468E-01    0.22149E+05
    0.25982E-01    0.21941E+05
    0.26507E-01    0.21724E+05
    0.27043E-01    0.21497E+05
    0.27589E-01    0.21261E+05
    0.28146E-01    0.21017E+05
    0.28715E-01    0.20764E+05
    0.29295E-01    0.20504E+05
    0.29887E-01    0.20236E+05
    0.30490E-01    0.19962E+05
    0.31106E-01    0.19682E+05
    0.31735E-01    0.19397E+05
    0.32376E-01    0.19107E+05
    0.33030E-01    0.18813E+05
    0.33697E-01    0.18515E+05
    0.34378E-01    0.18216E+05
    0.35072E-01    0.17915E+05
    0.35781E-01    0.17613E+05
    0.36504E-01    0.17311E+05
    0.37241E-01    0.17009E+05
    0.37993E-01    0.16710E+05
    0.38761E-01    0.16413E+05
    0.39544E-01    0.16118E+05
    0.40343E-01    0.15829E+05
    0.41158E-01    0.15543E+05
    0.41989E-01    0.15264E+05
    0.42838E-01    0.14990E+05
    0.43703E-01    0.14723E+05
    0.44586E-01    0.14463E+05
    0.45486E-01    0.14211E+05
    0.46405E-01    0.13967E+05
    0.47343E-01    0.13732E+05
    0.48299E-01    0.13505E+05
    0.49275E-01    0.13287E+05
    0.50270E-01    0.13078E+05
    0.51286E-01    0.12877E+05
    0.52322E-01    0.12685E+05
    0.53379E-01    0.12501E+05
    0.54457E-01    0.12325E+05
    0.55557E-01    0.12155E+05
    0.56680E-01    0.11992E+05
    0.57825E-01    0.11834E+05
    0.58993E-01    0.11681E+05
    0.60184E-01    0.11530E+05
    0.61400E-01    0.11382E+05
    0.62641E-01    0.11235E+05
    0.63906E-01    0.11087E+05
    0.65197E-01    0.10938E+05
    0.66514E-01    0.10785E+05
    0.67858E-01    0.10628E+05
    0.69229E-01    0.10465E+05
    0.70627E-01    0.10294E+05
    0.72054E-01    0.10116E+05
    0.73510E-01    0.99293E+04
    0.74994E-01    0.97331E+04
    0.76509E-01    0.95273E+04
    0.78055E-01    0.93121E+04
    0.79632E-01    0.90879E+04
    0.81241E-01    0.88554E+04
    0.82882E-01    0.86158E+04
    0.84556E-01    0.83707E+04
    0.86264E-01    0.81218E+04
    0.88007E-01    0.78712E+04
    0.89785E-01    0.76213E+04
    0.91598E-01    0.73745E+04
    0.93449E-01    0.71331E+04
    0.95337E-01    0.68996E+04
    0.97263E-01    0.66762E+04
    0.99227E-01    0.64649E+04
    0.10123E+00    0.62674E+04
    0.10328E+00    0.60848E+04
    0.10536E+00    0.59181E+04
    0.10749E+00    0.57675E+04
    0.10966E+00    0.56327E+04
    0.11188E+00    0.55128E+04
    0.11414E+00    0.54065E+04
    0.11644E+00    0.53118E+04
    0.11880E+00    0.52263E+04
    0.12120E+00    0.51473E+04
    0.12365E+00    0.50714E+04
    0.12614E+00    0.49956E+04
    0.12869E+00    0.49165E+04
    0.13129E+00    0.48315E+04
    0.13394E+00    0.47383E+04
    0.13665E+00    0.46353E+04
    0.13941E+00    0.45218E+04
    0.14223E+00    0.43981E+04
    0.14510E+00    0.42657E+04
    0.14803E+00    0.41270E+04
    0.15102E+00    0.39853E+04
    0.15407E+00    0.38440E+04
    0.15718E+00    0.37068E+04
    0.16036E+00    0.35771E+04
    0.16360E+00    0.34578E+04
    0.16690E+00    0.33510E+04
    0.17028E+00    0.32576E+04
    0.17371E+00    0.31774E+04
    0.17722E+00    0.31093E+04
    0.18080E+00    0.30510E+04
    0.18446E+00    0.29995E+04
    0.18818E+00    0.29512E+04
    0.19198E+00    0.29025E+04
    0.19586E+00    0.28500E+04
    0.19982E+00    0.27914E+04
    0.20386E+00    0.27255E+04
    0.20797E+00    0.26524E+04
    0.21218E+00    0.25737E+04
    0.21646E+00    0.24923E+04
    0.22083E+00    0.24114E+04
    0.22530E+00    0.23343E+04
    0.22985E+00    0.22637E+04
    0.23449E+00    0.22014E+04
    0.23923E+00    0.21475E+04
    0.24406E+00    0.21012E+04
    0.24899E+00    0.20605E+04
    0.25402E+00    0.20226E+04
    0.25915E+00    0.19847E+04
    0.26439E+00    0.19446E+04
    0.26973E+00    0.19009E+04
    0.27518E+00    0.18535E+04
    0.28074E+00    0.18038E+04
    0.28641E+00    0.17539E+04
    0.29219E+00    0.17058E+04
    0.29810E+00    0.16615E+04
    0.30412E+00    0.16218E+04
    0.31026E+00    0.15864E+04
    0.31653E+00    0.15542E+04
    0.32292E+00    0.15235E+04
    0.32945E+00    0.14927E+04
    0.33610E+00    0.14608E+04
    0.34289E+00    0.14275E+04
    0.34982E+00    0.13936E+04
    0.35689E+00    0.13602E+04
    0.36409E+00    0.13285E+04
    0.37145E+00    0.12991E+04
    0.37895E+00    0.12719E+04
    0.38661E+00    0.12463E+04
    0.39442E+00    0.12214E+04
    0.40239E+00    0.11964E+04
    0.41052E+00    0.11712E+04
    0.41881E+00    0.11461E+04
    0.42727E+00    0.11216E+04
    0.43590E+00    0.10981E+04
    0.44471E+00    0.10759E+04
    0.45369E+00    0.10546E+04
    0.46286E+00    0.10340E+04
    0.47221E+00    0.10136E+04
    0.48174E+00    0.99338E+03
    0.49148E+00    0.97355E+03
    0.50141E+00    0.95429E+03
    0.51153E+00    0.93573E+03
    0.52187E+00    0.91777E+03
    0.53241E+00    0.90027E+03
    0.54317E+00    0.88310E+03
    0.55414E+00    0.86623E+03
    0.56533E+00    0.84974E+03
    0.57675E+00    0.83369E+03
    0.58840E+00    0.81806E+03
    0.60029E+00    0.80279E+03
    0.61242E+00    0.78783E+03
    0.62479E+00    0.77317E+03
    0.63741E+00    0.75881E+03
    0.65029E+00    0.74476E+03
    0.66342E+00    0.73102E+03
    0.67683E+00    0.71755E+03
    0.69050E+00    0.70433E+03
    0.70445E+00    0.69136E+03
    0.71868E+00    0.67863E+03
    0.73320E+00    0.66614E+03
    0.74801E+00    0.65387E+03
    0.76312E+00    0.64181E+03
    0.77854E+00    0.62996E+03
    0.79426E+00    0.61830E+03
    0.81031E+00    0.60683E+03
    0.82668E+00    0.59554E+03
    0.84338E+00    0.58443E+03
    0.86041E+00    0.57348E+03
    0.87780E+00    0.56268E+03
    0.89553E+00    0.55205E+03
    0.91362E+00    0.54156E+03
    0.93208E+00    0.53121E+03
    0.95091E+00    0.52100E+03
    0.97011E+00    0.51093E+03
    0.98971E+00    0.50098E+03
    0.10097E+01    0.49115E+03
    0.10301E+01    0.48145E+03
    0.10509E+01    0.47186E+03
    0.10721E+01    0.46239E+03
    0.10938E+01    0.45303E+03
    0.11159E+01    0.44377E+03
    0.11384E+01    0.43462E+03
    0.11614E+01    0.42558E+03
    0.11849E+01    0.41663E+03
    0.12088E+01    0.40779E+03
    0.12333E+01    0.39905E+03
    0.12582E+01    0.39040E+03
    0.12836E+01    0.38185E+03
    0.13095E+01    0.37339E+03
    0.13360E+01    0.36504E+03
    0.13630E+01    0.35677E+03
    0.13905E+01    0.34860E+03
    0.14186E+01    0.34053E+03
    0.14472E+01    0.33255E+03
    0.14765E+01    0.32467E+03
    0.15063E+01    0.31688E+03
    0.15367E+01    0.30919E+03
    0.15678E+01    0.30160E+03
    0.15994E+01    0.29411E+03
    0.16318E+01    0.28672E+03
    0.16647E+01    0.27943E+03
    0.16984E+01    0.27224E+03
    0.17327E+01    0.26515E+03
    0.17677E+01    0.25816E+03
    0.18034E+01    0.25129E+03
    0.18398E+01    0.24452E+03
    0.18770E+01    0.23786E+03
    0.19149E+01    0.23131E+03
    0.19536E+01    0.22486E+03
    0.19930E+01    0.21851E+03
    0.20333E+01    0.21226E+03
    0.20744E+01    0.20615E+03
