  0.745045E-04  0.186080E+08  0.186080E+08  0.241974E+08  0.241964E+08  0.186075E+08  0.186080E+08
  0.832603E-04  0.186078E+08  0.186078E+08  0.240466E+08  0.240454E+08  0.186070E+08  0.186078E+08
  0.930449E-04  0.186074E+08  0.186074E+08  0.238595E+08  0.238581E+08  0.186064E+08  0.186074E+08
  0.103979E-03  0.186070E+08  0.186070E+08  0.236277E+08  0.236260E+08  0.186056E+08  0.186070E+08
  0.116199E-03  0.186066E+08  0.186065E+08  0.233412E+08  0.233390E+08  0.186047E+08  0.186065E+08
  0.129855E-03  0.186059E+08  0.186059E+08  0.229878E+08  0.229852E+08  0.186035E+08  0.186059E+08
  0.145115E-03  0.186052E+08  0.186052E+08  0.225534E+08  0.225502E+08  0.186020E+08  0.186051E+08
  0.162169E-03  0.186042E+08  0.186042E+08  0.220214E+08  0.220176E+08  0.186002E+08  0.186042E+08
  0.181227E-03  0.186030E+08  0.186030E+08  0.213733E+08  0.213687E+08  0.185979E+08  0.186030E+08
  0.202524E-03  0.186015E+08  0.186015E+08  0.205886E+08  0.205832E+08  0.185950E+08  0.186015E+08
  0.226325E-03  0.185997E+08  0.185997E+08  0.196460E+08  0.196396E+08  0.185914E+08  0.185996E+08
  0.252922E-03  0.185974E+08  0.185974E+08  0.185248E+08  0.185175E+08  0.185870E+08  0.185974E+08
  0.282645E-03  0.185946E+08  0.185946E+08  0.172080E+08  0.171997E+08  0.185815E+08  0.185945E+08
  0.315862E-03  0.185911E+08  0.185911E+08  0.156860E+08  0.156769E+08  0.185746E+08  0.185910E+08
  0.352982E-03  0.185867E+08  0.185867E+08  0.139621E+08  0.139526E+08  0.185661E+08  0.185866E+08
  0.394464E-03  0.185814E+08  0.185814E+08  0.120601E+08  0.120507E+08  0.185556E+08  0.185812E+08
  0.440821E-03  0.185748E+08  0.185748E+08  0.100315E+08  0.100228E+08  0.185426E+08  0.185746E+08
  0.492625E-03  0.185667E+08  0.185667E+08  0.796135E+07  0.795446E+07  0.185265E+08  0.185665E+08
  0.550518E-03  0.185569E+08  0.185568E+08  0.596937E+07  0.596512E+07  0.185067E+08  0.185566E+08
  0.615215E-03  0.185449E+08  0.185449E+08  0.419885E+07  0.419786E+07  0.184823E+08  0.185445E+08
  0.687514E-03  0.185304E+08  0.185303E+08  0.278951E+07  0.279167E+07  0.184525E+08  0.185299E+08
  0.768310E-03  0.185129E+08  0.185129E+08  0.183207E+07  0.183618E+07  0.184161E+08  0.185123E+08
  0.858601E-03  0.184920E+08  0.184919E+08  0.131656E+07  0.132041E+07  0.183718E+08  0.184913E+08
  0.959503E-03  0.184669E+08  0.184668E+08  0.110608E+07  0.110739E+07  0.183182E+08  0.184661E+08
  0.107226E-02  0.184372E+08  0.184371E+08  0.980493E+06  0.978631E+06  0.182534E+08  0.184361E+08
  0.119827E-02  0.184020E+08  0.184019E+08  0.766343E+06  0.763512E+06  0.181754E+08  0.184007E+08
  0.133909E-02  0.183605E+08  0.183603E+08  0.474027E+06  0.473614E+06  0.180826E+08  0.183588E+08
  0.149646E-02  0.183116E+08  0.183114E+08  0.269604E+06  0.271756E+06  0.179717E+08  0.183096E+08
  0.167233E-02  0.182543E+08  0.182540E+08  0.228049E+06  0.228694E+06  0.178405E+08  0.182518E+08
  0.186886E-02  0.181873E+08  0.181869E+08  0.198639E+06  0.196847E+06  0.176861E+08  0.181843E+08
  0.208848E-02  0.181093E+08  0.181088E+08  0.100388E+06  0.100820E+06  0.175063E+08  0.181057E+08
  0.233392E-02  0.180187E+08  0.180182E+08  0.716271E+05  0.723687E+05  0.172986E+08  0.180145E+08
  0.260820E-02  0.179142E+08  0.179135E+08  0.640056E+05  0.620087E+05  0.170611E+08  0.179091E+08
  0.291471E-02  0.177938E+08  0.177930E+08  0.271516E+05  0.257001E+05  0.167923E+08  0.177879E+08
  0.325725E-02  0.176560E+08  0.176550E+08  0.333239E+05  0.283348E+05  0.164910E+08  0.176491E+08
  0.364004E-02  0.174990E+08  0.174977E+08  0.100161E+05  0.101913E+05  0.161564E+08  0.174910E+08
  0.406781E-02  0.173209E+08  0.173193E+08  0.831080E+04  0.815197E+04  0.157872E+08  0.173118E+08
  0.454586E-02  0.171200E+08  0.171180E+08  0.801010E+04  0.699140E+04  0.153817E+08  0.171097E+08
  0.508008E-02  0.168945E+08  0.168920E+08  0.000000E+00  0.000000E+00  0.149376E+08  0.168828E+08
  0.513684E-02  0.168705E+08  0.168680E+08  0.000000E+00  0.000000E+00  0.148909E+08  0.168587E+08
  0.519423E-02  0.168463E+08  0.168437E+08  0.000000E+00  0.000000E+00  0.148439E+08  0.168343E+08
  0.525227E-02  0.168218E+08  0.168191E+08  0.000000E+00  0.000000E+00  0.147964E+08  0.168097E+08
  0.531095E-02  0.167970E+08  0.167943E+08  0.000000E+00  0.000000E+00  0.147486E+08  0.167847E+08
  0.537029E-02  0.167719E+08  0.167692E+08  0.000000E+00  0.000000E+00  0.147003E+08  0.167595E+08
  0.543030E-02  0.167466E+08  0.167438E+08  0.000000E+00  0.000000E+00  0.146516E+08  0.167341E+08
  0.549097E-02  0.167210E+08  0.167182E+08  0.000000E+00  0.000000E+00  0.146025E+08  0.167083E+08
  0.555232E-02  0.166951E+08  0.166922E+08  0.000000E+00  0.000000E+00  0.145529E+08  0.166823E+08
  0.561436E-02  0.166690E+08  0.166660E+08  0.000000E+00  0.000000E+00  0.145030E+08  0.166560E+08
  0.567709E-02  0.166426E+08  0.166395E+08  0.000000E+00  0.000000E+00  0.144526E+08  0.166294E+08
  0.574052E-02  0.166158E+08  0.166127E+08  0.000000E+00  0.000000E+00  0.144018E+08  0.166026E+08
  0.580466E-02  0.165888E+08  0.165857E+08  0.000000E+00  0.000000E+00  0.143505E+08  0.165754E+08
  0.586951E-02  0.165616E+08  0.165583E+08  0.000000E+00  0.000000E+00  0.142989E+08  0.165480E+08
  0.593509E-02  0.165340E+08  0.165307E+08  0.000000E+00  0.000000E+00  0.142468E+08  0.165203E+08
  0.600141E-02  0.165061E+08  0.165027E+08  0.000000E+00  0.000000E+00  0.141943E+08  0.164922E+08
  0.606846E-02  0.164780E+08  0.164745E+08  0.000000E+00  0.000000E+00  0.141414E+08  0.164639E+08
  0.613626E-02  0.164495E+08  0.164460E+08  0.000000E+00  0.000000E+00  0.140880E+08  0.164353E+08
  0.620482E-02  0.164208E+08  0.164172E+08  0.000000E+00  0.000000E+00  0.140343E+08  0.164064E+08
  0.627415E-02  0.163917E+08  0.163881E+08  0.000000E+00  0.000000E+00  0.139801E+08  0.163772E+08
  0.634425E-02  0.163624E+08  0.163586E+08  0.000000E+00  0.000000E+00  0.139255E+08  0.163477E+08
  0.641514E-02  0.163328E+08  0.163289E+08  0.000000E+00  0.000000E+00  0.138704E+08  0.163179E+08
  0.648681E-02  0.163028E+08  0.162989E+08  0.000000E+00  0.000000E+00  0.138149E+08  0.162878E+08
  0.655929E-02  0.162726E+08  0.162686E+08  0.000000E+00  0.000000E+00  0.137591E+08  0.162574E+08
  0.663258E-02  0.162420E+08  0.162379E+08  0.000000E+00  0.000000E+00  0.137028E+08  0.162267E+08
  0.670669E-02  0.162112E+08  0.162070E+08  0.000000E+00  0.000000E+00  0.136460E+08  0.161957E+08
  0.678162E-02  0.161800E+08  0.161758E+08  0.000000E+00  0.000000E+00  0.135889E+08  0.161644E+08
  0.685739E-02  0.161485E+08  0.161442E+08  0.000000E+00  0.000000E+00  0.135313E+08  0.161327E+08
  0.693401E-02  0.161167E+08  0.161123E+08  0.000000E+00  0.000000E+00  0.134733E+08  0.161008E+08
  0.701148E-02  0.160846E+08  0.160801E+08  0.000000E+00  0.000000E+00  0.134149E+08  0.160685E+08
  0.708982E-02  0.160522E+08  0.160476E+08  0.000000E+00  0.000000E+00  0.133561E+08  0.160359E+08
  0.716904E-02  0.160195E+08  0.160147E+08  0.000000E+00  0.000000E+00  0.132969E+08  0.160030E+08
  0.724914E-02  0.159864E+08  0.159816E+08  0.000000E+00  0.000000E+00  0.132372E+08  0.159698E+08
  0.733013E-02  0.159530E+08  0.159481E+08  0.000000E+00  0.000000E+00  0.131771E+08  0.159362E+08
  0.741203E-02  0.159193E+08  0.159143E+08  0.000000E+00  0.000000E+00  0.131167E+08  0.159023E+08
  0.749485E-02  0.158853E+08  0.158801E+08  0.000000E+00  0.000000E+00  0.130558E+08  0.158681E+08
  0.757859E-02  0.158509E+08  0.158457E+08  0.000000E+00  0.000000E+00  0.129945E+08  0.158336E+08
  0.766327E-02  0.158162E+08  0.158109E+08  0.000000E+00  0.000000E+00  0.129328E+08  0.157987E+08
  0.774889E-02  0.157812E+08  0.157757E+08  0.000000E+00  0.000000E+00  0.128707E+08  0.157635E+08
  0.783547E-02  0.157458E+08  0.157403E+08  0.000000E+00  0.000000E+00  0.128081E+08  0.157280E+08
  0.792301E-02  0.157101E+08  0.157044E+08  0.000000E+00  0.000000E+00  0.127452E+08  0.156921E+08
  0.801154E-02  0.156741E+08  0.156683E+08  0.000000E+00  0.000000E+00  0.126819E+08  0.156559E+08
  0.810105E-02  0.156377E+08  0.156318E+08  0.000000E+00  0.000000E+00  0.126182E+08  0.156194E+08
  0.819156E-02  0.156010E+08  0.155950E+08  0.000000E+00  0.000000E+00  0.125541E+08  0.155825E+08
  0.828309E-02  0.155640E+08  0.155578E+08  0.000000E+00  0.000000E+00  0.124896E+08  0.155453E+08
  0.837564E-02  0.155266E+08  0.155203E+08  0.000000E+00  0.000000E+00  0.124247E+08  0.155077E+08
  0.846922E-02  0.154888E+08  0.154824E+08  0.000000E+00  0.000000E+00  0.123594E+08  0.154698E+08
  0.856385E-02  0.154507E+08  0.154442E+08  0.000000E+00  0.000000E+00  0.122938E+08  0.154315E+08
  0.865953E-02  0.154123E+08  0.154056E+08  0.000000E+00  0.000000E+00  0.122278E+08  0.153929E+08
  0.875628E-02  0.153735E+08  0.153667E+08  0.000000E+00  0.000000E+00  0.121614E+08  0.153539E+08
  0.885412E-02  0.153343E+08  0.153274E+08  0.000000E+00  0.000000E+00  0.120947E+08  0.153146E+08
  0.895305E-02  0.152948E+08  0.152877E+08  0.000000E+00  0.000000E+00  0.120276E+08  0.152749E+08
  0.905308E-02  0.152550E+08  0.152477E+08  0.000000E+00  0.000000E+00  0.119602E+08  0.152348E+08
  0.915423E-02  0.152148E+08  0.152074E+08  0.000000E+00  0.000000E+00  0.118924E+08  0.151944E+08
  0.925651E-02  0.151742E+08  0.151666E+08  0.000000E+00  0.000000E+00  0.118243E+08  0.151537E+08
  0.935993E-02  0.151332E+08  0.151256E+08  0.000000E+00  0.000000E+00  0.117558E+08  0.151126E+08
  0.946451E-02  0.150919E+08  0.150841E+08  0.000000E+00  0.000000E+00  0.116870E+08  0.150711E+08
  0.957026E-02  0.150503E+08  0.150423E+08  0.000000E+00  0.000000E+00  0.116179E+08  0.150292E+08
  0.967719E-02  0.150082E+08  0.150001E+08  0.000000E+00  0.000000E+00  0.115485E+08  0.149870E+08
  0.978531E-02  0.149658E+08  0.149575E+08  0.000000E+00  0.000000E+00  0.114788E+08  0.149444E+08
  0.989465E-02  0.149230E+08  0.149145E+08  0.000000E+00  0.000000E+00  0.114088E+08  0.149014E+08
  0.100052E-01  0.148799E+08  0.148712E+08  0.000000E+00  0.000000E+00  0.113385E+08  0.148581E+08
  0.101170E-01  0.148363E+08  0.148275E+08  0.000000E+00  0.000000E+00  0.112678E+08  0.148144E+08
  0.102300E-01  0.147924E+08  0.147834E+08  0.000000E+00  0.000000E+00  0.111969E+08  0.147703E+08
  0.103443E-01  0.147482E+08  0.147390E+08  0.000000E+00  0.000000E+00  0.111257E+08  0.147259E+08
  0.104599E-01  0.147035E+08  0.146941E+08  0.000000E+00  0.000000E+00  0.110542E+08  0.146810E+08
  0.105768E-01  0.146584E+08  0.146489E+08  0.000000E+00  0.000000E+00  0.109824E+08  0.146358E+08
  0.106949E-01  0.146130E+08  0.146033E+08  0.000000E+00  0.000000E+00  0.109103E+08  0.145902E+08
  0.108144E-01  0.145672E+08  0.145573E+08  0.000000E+00  0.000000E+00  0.108379E+08  0.145442E+08
  0.109353E-01  0.145210E+08  0.145109E+08  0.000000E+00  0.000000E+00  0.107652E+08  0.144978E+08
  0.110575E-01  0.144744E+08  0.144641E+08  0.000000E+00  0.000000E+00  0.106922E+08  0.144510E+08
  0.111810E-01  0.144274E+08  0.144169E+08  0.000000E+00  0.000000E+00  0.106189E+08  0.144039E+08
  0.113059E-01  0.143801E+08  0.143693E+08  0.000000E+00  0.000000E+00  0.105453E+08  0.143563E+08
  0.114322E-01  0.143323E+08  0.143214E+08  0.000000E+00  0.000000E+00  0.104715E+08  0.143084E+08
  0.115600E-01  0.142841E+08  0.142730E+08  0.000000E+00  0.000000E+00  0.103973E+08  0.142600E+08
  0.116891E-01  0.142356E+08  0.142242E+08  0.000000E+00  0.000000E+00  0.103229E+08  0.142113E+08
  0.118197E-01  0.141866E+08  0.141751E+08  0.000000E+00  0.000000E+00  0.102482E+08  0.141622E+08
  0.119518E-01  0.141373E+08  0.141255E+08  0.000000E+00  0.000000E+00  0.101733E+08  0.141126E+08
  0.120853E-01  0.140875E+08  0.140755E+08  0.000000E+00  0.000000E+00  0.100981E+08  0.140627E+08
  0.122204E-01  0.140374E+08  0.140251E+08  0.000000E+00  0.000000E+00  0.100226E+08  0.140124E+08
  0.123569E-01  0.139868E+08  0.139743E+08  0.000000E+00  0.000000E+00  0.994694E+07  0.139616E+08
  0.124950E-01  0.139358E+08  0.139231E+08  0.000000E+00  0.000000E+00  0.987105E+07  0.139105E+08
  0.126346E-01  0.138844E+08  0.138715E+08  0.000000E+00  0.000000E+00  0.979494E+07  0.138589E+08
  0.127758E-01  0.138327E+08  0.138194E+08  0.000000E+00  0.000000E+00  0.971865E+07  0.138069E+08
  0.129185E-01  0.137805E+08  0.137670E+08  0.000000E+00  0.000000E+00  0.964217E+07  0.137546E+08
  0.130628E-01  0.137278E+08  0.137141E+08  0.000000E+00  0.000000E+00  0.956552E+07  0.137018E+08
  0.132088E-01  0.136748E+08  0.136608E+08  0.000000E+00  0.000000E+00  0.948872E+07  0.136486E+08
  0.133564E-01  0.136214E+08  0.136071E+08  0.000000E+00  0.000000E+00  0.941176E+07  0.135950E+08
  0.135056E-01  0.135675E+08  0.135530E+08  0.000000E+00  0.000000E+00  0.933467E+07  0.135409E+08
  0.136565E-01  0.135132E+08  0.134985E+08  0.000000E+00  0.000000E+00  0.925744E+07  0.134865E+08
  0.138091E-01  0.134586E+08  0.134435E+08  0.000000E+00  0.000000E+00  0.918010E+07  0.134316E+08
  0.139634E-01  0.134034E+08  0.133881E+08  0.000000E+00  0.000000E+00  0.910263E+07  0.133763E+08
  0.141194E-01  0.133479E+08  0.133323E+08  0.000000E+00  0.000000E+00  0.902504E+07  0.133206E+08
  0.142772E-01  0.132920E+08  0.132761E+08  0.000000E+00  0.000000E+00  0.894735E+07  0.132645E+08
  0.144367E-01  0.132356E+08  0.132194E+08  0.000000E+00  0.000000E+00  0.886955E+07  0.132080E+08
  0.145980E-01  0.131788E+08  0.131623E+08  0.000000E+00  0.000000E+00  0.879164E+07  0.131510E+08
  0.147611E-01  0.131216E+08  0.131048E+08  0.000000E+00  0.000000E+00  0.871362E+07  0.130936E+08
  0.149260E-01  0.130639E+08  0.130469E+08  0.000000E+00  0.000000E+00  0.863551E+07  0.130358E+08
  0.150928E-01  0.130058E+08  0.129885E+08  0.000000E+00  0.000000E+00  0.855730E+07  0.129776E+08
  0.152614E-01  0.129474E+08  0.129297E+08  0.000000E+00  0.000000E+00  0.847900E+07  0.129189E+08
  0.154319E-01  0.128884E+08  0.128704E+08  0.000000E+00  0.000000E+00  0.840061E+07  0.128599E+08
  0.156043E-01  0.128291E+08  0.128108E+08  0.000000E+00  0.000000E+00  0.832214E+07  0.128004E+08
  0.157787E-01  0.127693E+08  0.127507E+08  0.000000E+00  0.000000E+00  0.824359E+07  0.127404E+08
  0.159550E-01  0.127091E+08  0.126902E+08  0.000000E+00  0.000000E+00  0.816499E+07  0.126801E+08
  0.161333E-01  0.126485E+08  0.126292E+08  0.000000E+00  0.000000E+00  0.808634E+07  0.126193E+08
  0.163135E-01  0.125874E+08  0.125678E+08  0.000000E+00  0.000000E+00  0.800764E+07  0.125581E+08
  0.164958E-01  0.125260E+08  0.125060E+08  0.000000E+00  0.000000E+00  0.792891E+07  0.124965E+08
  0.166801E-01  0.124641E+08  0.124438E+08  0.000000E+00  0.000000E+00  0.785017E+07  0.124344E+08
  0.168665E-01  0.124017E+08  0.123811E+08  0.000000E+00  0.000000E+00  0.777142E+07  0.123720E+08
  0.170549E-01  0.123390E+08  0.123180E+08  0.000000E+00  0.000000E+00  0.769267E+07  0.123091E+08
  0.172455E-01  0.122758E+08  0.122545E+08  0.000000E+00  0.000000E+00  0.761394E+07  0.122458E+08
  0.174382E-01  0.122122E+08  0.121905E+08  0.000000E+00  0.000000E+00  0.753523E+07  0.121820E+08
  0.176330E-01  0.121482E+08  0.121261E+08  0.000000E+00  0.000000E+00  0.745656E+07  0.121179E+08
  0.178300E-01  0.120838E+08  0.120613E+08  0.000000E+00  0.000000E+00  0.737793E+07  0.120533E+08
  0.180292E-01  0.120189E+08  0.119961E+08  0.000000E+00  0.000000E+00  0.729935E+07  0.119883E+08
  0.182307E-01  0.119536E+08  0.119305E+08  0.000000E+00  0.000000E+00  0.722083E+07  0.119229E+08
  0.184344E-01  0.118879E+08  0.118644E+08  0.000000E+00  0.000000E+00  0.714239E+07  0.118571E+08
  0.186403E-01  0.118218E+08  0.117979E+08  0.000000E+00  0.000000E+00  0.706402E+07  0.117908E+08
  0.188486E-01  0.117553E+08  0.117310E+08  0.000000E+00  0.000000E+00  0.698574E+07  0.117242E+08
  0.190592E-01  0.116884E+08  0.116637E+08  0.000000E+00  0.000000E+00  0.690756E+07  0.116572E+08
  0.192721E-01  0.116210E+08  0.115960E+08  0.000000E+00  0.000000E+00  0.682950E+07  0.115897E+08
  0.194875E-01  0.115533E+08  0.115279E+08  0.000000E+00  0.000000E+00  0.675156E+07  0.115218E+08
  0.197052E-01  0.114852E+08  0.114593E+08  0.000000E+00  0.000000E+00  0.667375E+07  0.114536E+08
  0.199254E-01  0.114166E+08  0.113904E+08  0.000000E+00  0.000000E+00  0.659608E+07  0.113850E+08
  0.201480E-01  0.113477E+08  0.113211E+08  0.000000E+00  0.000000E+00  0.651857E+07  0.113159E+08
  0.203731E-01  0.112784E+08  0.112514E+08  0.000000E+00  0.000000E+00  0.644122E+07  0.112465E+08
  0.206007E-01  0.112087E+08  0.111813E+08  0.000000E+00  0.000000E+00  0.636405E+07  0.111767E+08
  0.208309E-01  0.111386E+08  0.111108E+08  0.000000E+00  0.000000E+00  0.628705E+07  0.111065E+08
  0.210637E-01  0.110681E+08  0.110399E+08  0.000000E+00  0.000000E+00  0.621024E+07  0.110360E+08
  0.212990E-01  0.109973E+08  0.109687E+08  0.000000E+00  0.000000E+00  0.613363E+07  0.109650E+08
  0.215370E-01  0.109261E+08  0.108971E+08  0.000000E+00  0.000000E+00  0.605724E+07  0.108938E+08
  0.217776E-01  0.108546E+08  0.108251E+08  0.000000E+00  0.000000E+00  0.598106E+07  0.108221E+08
  0.220209E-01  0.107826E+08  0.107528E+08  0.000000E+00  0.000000E+00  0.590513E+07  0.107501E+08
  0.222670E-01  0.107104E+08  0.106802E+08  0.000000E+00  0.000000E+00  0.582944E+07  0.106778E+08
  0.225158E-01  0.106378E+08  0.106072E+08  0.000000E+00  0.000000E+00  0.575401E+07  0.106051E+08
  0.227673E-01  0.105649E+08  0.105338E+08  0.000000E+00  0.000000E+00  0.567885E+07  0.105321E+08
  0.230217E-01  0.104916E+08  0.104602E+08  0.000000E+00  0.000000E+00  0.560398E+07  0.104588E+08
  0.232789E-01  0.104181E+08  0.103862E+08  0.000000E+00  0.000000E+00  0.552940E+07  0.103852E+08
  0.235390E-01  0.103442E+08  0.103119E+08  0.000000E+00  0.000000E+00  0.545511E+07  0.103113E+08
  0.238020E-01  0.102700E+08  0.102374E+08  0.000000E+00  0.000000E+00  0.538114E+07  0.102370E+08
  0.240680E-01  0.101956E+08  0.101625E+08  0.000000E+00  0.000000E+00  0.530749E+07  0.101625E+08
  0.243369E-01  0.101208E+08  0.100873E+08  0.000000E+00  0.000000E+00  0.523415E+07  0.100877E+08
  0.246088E-01  0.100458E+08  0.100119E+08  0.000000E+00  0.000000E+00  0.516115E+07  0.100127E+08
  0.248838E-01  0.997053E+07  0.993627E+07  0.000000E+00  0.000000E+00  0.508849E+07  0.993737E+07
  0.251618E-01  0.989501E+07  0.986036E+07  0.000000E+00  0.000000E+00  0.501619E+07  0.986181E+07
  0.254429E-01  0.981926E+07  0.978422E+07  0.000000E+00  0.000000E+00  0.494427E+07  0.978602E+07
  0.257272E-01  0.974328E+07  0.970786E+07  0.000000E+00  0.000000E+00  0.487273E+07  0.971002E+07
  0.260147E-01  0.966709E+07  0.963129E+07  0.000000E+00  0.000000E+00  0.480160E+07  0.963380E+07
  0.263053E-01  0.959070E+07  0.955452E+07  0.000000E+00  0.000000E+00  0.473089E+07  0.955739E+07
  0.265992E-01  0.951413E+07  0.947758E+07  0.000000E+00  0.000000E+00  0.466063E+07  0.948080E+07
  0.268964E-01  0.943738E+07  0.940048E+07  0.000000E+00  0.000000E+00  0.459082E+07  0.940405E+07
  0.271970E-01  0.936048E+07  0.932322E+07  0.000000E+00  0.000000E+00  0.452147E+07  0.932714E+07
  0.275008E-01  0.928344E+07  0.924583E+07  0.000000E+00  0.000000E+00  0.445260E+07  0.925010E+07
  0.278081E-01  0.920628E+07  0.916832E+07  0.000000E+00  0.000000E+00  0.438421E+07  0.917294E+07
  0.281188E-01  0.912901E+07  0.909071E+07  0.000000E+00  0.000000E+00  0.431631E+07  0.909567E+07
  0.284330E-01  0.905164E+07  0.901302E+07  0.000000E+00  0.000000E+00  0.424890E+07  0.901832E+07
  0.287507E-01  0.897420E+07  0.893526E+07  0.000000E+00  0.000000E+00  0.418200E+07  0.894090E+07
  0.290719E-01  0.889671E+07  0.885745E+07  0.000000E+00  0.000000E+00  0.411561E+07  0.886342E+07
  0.293967E-01  0.881918E+07  0.877962E+07  0.000000E+00  0.000000E+00  0.404974E+07  0.878591E+07
  0.297252E-01  0.874163E+07  0.870178E+07  0.000000E+00  0.000000E+00  0.398439E+07  0.870839E+07
  0.300573E-01  0.866408E+07  0.862394E+07  0.000000E+00  0.000000E+00  0.391959E+07  0.863088E+07
  0.303931E-01  0.858655E+07  0.854614E+07  0.000000E+00  0.000000E+00  0.385534E+07  0.855338E+07
  0.307327E-01  0.850906E+07  0.846840E+07  0.000000E+00  0.000000E+00  0.379165E+07  0.847594E+07
  0.310761E-01  0.843163E+07  0.839072E+07  0.000000E+00  0.000000E+00  0.372854E+07  0.839856E+07
  0.314233E-01  0.835428E+07  0.831315E+07  0.000000E+00  0.000000E+00  0.366603E+07  0.832126E+07
  0.317744E-01  0.827704E+07  0.823569E+07  0.000000E+00  0.000000E+00  0.360413E+07  0.824408E+07
  0.321294E-01  0.819993E+07  0.815837E+07  0.000000E+00  0.000000E+00  0.354285E+07  0.816703E+07
  0.324884E-01  0.812297E+07  0.808122E+07  0.000000E+00  0.000000E+00  0.348221E+07  0.809014E+07
  0.328514E-01  0.804618E+07  0.800426E+07  0.000000E+00  0.000000E+00  0.342220E+07  0.801342E+07
  0.332184E-01  0.796958E+07  0.792751E+07  0.000000E+00  0.000000E+00  0.336285E+07  0.793690E+07
  0.335896E-01  0.789321E+07  0.785099E+07  0.000000E+00  0.000000E+00  0.330414E+07  0.786061E+07
  0.339649E-01  0.781708E+07  0.777474E+07  0.000000E+00  0.000000E+00  0.324608E+07  0.778457E+07
  0.343444E-01  0.774122E+07  0.769877E+07  0.000000E+00  0.000000E+00  0.318868E+07  0.770880E+07
  0.347281E-01  0.766566E+07  0.762312E+07  0.000000E+00  0.000000E+00  0.313195E+07  0.763333E+07
  0.351161E-01  0.759041E+07  0.754780E+07  0.000000E+00  0.000000E+00  0.307590E+07  0.755819E+07
  0.355085E-01  0.751550E+07  0.747285E+07  0.000000E+00  0.000000E+00  0.302054E+07  0.748339E+07
  0.359052E-01  0.744097E+07  0.739829E+07  0.000000E+00  0.000000E+00  0.296588E+07  0.740897E+07
  0.363064E-01  0.736683E+07  0.732414E+07  0.000000E+00  0.000000E+00  0.291193E+07  0.733494E+07
  0.367120E-01  0.729311E+07  0.725043E+07  0.000000E+00  0.000000E+00  0.285869E+07  0.726134E+07
  0.371222E-01  0.721983E+07  0.717719E+07  0.000000E+00  0.000000E+00  0.280617E+07  0.718819E+07
  0.375370E-01  0.714703E+07  0.710444E+07  0.000000E+00  0.000000E+00  0.275436E+07  0.711552E+07
  0.379564E-01  0.707472E+07  0.703221E+07  0.000000E+00  0.000000E+00  0.270327E+07  0.704334E+07
  0.383805E-01  0.700292E+07  0.696052E+07  0.000000E+00  0.000000E+00  0.265291E+07  0.697169E+07
  0.388093E-01  0.693168E+07  0.688940E+07  0.000000E+00  0.000000E+00  0.260329E+07  0.690059E+07
  0.392429E-01  0.686100E+07  0.681887E+07  0.000000E+00  0.000000E+00  0.255441E+07  0.683005E+07
  0.396814E-01  0.679091E+07  0.674895E+07  0.000000E+00  0.000000E+00  0.250629E+07  0.676011E+07
  0.401248E-01  0.672143E+07  0.667966E+07  0.000000E+00  0.000000E+00  0.245891E+07  0.669079E+07
  0.405731E-01  0.665258E+07  0.661104E+07  0.000000E+00  0.000000E+00  0.241227E+07  0.662210E+07
  0.410264E-01  0.658439E+07  0.654309E+07  0.000000E+00  0.000000E+00  0.236637E+07  0.655408E+07
  0.414848E-01  0.651689E+07  0.647586E+07  0.000000E+00  0.000000E+00  0.232121E+07  0.648674E+07
  0.419483E-01  0.645009E+07  0.640936E+07  0.000000E+00  0.000000E+00  0.227680E+07  0.642012E+07
  0.424170E-01  0.638402E+07  0.634361E+07  0.000000E+00  0.000000E+00  0.223313E+07  0.635422E+07
  0.428909E-01  0.631870E+07  0.627862E+07  0.000000E+00  0.000000E+00  0.219022E+07  0.628907E+07
  0.433702E-01  0.625413E+07  0.621443E+07  0.000000E+00  0.000000E+00  0.214805E+07  0.622469E+07
  0.438547E-01  0.619034E+07  0.615103E+07  0.000000E+00  0.000000E+00  0.210663E+07  0.616109E+07
  0.443447E-01  0.612735E+07  0.608845E+07  0.000000E+00  0.000000E+00  0.206594E+07  0.609828E+07
  0.448402E-01  0.606515E+07  0.602670E+07  0.000000E+00  0.000000E+00  0.202599E+07  0.603628E+07
  0.453412E-01  0.600377E+07  0.596578E+07  0.000000E+00  0.000000E+00  0.198678E+07  0.597509E+07
  0.458478E-01  0.594321E+07  0.590571E+07  0.000000E+00  0.000000E+00  0.194830E+07  0.591473E+07
  0.463601E-01  0.588348E+07  0.584650E+07  0.000000E+00  0.000000E+00  0.191053E+07  0.585520E+07
  0.468780E-01  0.582460E+07  0.578816E+07  0.000000E+00  0.000000E+00  0.187348E+07  0.579652E+07
  0.474018E-01  0.576657E+07  0.573068E+07  0.000000E+00  0.000000E+00  0.183712E+07  0.573870E+07
  0.479314E-01  0.570939E+07  0.567408E+07  0.000000E+00  0.000000E+00  0.180146E+07  0.568172E+07
  0.484670E-01  0.565306E+07  0.561834E+07  0.000000E+00  0.000000E+00  0.176650E+07  0.562560E+07
  0.490085E-01  0.559759E+07  0.556348E+07  0.000000E+00  0.000000E+00  0.173222E+07  0.557034E+07
  0.495561E-01  0.554295E+07  0.550948E+07  0.000000E+00  0.000000E+00  0.169862E+07  0.551592E+07
  0.501098E-01  0.548916E+07  0.545634E+07  0.000000E+00  0.000000E+00  0.166567E+07  0.546234E+07
  0.506696E-01  0.543620E+07  0.540404E+07  0.000000E+00  0.000000E+00  0.163336E+07  0.540959E+07
  0.512358E-01  0.538406E+07  0.535258E+07  0.000000E+00  0.000000E+00  0.160167E+07  0.535766E+07
  0.518082E-01  0.533272E+07  0.530195E+07  0.000000E+00  0.000000E+00  0.157060E+07  0.530655E+07
  0.523871E-01  0.528219E+07  0.525212E+07  0.000000E+00  0.000000E+00  0.154016E+07  0.525623E+07
  0.529724E-01  0.523245E+07  0.520309E+07  0.000000E+00  0.000000E+00  0.151033E+07  0.520670E+07
  0.535643E-01  0.518347E+07  0.515484E+07  0.000000E+00  0.000000E+00  0.148110E+07  0.515794E+07
  0.541628E-01  0.513524E+07  0.510734E+07  0.000000E+00  0.000000E+00  0.145243E+07  0.510993E+07
  0.547679E-01  0.508773E+07  0.506056E+07  0.000000E+00  0.000000E+00  0.142431E+07  0.506263E+07
  0.553799E-01  0.504090E+07  0.501448E+07  0.000000E+00  0.000000E+00  0.139672E+07  0.501603E+07
  0.559986E-01  0.499474E+07  0.496906E+07  0.000000E+00  0.000000E+00  0.136966E+07  0.497008E+07
  0.566243E-01  0.494919E+07  0.492425E+07  0.000000E+00  0.000000E+00  0.134311E+07  0.492475E+07
  0.572570E-01  0.490424E+07  0.488003E+07  0.000000E+00  0.000000E+00  0.131705E+07  0.488001E+07
  0.578967E-01  0.485983E+07  0.483636E+07  0.000000E+00  0.000000E+00  0.129148E+07  0.483581E+07
  0.585436E-01  0.481594E+07  0.479320E+07  0.000000E+00  0.000000E+00  0.126636E+07  0.479214E+07
  0.591977E-01  0.477253E+07  0.475051E+07  0.000000E+00  0.000000E+00  0.124170E+07  0.474894E+07
  0.598591E-01  0.472956E+07  0.470824E+07  0.000000E+00  0.000000E+00  0.121745E+07  0.470618E+07
  0.607789E-01  0.467123E+07  0.465086E+07  0.000000E+00  0.000000E+00  0.118484E+07  0.464813E+07
  0.616987E-01  0.461440E+07  0.459493E+07  0.000000E+00  0.000000E+00  0.115344E+07  0.459157E+07
  0.626185E-01  0.455888E+07  0.454027E+07  0.000000E+00  0.000000E+00  0.112318E+07  0.453632E+07
  0.635384E-01  0.450452E+07  0.448672E+07  0.000000E+00  0.000000E+00  0.109397E+07  0.448223E+07
  0.644582E-01  0.445119E+07  0.443414E+07  0.000000E+00  0.000000E+00  0.106571E+07  0.442914E+07
  0.653780E-01  0.439874E+07  0.438238E+07  0.000000E+00  0.000000E+00  0.103836E+07  0.437694E+07
  0.662978E-01  0.434705E+07  0.433134E+07  0.000000E+00  0.000000E+00  0.101188E+07  0.432549E+07
  0.672176E-01  0.429602E+07  0.428090E+07  0.000000E+00  0.000000E+00  0.986189E+06  0.427469E+07
  0.681374E-01  0.424555E+07  0.423095E+07  0.000000E+00  0.000000E+00  0.961245E+06  0.422444E+07
  0.690572E-01  0.419554E+07  0.418141E+07  0.000000E+00  0.000000E+00  0.936998E+06  0.417464E+07
  0.699770E-01  0.414591E+07  0.413219E+07  0.000000E+00  0.000000E+00  0.913414E+06  0.412523E+07
  0.708968E-01  0.409660E+07  0.408324E+07  0.000000E+00  0.000000E+00  0.890463E+06  0.407612E+07
  0.718166E-01  0.404756E+07  0.403449E+07  0.000000E+00  0.000000E+00  0.868113E+06  0.402727E+07
  0.727364E-01  0.399873E+07  0.398591E+07  0.000000E+00  0.000000E+00  0.846327E+06  0.397864E+07
  0.736563E-01  0.395008E+07  0.393745E+07  0.000000E+00  0.000000E+00  0.825074E+06  0.393018E+07
  0.745761E-01  0.390159E+07  0.388910E+07  0.000000E+00  0.000000E+00  0.804343E+06  0.388187E+07
  0.754959E-01  0.385325E+07  0.384085E+07  0.000000E+00  0.000000E+00  0.784127E+06  0.383370E+07
  0.764157E-01  0.380504E+07  0.379269E+07  0.000000E+00  0.000000E+00  0.764400E+06  0.378566E+07
  0.773355E-01  0.375697E+07  0.374462E+07  0.000000E+00  0.000000E+00  0.745139E+06  0.373776E+07
  0.782553E-01  0.370905E+07  0.369666E+07  0.000000E+00  0.000000E+00  0.726336E+06  0.369000E+07
  0.791751E-01  0.366128E+07  0.364882E+07  0.000000E+00  0.000000E+00  0.707987E+06  0.364239E+07
  0.800949E-01  0.361370E+07  0.360113E+07  0.000000E+00  0.000000E+00  0.690082E+06  0.359497E+07
  0.810147E-01  0.356632E+07  0.355363E+07  0.000000E+00  0.000000E+00  0.672610E+06  0.354775E+07
  0.819345E-01  0.351919E+07  0.350634E+07  0.000000E+00  0.000000E+00  0.655566E+06  0.350077E+07
  0.828543E-01  0.347235E+07  0.345932E+07  0.000000E+00  0.000000E+00  0.638945E+06  0.345408E+07
  0.837742E-01  0.342583E+07  0.341261E+07  0.000000E+00  0.000000E+00  0.622745E+06  0.340771E+07
  0.846940E-01  0.337968E+07  0.336625E+07  0.000000E+00  0.000000E+00  0.606966E+06  0.336170E+07
  0.856138E-01  0.333394E+07  0.332029E+07  0.000000E+00  0.000000E+00  0.591595E+06  0.331611E+07
  0.865336E-01  0.328866E+07  0.327478E+07  0.000000E+00  0.000000E+00  0.576626E+06  0.327097E+07
  0.874534E-01  0.324390E+07  0.322980E+07  0.000000E+00  0.000000E+00  0.562062E+06  0.322635E+07
  0.883732E-01  0.319971E+07  0.318538E+07  0.000000E+00  0.000000E+00  0.547907E+06  0.318230E+07
  0.892930E-01  0.315613E+07  0.314158E+07  0.000000E+00  0.000000E+00  0.534157E+06  0.313887E+07
  0.902128E-01  0.311322E+07  0.309845E+07  0.000000E+00  0.000000E+00  0.520800E+06  0.309610E+07
  0.911326E-01  0.307102E+07  0.305604E+07  0.000000E+00  0.000000E+00  0.507834E+06  0.305403E+07
  0.920524E-01  0.302956E+07  0.301439E+07  0.000000E+00  0.000000E+00  0.495256E+06  0.301272E+07
  0.929722E-01  0.298890E+07  0.297355E+07  0.000000E+00  0.000000E+00  0.483065E+06  0.297219E+07
  0.938921E-01  0.294907E+07  0.293356E+07  0.000000E+00  0.000000E+00  0.471256E+06  0.293250E+07
  0.948119E-01  0.291011E+07  0.289446E+07  0.000000E+00  0.000000E+00  0.459822E+06  0.289368E+07
  0.957317E-01  0.287206E+07  0.285629E+07  0.000000E+00  0.000000E+00  0.448758E+06  0.285577E+07
  0.966515E-01  0.283495E+07  0.281908E+07  0.000000E+00  0.000000E+00  0.438059E+06  0.281880E+07
  0.975713E-01  0.279879E+07  0.278286E+07  0.000000E+00  0.000000E+00  0.427722E+06  0.278278E+07
  0.984911E-01  0.276362E+07  0.274764E+07  0.000000E+00  0.000000E+00  0.417736E+06  0.274775E+07
  0.994109E-01  0.272944E+07  0.271344E+07  0.000000E+00  0.000000E+00  0.408090E+06  0.271371E+07
  0.100331E+00  0.269628E+07  0.268028E+07  0.000000E+00  0.000000E+00  0.398779E+06  0.268069E+07
  0.101251E+00  0.266413E+07  0.264817E+07  0.000000E+00  0.000000E+00  0.389800E+06  0.264868E+07
  0.102170E+00  0.263300E+07  0.261710E+07  0.000000E+00  0.000000E+00  0.381143E+06  0.261769E+07
  0.103090E+00  0.260288E+07  0.258707E+07  0.000000E+00  0.000000E+00  0.372795E+06  0.258771E+07
  0.104010E+00  0.257377E+07  0.255807E+07  0.000000E+00  0.000000E+00  0.364745E+06  0.255874E+07
  0.104930E+00  0.254566E+07  0.253010E+07  0.000000E+00  0.000000E+00  0.356985E+06  0.253077E+07
  0.105850E+00  0.251854E+07  0.250314E+07  0.000000E+00  0.000000E+00  0.349507E+06  0.250378E+07
  0.106769E+00  0.249238E+07  0.247717E+07  0.000000E+00  0.000000E+00  0.342301E+06  0.247776E+07
  0.107689E+00  0.246716E+07  0.245216E+07  0.000000E+00  0.000000E+00  0.335356E+06  0.245268E+07
  0.108609E+00  0.244286E+07  0.242809E+07  0.000000E+00  0.000000E+00  0.328660E+06  0.242851E+07
  0.109529E+00  0.241944E+07  0.240492E+07  0.000000E+00  0.000000E+00  0.322202E+06  0.240522E+07
  0.110449E+00  0.239686E+07  0.238261E+07  0.000000E+00  0.000000E+00  0.315973E+06  0.238278E+07
  0.111368E+00  0.237510E+07  0.236113E+07  0.000000E+00  0.000000E+00  0.309962E+06  0.236115E+07
  0.112288E+00  0.235411E+07  0.234044E+07  0.000000E+00  0.000000E+00  0.304154E+06  0.234029E+07
  0.113208E+00  0.233385E+07  0.232049E+07  0.000000E+00  0.000000E+00  0.298541E+06  0.232016E+07
  0.114128E+00  0.231429E+07  0.230125E+07  0.000000E+00  0.000000E+00  0.293116E+06  0.230072E+07
  0.115048E+00  0.229537E+07  0.228266E+07  0.000000E+00  0.000000E+00  0.287868E+06  0.228193E+07
  0.115967E+00  0.227704E+07  0.226467E+07  0.000000E+00  0.000000E+00  0.282783E+06  0.226373E+07
  0.116887E+00  0.225927E+07  0.224723E+07  0.000000E+00  0.000000E+00  0.277852E+06  0.224608E+07
  0.117807E+00  0.224201E+07  0.223031E+07  0.000000E+00  0.000000E+00  0.273066E+06  0.222893E+07
  0.118727E+00  0.222520E+07  0.221385E+07  0.000000E+00  0.000000E+00  0.268416E+06  0.221225E+07
  0.119647E+00  0.220882E+07  0.219780E+07  0.000000E+00  0.000000E+00  0.263894E+06  0.219598E+07
  0.120567E+00  0.219280E+07  0.218211E+07  0.000000E+00  0.000000E+00  0.259492E+06  0.218007E+07
  0.121486E+00  0.217710E+07  0.216674E+07  0.000000E+00  0.000000E+00  0.255199E+06  0.216449E+07
  0.122406E+00  0.216167E+07  0.215164E+07  0.000000E+00  0.000000E+00  0.251009E+06  0.214917E+07
  0.123326E+00  0.214648E+07  0.213676E+07  0.000000E+00  0.000000E+00  0.246914E+06  0.213409E+07
  0.124246E+00  0.213148E+07  0.212205E+07  0.000000E+00  0.000000E+00  0.242908E+06  0.211920E+07
  0.125166E+00  0.211663E+07  0.210749E+07  0.000000E+00  0.000000E+00  0.238982E+06  0.210445E+07
  0.126085E+00  0.210189E+07  0.209303E+07  0.000000E+00  0.000000E+00  0.235130E+06  0.208981E+07
  0.127005E+00  0.208723E+07  0.207863E+07  0.000000E+00  0.000000E+00  0.231350E+06  0.207525E+07
  0.127925E+00  0.207262E+07  0.206426E+07  0.000000E+00  0.000000E+00  0.227636E+06  0.206074E+07
  0.128845E+00  0.205803E+07  0.204990E+07  0.000000E+00  0.000000E+00  0.223984E+06  0.204624E+07
  0.129765E+00  0.204343E+07  0.203552E+07  0.000000E+00  0.000000E+00  0.220387E+06  0.203174E+07
  0.130684E+00  0.202881E+07  0.202109E+07  0.000000E+00  0.000000E+00  0.216843E+06  0.201721E+07
  0.131604E+00  0.201414E+07  0.200660E+07  0.000000E+00  0.000000E+00  0.213349E+06  0.200263E+07
  0.132524E+00  0.199940E+07  0.199202E+07  0.000000E+00  0.000000E+00  0.209903E+06  0.198798E+07
  0.133444E+00  0.198459E+07  0.197734E+07  0.000000E+00  0.000000E+00  0.206503E+06  0.197325E+07
  0.134364E+00  0.196968E+07  0.196255E+07  0.000000E+00  0.000000E+00  0.203145E+06  0.195843E+07
  0.135283E+00  0.195467E+07  0.194765E+07  0.000000E+00  0.000000E+00  0.199828E+06  0.194350E+07
  0.136203E+00  0.193955E+07  0.193262E+07  0.000000E+00  0.000000E+00  0.196551E+06  0.192847E+07
  0.137123E+00  0.192433E+07  0.191746E+07  0.000000E+00  0.000000E+00  0.193313E+06  0.191332E+07
  0.138043E+00  0.190899E+07  0.190218E+07  0.000000E+00  0.000000E+00  0.190113E+06  0.189806E+07
  0.138963E+00  0.189354E+07  0.188676E+07  0.000000E+00  0.000000E+00  0.186949E+06  0.188269E+07
  0.139883E+00  0.187799E+07  0.187123E+07  0.000000E+00  0.000000E+00  0.183824E+06  0.186721E+07
  0.140802E+00  0.186234E+07  0.185558E+07  0.000000E+00  0.000000E+00  0.180737E+06  0.185163E+07
  0.141722E+00  0.184660E+07  0.183983E+07  0.000000E+00  0.000000E+00  0.177688E+06  0.183596E+07
  0.142642E+00  0.183078E+07  0.182400E+07  0.000000E+00  0.000000E+00  0.174676E+06  0.182022E+07
  0.143562E+00  0.181491E+07  0.180809E+07  0.000000E+00  0.000000E+00  0.171703E+06  0.180441E+07
  0.144482E+00  0.179898E+07  0.179212E+07  0.000000E+00  0.000000E+00  0.168769E+06  0.178856E+07
  0.145401E+00  0.178303E+07  0.177611E+07  0.000000E+00  0.000000E+00  0.165877E+06  0.177267E+07
  0.146321E+00  0.176706E+07  0.176008E+07  0.000000E+00  0.000000E+00  0.163026E+06  0.175677E+07
  0.147241E+00  0.175110E+07  0.174405E+07  0.000000E+00  0.000000E+00  0.160218E+06  0.174088E+07
  0.148161E+00  0.173516E+07  0.172805E+07  0.000000E+00  0.000000E+00  0.157452E+06  0.172501E+07
  0.149081E+00  0.171928E+07  0.171208E+07  0.000000E+00  0.000000E+00  0.154732E+06  0.170919E+07
  0.150000E+00  0.170346E+07  0.169619E+07  0.000000E+00  0.000000E+00  0.152058E+06  0.169344E+07
  0.150920E+00  0.168774E+07  0.168038E+07  0.000000E+00  0.000000E+00  0.149430E+06  0.167778E+07
  0.151840E+00  0.167212E+07  0.166468E+07  0.000000E+00  0.000000E+00  0.146849E+06  0.166223E+07
  0.152760E+00  0.165664E+07  0.164911E+07  0.000000E+00  0.000000E+00  0.144318E+06  0.164681E+07
  0.153680E+00  0.164131E+07  0.163370E+07  0.000000E+00  0.000000E+00  0.141836E+06  0.163154E+07
  0.154599E+00  0.162614E+07  0.161846E+07  0.000000E+00  0.000000E+00  0.139404E+06  0.161643E+07
  0.155519E+00  0.161117E+07  0.160340E+07  0.000000E+00  0.000000E+00  0.137022E+06  0.160152E+07
  0.156439E+00  0.159640E+07  0.158856E+07  0.000000E+00  0.000000E+00  0.134691E+06  0.158681E+07
  0.157359E+00  0.158185E+07  0.157395E+07  0.000000E+00  0.000000E+00  0.132411E+06  0.157233E+07
  0.158279E+00  0.156755E+07  0.155959E+07  0.000000E+00  0.000000E+00  0.130184E+06  0.155809E+07
  0.159199E+00  0.155350E+07  0.154548E+07  0.000000E+00  0.000000E+00  0.128010E+06  0.154410E+07
  0.160118E+00  0.153971E+07  0.153166E+07  0.000000E+00  0.000000E+00  0.125888E+06  0.153037E+07
  0.161038E+00  0.152621E+07  0.151812E+07  0.000000E+00  0.000000E+00  0.123817E+06  0.151694E+07
  0.161958E+00  0.151300E+07  0.150488E+07  0.000000E+00  0.000000E+00  0.121799E+06  0.150379E+07
  0.162878E+00  0.150010E+07  0.149196E+07  0.000000E+00  0.000000E+00  0.119833E+06  0.149094E+07
  0.163798E+00  0.148750E+07  0.147935E+07  0.000000E+00  0.000000E+00  0.117918E+06  0.147841E+07
  0.164717E+00  0.147522E+07  0.146707E+07  0.000000E+00  0.000000E+00  0.116054E+06  0.146618E+07
  0.165637E+00  0.146326E+07  0.145512E+07  0.000000E+00  0.000000E+00  0.114240E+06  0.145428E+07
  0.166557E+00  0.145162E+07  0.144350E+07  0.000000E+00  0.000000E+00  0.112476E+06  0.144270E+07
  0.167477E+00  0.144030E+07  0.143221E+07  0.000000E+00  0.000000E+00  0.110761E+06  0.143145E+07
  0.168397E+00  0.142931E+07  0.142126E+07  0.000000E+00  0.000000E+00  0.109093E+06  0.142051E+07
  0.169316E+00  0.141863E+07  0.141063E+07  0.000000E+00  0.000000E+00  0.107470E+06  0.140990E+07
  0.170236E+00  0.140827E+07  0.140032E+07  0.000000E+00  0.000000E+00  0.105893E+06  0.139959E+07
  0.171156E+00  0.139822E+07  0.139034E+07  0.000000E+00  0.000000E+00  0.104360E+06  0.138960E+07
  0.172076E+00  0.138846E+07  0.138066E+07  0.000000E+00  0.000000E+00  0.102870E+06  0.137990E+07
  0.172996E+00  0.137900E+07  0.137128E+07  0.000000E+00  0.000000E+00  0.101420E+06  0.137050E+07
  0.173915E+00  0.136983E+07  0.136219E+07  0.000000E+00  0.000000E+00  0.100010E+06  0.136138E+07
  0.174835E+00  0.136093E+07  0.135339E+07  0.000000E+00  0.000000E+00  0.986370E+05  0.135254E+07
  0.175755E+00  0.135229E+07  0.134485E+07  0.000000E+00  0.000000E+00  0.973010E+05  0.134396E+07
  0.176675E+00  0.134389E+07  0.133657E+07  0.000000E+00  0.000000E+00  0.959999E+05  0.133562E+07
  0.177595E+00  0.133574E+07  0.132853E+07  0.000000E+00  0.000000E+00  0.947319E+05  0.132752E+07
  0.178515E+00  0.132781E+07  0.132071E+07  0.000000E+00  0.000000E+00  0.934956E+05  0.131965E+07
  0.179434E+00  0.132008E+07  0.131311E+07  0.000000E+00  0.000000E+00  0.922894E+05  0.131198E+07
  0.180354E+00  0.131255E+07  0.130570E+07  0.000000E+00  0.000000E+00  0.911118E+05  0.130450E+07
  0.181274E+00  0.130520E+07  0.129847E+07  0.000000E+00  0.000000E+00  0.899608E+05  0.129720E+07
  0.182194E+00  0.129801E+07  0.129141E+07  0.000000E+00  0.000000E+00  0.888349E+05  0.129007E+07
  0.183114E+00  0.129097E+07  0.128450E+07  0.000000E+00  0.000000E+00  0.877327E+05  0.128308E+07
  0.184033E+00  0.128406E+07  0.127771E+07  0.000000E+00  0.000000E+00  0.866532E+05  0.127622E+07
  0.184953E+00  0.127726E+07  0.127104E+07  0.000000E+00  0.000000E+00  0.855948E+05  0.126947E+07
  0.185873E+00  0.127056E+07  0.126447E+07  0.000000E+00  0.000000E+00  0.845555E+05  0.126282E+07
  0.186793E+00  0.126395E+07  0.125798E+07  0.000000E+00  0.000000E+00  0.835339E+05  0.125626E+07
  0.187713E+00  0.125741E+07  0.125156E+07  0.000000E+00  0.000000E+00  0.825291E+05  0.124977E+07
  0.188632E+00  0.125092E+07  0.124519E+07  0.000000E+00  0.000000E+00  0.815401E+05  0.124333E+07
  0.189552E+00  0.124447E+07  0.123886E+07  0.000000E+00  0.000000E+00  0.805656E+05  0.123693E+07
  0.190472E+00  0.123806E+07  0.123255E+07  0.000000E+00  0.000000E+00  0.796045E+05  0.123056E+07
  0.191392E+00  0.123166E+07  0.122626E+07  0.000000E+00  0.000000E+00  0.786557E+05  0.122421E+07
  0.192312E+00  0.122526E+07  0.121997E+07  0.000000E+00  0.000000E+00  0.777184E+05  0.121786E+07
  0.193231E+00  0.121886E+07  0.121366E+07  0.000000E+00  0.000000E+00  0.767918E+05  0.121151E+07
  0.194151E+00  0.121245E+07  0.120734E+07  0.000000E+00  0.000000E+00  0.758752E+05  0.120514E+07
  0.195071E+00  0.120602E+07  0.120099E+07  0.000000E+00  0.000000E+00  0.749676E+05  0.119875E+07
  0.195991E+00  0.119956E+07  0.119461E+07  0.000000E+00  0.000000E+00  0.740689E+05  0.119234E+07
  0.196911E+00  0.119307E+07  0.118819E+07  0.000000E+00  0.000000E+00  0.731788E+05  0.118589E+07
  0.197830E+00  0.118654E+07  0.118172E+07  0.000000E+00  0.000000E+00  0.722967E+05  0.117940E+07
  0.198750E+00  0.117996E+07  0.117520E+07  0.000000E+00  0.000000E+00  0.714218E+05  0.117286E+07
  0.199670E+00  0.117334E+07  0.116863E+07  0.000000E+00  0.000000E+00  0.705538E+05  0.116628E+07
  0.200590E+00  0.116666E+07  0.116200E+07  0.000000E+00  0.000000E+00  0.696927E+05  0.115964E+07
  0.201510E+00  0.115994E+07  0.115532E+07  0.000000E+00  0.000000E+00  0.688385E+05  0.115296E+07
  0.202430E+00  0.115316E+07  0.114857E+07  0.000000E+00  0.000000E+00  0.679912E+05  0.114622E+07
  0.203349E+00  0.114634E+07  0.114177E+07  0.000000E+00  0.000000E+00  0.671504E+05  0.113943E+07
  0.204269E+00  0.113946E+07  0.113492E+07  0.000000E+00  0.000000E+00  0.663162E+05  0.113259E+07
  0.205189E+00  0.113254E+07  0.112801E+07  0.000000E+00  0.000000E+00  0.654887E+05  0.112571E+07
  0.206109E+00  0.112557E+07  0.112105E+07  0.000000E+00  0.000000E+00  0.646679E+05  0.111878E+07
  0.207029E+00  0.111856E+07  0.111405E+07  0.000000E+00  0.000000E+00  0.638541E+05  0.111181E+07
  0.207948E+00  0.111152E+07  0.110700E+07  0.000000E+00  0.000000E+00  0.630473E+05  0.110480E+07
  0.208868E+00  0.110445E+07  0.109993E+07  0.000000E+00  0.000000E+00  0.622478E+05  0.109776E+07
  0.209788E+00  0.109735E+07  0.109282E+07  0.000000E+00  0.000000E+00  0.614561E+05  0.109070E+07
  0.210708E+00  0.109024E+07  0.108570E+07  0.000000E+00  0.000000E+00  0.606724E+05  0.108362E+07
  0.211628E+00  0.108311E+07  0.107856E+07  0.000000E+00  0.000000E+00  0.598967E+05  0.107653E+07
  0.212547E+00  0.107598E+07  0.107142E+07  0.000000E+00  0.000000E+00  0.591291E+05  0.106944E+07
  0.213467E+00  0.106886E+07  0.106427E+07  0.000000E+00  0.000000E+00  0.583703E+05  0.106235E+07
  0.214387E+00  0.106175E+07  0.105714E+07  0.000000E+00  0.000000E+00  0.576206E+05  0.105528E+07
  0.215307E+00  0.105466E+07  0.105003E+07  0.000000E+00  0.000000E+00  0.568804E+05  0.104822E+07
  0.216227E+00  0.104760E+07  0.104294E+07  0.000000E+00  0.000000E+00  0.561497E+05  0.104119E+07
  0.217146E+00  0.104057E+07  0.103589E+07  0.000000E+00  0.000000E+00  0.554289E+05  0.103419E+07
  0.218066E+00  0.103358E+07  0.102888E+07  0.000000E+00  0.000000E+00  0.547181E+05  0.102724E+07
  0.218986E+00  0.102665E+07  0.102192E+07  0.000000E+00  0.000000E+00  0.540177E+05  0.102034E+07
  0.219906E+00  0.101977E+07  0.101502E+07  0.000000E+00  0.000000E+00  0.533280E+05  0.101349E+07
  0.220826E+00  0.101296E+07  0.100819E+07  0.000000E+00  0.000000E+00  0.526490E+05  0.100671E+07
  0.221746E+00  0.100622E+07  0.100142E+07  0.000000E+00  0.000000E+00  0.519810E+05  0.100000E+07
  0.222665E+00  0.999552E+06  0.994740E+06  0.000000E+00  0.000000E+00  0.513244E+05  0.993372E+06
  0.223585E+00  0.992972E+06  0.988144E+06  0.000000E+00  0.000000E+00  0.506793E+05  0.986824E+06
  0.224505E+00  0.986481E+06  0.981639E+06  0.000000E+00  0.000000E+00  0.500455E+05  0.980366E+06
  0.227459E+00  0.966305E+06  0.961434E+06  0.000000E+00  0.000000E+00  0.480879E+05  0.960291E+06
  0.230452E+00  0.947004E+06  0.942138E+06  0.000000E+00  0.000000E+00  0.462278E+05  0.941092E+06
  0.233484E+00  0.928702E+06  0.923876E+06  0.000000E+00  0.000000E+00  0.444665E+05  0.922892E+06
  0.236556E+00  0.911455E+06  0.906707E+06  0.000000E+00  0.000000E+00  0.428035E+05  0.905746E+06
  0.239669E+00  0.895252E+06  0.890617E+06  0.000000E+00  0.000000E+00  0.412338E+05  0.889643E+06
  0.242822E+00  0.880020E+06  0.875529E+06  0.000000E+00  0.000000E+00  0.397510E+05  0.874512E+06
  0.246017E+00  0.865632E+06  0.861307E+06  0.000000E+00  0.000000E+00  0.383453E+05  0.860222E+06
  0.249254E+00  0.851909E+06  0.847764E+06  0.000000E+00  0.000000E+00  0.370065E+05  0.846597E+06
  0.252534E+00  0.838640E+06  0.834677E+06  0.000000E+00  0.000000E+00  0.357224E+05  0.833423E+06
  0.255857E+00  0.825598E+06  0.821810E+06  0.000000E+00  0.000000E+00  0.344822E+05  0.820475E+06
  0.259223E+00  0.812574E+06  0.808943E+06  0.000000E+00  0.000000E+00  0.332755E+05  0.807542E+06
  0.262634E+00  0.799391E+06  0.795892E+06  0.000000E+00  0.000000E+00  0.320947E+05  0.794446E+06
  0.266089E+00  0.785918E+06  0.782523E+06  0.000000E+00  0.000000E+00  0.309341E+05  0.781060E+06
  0.269591E+00  0.772078E+06  0.768756E+06  0.000000E+00  0.000000E+00  0.297910E+05  0.767304E+06
  0.273138E+00  0.757863E+06  0.754584E+06  0.000000E+00  0.000000E+00  0.286652E+05  0.753171E+06
  0.276732E+00  0.743334E+06  0.740073E+06  0.000000E+00  0.000000E+00  0.275589E+05  0.738722E+06
  0.280373E+00  0.728608E+06  0.725347E+06  0.000000E+00  0.000000E+00  0.264768E+05  0.724075E+06
  0.284062E+00  0.713845E+06  0.710575E+06  0.000000E+00  0.000000E+00  0.254239E+05  0.709390E+06
  0.287799E+00  0.699220E+06  0.695940E+06  0.000000E+00  0.000000E+00  0.244062E+05  0.694843E+06
  0.291586E+00  0.684913E+06  0.681631E+06  0.000000E+00  0.000000E+00  0.234287E+05  0.680613E+06
  0.295423E+00  0.671085E+06  0.667816E+06  0.000000E+00  0.000000E+00  0.224955E+05  0.666862E+06
  0.299310E+00  0.657855E+06  0.654618E+06  0.000000E+00  0.000000E+00  0.216091E+05  0.653707E+06
  0.303248E+00  0.645278E+06  0.642095E+06  0.000000E+00  0.000000E+00  0.207693E+05  0.641206E+06
  0.307238E+00  0.633353E+06  0.630242E+06  0.000000E+00  0.000000E+00  0.199742E+05  0.629356E+06
  0.311281E+00  0.622023E+06  0.619001E+06  0.000000E+00  0.000000E+00  0.192204E+05  0.618100E+06
  0.315376E+00  0.611178E+06  0.608254E+06  0.000000E+00  0.000000E+00  0.185026E+05  0.607327E+06
  0.319526E+00  0.600672E+06  0.597850E+06  0.000000E+00  0.000000E+00  0.178154E+05  0.596893E+06
  0.323730E+00  0.590350E+06  0.587624E+06  0.000000E+00  0.000000E+00  0.171529E+05  0.586640E+06
  0.327990E+00  0.580072E+06  0.577433E+06  0.000000E+00  0.000000E+00  0.165105E+05  0.576430E+06
  0.332305E+00  0.569729E+06  0.567161E+06  0.000000E+00  0.000000E+00  0.158845E+05  0.566154E+06
  0.336678E+00  0.559248E+06  0.556735E+06  0.000000E+00  0.000000E+00  0.137520E+05  0.555729E+06
  0.341108E+00  0.548632E+06  0.546158E+06  0.000000E+00  0.000000E+00  0.132024E+05  0.545177E+06
  0.345596E+00  0.537922E+06  0.535475E+06  0.000000E+00  0.000000E+00  0.126672E+05  0.534530E+06
  0.350143E+00  0.527204E+06  0.524775E+06  0.000000E+00  0.000000E+00  0.121481E+05  0.523873E+06
  0.354750E+00  0.516584E+06  0.514172E+06  0.000000E+00  0.000000E+00  0.116471E+05  0.513314E+06
  0.359418E+00  0.506179E+06  0.503787E+06  0.000000E+00  0.000000E+00  0.111663E+05  0.502970E+06
  0.364147E+00  0.496089E+06  0.493725E+06  0.000000E+00  0.000000E+00  0.107073E+05  0.492940E+06
  0.368938E+00  0.486375E+06  0.484047E+06  0.000000E+00  0.000000E+00  0.102703E+05  0.483284E+06
  0.373793E+00  0.477053E+06  0.474773E+06  0.000000E+00  0.000000E+00  0.985495E+04  0.474021E+06
  0.378711E+00  0.468101E+06  0.465876E+06  0.000000E+00  0.000000E+00  0.945989E+04  0.465127E+06
  0.383694E+00  0.459453E+06  0.457288E+06  0.000000E+00  0.000000E+00  0.908298E+04  0.456535E+06
  0.388743E+00  0.451020E+06  0.448916E+06  0.000000E+00  0.000000E+00  0.872177E+04  0.448157E+06
  0.393858E+00  0.442713E+06  0.440666E+06  0.000000E+00  0.000000E+00  0.837404E+04  0.439905E+06
  0.399040E+00  0.434458E+06  0.432460E+06  0.000000E+00  0.000000E+00  0.803792E+04  0.431702E+06
  0.404290E+00  0.426203E+06  0.424248E+06  0.000000E+00  0.000000E+00  0.771220E+04  0.423500E+06
  0.409610E+00  0.417944E+06  0.416023E+06  0.000000E+00  0.000000E+00  0.739649E+04  0.415292E+06
  0.414999E+00  0.409706E+06  0.407813E+06  0.000000E+00  0.000000E+00  0.709099E+04  0.407104E+06
  0.420460E+00  0.401539E+06  0.399671E+06  0.000000E+00  0.000000E+00  0.679626E+04  0.398986E+06
  0.425992E+00  0.393508E+06  0.391665E+06  0.000000E+00  0.000000E+00  0.651308E+04  0.391003E+06
  0.431597E+00  0.385670E+06  0.383855E+06  0.000000E+00  0.000000E+00  0.624199E+04  0.383213E+06
  0.437276E+00  0.378061E+06  0.376278E+06  0.000000E+00  0.000000E+00  0.598309E+04  0.375651E+06
  0.443030E+00  0.370692E+06  0.368946E+06  0.000000E+00  0.000000E+00  0.573612E+04  0.368329E+06
  0.448859E+00  0.363545E+06  0.361838E+06  0.000000E+00  0.000000E+00  0.550031E+04  0.361227E+06
  0.454765E+00  0.356578E+06  0.354912E+06  0.000000E+00  0.000000E+00  0.527461E+04  0.354305E+06
  0.460748E+00  0.349744E+06  0.348118E+06  0.000000E+00  0.000000E+00  0.505799E+04  0.347515E+06
  0.466811E+00  0.342999E+06  0.341409E+06  0.000000E+00  0.000000E+00  0.484946E+04  0.340813E+06
  0.472953E+00  0.336315E+06  0.334758E+06  0.000000E+00  0.000000E+00  0.464839E+04  0.334172E+06
  0.479176E+00  0.329689E+06  0.328160E+06  0.000000E+00  0.000000E+00  0.445450E+04  0.327587E+06
  0.485481E+00  0.323132E+06  0.321629E+06  0.000000E+00  0.000000E+00  0.426772E+04  0.321070E+06
  0.491869E+00  0.316674E+06  0.315197E+06  0.000000E+00  0.000000E+00  0.408822E+04  0.314652E+06
  0.498340E+00  0.310344E+06  0.308893E+06  0.000000E+00  0.000000E+00  0.391611E+04  0.308362E+06
  0.504897E+00  0.304164E+06  0.302740E+06  0.000000E+00  0.000000E+00  0.375139E+04  0.302220E+06
  0.511541E+00  0.298141E+06  0.296746E+06  0.000000E+00  0.000000E+00  0.359389E+04  0.296236E+06
  0.518271E+00  0.292266E+06  0.290900E+06  0.000000E+00  0.000000E+00  0.344321E+04  0.290398E+06
  0.525091E+00  0.286519E+06  0.285183E+06  0.000000E+00  0.000000E+00  0.329887E+04  0.284687E+06
  0.532000E+00  0.280875E+06  0.279568E+06  0.000000E+00  0.000000E+00  0.316036E+04  0.279080E+06
  0.539000E+00  0.275316E+06  0.274036E+06  0.000000E+00  0.000000E+00  0.302727E+04  0.273556E+06
  0.546092E+00  0.269835E+06  0.268580E+06  0.000000E+00  0.000000E+00  0.289932E+04  0.268109E+06
  0.553277E+00  0.264432E+06  0.263201E+06  0.000000E+00  0.000000E+00  0.277636E+04  0.262740E+06
  0.560557E+00  0.259120E+06  0.257912E+06  0.000000E+00  0.000000E+00  0.265835E+04  0.257462E+06
  0.567932E+00  0.253910E+06  0.252725E+06  0.000000E+00  0.000000E+00  0.254522E+04  0.252285E+06
  0.575405E+00  0.248813E+06  0.247651E+06  0.000000E+00  0.000000E+00  0.243689E+04  0.247220E+06
  0.582976E+00  0.243827E+06  0.242689E+06  0.000000E+00  0.000000E+00  0.233319E+04  0.242266E+06
  0.590647E+00  0.238948E+06  0.237834E+06  0.000000E+00  0.000000E+00  0.223389E+04  0.237418E+06
  0.598418E+00  0.234164E+06  0.233073E+06  0.000000E+00  0.000000E+00  0.213872E+04  0.232664E+06
  0.606292E+00  0.229464E+06  0.228396E+06  0.000000E+00  0.000000E+00  0.204743E+04  0.227994E+06
  0.614269E+00  0.224844E+06  0.223797E+06  0.000000E+00  0.000000E+00  0.195985E+04  0.223403E+06
  0.622352E+00  0.220302E+06  0.219276E+06  0.000000E+00  0.000000E+00  0.187582E+04  0.218890E+06
  0.630541E+00  0.215842E+06  0.214836E+06  0.000000E+00  0.000000E+00  0.179526E+04  0.214458E+06
  0.638837E+00  0.211469E+06  0.210483E+06  0.000000E+00  0.000000E+00  0.171807E+04  0.210113E+06
  0.647243E+00  0.207185E+06  0.206219E+06  0.000000E+00  0.000000E+00  0.164415E+04  0.205856E+06
  0.655759E+00  0.202988E+06  0.202042E+06  0.000000E+00  0.000000E+00  0.157337E+04  0.201687E+06
  0.664387E+00  0.198875E+06  0.197949E+06  0.000000E+00  0.000000E+00  0.150558E+04  0.197600E+06
  0.673129E+00  0.194841E+06  0.193933E+06  0.000000E+00  0.000000E+00  0.144063E+04  0.193591E+06
  0.724884E+00  0.173368E+06  0.172560E+06  0.000000E+00  0.000000E+00  0.112073E+04  0.172255E+06
  0.780617E+00  0.154157E+06  0.153439E+06  0.000000E+00  0.000000E+00  0.870439E+03  0.153166E+06
  0.840636E+00  0.136976E+06  0.136338E+06  0.000000E+00  0.000000E+00  0.674951E+03  0.136096E+06
  0.905270E+00  0.121626E+06  0.121059E+06  0.000000E+00  0.000000E+00  0.522553E+03  0.120844E+06
  0.974873E+00  0.107926E+06  0.107423E+06  0.000000E+00  0.000000E+00  0.403971E+03  0.107231E+06
  0.104983E+01  0.957085E+05  0.952629E+05  0.000000E+00  0.000000E+00  0.311861E+03  0.950923E+05
  0.113055E+01  0.848215E+05  0.844266E+05  0.000000E+00  0.000000E+00  0.240426E+03  0.842752E+05
  0.121747E+01  0.751287E+05  0.747790E+05  0.000000E+00  0.000000E+00  0.185117E+03  0.746447E+05
  0.131108E+01  0.665060E+05  0.661963E+05  0.000000E+00  0.000000E+00  0.142358E+03  0.660773E+05
  0.141188E+01  0.588400E+05  0.585660E+05  0.000000E+00  0.000000E+00  0.109347E+03  0.584606E+05
  0.152044E+01  0.520302E+05  0.517880E+05  0.000000E+00  0.000000E+00  0.113738E+03  0.516949E+05
  0.163734E+01  0.459846E+05  0.457705E+05  0.000000E+00  0.000000E+00  0.874213E+02  0.456882E+05
  0.176323E+01  0.406214E+05  0.404323E+05  0.000000E+00  0.000000E+00  0.671161E+02  0.403595E+05
  0.189879E+01  0.358663E+05  0.356993E+05  0.000000E+00  0.000000E+00  0.514701E+02  0.356350E+05
  0.204479E+01  0.316532E+05  0.315059E+05  0.000000E+00  0.000000E+00  0.394300E+02  0.314491E+05
