  0.745045E-04  0.211808E+08  0.211808E+08  0.274379E+08  0.274368E+08  0.211800E+08  0.211808E+08
  0.832603E-04  0.211804E+08  0.211804E+08  0.272408E+08  0.272394E+08  0.211793E+08  0.211804E+08
  0.930449E-04  0.211799E+08  0.211799E+08  0.269965E+08  0.269947E+08  0.211784E+08  0.211799E+08
  0.103979E-03  0.211793E+08  0.211793E+08  0.266942E+08  0.266920E+08  0.211773E+08  0.211793E+08
  0.116199E-03  0.211786E+08  0.211786E+08  0.263209E+08  0.263183E+08  0.211759E+08  0.211786E+08
  0.129855E-03  0.211776E+08  0.211776E+08  0.258615E+08  0.258582E+08  0.211742E+08  0.211776E+08
  0.145115E-03  0.211765E+08  0.211765E+08  0.252980E+08  0.252940E+08  0.211720E+08  0.211764E+08
  0.162169E-03  0.211750E+08  0.211750E+08  0.246100E+08  0.246053E+08  0.211694E+08  0.211750E+08
  0.181227E-03  0.211732E+08  0.211732E+08  0.237749E+08  0.237692E+08  0.211660E+08  0.211731E+08
  0.202524E-03  0.211709E+08  0.211709E+08  0.227684E+08  0.227617E+08  0.211619E+08  0.211709E+08
  0.226325E-03  0.211681E+08  0.211681E+08  0.215663E+08  0.215585E+08  0.211567E+08  0.211680E+08
  0.252922E-03  0.211646E+08  0.211646E+08  0.201470E+08  0.201382E+08  0.211503E+08  0.211645E+08
  0.282645E-03  0.211603E+08  0.211603E+08  0.184955E+08  0.184858E+08  0.211423E+08  0.211602E+08
  0.315862E-03  0.211550E+08  0.211549E+08  0.166092E+08  0.165988E+08  0.211324E+08  0.211548E+08
  0.352982E-03  0.211484E+08  0.211484E+08  0.145051E+08  0.144945E+08  0.211201E+08  0.211482E+08
  0.394464E-03  0.211403E+08  0.211402E+08  0.122290E+08  0.122190E+08  0.211050E+08  0.211400E+08
  0.440821E-03  0.211303E+08  0.211303E+08  0.986312E+07  0.985461E+07  0.210862E+08  0.211300E+08
  0.492625E-03  0.211181E+08  0.211181E+08  0.752991E+07  0.752394E+07  0.210631E+08  0.211178E+08
  0.550518E-03  0.211033E+08  0.211033E+08  0.538594E+07  0.538337E+07  0.210347E+08  0.211029E+08
  0.615215E-03  0.210854E+08  0.210854E+08  0.359852E+07  0.359961E+07  0.210000E+08  0.210848E+08
  0.687514E-03  0.210638E+08  0.210637E+08  0.230110E+07  0.230503E+07  0.209575E+08  0.210630E+08
  0.768310E-03  0.210378E+08  0.210377E+08  0.153376E+07  0.153847E+07  0.209059E+08  0.210369E+08
  0.858601E-03  0.210068E+08  0.210067E+08  0.119572E+07  0.119853E+07  0.208434E+08  0.210057E+08
  0.959503E-03  0.209699E+08  0.209698E+08  0.105831E+07  0.105754E+07  0.207679E+08  0.209685E+08
  0.107226E-02  0.209263E+08  0.209262E+08  0.878569E+06  0.875397E+06  0.206771E+08  0.209246E+08
  0.119827E-02  0.208749E+08  0.208747E+08  0.573862E+06  0.572008E+06  0.205685E+08  0.208728E+08
  0.133909E-02  0.208144E+08  0.208142E+08  0.287985E+06  0.289606E+06  0.204399E+08  0.208118E+08
  0.149646E-02  0.207436E+08  0.207433E+08  0.187662E+06  0.189600E+06  0.202871E+08  0.207404E+08
  0.167233E-02  0.206610E+08  0.206606E+08  0.187187E+06  0.185815E+06  0.201072E+08  0.206571E+08
  0.186886E-02  0.205648E+08  0.205644E+08  0.103803E+06  0.102845E+06  0.198975E+08  0.205602E+08
  0.208848E-02  0.204534E+08  0.204529E+08  0.332816E+05  0.348665E+05  0.196550E+08  0.204478E+08
  0.233392E-02  0.203249E+08  0.203242E+08  0.476320E+05  0.460300E+05  0.193772E+08  0.203183E+08
  0.260820E-02  0.201773E+08  0.201764E+08  0.723168E+04  0.545476E+04  0.190625E+08  0.201695E+08
  0.291471E-02  0.200085E+08  0.200074E+08  0.136173E+05  0.864427E+04  0.187094E+08  0.199994E+08
  0.325725E-02  0.198165E+08  0.198152E+08 -0.506569E+04 -0.799634E+04  0.183170E+08  0.198060E+08
  0.364004E-02  0.195993E+08  0.195977E+08 -0.200195E+04 -0.165601E+04  0.178844E+08  0.195873E+08
  0.406781E-02  0.193548E+08  0.193528E+08 -0.925050E+04 -0.982872E+04  0.174102E+08  0.193412E+08
  0.454586E-02  0.190812E+08  0.190786E+08 -0.109267E+05 -0.106120E+05  0.168922E+08  0.190657E+08
  0.459665E-02  0.190521E+08  0.190495E+08  0.000000E+00  0.000000E+00  0.168379E+08  0.190365E+08
  0.464801E-02  0.190227E+08  0.190201E+08  0.000000E+00  0.000000E+00  0.167831E+08  0.190069E+08
  0.469994E-02  0.189931E+08  0.189904E+08  0.000000E+00  0.000000E+00  0.167279E+08  0.189771E+08
  0.475245E-02  0.189631E+08  0.189603E+08  0.000000E+00  0.000000E+00  0.166722E+08  0.189469E+08
  0.480555E-02  0.189328E+08  0.189299E+08  0.000000E+00  0.000000E+00  0.166160E+08  0.189164E+08
  0.485924E-02  0.189021E+08  0.188993E+08  0.000000E+00  0.000000E+00  0.165594E+08  0.188856E+08
  0.491354E-02  0.188712E+08  0.188682E+08  0.000000E+00  0.000000E+00  0.165023E+08  0.188544E+08
  0.496843E-02  0.188399E+08  0.188369E+08  0.000000E+00  0.000000E+00  0.164447E+08  0.188229E+08
  0.502395E-02  0.188083E+08  0.188052E+08  0.000000E+00  0.000000E+00  0.163867E+08  0.187911E+08
  0.508008E-02  0.187763E+08  0.187732E+08  0.000000E+00  0.000000E+00  0.163281E+08  0.187590E+08
  0.513684E-02  0.187441E+08  0.187409E+08  0.000000E+00  0.000000E+00  0.162691E+08  0.187266E+08
  0.519423E-02  0.187115E+08  0.187082E+08  0.000000E+00  0.000000E+00  0.162097E+08  0.186938E+08
  0.525227E-02  0.186785E+08  0.186752E+08  0.000000E+00  0.000000E+00  0.161497E+08  0.186606E+08
  0.531095E-02  0.186453E+08  0.186419E+08  0.000000E+00  0.000000E+00  0.160893E+08  0.186272E+08
  0.537029E-02  0.186117E+08  0.186082E+08  0.000000E+00  0.000000E+00  0.160284E+08  0.185934E+08
  0.543030E-02  0.185777E+08  0.185742E+08  0.000000E+00  0.000000E+00  0.159670E+08  0.185592E+08
  0.549097E-02  0.185434E+08  0.185398E+08  0.000000E+00  0.000000E+00  0.159051E+08  0.185247E+08
  0.555232E-02  0.185088E+08  0.185051E+08  0.000000E+00  0.000000E+00  0.158428E+08  0.184899E+08
  0.561436E-02  0.184738E+08  0.184701E+08  0.000000E+00  0.000000E+00  0.157800E+08  0.184547E+08
  0.567709E-02  0.184385E+08  0.184347E+08  0.000000E+00  0.000000E+00  0.157167E+08  0.184192E+08
  0.574052E-02  0.184028E+08  0.183989E+08  0.000000E+00  0.000000E+00  0.156529E+08  0.183833E+08
  0.580466E-02  0.183668E+08  0.183628E+08  0.000000E+00  0.000000E+00  0.155887E+08  0.183471E+08
  0.586951E-02  0.183305E+08  0.183264E+08  0.000000E+00  0.000000E+00  0.155240E+08  0.183105E+08
  0.593509E-02  0.182937E+08  0.182896E+08  0.000000E+00  0.000000E+00  0.154588E+08  0.182736E+08
  0.600141E-02  0.182567E+08  0.182524E+08  0.000000E+00  0.000000E+00  0.153932E+08  0.182363E+08
  0.606846E-02  0.182192E+08  0.182149E+08  0.000000E+00  0.000000E+00  0.153270E+08  0.181987E+08
  0.613626E-02  0.181814E+08  0.181770E+08  0.000000E+00  0.000000E+00  0.152604E+08  0.181606E+08
  0.620482E-02  0.181433E+08  0.181387E+08  0.000000E+00  0.000000E+00  0.151934E+08  0.181223E+08
  0.627415E-02  0.181048E+08  0.181001E+08  0.000000E+00  0.000000E+00  0.151259E+08  0.180835E+08
  0.634425E-02  0.180659E+08  0.180611E+08  0.000000E+00  0.000000E+00  0.150579E+08  0.180444E+08
  0.641514E-02  0.180266E+08  0.180218E+08  0.000000E+00  0.000000E+00  0.149894E+08  0.180050E+08
  0.648681E-02  0.179870E+08  0.179821E+08  0.000000E+00  0.000000E+00  0.149205E+08  0.179651E+08
  0.655929E-02  0.179470E+08  0.179420E+08  0.000000E+00  0.000000E+00  0.148511E+08  0.179249E+08
  0.663258E-02  0.179066E+08  0.179015E+08  0.000000E+00  0.000000E+00  0.147813E+08  0.178844E+08
  0.670669E-02  0.178659E+08  0.178607E+08  0.000000E+00  0.000000E+00  0.147110E+08  0.178434E+08
  0.678162E-02  0.178248E+08  0.178195E+08  0.000000E+00  0.000000E+00  0.146403E+08  0.178021E+08
  0.685739E-02  0.177833E+08  0.177779E+08  0.000000E+00  0.000000E+00  0.145691E+08  0.177604E+08
  0.693401E-02  0.177415E+08  0.177359E+08  0.000000E+00  0.000000E+00  0.144975E+08  0.177183E+08
  0.701148E-02  0.176992E+08  0.176935E+08  0.000000E+00  0.000000E+00  0.144254E+08  0.176758E+08
  0.708982E-02  0.176566E+08  0.176508E+08  0.000000E+00  0.000000E+00  0.143528E+08  0.176330E+08
  0.716904E-02  0.176136E+08  0.176077E+08  0.000000E+00  0.000000E+00  0.142798E+08  0.175897E+08
  0.724914E-02  0.175702E+08  0.175641E+08  0.000000E+00  0.000000E+00  0.142064E+08  0.175461E+08
  0.733013E-02  0.175264E+08  0.175202E+08  0.000000E+00  0.000000E+00  0.141326E+08  0.175021E+08
  0.741203E-02  0.174822E+08  0.174759E+08  0.000000E+00  0.000000E+00  0.140583E+08  0.174577E+08
  0.749485E-02  0.174377E+08  0.174312E+08  0.000000E+00  0.000000E+00  0.139835E+08  0.174129E+08
  0.757859E-02  0.173927E+08  0.173861E+08  0.000000E+00  0.000000E+00  0.139084E+08  0.173677E+08
  0.766327E-02  0.173473E+08  0.173407E+08  0.000000E+00  0.000000E+00  0.138328E+08  0.173221E+08
  0.774889E-02  0.173016E+08  0.172948E+08  0.000000E+00  0.000000E+00  0.137568E+08  0.172761E+08
  0.783547E-02  0.172555E+08  0.172485E+08  0.000000E+00  0.000000E+00  0.136804E+08  0.172298E+08
  0.792301E-02  0.172089E+08  0.172018E+08  0.000000E+00  0.000000E+00  0.136036E+08  0.171830E+08
  0.801154E-02  0.171620E+08  0.171547E+08  0.000000E+00  0.000000E+00  0.135264E+08  0.171358E+08
  0.810105E-02  0.171146E+08  0.171072E+08  0.000000E+00  0.000000E+00  0.134489E+08  0.170882E+08
  0.819156E-02  0.170669E+08  0.170593E+08  0.000000E+00  0.000000E+00  0.133709E+08  0.170402E+08
  0.828309E-02  0.170187E+08  0.170110E+08  0.000000E+00  0.000000E+00  0.132925E+08  0.169919E+08
  0.837564E-02  0.169701E+08  0.169623E+08  0.000000E+00  0.000000E+00  0.132138E+08  0.169431E+08
  0.846922E-02  0.169212E+08  0.169131E+08  0.000000E+00  0.000000E+00  0.131348E+08  0.168938E+08
  0.856385E-02  0.168718E+08  0.168636E+08  0.000000E+00  0.000000E+00  0.130553E+08  0.168442E+08
  0.865953E-02  0.168220E+08  0.168136E+08  0.000000E+00  0.000000E+00  0.129755E+08  0.167942E+08
  0.875628E-02  0.167718E+08  0.167632E+08  0.000000E+00  0.000000E+00  0.128954E+08  0.167437E+08
  0.885412E-02  0.167211E+08  0.167124E+08  0.000000E+00  0.000000E+00  0.128150E+08  0.166929E+08
  0.895305E-02  0.166701E+08  0.166612E+08  0.000000E+00  0.000000E+00  0.127342E+08  0.166416E+08
  0.905308E-02  0.166186E+08  0.166096E+08  0.000000E+00  0.000000E+00  0.126531E+08  0.165899E+08
  0.915423E-02  0.165667E+08  0.165575E+08  0.000000E+00  0.000000E+00  0.125717E+08  0.165378E+08
  0.925651E-02  0.165144E+08  0.165050E+08  0.000000E+00  0.000000E+00  0.124900E+08  0.164852E+08
  0.935993E-02  0.164617E+08  0.164521E+08  0.000000E+00  0.000000E+00  0.124080E+08  0.164323E+08
  0.946451E-02  0.164085E+08  0.163987E+08  0.000000E+00  0.000000E+00  0.123257E+08  0.163789E+08
  0.957026E-02  0.163549E+08  0.163449E+08  0.000000E+00  0.000000E+00  0.122431E+08  0.163250E+08
  0.967719E-02  0.163009E+08  0.162907E+08  0.000000E+00  0.000000E+00  0.121602E+08  0.162708E+08
  0.978531E-02  0.162465E+08  0.162361E+08  0.000000E+00  0.000000E+00  0.120769E+08  0.162161E+08
  0.989465E-02  0.161916E+08  0.161810E+08  0.000000E+00  0.000000E+00  0.119934E+08  0.161610E+08
  0.100052E-01  0.161363E+08  0.161255E+08  0.000000E+00  0.000000E+00  0.119096E+08  0.161055E+08
  0.101170E-01  0.160805E+08  0.160695E+08  0.000000E+00  0.000000E+00  0.118255E+08  0.160495E+08
  0.102300E-01  0.160243E+08  0.160131E+08  0.000000E+00  0.000000E+00  0.117411E+08  0.159931E+08
  0.103443E-01  0.159677E+08  0.159563E+08  0.000000E+00  0.000000E+00  0.116564E+08  0.159362E+08
  0.104599E-01  0.159106E+08  0.158990E+08  0.000000E+00  0.000000E+00  0.115714E+08  0.158789E+08
  0.105768E-01  0.158531E+08  0.158412E+08  0.000000E+00  0.000000E+00  0.114861E+08  0.158212E+08
  0.106949E-01  0.157952E+08  0.157831E+08  0.000000E+00  0.000000E+00  0.114006E+08  0.157630E+08
  0.108144E-01  0.157368E+08  0.157244E+08  0.000000E+00  0.000000E+00  0.113147E+08  0.157044E+08
  0.109353E-01  0.156780E+08  0.156654E+08  0.000000E+00  0.000000E+00  0.112286E+08  0.156453E+08
  0.110575E-01  0.156187E+08  0.156058E+08  0.000000E+00  0.000000E+00  0.111423E+08  0.155858E+08
  0.111810E-01  0.155590E+08  0.155459E+08  0.000000E+00  0.000000E+00  0.110557E+08  0.155259E+08
  0.113059E-01  0.154988E+08  0.154854E+08  0.000000E+00  0.000000E+00  0.109688E+08  0.154655E+08
  0.114322E-01  0.154381E+08  0.154245E+08  0.000000E+00  0.000000E+00  0.108818E+08  0.154046E+08
  0.115600E-01  0.153771E+08  0.153632E+08  0.000000E+00  0.000000E+00  0.107945E+08  0.153433E+08
  0.116891E-01  0.153155E+08  0.153014E+08  0.000000E+00  0.000000E+00  0.107070E+08  0.152815E+08
  0.118197E-01  0.152535E+08  0.152391E+08  0.000000E+00  0.000000E+00  0.106193E+08  0.152193E+08
  0.119518E-01  0.151911E+08  0.151764E+08  0.000000E+00  0.000000E+00  0.105315E+08  0.151566E+08
  0.120853E-01  0.151282E+08  0.151132E+08  0.000000E+00  0.000000E+00  0.104436E+08  0.150935E+08
  0.122204E-01  0.150648E+08  0.150496E+08  0.000000E+00  0.000000E+00  0.103555E+08  0.150299E+08
  0.123569E-01  0.150010E+08  0.149854E+08  0.000000E+00  0.000000E+00  0.102672E+08  0.149659E+08
  0.124950E-01  0.149367E+08  0.149209E+08  0.000000E+00  0.000000E+00  0.101789E+08  0.149014E+08
  0.126346E-01  0.148719E+08  0.148558E+08  0.000000E+00  0.000000E+00  0.100905E+08  0.148364E+08
  0.127758E-01  0.148067E+08  0.147903E+08  0.000000E+00  0.000000E+00  0.100019E+08  0.147710E+08
  0.129185E-01  0.147410E+08  0.147243E+08  0.000000E+00  0.000000E+00  0.991330E+07  0.147051E+08
  0.130628E-01  0.146749E+08  0.146579E+08  0.000000E+00  0.000000E+00  0.982459E+07  0.146388E+08
  0.132088E-01  0.146083E+08  0.145909E+08  0.000000E+00  0.000000E+00  0.973581E+07  0.145720E+08
  0.133564E-01  0.145412E+08  0.145236E+08  0.000000E+00  0.000000E+00  0.964695E+07  0.145047E+08
  0.135056E-01  0.144737E+08  0.144557E+08  0.000000E+00  0.000000E+00  0.955802E+07  0.144369E+08
  0.136565E-01  0.144057E+08  0.143874E+08  0.000000E+00  0.000000E+00  0.946902E+07  0.143687E+08
  0.138091E-01  0.143372E+08  0.143186E+08  0.000000E+00  0.000000E+00  0.937995E+07  0.143001E+08
  0.139634E-01  0.142682E+08  0.142493E+08  0.000000E+00  0.000000E+00  0.929082E+07  0.142309E+08
  0.141194E-01  0.141988E+08  0.141795E+08  0.000000E+00  0.000000E+00  0.920164E+07  0.141613E+08
  0.142772E-01  0.141290E+08  0.141093E+08  0.000000E+00  0.000000E+00  0.911240E+07  0.140912E+08
  0.144367E-01  0.140586E+08  0.140386E+08  0.000000E+00  0.000000E+00  0.902312E+07  0.140207E+08
  0.145980E-01  0.139878E+08  0.139674E+08  0.000000E+00  0.000000E+00  0.893381E+07  0.139497E+08
  0.147611E-01  0.139165E+08  0.138958E+08  0.000000E+00  0.000000E+00  0.884448E+07  0.138782E+08
  0.149260E-01  0.138448E+08  0.138237E+08  0.000000E+00  0.000000E+00  0.875513E+07  0.138063E+08
  0.150928E-01  0.137725E+08  0.137511E+08  0.000000E+00  0.000000E+00  0.866578E+07  0.137339E+08
  0.152614E-01  0.136999E+08  0.136780E+08  0.000000E+00  0.000000E+00  0.857645E+07  0.136611E+08
  0.154319E-01  0.136267E+08  0.136045E+08  0.000000E+00  0.000000E+00  0.848714E+07  0.135877E+08
  0.156043E-01  0.135531E+08  0.135305E+08  0.000000E+00  0.000000E+00  0.839787E+07  0.135139E+08
  0.157787E-01  0.134790E+08  0.134560E+08  0.000000E+00  0.000000E+00  0.830866E+07  0.134397E+08
  0.159550E-01  0.134045E+08  0.133811E+08  0.000000E+00  0.000000E+00  0.821950E+07  0.133650E+08
  0.161333E-01  0.133295E+08  0.133057E+08  0.000000E+00  0.000000E+00  0.813042E+07  0.132898E+08
  0.163135E-01  0.132540E+08  0.132298E+08  0.000000E+00  0.000000E+00  0.804142E+07  0.132142E+08
  0.164958E-01  0.131781E+08  0.131535E+08  0.000000E+00  0.000000E+00  0.795252E+07  0.131381E+08
  0.166801E-01  0.131017E+08  0.130767E+08  0.000000E+00  0.000000E+00  0.786373E+07  0.130616E+08
  0.168665E-01  0.130248E+08  0.129995E+08  0.000000E+00  0.000000E+00  0.777504E+07  0.129846E+08
  0.170549E-01  0.129475E+08  0.129218E+08  0.000000E+00  0.000000E+00  0.768649E+07  0.129071E+08
  0.172455E-01  0.128698E+08  0.128436E+08  0.000000E+00  0.000000E+00  0.759807E+07  0.128292E+08
  0.174382E-01  0.127916E+08  0.127650E+08  0.000000E+00  0.000000E+00  0.750980E+07  0.127509E+08
  0.176330E-01  0.127130E+08  0.126859E+08  0.000000E+00  0.000000E+00  0.742169E+07  0.126721E+08
  0.178300E-01  0.126339E+08  0.126064E+08  0.000000E+00  0.000000E+00  0.733375E+07  0.125929E+08
  0.180292E-01  0.125544E+08  0.125264E+08  0.000000E+00  0.000000E+00  0.724599E+07  0.125133E+08
  0.182307E-01  0.124744E+08  0.124461E+08  0.000000E+00  0.000000E+00  0.715844E+07  0.124332E+08
  0.184344E-01  0.123940E+08  0.123652E+08  0.000000E+00  0.000000E+00  0.707109E+07  0.123527E+08
  0.186403E-01  0.123132E+08  0.122840E+08  0.000000E+00  0.000000E+00  0.698396E+07  0.122717E+08
  0.188486E-01  0.122320E+08  0.122023E+08  0.000000E+00  0.000000E+00  0.689706E+07  0.121904E+08
  0.190592E-01  0.121503E+08  0.121202E+08  0.000000E+00  0.000000E+00  0.681040E+07  0.121086E+08
  0.192721E-01  0.120682E+08  0.120377E+08  0.000000E+00  0.000000E+00  0.672398E+07  0.120265E+08
  0.194875E-01  0.119858E+08  0.119548E+08  0.000000E+00  0.000000E+00  0.663783E+07  0.119439E+08
  0.197052E-01  0.119029E+08  0.118714E+08  0.000000E+00  0.000000E+00  0.655194E+07  0.118609E+08
  0.199254E-01  0.118196E+08  0.117877E+08  0.000000E+00  0.000000E+00  0.646634E+07  0.117775E+08
  0.201480E-01  0.117360E+08  0.117036E+08  0.000000E+00  0.000000E+00  0.638103E+07  0.116938E+08
  0.203731E-01  0.116519E+08  0.116191E+08  0.000000E+00  0.000000E+00  0.629603E+07  0.116097E+08
  0.206007E-01  0.115675E+08  0.115342E+08  0.000000E+00  0.000000E+00  0.621135E+07  0.115252E+08
  0.208309E-01  0.114828E+08  0.114490E+08  0.000000E+00  0.000000E+00  0.612700E+07  0.114404E+08
  0.210637E-01  0.113976E+08  0.113634E+08  0.000000E+00  0.000000E+00  0.604301E+07  0.113552E+08
  0.212990E-01  0.113122E+08  0.112775E+08  0.000000E+00  0.000000E+00  0.595938E+07  0.112696E+08
  0.215370E-01  0.112263E+08  0.111912E+08  0.000000E+00  0.000000E+00  0.587612E+07  0.111837E+08
  0.217776E-01  0.111402E+08  0.111046E+08  0.000000E+00  0.000000E+00  0.579324E+07  0.110975E+08
  0.220209E-01  0.110537E+08  0.110177E+08  0.000000E+00  0.000000E+00  0.571075E+07  0.110110E+08
  0.222670E-01  0.109669E+08  0.109304E+08  0.000000E+00  0.000000E+00  0.562865E+07  0.109242E+08
  0.225158E-01  0.108799E+08  0.108429E+08  0.000000E+00  0.000000E+00  0.554696E+07  0.108371E+08
  0.227673E-01  0.107925E+08  0.107551E+08  0.000000E+00  0.000000E+00  0.546569E+07  0.107497E+08
  0.230217E-01  0.107049E+08  0.106670E+08  0.000000E+00  0.000000E+00  0.538483E+07  0.106620E+08
  0.232789E-01  0.106170E+08  0.105787E+08  0.000000E+00  0.000000E+00  0.530442E+07  0.105741E+08
  0.235390E-01  0.105289E+08  0.104901E+08  0.000000E+00  0.000000E+00  0.522446E+07  0.104860E+08
  0.238020E-01  0.104405E+08  0.104013E+08  0.000000E+00  0.000000E+00  0.514497E+07  0.103976E+08
  0.240680E-01  0.103519E+08  0.103122E+08  0.000000E+00  0.000000E+00  0.506598E+07  0.103090E+08
  0.243369E-01  0.102631E+08  0.102230E+08  0.000000E+00  0.000000E+00  0.498750E+07  0.102202E+08
  0.246088E-01  0.101741E+08  0.101336E+08  0.000000E+00  0.000000E+00  0.490955E+07  0.101312E+08
  0.248838E-01  0.100850E+08  0.100440E+08  0.000000E+00  0.000000E+00  0.483215E+07  0.100421E+08
  0.251618E-01  0.999570E+07  0.995430E+07  0.000000E+00  0.000000E+00  0.475530E+07  0.995280E+07
  0.254429E-01  0.990626E+07  0.986445E+07  0.000000E+00  0.000000E+00  0.467903E+07  0.986338E+07
  0.257272E-01  0.981670E+07  0.977448E+07  0.000000E+00  0.000000E+00  0.460334E+07  0.977385E+07
  0.260147E-01  0.972705E+07  0.968442E+07  0.000000E+00  0.000000E+00  0.452823E+07  0.968422E+07
  0.263053E-01  0.963731E+07  0.959429E+07  0.000000E+00  0.000000E+00  0.445372E+07  0.959452E+07
  0.265992E-01  0.954751E+07  0.950411E+07  0.000000E+00  0.000000E+00  0.437980E+07  0.950477E+07
  0.268964E-01  0.945768E+07  0.941390E+07  0.000000E+00  0.000000E+00  0.430650E+07  0.941499E+07
  0.271970E-01  0.936782E+07  0.932368E+07  0.000000E+00  0.000000E+00  0.423382E+07  0.932519E+07
  0.275008E-01  0.927798E+07  0.923348E+07  0.000000E+00  0.000000E+00  0.416176E+07  0.923540E+07
  0.278081E-01  0.918816E+07  0.914331E+07  0.000000E+00  0.000000E+00  0.409034E+07  0.914565E+07
  0.281188E-01  0.909838E+07  0.905320E+07  0.000000E+00  0.000000E+00  0.401957E+07  0.905596E+07
  0.284330E-01  0.900869E+07  0.896319E+07  0.000000E+00  0.000000E+00  0.394947E+07  0.896634E+07
  0.287507E-01  0.891909E+07  0.887328E+07  0.000000E+00  0.000000E+00  0.388004E+07  0.887683E+07
  0.290719E-01  0.882962E+07  0.878351E+07  0.000000E+00  0.000000E+00  0.381131E+07  0.878745E+07
  0.293967E-01  0.874030E+07  0.869390E+07  0.000000E+00  0.000000E+00  0.374330E+07  0.869822E+07
  0.297252E-01  0.865115E+07  0.860449E+07  0.000000E+00  0.000000E+00  0.367602E+07  0.860918E+07
  0.300573E-01  0.856220E+07  0.851529E+07  0.000000E+00  0.000000E+00  0.360948E+07  0.852035E+07
  0.303931E-01  0.847349E+07  0.842634E+07  0.000000E+00  0.000000E+00  0.354369E+07  0.843175E+07
  0.307327E-01  0.838503E+07  0.833767E+07  0.000000E+00  0.000000E+00  0.347867E+07  0.834342E+07
  0.310761E-01  0.829687E+07  0.824930E+07  0.000000E+00  0.000000E+00  0.341440E+07  0.825538E+07
  0.314233E-01  0.820901E+07  0.816126E+07  0.000000E+00  0.000000E+00  0.335089E+07  0.816766E+07
  0.317744E-01  0.812151E+07  0.807359E+07  0.000000E+00  0.000000E+00  0.328815E+07  0.808030E+07
  0.321294E-01  0.803437E+07  0.798631E+07  0.000000E+00  0.000000E+00  0.322619E+07  0.799331E+07
  0.324884E-01  0.794764E+07  0.789946E+07  0.000000E+00  0.000000E+00  0.316502E+07  0.790674E+07
  0.328514E-01  0.786135E+07  0.781306E+07  0.000000E+00  0.000000E+00  0.310466E+07  0.782061E+07
  0.332184E-01  0.777553E+07  0.772715E+07  0.000000E+00  0.000000E+00  0.304511E+07  0.773495E+07
  0.335896E-01  0.769020E+07  0.764176E+07  0.000000E+00  0.000000E+00  0.298639E+07  0.764979E+07
  0.339649E-01  0.760539E+07  0.755692E+07  0.000000E+00  0.000000E+00  0.292849E+07  0.756517E+07
  0.343444E-01  0.752115E+07  0.747266E+07  0.000000E+00  0.000000E+00  0.287143E+07  0.748111E+07
  0.347281E-01  0.743750E+07  0.738902E+07  0.000000E+00  0.000000E+00  0.281519E+07  0.739764E+07
  0.351161E-01  0.735446E+07  0.730602E+07  0.000000E+00  0.000000E+00  0.275979E+07  0.731480E+07
  0.355085E-01  0.727208E+07  0.722369E+07  0.000000E+00  0.000000E+00  0.270524E+07  0.723262E+07
  0.359052E-01  0.719038E+07  0.714208E+07  0.000000E+00  0.000000E+00  0.265155E+07  0.715113E+07
  0.363064E-01  0.710940E+07  0.706120E+07  0.000000E+00  0.000000E+00  0.259872E+07  0.707036E+07
  0.367120E-01  0.702916E+07  0.698110E+07  0.000000E+00  0.000000E+00  0.254677E+07  0.699034E+07
  0.371222E-01  0.694968E+07  0.690179E+07  0.000000E+00  0.000000E+00  0.249568E+07  0.691108E+07
  0.375370E-01  0.687100E+07  0.682330E+07  0.000000E+00  0.000000E+00  0.244546E+07  0.683263E+07
  0.379564E-01  0.679315E+07  0.674566E+07  0.000000E+00  0.000000E+00  0.239610E+07  0.675501E+07
  0.383805E-01  0.671615E+07  0.666891E+07  0.000000E+00  0.000000E+00  0.234759E+07  0.667824E+07
  0.388093E-01  0.664004E+07  0.659307E+07  0.000000E+00  0.000000E+00  0.229994E+07  0.660237E+07
  0.392429E-01  0.656484E+07  0.651818E+07  0.000000E+00  0.000000E+00  0.225316E+07  0.652742E+07
  0.396814E-01  0.649059E+07  0.644426E+07  0.000000E+00  0.000000E+00  0.220726E+07  0.645342E+07
  0.401248E-01  0.641730E+07  0.637134E+07  0.000000E+00  0.000000E+00  0.216222E+07  0.638039E+07
  0.405731E-01  0.634501E+07  0.629943E+07  0.000000E+00  0.000000E+00  0.211805E+07  0.630835E+07
  0.410264E-01  0.627372E+07  0.622856E+07  0.000000E+00  0.000000E+00  0.207474E+07  0.623733E+07
  0.414848E-01  0.620346E+07  0.615875E+07  0.000000E+00  0.000000E+00  0.203229E+07  0.616734E+07
  0.419483E-01  0.613425E+07  0.609001E+07  0.000000E+00  0.000000E+00  0.199069E+07  0.609839E+07
  0.424170E-01  0.606609E+07  0.602236E+07  0.000000E+00  0.000000E+00  0.194995E+07  0.603051E+07
  0.428909E-01  0.599901E+07  0.595581E+07  0.000000E+00  0.000000E+00  0.191004E+07  0.596370E+07
  0.433702E-01  0.593301E+07  0.589037E+07  0.000000E+00  0.000000E+00  0.187095E+07  0.589798E+07
  0.438547E-01  0.586812E+07  0.582606E+07  0.000000E+00  0.000000E+00  0.183269E+07  0.583337E+07
  0.443447E-01  0.580433E+07  0.576289E+07  0.000000E+00  0.000000E+00  0.179523E+07  0.576986E+07
  0.448402E-01  0.574166E+07  0.570086E+07  0.000000E+00  0.000000E+00  0.175859E+07  0.570748E+07
  0.453412E-01  0.568011E+07  0.563997E+07  0.000000E+00  0.000000E+00  0.172275E+07  0.564622E+07
  0.458478E-01  0.561968E+07  0.558023E+07  0.000000E+00  0.000000E+00  0.168770E+07  0.558608E+07
  0.463601E-01  0.556037E+07  0.552162E+07  0.000000E+00  0.000000E+00  0.165341E+07  0.552706E+07
  0.468780E-01  0.550217E+07  0.546415E+07  0.000000E+00  0.000000E+00  0.161987E+07  0.546915E+07
  0.474018E-01  0.544506E+07  0.540780E+07  0.000000E+00  0.000000E+00  0.158705E+07  0.541234E+07
  0.479314E-01  0.538905E+07  0.535256E+07  0.000000E+00  0.000000E+00  0.155496E+07  0.535662E+07
  0.484670E-01  0.533412E+07  0.529841E+07  0.000000E+00  0.000000E+00  0.152360E+07  0.530198E+07
  0.490085E-01  0.528025E+07  0.524535E+07  0.000000E+00  0.000000E+00  0.149295E+07  0.524841E+07
  0.495561E-01  0.522744E+07  0.519336E+07  0.000000E+00  0.000000E+00  0.146299E+07  0.519589E+07
  0.501098E-01  0.517566E+07  0.514242E+07  0.000000E+00  0.000000E+00  0.143370E+07  0.514441E+07
  0.506696E-01  0.512490E+07  0.509250E+07  0.000000E+00  0.000000E+00  0.140505E+07  0.509394E+07
  0.512358E-01  0.507512E+07  0.504357E+07  0.000000E+00  0.000000E+00  0.137703E+07  0.504445E+07
  0.518082E-01  0.502628E+07  0.499560E+07  0.000000E+00  0.000000E+00  0.134962E+07  0.499591E+07
  0.523871E-01  0.497836E+07  0.494854E+07  0.000000E+00  0.000000E+00  0.132281E+07  0.494827E+07
  0.529724E-01  0.493130E+07  0.490235E+07  0.000000E+00  0.000000E+00  0.129657E+07  0.490150E+07
  0.535643E-01  0.488506E+07  0.485698E+07  0.000000E+00  0.000000E+00  0.127088E+07  0.485555E+07
  0.541628E-01  0.483959E+07  0.481239E+07  0.000000E+00  0.000000E+00  0.124574E+07  0.481037E+07
  0.547679E-01  0.479487E+07  0.476853E+07  0.000000E+00  0.000000E+00  0.122111E+07  0.476593E+07
  0.553799E-01  0.475083E+07  0.472536E+07  0.000000E+00  0.000000E+00  0.119698E+07  0.472217E+07
  0.559986E-01  0.470743E+07  0.468281E+07  0.000000E+00  0.000000E+00  0.117330E+07  0.467906E+07
  0.566243E-01  0.466463E+07  0.464085E+07  0.000000E+00  0.000000E+00  0.115009E+07  0.463653E+07
  0.572570E-01  0.462236E+07  0.459942E+07  0.000000E+00  0.000000E+00  0.112731E+07  0.459453E+07
  0.581768E-01  0.456255E+07  0.454076E+07  0.000000E+00  0.000000E+00  0.109538E+07  0.453511E+07
  0.590966E-01  0.450444E+07  0.448376E+07  0.000000E+00  0.000000E+00  0.106473E+07  0.447737E+07
  0.600164E-01  0.444780E+07  0.442816E+07  0.000000E+00  0.000000E+00  0.103522E+07  0.442109E+07
  0.609362E-01  0.439241E+07  0.437374E+07  0.000000E+00  0.000000E+00  0.100680E+07  0.436605E+07
  0.618560E-01  0.433806E+07  0.432031E+07  0.000000E+00  0.000000E+00  0.979380E+06  0.431204E+07
  0.627758E-01  0.428459E+07  0.426767E+07  0.000000E+00  0.000000E+00  0.952875E+06  0.425889E+07
  0.636956E-01  0.423181E+07  0.421566E+07  0.000000E+00  0.000000E+00  0.927209E+06  0.420643E+07
  0.646154E-01  0.417958E+07  0.416412E+07  0.000000E+00  0.000000E+00  0.902320E+06  0.415450E+07
  0.655352E-01  0.412776E+07  0.411291E+07  0.000000E+00  0.000000E+00  0.878161E+06  0.410297E+07
  0.664551E-01  0.407622E+07  0.406192E+07  0.000000E+00  0.000000E+00  0.854689E+06  0.405172E+07
  0.673749E-01  0.402488E+07  0.401105E+07  0.000000E+00  0.000000E+00  0.831848E+06  0.400066E+07
  0.682947E-01  0.397365E+07  0.396021E+07  0.000000E+00  0.000000E+00  0.809588E+06  0.394969E+07
  0.692145E-01  0.392246E+07  0.390935E+07  0.000000E+00  0.000000E+00  0.787891E+06  0.389876E+07
  0.701343E-01  0.387126E+07  0.385841E+07  0.000000E+00  0.000000E+00  0.766741E+06  0.384781E+07
  0.710541E-01  0.382003E+07  0.380736E+07  0.000000E+00  0.000000E+00  0.746105E+06  0.379682E+07
  0.719739E-01  0.376874E+07  0.375620E+07  0.000000E+00  0.000000E+00  0.725954E+06  0.374576E+07
  0.728937E-01  0.371738E+07  0.370491E+07  0.000000E+00  0.000000E+00  0.706277E+06  0.369463E+07
  0.738135E-01  0.366595E+07  0.365350E+07  0.000000E+00  0.000000E+00  0.687066E+06  0.364343E+07
  0.747333E-01  0.361448E+07  0.360199E+07  0.000000E+00  0.000000E+00  0.668307E+06  0.359217E+07
  0.756532E-01  0.356298E+07  0.355041E+07  0.000000E+00  0.000000E+00  0.649989E+06  0.354089E+07
  0.765730E-01  0.351151E+07  0.349881E+07  0.000000E+00  0.000000E+00  0.632105E+06  0.348963E+07
  0.774928E-01  0.346011E+07  0.344725E+07  0.000000E+00  0.000000E+00  0.614656E+06  0.343843E+07
  0.784126E-01  0.340884E+07  0.339578E+07  0.000000E+00  0.000000E+00  0.597644E+06  0.338736E+07
  0.793324E-01  0.335775E+07  0.334446E+07  0.000000E+00  0.000000E+00  0.581059E+06  0.333647E+07
  0.802522E-01  0.330690E+07  0.329337E+07  0.000000E+00  0.000000E+00  0.564890E+06  0.328582E+07
  0.811720E-01  0.325638E+07  0.324258E+07  0.000000E+00  0.000000E+00  0.549143E+06  0.323549E+07
  0.820918E-01  0.320625E+07  0.319218E+07  0.000000E+00  0.000000E+00  0.533829E+06  0.318556E+07
  0.830116E-01  0.315661E+07  0.314225E+07  0.000000E+00  0.000000E+00  0.518946E+06  0.313611E+07
  0.839314E-01  0.310753E+07  0.309289E+07  0.000000E+00  0.000000E+00  0.504485E+06  0.308721E+07
  0.848512E-01  0.305908E+07  0.304415E+07  0.000000E+00  0.000000E+00  0.490448E+06  0.303895E+07
  0.857711E-01  0.301133E+07  0.299613E+07  0.000000E+00  0.000000E+00  0.476835E+06  0.299139E+07
  0.866909E-01  0.296436E+07  0.294889E+07  0.000000E+00  0.000000E+00  0.463646E+06  0.294461E+07
  0.876107E-01  0.291824E+07  0.290251E+07  0.000000E+00  0.000000E+00  0.450878E+06  0.289867E+07
  0.885305E-01  0.287304E+07  0.285707E+07  0.000000E+00  0.000000E+00  0.438529E+06  0.285365E+07
  0.894503E-01  0.282882E+07  0.281264E+07  0.000000E+00  0.000000E+00  0.426596E+06  0.280962E+07
  0.903701E-01  0.278566E+07  0.276928E+07  0.000000E+00  0.000000E+00  0.415081E+06  0.276664E+07
  0.912899E-01  0.274359E+07  0.272704E+07  0.000000E+00  0.000000E+00  0.403976E+06  0.272476E+07
  0.922097E-01  0.270267E+07  0.268599E+07  0.000000E+00  0.000000E+00  0.393270E+06  0.268403E+07
  0.931295E-01  0.266295E+07  0.264615E+07  0.000000E+00  0.000000E+00  0.382958E+06  0.264449E+07
  0.940493E-01  0.262445E+07  0.260758E+07  0.000000E+00  0.000000E+00  0.373042E+06  0.260617E+07
  0.949691E-01  0.258722E+07  0.257030E+07  0.000000E+00  0.000000E+00  0.363513E+06  0.256912E+07
  0.958889E-01  0.255126E+07  0.253432E+07  0.000000E+00  0.000000E+00  0.354358E+06  0.253334E+07
  0.968088E-01  0.251658E+07  0.249967E+07  0.000000E+00  0.000000E+00  0.345565E+06  0.249885E+07
  0.977286E-01  0.248321E+07  0.246635E+07  0.000000E+00  0.000000E+00  0.337128E+06  0.246565E+07
  0.986484E-01  0.245113E+07  0.243436E+07  0.000000E+00  0.000000E+00  0.329037E+06  0.243375E+07
  0.995682E-01  0.242034E+07  0.240370E+07  0.000000E+00  0.000000E+00  0.321281E+06  0.240315E+07
  0.100488E+00  0.239084E+07  0.237435E+07  0.000000E+00  0.000000E+00  0.313848E+06  0.237382E+07
  0.101408E+00  0.236260E+07  0.234630E+07  0.000000E+00  0.000000E+00  0.306725E+06  0.234576E+07
  0.102328E+00  0.233560E+07  0.231951E+07  0.000000E+00  0.000000E+00  0.299903E+06  0.231893E+07
  0.103247E+00  0.230978E+07  0.229394E+07  0.000000E+00  0.000000E+00  0.293367E+06  0.229329E+07
  0.104167E+00  0.228513E+07  0.226955E+07  0.000000E+00  0.000000E+00  0.287100E+06  0.226880E+07
  0.105087E+00  0.226158E+07  0.224630E+07  0.000000E+00  0.000000E+00  0.281090E+06  0.224543E+07
  0.106007E+00  0.223912E+07  0.222415E+07  0.000000E+00  0.000000E+00  0.275328E+06  0.222313E+07
  0.106927E+00  0.221766E+07  0.220303E+07  0.000000E+00  0.000000E+00  0.269801E+06  0.220184E+07
  0.107846E+00  0.219718E+07  0.218289E+07  0.000000E+00  0.000000E+00  0.264494E+06  0.218152E+07
  0.108766E+00  0.217759E+07  0.216367E+07  0.000000E+00  0.000000E+00  0.259390E+06  0.216209E+07
  0.109686E+00  0.215883E+07  0.214529E+07  0.000000E+00  0.000000E+00  0.254478E+06  0.214349E+07
  0.110606E+00  0.214085E+07  0.212770E+07  0.000000E+00  0.000000E+00  0.249747E+06  0.212567E+07
  0.111526E+00  0.212359E+07  0.211083E+07  0.000000E+00  0.000000E+00  0.245185E+06  0.210856E+07
  0.112446E+00  0.210697E+07  0.209461E+07  0.000000E+00  0.000000E+00  0.240779E+06  0.209209E+07
  0.113365E+00  0.209093E+07  0.207897E+07  0.000000E+00  0.000000E+00  0.236516E+06  0.207620E+07
  0.114285E+00  0.207540E+07  0.206384E+07  0.000000E+00  0.000000E+00  0.232387E+06  0.206082E+07
  0.115205E+00  0.206031E+07  0.204915E+07  0.000000E+00  0.000000E+00  0.228380E+06  0.204587E+07
  0.116125E+00  0.204560E+07  0.203482E+07  0.000000E+00  0.000000E+00  0.224482E+06  0.203130E+07
  0.117045E+00  0.203121E+07  0.202081E+07  0.000000E+00  0.000000E+00  0.220684E+06  0.201704E+07
  0.117964E+00  0.201706E+07  0.200702E+07  0.000000E+00  0.000000E+00  0.216980E+06  0.200302E+07
  0.118884E+00  0.200310E+07  0.199342E+07  0.000000E+00  0.000000E+00  0.213361E+06  0.198919E+07
  0.119804E+00  0.198927E+07  0.197994E+07  0.000000E+00  0.000000E+00  0.209817E+06  0.197550E+07
  0.120724E+00  0.197553E+07  0.196652E+07  0.000000E+00  0.000000E+00  0.206341E+06  0.196188E+07
  0.121644E+00  0.196183E+07  0.195312E+07  0.000000E+00  0.000000E+00  0.202926E+06  0.194830E+07
  0.122563E+00  0.194812E+07  0.193971E+07  0.000000E+00  0.000000E+00  0.199568E+06  0.193471E+07
  0.123483E+00  0.193437E+07  0.192622E+07  0.000000E+00  0.000000E+00  0.196263E+06  0.192108E+07
  0.124403E+00  0.192054E+07  0.191263E+07  0.000000E+00  0.000000E+00  0.193003E+06  0.190736E+07
  0.125323E+00  0.190659E+07  0.189891E+07  0.000000E+00  0.000000E+00  0.189785E+06  0.189352E+07
  0.126243E+00  0.189250E+07  0.188502E+07  0.000000E+00  0.000000E+00  0.186606E+06  0.187954E+07
  0.127162E+00  0.187824E+07  0.187094E+07  0.000000E+00  0.000000E+00  0.183463E+06  0.186539E+07
  0.128082E+00  0.186380E+07  0.185666E+07  0.000000E+00  0.000000E+00  0.180353E+06  0.185105E+07
  0.129002E+00  0.184916E+07  0.184215E+07  0.000000E+00  0.000000E+00  0.177273E+06  0.183651E+07
  0.129922E+00  0.183430E+07  0.182741E+07  0.000000E+00  0.000000E+00  0.174222E+06  0.182176E+07
  0.130842E+00  0.181923E+07  0.181242E+07  0.000000E+00  0.000000E+00  0.171202E+06  0.180678E+07
  0.131762E+00  0.180393E+07  0.179719E+07  0.000000E+00  0.000000E+00  0.168209E+06  0.179158E+07
  0.132681E+00  0.178841E+07  0.178172E+07  0.000000E+00  0.000000E+00  0.165243E+06  0.177615E+07
  0.133601E+00  0.177268E+07  0.176602E+07  0.000000E+00  0.000000E+00  0.162304E+06  0.176052E+07
  0.134521E+00  0.175676E+07  0.175011E+07  0.000000E+00  0.000000E+00  0.159394E+06  0.174468E+07
  0.135441E+00  0.174065E+07  0.173398E+07  0.000000E+00  0.000000E+00  0.156514E+06  0.172866E+07
  0.136361E+00  0.172436E+07  0.171768E+07  0.000000E+00  0.000000E+00  0.153664E+06  0.171247E+07
  0.137280E+00  0.170793E+07  0.170120E+07  0.000000E+00  0.000000E+00  0.150846E+06  0.169612E+07
  0.138200E+00  0.169137E+07  0.168459E+07  0.000000E+00  0.000000E+00  0.148060E+06  0.167964E+07
  0.139120E+00  0.167470E+07  0.166786E+07  0.000000E+00  0.000000E+00  0.145310E+06  0.166306E+07
  0.140040E+00  0.165796E+07  0.165105E+07  0.000000E+00  0.000000E+00  0.142595E+06  0.164641E+07
  0.140960E+00  0.164118E+07  0.163418E+07  0.000000E+00  0.000000E+00  0.139919E+06  0.162971E+07
  0.141879E+00  0.162439E+07  0.161729E+07  0.000000E+00  0.000000E+00  0.137283E+06  0.161299E+07
  0.142799E+00  0.160760E+07  0.160041E+07  0.000000E+00  0.000000E+00  0.134689E+06  0.159629E+07
  0.143719E+00  0.159086E+07  0.158356E+07  0.000000E+00  0.000000E+00  0.132140E+06  0.157962E+07
  0.144639E+00  0.157419E+07  0.156679E+07  0.000000E+00  0.000000E+00  0.129634E+06  0.156303E+07
  0.145559E+00  0.155762E+07  0.155011E+07  0.000000E+00  0.000000E+00  0.127175E+06  0.154655E+07
  0.146478E+00  0.154118E+07  0.153358E+07  0.000000E+00  0.000000E+00  0.124764E+06  0.153019E+07
  0.147398E+00  0.152491E+07  0.151720E+07  0.000000E+00  0.000000E+00  0.122404E+06  0.151400E+07
  0.148318E+00  0.150883E+07  0.150102E+07  0.000000E+00  0.000000E+00  0.120094E+06  0.149799E+07
  0.149238E+00  0.149297E+07  0.148507E+07  0.000000E+00  0.000000E+00  0.117837E+06  0.148221E+07
  0.150158E+00  0.147736E+07  0.146937E+07  0.000000E+00  0.000000E+00  0.115632E+06  0.146667E+07
  0.151078E+00  0.146202E+07  0.145395E+07  0.000000E+00  0.000000E+00  0.113482E+06  0.145141E+07
  0.151997E+00  0.144697E+07  0.143883E+07  0.000000E+00  0.000000E+00  0.111387E+06  0.143645E+07
  0.152917E+00  0.143225E+07  0.142404E+07  0.000000E+00  0.000000E+00  0.109346E+06  0.142180E+07
  0.153837E+00  0.141787E+07  0.140961E+07  0.000000E+00  0.000000E+00  0.107362E+06  0.140749E+07
  0.154757E+00  0.140384E+07  0.139553E+07  0.000000E+00  0.000000E+00  0.105434E+06  0.139354E+07
  0.155677E+00  0.139018E+07  0.138184E+07  0.000000E+00  0.000000E+00  0.103562E+06  0.137995E+07
  0.156596E+00  0.137691E+07  0.136855E+07  0.000000E+00  0.000000E+00  0.101745E+06  0.136676E+07
  0.157516E+00  0.136403E+07  0.135566E+07  0.000000E+00  0.000000E+00  0.999831E+05  0.135395E+07
  0.158436E+00  0.135155E+07  0.134318E+07  0.000000E+00  0.000000E+00  0.982756E+05  0.134155E+07
  0.159356E+00  0.133948E+07  0.133112E+07  0.000000E+00  0.000000E+00  0.966225E+05  0.132955E+07
  0.160276E+00  0.132781E+07  0.131948E+07  0.000000E+00  0.000000E+00  0.950220E+05  0.131795E+07
  0.161195E+00  0.131654E+07  0.130825E+07  0.000000E+00  0.000000E+00  0.934725E+05  0.130676E+07
  0.162115E+00  0.130568E+07  0.129744E+07  0.000000E+00  0.000000E+00  0.919730E+05  0.129597E+07
  0.163035E+00  0.129522E+07  0.128704E+07  0.000000E+00  0.000000E+00  0.905224E+05  0.128558E+07
  0.163955E+00  0.128514E+07  0.127704E+07  0.000000E+00  0.000000E+00  0.891190E+05  0.127558E+07
  0.164875E+00  0.127545E+07  0.126743E+07  0.000000E+00  0.000000E+00  0.877613E+05  0.126596E+07
  0.165794E+00  0.126613E+07  0.125820E+07  0.000000E+00  0.000000E+00  0.864477E+05  0.125671E+07
  0.166714E+00  0.125717E+07  0.124934E+07  0.000000E+00  0.000000E+00  0.851765E+05  0.124781E+07
  0.167634E+00  0.124855E+07  0.124082E+07  0.000000E+00  0.000000E+00  0.839457E+05  0.123926E+07
  0.168554E+00  0.124025E+07  0.123265E+07  0.000000E+00  0.000000E+00  0.827531E+05  0.123104E+07
  0.169474E+00  0.123227E+07  0.122479E+07  0.000000E+00  0.000000E+00  0.815965E+05  0.122312E+07
  0.170393E+00  0.122458E+07  0.121723E+07  0.000000E+00  0.000000E+00  0.804747E+05  0.121550E+07
  0.171313E+00  0.121716E+07  0.120994E+07  0.000000E+00  0.000000E+00  0.793861E+05  0.120814E+07
  0.172233E+00  0.120999E+07  0.120291E+07  0.000000E+00  0.000000E+00  0.783281E+05  0.120104E+07
  0.173153E+00  0.120305E+07  0.119612E+07  0.000000E+00  0.000000E+00  0.772982E+05  0.119416E+07
  0.174073E+00  0.119632E+07  0.118953E+07  0.000000E+00  0.000000E+00  0.762947E+05  0.118750E+07
  0.174993E+00  0.118977E+07  0.118313E+07  0.000000E+00  0.000000E+00  0.753160E+05  0.118101E+07
  0.175912E+00  0.118338E+07  0.117689E+07  0.000000E+00  0.000000E+00  0.743602E+05  0.117469E+07
  0.176832E+00  0.117714E+07  0.117079E+07  0.000000E+00  0.000000E+00  0.734253E+05  0.116850E+07
  0.177752E+00  0.117101E+07  0.116481E+07  0.000000E+00  0.000000E+00  0.725095E+05  0.116243E+07
  0.178672E+00  0.116498E+07  0.115892E+07  0.000000E+00  0.000000E+00  0.716113E+05  0.115646E+07
  0.179592E+00  0.115902E+07  0.115310E+07  0.000000E+00  0.000000E+00  0.707290E+05  0.115056E+07
  0.180511E+00  0.115312E+07  0.114734E+07  0.000000E+00  0.000000E+00  0.698609E+05  0.114472E+07
  0.181431E+00  0.114726E+07  0.114160E+07  0.000000E+00  0.000000E+00  0.690053E+05  0.113891E+07
  0.182351E+00  0.114141E+07  0.113589E+07  0.000000E+00  0.000000E+00  0.681618E+05  0.113312E+07
  0.183271E+00  0.113557E+07  0.113017E+07  0.000000E+00  0.000000E+00  0.673292E+05  0.112734E+07
  0.184191E+00  0.112972E+07  0.112443E+07  0.000000E+00  0.000000E+00  0.665062E+05  0.112154E+07
  0.185110E+00  0.112384E+07  0.111866E+07  0.000000E+00  0.000000E+00  0.656913E+05  0.111571E+07
  0.186030E+00  0.111791E+07  0.111284E+07  0.000000E+00  0.000000E+00  0.648839E+05  0.110984E+07
  0.186950E+00  0.111194E+07  0.110696E+07  0.000000E+00  0.000000E+00  0.640833E+05  0.110392E+07
  0.187870E+00  0.110591E+07  0.110101E+07  0.000000E+00  0.000000E+00  0.632889E+05  0.109793E+07
  0.188790E+00  0.109980E+07  0.109499E+07  0.000000E+00  0.000000E+00  0.625002E+05  0.109188E+07
  0.189709E+00  0.109361E+07  0.108887E+07  0.000000E+00  0.000000E+00  0.617164E+05  0.108574E+07
  0.190629E+00  0.108734E+07  0.108267E+07  0.000000E+00  0.000000E+00  0.609374E+05  0.107952E+07
  0.191549E+00  0.108099E+07  0.107637E+07  0.000000E+00  0.000000E+00  0.601629E+05  0.107321E+07
  0.192469E+00  0.107454E+07  0.106996E+07  0.000000E+00  0.000000E+00  0.593925E+05  0.106681E+07
  0.193389E+00  0.106800E+07  0.106346E+07  0.000000E+00  0.000000E+00  0.586259E+05  0.106031E+07
  0.194309E+00  0.106136E+07  0.105686E+07  0.000000E+00  0.000000E+00  0.578635E+05  0.105372E+07
  0.195228E+00  0.105463E+07  0.105016E+07  0.000000E+00  0.000000E+00  0.571055E+05  0.104704E+07
  0.196148E+00  0.104782E+07  0.104337E+07  0.000000E+00  0.000000E+00  0.563518E+05  0.104027E+07
  0.197068E+00  0.104092E+07  0.103648E+07  0.000000E+00  0.000000E+00  0.556023E+05  0.103342E+07
  0.197988E+00  0.103395E+07  0.102951E+07  0.000000E+00  0.000000E+00  0.548574E+05  0.102649E+07
  0.198908E+00  0.102690E+07  0.102247E+07  0.000000E+00  0.000000E+00  0.541177E+05  0.101949E+07
  0.199827E+00  0.101980E+07  0.101536E+07  0.000000E+00  0.000000E+00  0.533835E+05  0.101242E+07
  0.200747E+00  0.101263E+07  0.100818E+07  0.000000E+00  0.000000E+00  0.526552E+05  0.100530E+07
  0.201667E+00  0.100543E+07  0.100096E+07  0.000000E+00  0.000000E+00  0.519329E+05  0.998136E+06
  0.202587E+00  0.998182E+06  0.993696E+06  0.000000E+00  0.000000E+00  0.512172E+05  0.990933E+06
  0.203507E+00  0.990911E+06  0.986404E+06  0.000000E+00  0.000000E+00  0.505086E+05  0.983704E+06
  0.204426E+00  0.983625E+06  0.979093E+06  0.000000E+00  0.000000E+00  0.498074E+05  0.976458E+06
  0.205346E+00  0.976335E+06  0.971775E+06  0.000000E+00  0.000000E+00  0.491140E+05  0.969209E+06
  0.206266E+00  0.969051E+06  0.964463E+06  0.000000E+00  0.000000E+00  0.484291E+05  0.961965E+06
  0.207186E+00  0.961785E+06  0.957166E+06  0.000000E+00  0.000000E+00  0.477532E+05  0.954739E+06
  0.208106E+00  0.954547E+06  0.949898E+06  0.000000E+00  0.000000E+00  0.470866E+05  0.947542E+06
  0.209025E+00  0.947349E+06  0.942670E+06  0.000000E+00  0.000000E+00  0.464294E+05  0.940384E+06
  0.209945E+00  0.940202E+06  0.935492E+06  0.000000E+00  0.000000E+00  0.457821E+05  0.933276E+06
  0.210865E+00  0.933117E+06  0.928377E+06  0.000000E+00  0.000000E+00  0.451452E+05  0.926230E+06
  0.211785E+00  0.926104E+06  0.921336E+06  0.000000E+00  0.000000E+00  0.445193E+05  0.919256E+06
  0.212705E+00  0.919173E+06  0.914379E+06  0.000000E+00  0.000000E+00  0.439045E+05  0.912364E+06
  0.213625E+00  0.912334E+06  0.907516E+06  0.000000E+00  0.000000E+00  0.433009E+05  0.905564E+06
  0.214544E+00  0.905597E+06  0.900757E+06  0.000000E+00  0.000000E+00  0.427089E+05  0.898865E+06
  0.217367E+00  0.885634E+06  0.880747E+06  0.000000E+00  0.000000E+00  0.409665E+05  0.879019E+06
  0.220227E+00  0.866649E+06  0.861749E+06  0.000000E+00  0.000000E+00  0.393181E+05  0.860151E+06
  0.223125E+00  0.848805E+06  0.843932E+06  0.000000E+00  0.000000E+00  0.377665E+05  0.842423E+06
  0.226061E+00  0.832192E+06  0.827388E+06  0.000000E+00  0.000000E+00  0.363127E+05  0.825926E+06
  0.229035E+00  0.816824E+06  0.812130E+06  0.000000E+00  0.000000E+00  0.349525E+05  0.810672E+06
  0.232049E+00  0.802632E+06  0.798084E+06  0.000000E+00  0.000000E+00  0.336797E+05  0.796594E+06
  0.235102E+00  0.789471E+06  0.785096E+06  0.000000E+00  0.000000E+00  0.324836E+05  0.783544E+06
  0.238195E+00  0.777124E+06  0.772939E+06  0.000000E+00  0.000000E+00  0.313530E+05  0.771305E+06
  0.241330E+00  0.765332E+06  0.761344E+06  0.000000E+00  0.000000E+00  0.302745E+05  0.759620E+06
  0.244505E+00  0.753822E+06  0.750025E+06  0.000000E+00  0.000000E+00  0.292358E+05  0.748214E+06
  0.247722E+00  0.742332E+06  0.738709E+06  0.000000E+00  0.000000E+00  0.282252E+05  0.736825E+06
  0.250981E+00  0.730629E+06  0.727155E+06  0.000000E+00  0.000000E+00  0.272336E+05  0.725221E+06
  0.254284E+00  0.718525E+06  0.715168E+06  0.000000E+00  0.000000E+00  0.262541E+05  0.713213E+06
  0.257630E+00  0.705911E+06  0.702637E+06  0.000000E+00  0.000000E+00  0.252828E+05  0.700692E+06
  0.261019E+00  0.692761E+06  0.689537E+06  0.000000E+00  0.000000E+00  0.243196E+05  0.687635E+06
  0.264454E+00  0.679136E+06  0.675932E+06  0.000000E+00  0.000000E+00  0.233668E+05  0.674100E+06
  0.267933E+00  0.665163E+06  0.661957E+06  0.000000E+00  0.000000E+00  0.224294E+05  0.660215E+06
  0.271459E+00  0.651022E+06  0.647802E+06  0.000000E+00  0.000000E+00  0.215134E+05  0.646163E+06
  0.275031E+00  0.636936E+06  0.633697E+06  0.000000E+00  0.000000E+00  0.206258E+05  0.632164E+06
  0.278649E+00  0.623136E+06  0.619886E+06  0.000000E+00  0.000000E+00  0.197734E+05  0.618451E+06
  0.282316E+00  0.609828E+06  0.606581E+06  0.000000E+00  0.000000E+00  0.189612E+05  0.605229E+06
  0.286030E+00  0.597166E+06  0.593943E+06  0.000000E+00  0.000000E+00  0.181928E+05  0.592653E+06
  0.289794E+00  0.585243E+06  0.582068E+06  0.000000E+00  0.000000E+00  0.174691E+05  0.580815E+06
  0.293607E+00  0.574084E+06  0.570978E+06  0.000000E+00  0.000000E+00  0.167887E+05  0.569739E+06
  0.297470E+00  0.563630E+06  0.560613E+06  0.000000E+00  0.000000E+00  0.161484E+05  0.559368E+06
  0.301384E+00  0.553756E+06  0.550841E+06  0.000000E+00  0.000000E+00  0.155428E+05  0.549574E+06
  0.305350E+00  0.544290E+06  0.541482E+06  0.000000E+00  0.000000E+00  0.149657E+05  0.540187E+06
  0.309367E+00  0.535049E+06  0.532345E+06  0.000000E+00  0.000000E+00  0.144111E+05  0.531024E+06
  0.313438E+00  0.525850E+06  0.523240E+06  0.000000E+00  0.000000E+00  0.138734E+05  0.521900E+06
  0.317562E+00  0.516535E+06  0.514004E+06  0.000000E+00  0.000000E+00  0.120035E+05  0.512649E+06
  0.321740E+00  0.507024E+06  0.504552E+06  0.000000E+00  0.000000E+00  0.115302E+05  0.503210E+06
  0.325974E+00  0.497286E+06  0.494857E+06  0.000000E+00  0.000000E+00  0.110662E+05  0.493543E+06
  0.330263E+00  0.487359E+06  0.484958E+06  0.000000E+00  0.000000E+00  0.106121E+05  0.483686E+06
  0.334608E+00  0.477335E+06  0.474951E+06  0.000000E+00  0.000000E+00  0.101699E+05  0.473730E+06
  0.339011E+00  0.467349E+06  0.464978E+06  0.000000E+00  0.000000E+00  0.974211E+04  0.463812E+06
  0.343472E+00  0.457546E+06  0.455191E+06  0.000000E+00  0.000000E+00  0.933144E+04  0.454076E+06
  0.347991E+00  0.448051E+06  0.445719E+06  0.000000E+00  0.000000E+00  0.893974E+04  0.444648E+06
  0.352570E+00  0.438956E+06  0.436657E+06  0.000000E+00  0.000000E+00  0.856811E+04  0.435618E+06
  0.357209E+00  0.430301E+06  0.428048E+06  0.000000E+00  0.000000E+00  0.821651E+04  0.427028E+06
  0.361909E+00  0.422066E+06  0.419867E+06  0.000000E+00  0.000000E+00  0.788369E+04  0.418856E+06
  0.366671E+00  0.414181E+06  0.412043E+06  0.000000E+00  0.000000E+00  0.756757E+04  0.411033E+06
  0.371495E+00  0.406548E+06  0.404473E+06  0.000000E+00  0.000000E+00  0.726572E+04  0.403461E+06
  0.376383E+00  0.399053E+06  0.397037E+06  0.000000E+00  0.000000E+00  0.697556E+04  0.396025E+06
  0.381336E+00  0.391594E+06  0.389631E+06  0.000000E+00  0.000000E+00  0.669494E+04  0.388624E+06
  0.386353E+00  0.384107E+06  0.382189E+06  0.000000E+00  0.000000E+00  0.642253E+04  0.381194E+06
  0.391437E+00  0.376568E+06  0.374686E+06  0.000000E+00  0.000000E+00  0.615775E+04  0.373711E+06
  0.396587E+00  0.368997E+06  0.367144E+06  0.000000E+00  0.000000E+00  0.590075E+04  0.366195E+06
  0.401805E+00  0.361456E+06  0.359626E+06  0.000000E+00  0.000000E+00  0.565231E+04  0.358708E+06
  0.407092E+00  0.354018E+06  0.352213E+06  0.000000E+00  0.000000E+00  0.541334E+04  0.351324E+06
  0.412448E+00  0.346758E+06  0.344978E+06  0.000000E+00  0.000000E+00  0.518466E+04  0.344116E+06
  0.417875E+00  0.339734E+06  0.337984E+06  0.000000E+00  0.000000E+00  0.496670E+04  0.337143E+06
  0.423374E+00  0.332963E+06  0.331249E+06  0.000000E+00  0.000000E+00  0.475935E+04  0.330424E+06
  0.428944E+00  0.326433E+06  0.324758E+06  0.000000E+00  0.000000E+00  0.456196E+04  0.323944E+06
  0.434588E+00  0.320104E+06  0.318470E+06  0.000000E+00  0.000000E+00  0.437358E+04  0.317664E+06
  0.440306E+00  0.313914E+06  0.312320E+06  0.000000E+00  0.000000E+00  0.419304E+04  0.311521E+06
  0.446100E+00  0.307808E+06  0.306251E+06  0.000000E+00  0.000000E+00  0.401934E+04  0.305463E+06
  0.451969E+00  0.301748E+06  0.300225E+06  0.000000E+00  0.000000E+00  0.385175E+04  0.299449E+06
  0.457916E+00  0.295718E+06  0.294224E+06  0.000000E+00  0.000000E+00  0.368989E+04  0.293464E+06
  0.463941E+00  0.289733E+06  0.288266E+06  0.000000E+00  0.000000E+00  0.353377E+04  0.287523E+06
  0.470046E+00  0.283823E+06  0.282380E+06  0.000000E+00  0.000000E+00  0.338358E+04  0.281657E+06
  0.476231E+00  0.278025E+06  0.276608E+06  0.000000E+00  0.000000E+00  0.323956E+04  0.275902E+06
  0.482497E+00  0.272373E+06  0.270981E+06  0.000000E+00  0.000000E+00  0.310187E+04  0.270292E+06
  0.488845E+00  0.266877E+06  0.265514E+06  0.000000E+00  0.000000E+00  0.297039E+04  0.264838E+06
  0.495277E+00  0.261536E+06  0.260202E+06  0.000000E+00  0.000000E+00  0.284486E+04  0.259537E+06
  0.501794E+00  0.256325E+06  0.255020E+06  0.000000E+00  0.000000E+00  0.272478E+04  0.254366E+06
  0.508396E+00  0.251217E+06  0.249941E+06  0.000000E+00  0.000000E+00  0.260968E+04  0.249297E+06
  0.515086E+00  0.246186E+06  0.244938E+06  0.000000E+00  0.000000E+00  0.249910E+04  0.244305E+06
  0.521863E+00  0.241219E+06  0.239996E+06  0.000000E+00  0.000000E+00  0.239275E+04  0.239375E+06
  0.528730E+00  0.236317E+06  0.235118E+06  0.000000E+00  0.000000E+00  0.229050E+04  0.234510E+06
  0.535686E+00  0.231489E+06  0.230313E+06  0.000000E+00  0.000000E+00  0.219231E+04  0.229719E+06
  0.542735E+00  0.226755E+06  0.225601E+06  0.000000E+00  0.000000E+00  0.209821E+04  0.225020E+06
  0.549876E+00  0.222124E+06  0.220993E+06  0.000000E+00  0.000000E+00  0.200815E+04  0.220424E+06
  0.557111E+00  0.217604E+06  0.216496E+06  0.000000E+00  0.000000E+00  0.192203E+04  0.215939E+06
  0.564442E+00  0.213188E+06  0.212103E+06  0.000000E+00  0.000000E+00  0.183963E+04  0.211556E+06
  0.571868E+00  0.208864E+06  0.207803E+06  0.000000E+00  0.000000E+00  0.176075E+04  0.207265E+06
  0.579393E+00  0.204619E+06  0.203580E+06  0.000000E+00  0.000000E+00  0.168511E+04  0.203052E+06
  0.587016E+00  0.200445E+06  0.199428E+06  0.000000E+00  0.000000E+00  0.161255E+04  0.198910E+06
  0.594740E+00  0.196339E+06  0.195342E+06  0.000000E+00  0.000000E+00  0.154292E+04  0.194835E+06
  0.602565E+00  0.192306E+06  0.191329E+06  0.000000E+00  0.000000E+00  0.147618E+04  0.190833E+06
  0.610494E+00  0.188351E+06  0.187394E+06  0.000000E+00  0.000000E+00  0.141223E+04  0.186908E+06
  0.618526E+00  0.184480E+06  0.183542E+06  0.000000E+00  0.000000E+00  0.135104E+04  0.183066E+06
  0.626665E+00  0.180691E+06  0.179772E+06  0.000000E+00  0.000000E+00  0.129247E+04  0.179306E+06
  0.634910E+00  0.176982E+06  0.176082E+06  0.000000E+00  0.000000E+00  0.123642E+04  0.175625E+06
  0.643264E+00  0.173345E+06  0.172464E+06  0.000000E+00  0.000000E+00  0.118273E+04  0.172016E+06
  0.692723E+00  0.154001E+06  0.153218E+06  0.000000E+00  0.000000E+00  0.918558E+03  0.152819E+06
  0.745984E+00  0.136732E+06  0.136037E+06  0.000000E+00  0.000000E+00  0.712288E+03  0.135682E+06
  0.803340E+00  0.121320E+06  0.120704E+06  0.000000E+00  0.000000E+00  0.551482E+03  0.120388E+06
  0.865106E+00  0.107575E+06  0.107029E+06  0.000000E+00  0.000000E+00  0.426342E+03  0.106748E+06
  0.931621E+00  0.953293E+05  0.948453E+05  0.000000E+00  0.000000E+00  0.329132E+03  0.945964E+05
  0.100325E+01  0.844293E+05  0.840007E+05  0.000000E+00  0.000000E+00  0.253748E+03  0.837799E+05
  0.108039E+01  0.747328E+05  0.743534E+05  0.000000E+00  0.000000E+00  0.195376E+03  0.741578E+05
  0.116345E+01  0.661133E+05  0.657777E+05  0.000000E+00  0.000000E+00  0.150247E+03  0.656044E+05
  0.125291E+01  0.584579E+05  0.581612E+05  0.000000E+00  0.000000E+00  0.115408E+03  0.580079E+05
  0.134924E+01  0.516619E+05  0.513997E+05  0.000000E+00  0.000000E+00  0.885481E+02  0.512641E+05
  0.145298E+01  0.456336E+05  0.454020E+05  0.000000E+00  0.000000E+00  0.678675E+02  0.452822E+05
  0.156469E+01  0.402894E+05  0.400849E+05  0.000000E+00  0.000000E+00  0.707157E+02  0.399792E+05
  0.168500E+01  0.355546E+05  0.353742E+05  0.000000E+00  0.000000E+00  0.542357E+02  0.352808E+05
  0.181455E+01  0.313622E+05  0.312031E+05  0.000000E+00  0.000000E+00  0.415521E+02  0.311206E+05
  0.195406E+01  0.276522E+05  0.275119E+05  0.000000E+00  0.000000E+00  0.318025E+02  0.274392E+05
  0.210431E+01  0.243708E+05  0.242472E+05  0.000000E+00  0.000000E+00  0.243170E+02  0.241830E+05
