  0.745045E-04  0.198016E+08  0.198016E+08  0.257040E+08  0.257030E+08  0.198010E+08  0.198016E+08
  0.829624E-04  0.198013E+08  0.198013E+08  0.255387E+08  0.255374E+08  0.198005E+08  0.198013E+08
  0.923803E-04  0.198009E+08  0.198009E+08  0.253350E+08  0.253334E+08  0.197998E+08  0.198009E+08
  0.102867E-03  0.198005E+08  0.198005E+08  0.250845E+08  0.250826E+08  0.197991E+08  0.198005E+08
  0.114545E-03  0.197999E+08  0.197999E+08  0.247771E+08  0.247747E+08  0.197981E+08  0.197999E+08
  0.127548E-03  0.197992E+08  0.197992E+08  0.244006E+08  0.243978E+08  0.197969E+08  0.197992E+08
  0.142028E-03  0.197983E+08  0.197983E+08  0.239412E+08  0.239378E+08  0.197955E+08  0.197983E+08
  0.158151E-03  0.197973E+08  0.197973E+08  0.233825E+08  0.233784E+08  0.197937E+08  0.197972E+08
  0.176104E-03  0.197959E+08  0.197959E+08  0.227063E+08  0.227015E+08  0.197914E+08  0.197959E+08
  0.196096E-03  0.197943E+08  0.197943E+08  0.218929E+08  0.218872E+08  0.197887E+08  0.197942E+08
  0.218356E-03  0.197922E+08  0.197922E+08  0.209215E+08  0.209148E+08  0.197853E+08  0.197922E+08
  0.243144E-03  0.197897E+08  0.197897E+08  0.197723E+08  0.197646E+08  0.197811E+08  0.197897E+08
  0.270746E-03  0.197866E+08  0.197866E+08  0.184283E+08  0.184197E+08  0.197758E+08  0.197866E+08
  0.301482E-03  0.197828E+08  0.197828E+08  0.168795E+08  0.168701E+08  0.197694E+08  0.197827E+08
  0.335706E-03  0.197782E+08  0.197782E+08  0.151276E+08  0.151177E+08  0.197615E+08  0.197780E+08
  0.373816E-03  0.197724E+08  0.197724E+08  0.131922E+08  0.131822E+08  0.197518E+08  0.197723E+08
  0.416252E-03  0.197655E+08  0.197654E+08  0.111179E+08  0.111085E+08  0.197398E+08  0.197653E+08
  0.463505E-03  0.197569E+08  0.197569E+08  0.898011E+07  0.897230E+07  0.197252E+08  0.197567E+08
  0.516122E-03  0.197466E+08  0.197466E+08  0.688721E+07  0.688185E+07  0.197072E+08  0.197463E+08
  0.574713E-03  0.197341E+08  0.197341E+08  0.497380E+07  0.497162E+07  0.196854E+08  0.197338E+08
  0.639955E-03  0.197191E+08  0.197190E+08  0.338053E+07  0.338171E+07  0.196588E+08  0.197186E+08
  0.712603E-03  0.197010E+08  0.197009E+08  0.221739E+07  0.222114E+07  0.196266E+08  0.197004E+08
  0.793498E-03  0.196795E+08  0.196794E+08  0.151619E+07  0.152068E+07  0.195876E+08  0.196788E+08
  0.883577E-03  0.196539E+08  0.196538E+08  0.119320E+07  0.119602E+07  0.195407E+08  0.196530E+08
  0.983881E-03  0.196236E+08  0.196235E+08  0.105826E+07  0.105782E+07  0.194844E+08  0.196225E+08
  0.109557E-02  0.195879E+08  0.195877E+08  0.901404E+06  0.898501E+06  0.194171E+08  0.195866E+08
  0.121994E-02  0.195459E+08  0.195457E+08  0.632263E+06  0.630082E+06  0.193368E+08  0.195444E+08
  0.135843E-02  0.194968E+08  0.194966E+08  0.351657E+06  0.352665E+06  0.192419E+08  0.194949E+08
  0.151264E-02  0.194394E+08  0.194392E+08  0.219127E+06  0.221336E+06  0.191293E+08  0.194371E+08
  0.168436E-02  0.193727E+08  0.193724E+08  0.211154E+06  0.210592E+06  0.189969E+08  0.193699E+08
  0.187557E-02  0.192952E+08  0.192948E+08  0.154661E+06  0.153039E+06  0.188421E+08  0.192918E+08
  0.208848E-02  0.192056E+08  0.192051E+08  0.634455E+05  0.646915E+05  0.186624E+08  0.192016E+08
  0.232557E-02  0.191024E+08  0.191018E+08  0.616717E+05  0.614820E+05  0.184553E+08  0.190975E+08
  0.258957E-02  0.189839E+08  0.189831E+08  0.406990E+05  0.386469E+05  0.182186E+08  0.189782E+08
  0.288354E-02  0.188484E+08  0.188475E+08  0.174539E+05  0.151186E+05  0.179506E+08  0.188417E+08
  0.321088E-02  0.186942E+08  0.186931E+08  0.204911E+05  0.152578E+05  0.176499E+08  0.186864E+08
  0.357538E-02  0.185195E+08  0.185181E+08  0.272172E+04  0.322796E+04  0.173153E+08  0.185105E+08
  0.398126E-02  0.183226E+08  0.183208E+08 -0.359763E+03 -0.524673E+03  0.169457E+08  0.183122E+08
  0.443322E-02  0.181016E+08  0.180995E+08  0.254466E+04  0.142201E+04  0.165397E+08  0.180898E+08
  0.493648E-02  0.178549E+08  0.178523E+08  0.000000E+00  0.000000E+00  0.160958E+08  0.178416E+08
  0.498985E-02  0.178288E+08  0.178261E+08  0.000000E+00  0.000000E+00  0.160493E+08  0.178153E+08
  0.504379E-02  0.178023E+08  0.177996E+08  0.000000E+00  0.000000E+00  0.160023E+08  0.177887E+08
  0.509832E-02  0.177756E+08  0.177728E+08  0.000000E+00  0.000000E+00  0.159550E+08  0.177618E+08
  0.515344E-02  0.177487E+08  0.177458E+08  0.000000E+00  0.000000E+00  0.159072E+08  0.177347E+08
  0.520915E-02  0.177214E+08  0.177185E+08  0.000000E+00  0.000000E+00  0.158590E+08  0.177073E+08
  0.526546E-02  0.176938E+08  0.176909E+08  0.000000E+00  0.000000E+00  0.158105E+08  0.176796E+08
  0.532239E-02  0.176660E+08  0.176630E+08  0.000000E+00  0.000000E+00  0.157615E+08  0.176516E+08
  0.537993E-02  0.176379E+08  0.176348E+08  0.000000E+00  0.000000E+00  0.157121E+08  0.176233E+08
  0.543809E-02  0.176095E+08  0.176064E+08  0.000000E+00  0.000000E+00  0.156622E+08  0.175947E+08
  0.549688E-02  0.175808E+08  0.175776E+08  0.000000E+00  0.000000E+00  0.156120E+08  0.175659E+08
  0.555630E-02  0.175519E+08  0.175486E+08  0.000000E+00  0.000000E+00  0.155614E+08  0.175367E+08
  0.561637E-02  0.175226E+08  0.175192E+08  0.000000E+00  0.000000E+00  0.155103E+08  0.175073E+08
  0.567709E-02  0.174930E+08  0.174896E+08  0.000000E+00  0.000000E+00  0.154588E+08  0.174775E+08
  0.573846E-02  0.174632E+08  0.174597E+08  0.000000E+00  0.000000E+00  0.154069E+08  0.174475E+08
  0.580050E-02  0.174330E+08  0.174295E+08  0.000000E+00  0.000000E+00  0.153545E+08  0.174172E+08
  0.586320E-02  0.174026E+08  0.173989E+08  0.000000E+00  0.000000E+00  0.153018E+08  0.173866E+08
  0.592659E-02  0.173718E+08  0.173681E+08  0.000000E+00  0.000000E+00  0.152486E+08  0.173556E+08
  0.599066E-02  0.173408E+08  0.173370E+08  0.000000E+00  0.000000E+00  0.151950E+08  0.173244E+08
  0.605542E-02  0.173094E+08  0.173055E+08  0.000000E+00  0.000000E+00  0.151410E+08  0.172929E+08
  0.612089E-02  0.172777E+08  0.172738E+08  0.000000E+00  0.000000E+00  0.150865E+08  0.172610E+08
  0.618706E-02  0.172458E+08  0.172418E+08  0.000000E+00  0.000000E+00  0.150316E+08  0.172289E+08
  0.625394E-02  0.172135E+08  0.172094E+08  0.000000E+00  0.000000E+00  0.149763E+08  0.171964E+08
  0.632155E-02  0.171809E+08  0.171767E+08  0.000000E+00  0.000000E+00  0.149205E+08  0.171636E+08
  0.638989E-02  0.171480E+08  0.171437E+08  0.000000E+00  0.000000E+00  0.148644E+08  0.171306E+08
  0.645897E-02  0.171148E+08  0.171104E+08  0.000000E+00  0.000000E+00  0.148078E+08  0.170972E+08
  0.652880E-02  0.170813E+08  0.170768E+08  0.000000E+00  0.000000E+00  0.147508E+08  0.170635E+08
  0.659938E-02  0.170474E+08  0.170429E+08  0.000000E+00  0.000000E+00  0.146933E+08  0.170294E+08
  0.667072E-02  0.170133E+08  0.170087E+08  0.000000E+00  0.000000E+00  0.146354E+08  0.169951E+08
  0.674284E-02  0.169788E+08  0.169741E+08  0.000000E+00  0.000000E+00  0.145771E+08  0.169604E+08
  0.681573E-02  0.169440E+08  0.169392E+08  0.000000E+00  0.000000E+00  0.145184E+08  0.169254E+08
  0.688942E-02  0.169089E+08  0.169040E+08  0.000000E+00  0.000000E+00  0.144593E+08  0.168901E+08
  0.696390E-02  0.168734E+08  0.168684E+08  0.000000E+00  0.000000E+00  0.143997E+08  0.168545E+08
  0.703918E-02  0.168376E+08  0.168325E+08  0.000000E+00  0.000000E+00  0.143397E+08  0.168185E+08
  0.711528E-02  0.168015E+08  0.167963E+08  0.000000E+00  0.000000E+00  0.142793E+08  0.167822E+08
  0.719220E-02  0.167651E+08  0.167598E+08  0.000000E+00  0.000000E+00  0.142185E+08  0.167456E+08
  0.726995E-02  0.167284E+08  0.167229E+08  0.000000E+00  0.000000E+00  0.141572E+08  0.167086E+08
  0.734855E-02  0.166913E+08  0.166857E+08  0.000000E+00  0.000000E+00  0.140956E+08  0.166713E+08
  0.742799E-02  0.166538E+08  0.166482E+08  0.000000E+00  0.000000E+00  0.140335E+08  0.166337E+08
  0.750829E-02  0.166161E+08  0.166103E+08  0.000000E+00  0.000000E+00  0.139710E+08  0.165957E+08
  0.758946E-02  0.165780E+08  0.165721E+08  0.000000E+00  0.000000E+00  0.139081E+08  0.165574E+08
  0.767151E-02  0.165395E+08  0.165336E+08  0.000000E+00  0.000000E+00  0.138448E+08  0.165188E+08
  0.775444E-02  0.165007E+08  0.164947E+08  0.000000E+00  0.000000E+00  0.137811E+08  0.164798E+08
  0.783828E-02  0.164616E+08  0.164554E+08  0.000000E+00  0.000000E+00  0.137170E+08  0.164405E+08
  0.792301E-02  0.164222E+08  0.164158E+08  0.000000E+00  0.000000E+00  0.136525E+08  0.164008E+08
  0.800867E-02  0.163823E+08  0.163759E+08  0.000000E+00  0.000000E+00  0.135876E+08  0.163608E+08
  0.809524E-02  0.163422E+08  0.163356E+08  0.000000E+00  0.000000E+00  0.135223E+08  0.163204E+08
  0.818276E-02  0.163017E+08  0.162950E+08  0.000000E+00  0.000000E+00  0.134566E+08  0.162797E+08
  0.827122E-02  0.162608E+08  0.162540E+08  0.000000E+00  0.000000E+00  0.133905E+08  0.162387E+08
  0.836064E-02  0.162196E+08  0.162126E+08  0.000000E+00  0.000000E+00  0.133241E+08  0.161973E+08
  0.845102E-02  0.161781E+08  0.161709E+08  0.000000E+00  0.000000E+00  0.132572E+08  0.161555E+08
  0.854239E-02  0.161362E+08  0.161289E+08  0.000000E+00  0.000000E+00  0.131899E+08  0.161134E+08
  0.863473E-02  0.160939E+08  0.160865E+08  0.000000E+00  0.000000E+00  0.131223E+08  0.160709E+08
  0.872808E-02  0.160513E+08  0.160437E+08  0.000000E+00  0.000000E+00  0.130543E+08  0.160281E+08
  0.882244E-02  0.160083E+08  0.160006E+08  0.000000E+00  0.000000E+00  0.129859E+08  0.159849E+08
  0.891782E-02  0.159649E+08  0.159571E+08  0.000000E+00  0.000000E+00  0.129172E+08  0.159413E+08
  0.901422E-02  0.159212E+08  0.159132E+08  0.000000E+00  0.000000E+00  0.128481E+08  0.158974E+08
  0.911167E-02  0.158771E+08  0.158690E+08  0.000000E+00  0.000000E+00  0.127786E+08  0.158531E+08
  0.921018E-02  0.158327E+08  0.158244E+08  0.000000E+00  0.000000E+00  0.127088E+08  0.158085E+08
  0.930975E-02  0.157879E+08  0.157794E+08  0.000000E+00  0.000000E+00  0.126386E+08  0.157634E+08
  0.941039E-02  0.157427E+08  0.157341E+08  0.000000E+00  0.000000E+00  0.125680E+08  0.157180E+08
  0.951212E-02  0.156972E+08  0.156884E+08  0.000000E+00  0.000000E+00  0.124971E+08  0.156723E+08
  0.961496E-02  0.156513E+08  0.156423E+08  0.000000E+00  0.000000E+00  0.124259E+08  0.156262E+08
  0.971890E-02  0.156050E+08  0.155958E+08  0.000000E+00  0.000000E+00  0.123543E+08  0.155797E+08
  0.982397E-02  0.155583E+08  0.155490E+08  0.000000E+00  0.000000E+00  0.122823E+08  0.155328E+08
  0.993017E-02  0.155113E+08  0.155017E+08  0.000000E+00  0.000000E+00  0.122101E+08  0.154855E+08
  0.100375E-01  0.154638E+08  0.154541E+08  0.000000E+00  0.000000E+00  0.121375E+08  0.154379E+08
  0.101460E-01  0.154160E+08  0.154062E+08  0.000000E+00  0.000000E+00  0.120646E+08  0.153899E+08
  0.102557E-01  0.153679E+08  0.153578E+08  0.000000E+00  0.000000E+00  0.119913E+08  0.153415E+08
  0.103666E-01  0.153193E+08  0.153090E+08  0.000000E+00  0.000000E+00  0.119177E+08  0.152927E+08
  0.104787E-01  0.152704E+08  0.152599E+08  0.000000E+00  0.000000E+00  0.118439E+08  0.152436E+08
  0.105919E-01  0.152210E+08  0.152104E+08  0.000000E+00  0.000000E+00  0.117697E+08  0.151940E+08
  0.107065E-01  0.151713E+08  0.151605E+08  0.000000E+00  0.000000E+00  0.116952E+08  0.151441E+08
  0.108222E-01  0.151212E+08  0.151102E+08  0.000000E+00  0.000000E+00  0.116204E+08  0.150938E+08
  0.109392E-01  0.150707E+08  0.150595E+08  0.000000E+00  0.000000E+00  0.115453E+08  0.150431E+08
  0.110575E-01  0.150199E+08  0.150084E+08  0.000000E+00  0.000000E+00  0.114699E+08  0.149920E+08
  0.111770E-01  0.149686E+08  0.149569E+08  0.000000E+00  0.000000E+00  0.113942E+08  0.149405E+08
  0.112978E-01  0.149169E+08  0.149050E+08  0.000000E+00  0.000000E+00  0.113183E+08  0.148886E+08
  0.114200E-01  0.148649E+08  0.148527E+08  0.000000E+00  0.000000E+00  0.112421E+08  0.148364E+08
  0.115434E-01  0.148124E+08  0.148000E+08  0.000000E+00  0.000000E+00  0.111656E+08  0.147837E+08
  0.116682E-01  0.147595E+08  0.147469E+08  0.000000E+00  0.000000E+00  0.110888E+08  0.147306E+08
  0.117944E-01  0.147063E+08  0.146935E+08  0.000000E+00  0.000000E+00  0.110118E+08  0.146772E+08
  0.119219E-01  0.146526E+08  0.146396E+08  0.000000E+00  0.000000E+00  0.109345E+08  0.146233E+08
  0.120507E-01  0.145986E+08  0.145853E+08  0.000000E+00  0.000000E+00  0.108570E+08  0.145690E+08
  0.121810E-01  0.145441E+08  0.145306E+08  0.000000E+00  0.000000E+00  0.107792E+08  0.145144E+08
  0.123127E-01  0.144893E+08  0.144755E+08  0.000000E+00  0.000000E+00  0.107012E+08  0.144593E+08
  0.124458E-01  0.144340E+08  0.144199E+08  0.000000E+00  0.000000E+00  0.106229E+08  0.144038E+08
  0.125804E-01  0.143783E+08  0.143640E+08  0.000000E+00  0.000000E+00  0.105445E+08  0.143480E+08
  0.127164E-01  0.143223E+08  0.143077E+08  0.000000E+00  0.000000E+00  0.104658E+08  0.142917E+08
  0.128538E-01  0.142658E+08  0.142509E+08  0.000000E+00  0.000000E+00  0.103869E+08  0.142350E+08
  0.129928E-01  0.142089E+08  0.141938E+08  0.000000E+00  0.000000E+00  0.103078E+08  0.141779E+08
  0.131333E-01  0.141516E+08  0.141362E+08  0.000000E+00  0.000000E+00  0.102285E+08  0.141204E+08
  0.132752E-01  0.140939E+08  0.140782E+08  0.000000E+00  0.000000E+00  0.101490E+08  0.140625E+08
  0.134188E-01  0.140357E+08  0.140198E+08  0.000000E+00  0.000000E+00  0.100693E+08  0.140041E+08
  0.135638E-01  0.139772E+08  0.139610E+08  0.000000E+00  0.000000E+00  0.998942E+07  0.139454E+08
  0.137105E-01  0.139183E+08  0.139018E+08  0.000000E+00  0.000000E+00  0.990938E+07  0.138863E+08
  0.138587E-01  0.138589E+08  0.138421E+08  0.000000E+00  0.000000E+00  0.982916E+07  0.138267E+08
  0.140085E-01  0.137991E+08  0.137820E+08  0.000000E+00  0.000000E+00  0.974879E+07  0.137667E+08
  0.141599E-01  0.137389E+08  0.137215E+08  0.000000E+00  0.000000E+00  0.966826E+07  0.137063E+08
  0.143130E-01  0.136783E+08  0.136606E+08  0.000000E+00  0.000000E+00  0.958759E+07  0.136455E+08
  0.144678E-01  0.136173E+08  0.135993E+08  0.000000E+00  0.000000E+00  0.950678E+07  0.135843E+08
  0.146242E-01  0.135559E+08  0.135375E+08  0.000000E+00  0.000000E+00  0.942584E+07  0.135227E+08
  0.147823E-01  0.134940E+08  0.134754E+08  0.000000E+00  0.000000E+00  0.934477E+07  0.134606E+08
  0.149421E-01  0.134317E+08  0.134128E+08  0.000000E+00  0.000000E+00  0.926359E+07  0.133982E+08
  0.151036E-01  0.133690E+08  0.133498E+08  0.000000E+00  0.000000E+00  0.918230E+07  0.133353E+08
  0.152669E-01  0.133059E+08  0.132863E+08  0.000000E+00  0.000000E+00  0.910090E+07  0.132720E+08
  0.154319E-01  0.132424E+08  0.132225E+08  0.000000E+00  0.000000E+00  0.901942E+07  0.132083E+08
  0.155988E-01  0.131785E+08  0.131582E+08  0.000000E+00  0.000000E+00  0.893785E+07  0.131442E+08
  0.157674E-01  0.131141E+08  0.130935E+08  0.000000E+00  0.000000E+00  0.885620E+07  0.130796E+08
  0.159378E-01  0.130493E+08  0.130284E+08  0.000000E+00  0.000000E+00  0.877448E+07  0.130147E+08
  0.161101E-01  0.129841E+08  0.129628E+08  0.000000E+00  0.000000E+00  0.869271E+07  0.129493E+08
  0.162843E-01  0.129185E+08  0.128969E+08  0.000000E+00  0.000000E+00  0.861088E+07  0.128835E+08
  0.164603E-01  0.128525E+08  0.128305E+08  0.000000E+00  0.000000E+00  0.852901E+07  0.128173E+08
  0.166383E-01  0.127861E+08  0.127637E+08  0.000000E+00  0.000000E+00  0.844711E+07  0.127507E+08
  0.168182E-01  0.127192E+08  0.126965E+08  0.000000E+00  0.000000E+00  0.836518E+07  0.126837E+08
  0.170000E-01  0.126520E+08  0.126289E+08  0.000000E+00  0.000000E+00  0.828323E+07  0.126163E+08
  0.171838E-01  0.125843E+08  0.125608E+08  0.000000E+00  0.000000E+00  0.820127E+07  0.125485E+08
  0.173695E-01  0.125162E+08  0.124924E+08  0.000000E+00  0.000000E+00  0.811932E+07  0.124803E+08
  0.175573E-01  0.124478E+08  0.124235E+08  0.000000E+00  0.000000E+00  0.803737E+07  0.124116E+08
  0.177471E-01  0.123789E+08  0.123543E+08  0.000000E+00  0.000000E+00  0.795545E+07  0.123426E+08
  0.179390E-01  0.123096E+08  0.122846E+08  0.000000E+00  0.000000E+00  0.787356E+07  0.122731E+08
  0.181329E-01  0.122399E+08  0.122145E+08  0.000000E+00  0.000000E+00  0.779170E+07  0.122033E+08
  0.183289E-01  0.121698E+08  0.121441E+08  0.000000E+00  0.000000E+00  0.770989E+07  0.121331E+08
  0.185271E-01  0.120993E+08  0.120732E+08  0.000000E+00  0.000000E+00  0.762814E+07  0.120624E+08
  0.187274E-01  0.120285E+08  0.120019E+08  0.000000E+00  0.000000E+00  0.754646E+07  0.119914E+08
  0.189298E-01  0.119572E+08  0.119303E+08  0.000000E+00  0.000000E+00  0.746485E+07  0.119200E+08
  0.191345E-01  0.118856E+08  0.118582E+08  0.000000E+00  0.000000E+00  0.738334E+07  0.118483E+08
  0.193413E-01  0.118135E+08  0.117858E+08  0.000000E+00  0.000000E+00  0.730192E+07  0.117761E+08
  0.195504E-01  0.117411E+08  0.117130E+08  0.000000E+00  0.000000E+00  0.722060E+07  0.117036E+08
  0.197618E-01  0.116683E+08  0.116398E+08  0.000000E+00  0.000000E+00  0.713941E+07  0.116306E+08
  0.199754E-01  0.115952E+08  0.115662E+08  0.000000E+00  0.000000E+00  0.705834E+07  0.115574E+08
  0.201914E-01  0.115217E+08  0.114923E+08  0.000000E+00  0.000000E+00  0.697741E+07  0.114837E+08
  0.204097E-01  0.114478E+08  0.114180E+08  0.000000E+00  0.000000E+00  0.689664E+07  0.114097E+08
  0.206303E-01  0.113735E+08  0.113433E+08  0.000000E+00  0.000000E+00  0.681602E+07  0.113354E+08
  0.208533E-01  0.112990E+08  0.112683E+08  0.000000E+00  0.000000E+00  0.673557E+07  0.112607E+08
  0.210788E-01  0.112240E+08  0.111930E+08  0.000000E+00  0.000000E+00  0.665530E+07  0.111857E+08
  0.213066E-01  0.111488E+08  0.111173E+08  0.000000E+00  0.000000E+00  0.657523E+07  0.111103E+08
  0.215370E-01  0.110732E+08  0.110413E+08  0.000000E+00  0.000000E+00  0.649536E+07  0.110346E+08
  0.217698E-01  0.109972E+08  0.109649E+08  0.000000E+00  0.000000E+00  0.641570E+07  0.109586E+08
  0.220052E-01  0.109210E+08  0.108883E+08  0.000000E+00  0.000000E+00  0.633627E+07  0.108823E+08
  0.222430E-01  0.108444E+08  0.108113E+08  0.000000E+00  0.000000E+00  0.625707E+07  0.108056E+08
  0.224835E-01  0.107676E+08  0.107340E+08  0.000000E+00  0.000000E+00  0.617813E+07  0.107287E+08
  0.227266E-01  0.106904E+08  0.106565E+08  0.000000E+00  0.000000E+00  0.609944E+07  0.106515E+08
  0.229723E-01  0.106130E+08  0.105786E+08  0.000000E+00  0.000000E+00  0.602103E+07  0.105740E+08
  0.232206E-01  0.105353E+08  0.105005E+08  0.000000E+00  0.000000E+00  0.594289E+07  0.104962E+08
  0.234716E-01  0.104573E+08  0.104221E+08  0.000000E+00  0.000000E+00  0.586506E+07  0.104182E+08
  0.237254E-01  0.103791E+08  0.103435E+08  0.000000E+00  0.000000E+00  0.578753E+07  0.103399E+08
  0.239819E-01  0.103006E+08  0.102646E+08  0.000000E+00  0.000000E+00  0.571031E+07  0.102613E+08
  0.242411E-01  0.102219E+08  0.101855E+08  0.000000E+00  0.000000E+00  0.563343E+07  0.101826E+08
  0.245032E-01  0.101430E+08  0.101061E+08  0.000000E+00  0.000000E+00  0.555690E+07  0.101036E+08
  0.247681E-01  0.100638E+08  0.100266E+08  0.000000E+00  0.000000E+00  0.548071E+07  0.100244E+08
  0.250359E-01  0.998450E+07  0.994687E+07  0.000000E+00  0.000000E+00  0.540490E+07  0.994504E+07
  0.253065E-01  0.990497E+07  0.986694E+07  0.000000E+00  0.000000E+00  0.532946E+07  0.986548E+07
  0.255801E-01  0.982527E+07  0.978686E+07  0.000000E+00  0.000000E+00  0.525441E+07  0.978576E+07
  0.258566E-01  0.974541E+07  0.970661E+07  0.000000E+00  0.000000E+00  0.517977E+07  0.970587E+07
  0.261362E-01  0.966540E+07  0.962623E+07  0.000000E+00  0.000000E+00  0.510554E+07  0.962585E+07
  0.264187E-01  0.958526E+07  0.954572E+07  0.000000E+00  0.000000E+00  0.503175E+07  0.954570E+07
  0.267043E-01  0.950501E+07  0.946511E+07  0.000000E+00  0.000000E+00  0.495839E+07  0.946544E+07
  0.269930E-01  0.942466E+07  0.938440E+07  0.000000E+00  0.000000E+00  0.488548E+07  0.938509E+07
  0.272848E-01  0.934423E+07  0.930361E+07  0.000000E+00  0.000000E+00  0.481305E+07  0.930466E+07
  0.275798E-01  0.926372E+07  0.922277E+07  0.000000E+00  0.000000E+00  0.474109E+07  0.922417E+07
  0.278779E-01  0.918317E+07  0.914189E+07  0.000000E+00  0.000000E+00  0.466961E+07  0.914364E+07
  0.281793E-01  0.910259E+07  0.906098E+07  0.000000E+00  0.000000E+00  0.459865E+07  0.906308E+07
  0.284840E-01  0.902200E+07  0.898007E+07  0.000000E+00  0.000000E+00  0.452819E+07  0.898251E+07
  0.287919E-01  0.894141E+07  0.889918E+07  0.000000E+00  0.000000E+00  0.445826E+07  0.890195E+07
  0.291032E-01  0.886085E+07  0.881832E+07  0.000000E+00  0.000000E+00  0.438887E+07  0.882142E+07
  0.294178E-01  0.878033E+07  0.873751E+07  0.000000E+00  0.000000E+00  0.432003E+07  0.874095E+07
  0.297358E-01  0.869987E+07  0.865679E+07  0.000000E+00  0.000000E+00  0.425175E+07  0.866054E+07
  0.300573E-01  0.861950E+07  0.857616E+07  0.000000E+00  0.000000E+00  0.418404E+07  0.858022E+07
  0.303822E-01  0.853924E+07  0.849565E+07  0.000000E+00  0.000000E+00  0.411692E+07  0.850002E+07
  0.307107E-01  0.845911E+07  0.841528E+07  0.000000E+00  0.000000E+00  0.405040E+07  0.841995E+07
  0.310427E-01  0.837913E+07  0.833508E+07  0.000000E+00  0.000000E+00  0.398448E+07  0.834004E+07
  0.313783E-01  0.829932E+07  0.825506E+07  0.000000E+00  0.000000E+00  0.391917E+07  0.826031E+07
  0.317175E-01  0.821971E+07  0.817526E+07  0.000000E+00  0.000000E+00  0.385450E+07  0.818078E+07
  0.320604E-01  0.814032E+07  0.809569E+07  0.000000E+00  0.000000E+00  0.379047E+07  0.810147E+07
  0.324070E-01  0.806117E+07  0.801638E+07  0.000000E+00  0.000000E+00  0.372709E+07  0.802241E+07
  0.327573E-01  0.798228E+07  0.793735E+07  0.000000E+00  0.000000E+00  0.366436E+07  0.794362E+07
  0.331114E-01  0.790369E+07  0.785863E+07  0.000000E+00  0.000000E+00  0.360231E+07  0.786513E+07
  0.334694E-01  0.782541E+07  0.778025E+07  0.000000E+00  0.000000E+00  0.354094E+07  0.778696E+07
  0.338312E-01  0.774748E+07  0.770222E+07  0.000000E+00  0.000000E+00  0.348025E+07  0.770914E+07
  0.341970E-01  0.766991E+07  0.762458E+07  0.000000E+00  0.000000E+00  0.342027E+07  0.763169E+07
  0.345667E-01  0.759273E+07  0.754735E+07  0.000000E+00  0.000000E+00  0.336099E+07  0.755463E+07
  0.349404E-01  0.751596E+07  0.747055E+07  0.000000E+00  0.000000E+00  0.330243E+07  0.747799E+07
  0.353181E-01  0.743964E+07  0.739421E+07  0.000000E+00  0.000000E+00  0.324460E+07  0.740180E+07
  0.356999E-01  0.736378E+07  0.731837E+07  0.000000E+00  0.000000E+00  0.318749E+07  0.732609E+07
  0.360858E-01  0.728841E+07  0.724303E+07  0.000000E+00  0.000000E+00  0.313112E+07  0.725086E+07
  0.364760E-01  0.721356E+07  0.716823E+07  0.000000E+00  0.000000E+00  0.307550E+07  0.717616E+07
  0.368703E-01  0.713926E+07  0.709400E+07  0.000000E+00  0.000000E+00  0.302063E+07  0.710201E+07
  0.372689E-01  0.706552E+07  0.702036E+07  0.000000E+00  0.000000E+00  0.296651E+07  0.702843E+07
  0.376718E-01  0.699236E+07  0.694732E+07  0.000000E+00  0.000000E+00  0.291315E+07  0.695543E+07
  0.380790E-01  0.691981E+07  0.687492E+07  0.000000E+00  0.000000E+00  0.286056E+07  0.688306E+07
  0.384907E-01  0.684790E+07  0.680318E+07  0.000000E+00  0.000000E+00  0.280874E+07  0.681132E+07
  0.389068E-01  0.677667E+07  0.673214E+07  0.000000E+00  0.000000E+00  0.275769E+07  0.674027E+07
  0.393274E-01  0.670612E+07  0.666181E+07  0.000000E+00  0.000000E+00  0.270742E+07  0.666990E+07
  0.397526E-01  0.663629E+07  0.659222E+07  0.000000E+00  0.000000E+00  0.265793E+07  0.660026E+07
  0.401823E-01  0.656719E+07  0.652339E+07  0.000000E+00  0.000000E+00  0.260923E+07  0.653135E+07
  0.406167E-01  0.649885E+07  0.645534E+07  0.000000E+00  0.000000E+00  0.256132E+07  0.646321E+07
  0.410558E-01  0.643128E+07  0.638808E+07  0.000000E+00  0.000000E+00  0.251419E+07  0.639583E+07
  0.414997E-01  0.636449E+07  0.632164E+07  0.000000E+00  0.000000E+00  0.246784E+07  0.632925E+07
  0.419483E-01  0.629851E+07  0.625602E+07  0.000000E+00  0.000000E+00  0.242228E+07  0.626347E+07
  0.424018E-01  0.623335E+07  0.619125E+07  0.000000E+00  0.000000E+00  0.237750E+07  0.619852E+07
  0.428602E-01  0.616902E+07  0.612734E+07  0.000000E+00  0.000000E+00  0.233350E+07  0.613440E+07
  0.433235E-01  0.610554E+07  0.606430E+07  0.000000E+00  0.000000E+00  0.229027E+07  0.607114E+07
  0.437919E-01  0.604292E+07  0.600214E+07  0.000000E+00  0.000000E+00  0.224782E+07  0.600874E+07
  0.442653E-01  0.598118E+07  0.594090E+07  0.000000E+00  0.000000E+00  0.220614E+07  0.594723E+07
  0.447439E-01  0.592034E+07  0.588056E+07  0.000000E+00  0.000000E+00  0.216521E+07  0.588661E+07
  0.452276E-01  0.586039E+07  0.582115E+07  0.000000E+00  0.000000E+00  0.212505E+07  0.582689E+07
  0.457165E-01  0.580135E+07  0.576266E+07  0.000000E+00  0.000000E+00  0.208564E+07  0.576808E+07
  0.462107E-01  0.574322E+07  0.570511E+07  0.000000E+00  0.000000E+00  0.204698E+07  0.571018E+07
  0.467103E-01  0.568600E+07  0.564850E+07  0.000000E+00  0.000000E+00  0.200905E+07  0.565319E+07
  0.472153E-01  0.562969E+07  0.559281E+07  0.000000E+00  0.000000E+00  0.197185E+07  0.559712E+07
  0.477257E-01  0.557430E+07  0.553805E+07  0.000000E+00  0.000000E+00  0.193537E+07  0.554197E+07
  0.482417E-01  0.551981E+07  0.548422E+07  0.000000E+00  0.000000E+00  0.189961E+07  0.548772E+07
  0.487632E-01  0.546622E+07  0.543131E+07  0.000000E+00  0.000000E+00  0.186454E+07  0.543437E+07
  0.492904E-01  0.541353E+07  0.537932E+07  0.000000E+00  0.000000E+00  0.183017E+07  0.538192E+07
  0.498232E-01  0.536173E+07  0.532822E+07  0.000000E+00  0.000000E+00  0.179646E+07  0.533036E+07
  0.503618E-01  0.531080E+07  0.527802E+07  0.000000E+00  0.000000E+00  0.176342E+07  0.527968E+07
  0.509063E-01  0.526073E+07  0.522868E+07  0.000000E+00  0.000000E+00  0.173102E+07  0.522985E+07
  0.514566E-01  0.521150E+07  0.518019E+07  0.000000E+00  0.000000E+00  0.169926E+07  0.518086E+07
  0.520129E-01  0.516309E+07  0.513253E+07  0.000000E+00  0.000000E+00  0.166811E+07  0.513269E+07
  0.525752E-01  0.511547E+07  0.508567E+07  0.000000E+00  0.000000E+00  0.163757E+07  0.508531E+07
  0.531436E-01  0.506861E+07  0.503959E+07  0.000000E+00  0.000000E+00  0.160761E+07  0.503870E+07
  0.537181E-01  0.502250E+07  0.499425E+07  0.000000E+00  0.000000E+00  0.157822E+07  0.499283E+07
  0.542988E-01  0.497710E+07  0.494963E+07  0.000000E+00  0.000000E+00  0.154939E+07  0.494768E+07
  0.548858E-01  0.493240E+07  0.490570E+07  0.000000E+00  0.000000E+00  0.152110E+07  0.490321E+07
  0.554792E-01  0.488835E+07  0.486242E+07  0.000000E+00  0.000000E+00  0.149333E+07  0.485940E+07
  0.560790E-01  0.484492E+07  0.481977E+07  0.000000E+00  0.000000E+00  0.146606E+07  0.481621E+07
  0.566852E-01  0.480207E+07  0.477769E+07  0.000000E+00  0.000000E+00  0.143928E+07  0.477359E+07
  0.572980E-01  0.475976E+07  0.473614E+07  0.000000E+00  0.000000E+00  0.141296E+07  0.473152E+07
  0.579175E-01  0.471794E+07  0.469507E+07  0.000000E+00  0.000000E+00  0.138711E+07  0.468993E+07
  0.585436E-01  0.467656E+07  0.465443E+07  0.000000E+00  0.000000E+00  0.136168E+07  0.464879E+07
  0.594337E-01  0.461916E+07  0.459805E+07  0.000000E+00  0.000000E+00  0.132668E+07  0.459171E+07
  0.603239E-01  0.456326E+07  0.454311E+07  0.000000E+00  0.000000E+00  0.129294E+07  0.453612E+07
  0.612140E-01  0.450869E+07  0.448946E+07  0.000000E+00  0.000000E+00  0.126037E+07  0.448185E+07
  0.621041E-01  0.445529E+07  0.443692E+07  0.000000E+00  0.000000E+00  0.122890E+07  0.442874E+07
  0.629943E-01  0.440289E+07  0.438534E+07  0.000000E+00  0.000000E+00  0.119844E+07  0.437663E+07
  0.638844E-01  0.435136E+07  0.433455E+07  0.000000E+00  0.000000E+00  0.116893E+07  0.432538E+07
  0.647746E-01  0.430054E+07  0.428443E+07  0.000000E+00  0.000000E+00  0.114028E+07  0.427483E+07
  0.656647E-01  0.425032E+07  0.423485E+07  0.000000E+00  0.000000E+00  0.111244E+07  0.422488E+07
  0.665548E-01  0.420060E+07  0.418569E+07  0.000000E+00  0.000000E+00  0.108536E+07  0.417541E+07
  0.674450E-01  0.415128E+07  0.413688E+07  0.000000E+00  0.000000E+00  0.105901E+07  0.412633E+07
  0.683351E-01  0.410228E+07  0.408833E+07  0.000000E+00  0.000000E+00  0.103332E+07  0.407757E+07
  0.692252E-01  0.405353E+07  0.403996E+07  0.000000E+00  0.000000E+00  0.100826E+07  0.402905E+07
  0.701154E-01  0.400496E+07  0.399172E+07  0.000000E+00  0.000000E+00  0.983799E+06  0.398071E+07
  0.710055E-01  0.395652E+07  0.394355E+07  0.000000E+00  0.000000E+00  0.959910E+06  0.393250E+07
  0.718957E-01  0.390819E+07  0.389543E+07  0.000000E+00  0.000000E+00  0.936568E+06  0.388438E+07
  0.727858E-01  0.385992E+07  0.384732E+07  0.000000E+00  0.000000E+00  0.913747E+06  0.383632E+07
  0.736759E-01  0.381171E+07  0.379922E+07  0.000000E+00  0.000000E+00  0.891428E+06  0.378832E+07
  0.745661E-01  0.376355E+07  0.375111E+07  0.000000E+00  0.000000E+00  0.869600E+06  0.374036E+07
  0.754562E-01  0.371544E+07  0.370302E+07  0.000000E+00  0.000000E+00  0.848253E+06  0.369245E+07
  0.763463E-01  0.366739E+07  0.365494E+07  0.000000E+00  0.000000E+00  0.827372E+06  0.364460E+07
  0.772365E-01  0.361943E+07  0.360691E+07  0.000000E+00  0.000000E+00  0.806945E+06  0.359683E+07
  0.781266E-01  0.357157E+07  0.355895E+07  0.000000E+00  0.000000E+00  0.786970E+06  0.354916E+07
  0.790168E-01  0.352384E+07  0.351109E+07  0.000000E+00  0.000000E+00  0.767442E+06  0.350162E+07
  0.799069E-01  0.347629E+07  0.346337E+07  0.000000E+00  0.000000E+00  0.748356E+06  0.345425E+07
  0.807970E-01  0.342895E+07  0.341584E+07  0.000000E+00  0.000000E+00  0.729706E+06  0.340709E+07
  0.816872E-01  0.338187E+07  0.336856E+07  0.000000E+00  0.000000E+00  0.711495E+06  0.336019E+07
  0.825773E-01  0.333510E+07  0.332157E+07  0.000000E+00  0.000000E+00  0.693721E+06  0.331360E+07
  0.834674E-01  0.328870E+07  0.327494E+07  0.000000E+00  0.000000E+00  0.676383E+06  0.326738E+07
  0.843576E-01  0.324272E+07  0.322872E+07  0.000000E+00  0.000000E+00  0.659477E+06  0.322158E+07
  0.852477E-01  0.319721E+07  0.318296E+07  0.000000E+00  0.000000E+00  0.643005E+06  0.317624E+07
  0.861379E-01  0.315224E+07  0.313774E+07  0.000000E+00  0.000000E+00  0.626968E+06  0.313144E+07
  0.870280E-01  0.310784E+07  0.309310E+07  0.000000E+00  0.000000E+00  0.611365E+06  0.308722E+07
  0.879181E-01  0.306410E+07  0.304912E+07  0.000000E+00  0.000000E+00  0.596196E+06  0.304365E+07
  0.888083E-01  0.302105E+07  0.300585E+07  0.000000E+00  0.000000E+00  0.581458E+06  0.300078E+07
  0.896984E-01  0.297875E+07  0.296333E+07  0.000000E+00  0.000000E+00  0.567151E+06  0.295865E+07
  0.905886E-01  0.293724E+07  0.292162E+07  0.000000E+00  0.000000E+00  0.553268E+06  0.291731E+07
  0.914787E-01  0.289657E+07  0.288076E+07  0.000000E+00  0.000000E+00  0.539808E+06  0.287681E+07
  0.923688E-01  0.285678E+07  0.284081E+07  0.000000E+00  0.000000E+00  0.526770E+06  0.283719E+07
  0.932590E-01  0.281791E+07  0.280180E+07  0.000000E+00  0.000000E+00  0.514150E+06  0.279850E+07
  0.941491E-01  0.278001E+07  0.276377E+07  0.000000E+00  0.000000E+00  0.501943E+06  0.276076E+07
  0.950392E-01  0.274310E+07  0.272677E+07  0.000000E+00  0.000000E+00  0.490143E+06  0.272402E+07
  0.959294E-01  0.270720E+07  0.269080E+07  0.000000E+00  0.000000E+00  0.478744E+06  0.268829E+07
  0.968195E-01  0.267234E+07  0.265590E+07  0.000000E+00  0.000000E+00  0.467736E+06  0.265361E+07
  0.977097E-01  0.263854E+07  0.262208E+07  0.000000E+00  0.000000E+00  0.457114E+06  0.261997E+07
  0.985998E-01  0.260580E+07  0.258935E+07  0.000000E+00  0.000000E+00  0.446870E+06  0.258739E+07
  0.994899E-01  0.257413E+07  0.255773E+07  0.000000E+00  0.000000E+00  0.436996E+06  0.255589E+07
  0.100380E+00  0.254353E+07  0.252720E+07  0.000000E+00  0.000000E+00  0.427482E+06  0.252546E+07
  0.101270E+00  0.251400E+07  0.249777E+07  0.000000E+00  0.000000E+00  0.418317E+06  0.249610E+07
  0.102160E+00  0.248553E+07  0.246943E+07  0.000000E+00  0.000000E+00  0.409489E+06  0.246779E+07
  0.103050E+00  0.245811E+07  0.244216E+07  0.000000E+00  0.000000E+00  0.400988E+06  0.244053E+07
  0.103941E+00  0.243172E+07  0.241595E+07  0.000000E+00  0.000000E+00  0.392804E+06  0.241430E+07
  0.104831E+00  0.240634E+07  0.239077E+07  0.000000E+00  0.000000E+00  0.384926E+06  0.238908E+07
  0.105721E+00  0.238194E+07  0.236660E+07  0.000000E+00  0.000000E+00  0.377342E+06  0.236484E+07
  0.106611E+00  0.235850E+07  0.234340E+07  0.000000E+00  0.000000E+00  0.370037E+06  0.234156E+07
  0.107501E+00  0.233597E+07  0.232113E+07  0.000000E+00  0.000000E+00  0.362999E+06  0.231918E+07
  0.108391E+00  0.231431E+07  0.229976E+07  0.000000E+00  0.000000E+00  0.356214E+06  0.229768E+07
  0.109281E+00  0.229350E+07  0.227925E+07  0.000000E+00  0.000000E+00  0.349674E+06  0.227701E+07
  0.110172E+00  0.227348E+07  0.225954E+07  0.000000E+00  0.000000E+00  0.343364E+06  0.225715E+07
  0.111062E+00  0.225422E+07  0.224061E+07  0.000000E+00  0.000000E+00  0.337273E+06  0.223803E+07
  0.111952E+00  0.223567E+07  0.222239E+07  0.000000E+00  0.000000E+00  0.331387E+06  0.221963E+07
  0.112842E+00  0.221777E+07  0.220484E+07  0.000000E+00  0.000000E+00  0.325694E+06  0.220187E+07
  0.113732E+00  0.220048E+07  0.218790E+07  0.000000E+00  0.000000E+00  0.320181E+06  0.218472E+07
  0.114622E+00  0.218375E+07  0.217152E+07  0.000000E+00  0.000000E+00  0.314838E+06  0.216813E+07
  0.115512E+00  0.216752E+07  0.215565E+07  0.000000E+00  0.000000E+00  0.309655E+06  0.215204E+07
  0.116403E+00  0.215176E+07  0.214024E+07  0.000000E+00  0.000000E+00  0.304619E+06  0.213640E+07
  0.117293E+00  0.213640E+07  0.212524E+07  0.000000E+00  0.000000E+00  0.299720E+06  0.212118E+07
  0.118183E+00  0.212141E+07  0.211060E+07  0.000000E+00  0.000000E+00  0.294947E+06  0.210632E+07
  0.119073E+00  0.210672E+07  0.209625E+07  0.000000E+00  0.000000E+00  0.290291E+06  0.209175E+07
  0.119963E+00  0.209229E+07  0.208215E+07  0.000000E+00  0.000000E+00  0.285744E+06  0.207745E+07
  0.120853E+00  0.207807E+07  0.206826E+07  0.000000E+00  0.000000E+00  0.281297E+06  0.206335E+07
  0.121743E+00  0.206402E+07  0.205452E+07  0.000000E+00  0.000000E+00  0.276939E+06  0.204942E+07
  0.122634E+00  0.205009E+07  0.204090E+07  0.000000E+00  0.000000E+00  0.272665E+06  0.203561E+07
  0.123524E+00  0.203626E+07  0.202735E+07  0.000000E+00  0.000000E+00  0.268468E+06  0.202189E+07
  0.124414E+00  0.202248E+07  0.201385E+07  0.000000E+00  0.000000E+00  0.264342E+06  0.200823E+07
  0.125304E+00  0.200872E+07  0.200034E+07  0.000000E+00  0.000000E+00  0.260280E+06  0.199458E+07
  0.126194E+00  0.199496E+07  0.198681E+07  0.000000E+00  0.000000E+00  0.256277E+06  0.198092E+07
  0.127084E+00  0.198115E+07  0.197323E+07  0.000000E+00  0.000000E+00  0.252330E+06  0.196722E+07
  0.127974E+00  0.196728E+07  0.195956E+07  0.000000E+00  0.000000E+00  0.248433E+06  0.195346E+07
  0.128864E+00  0.195333E+07  0.194580E+07  0.000000E+00  0.000000E+00  0.244585E+06  0.193961E+07
  0.129755E+00  0.193928E+07  0.193191E+07  0.000000E+00  0.000000E+00  0.240780E+06  0.192566E+07
  0.130645E+00  0.192511E+07  0.191789E+07  0.000000E+00  0.000000E+00  0.237015E+06  0.191159E+07
  0.131535E+00  0.191081E+07  0.190371E+07  0.000000E+00  0.000000E+00  0.233290E+06  0.189739E+07
  0.132425E+00  0.189637E+07  0.188938E+07  0.000000E+00  0.000000E+00  0.229603E+06  0.188305E+07
  0.133315E+00  0.188179E+07  0.187489E+07  0.000000E+00  0.000000E+00  0.225952E+06  0.186856E+07
  0.134205E+00  0.186706E+07  0.186023E+07  0.000000E+00  0.000000E+00  0.222337E+06  0.185392E+07
  0.135095E+00  0.185218E+07  0.184541E+07  0.000000E+00  0.000000E+00  0.218756E+06  0.183913E+07
  0.135986E+00  0.183716E+07  0.183042E+07  0.000000E+00  0.000000E+00  0.215209E+06  0.182420E+07
  0.136876E+00  0.182199E+07  0.181527E+07  0.000000E+00  0.000000E+00  0.211697E+06  0.180912E+07
  0.137766E+00  0.180669E+07  0.179997E+07  0.000000E+00  0.000000E+00  0.208220E+06  0.179391E+07
  0.138656E+00  0.179127E+07  0.178454E+07  0.000000E+00  0.000000E+00  0.204778E+06  0.177857E+07
  0.139546E+00  0.177574E+07  0.176899E+07  0.000000E+00  0.000000E+00  0.201373E+06  0.176312E+07
  0.140436E+00  0.176011E+07  0.175333E+07  0.000000E+00  0.000000E+00  0.198005E+06  0.174758E+07
  0.141326E+00  0.174441E+07  0.173758E+07  0.000000E+00  0.000000E+00  0.194678E+06  0.173196E+07
  0.142217E+00  0.172865E+07  0.172176E+07  0.000000E+00  0.000000E+00  0.191390E+06  0.171629E+07
  0.143107E+00  0.171285E+07  0.170590E+07  0.000000E+00  0.000000E+00  0.188144E+06  0.170057E+07
  0.143997E+00  0.169704E+07  0.169002E+07  0.000000E+00  0.000000E+00  0.184942E+06  0.168484E+07
  0.144887E+00  0.168123E+07  0.167413E+07  0.000000E+00  0.000000E+00  0.181786E+06  0.166912E+07
  0.145777E+00  0.166546E+07  0.165827E+07  0.000000E+00  0.000000E+00  0.178677E+06  0.165342E+07
  0.146667E+00  0.164973E+07  0.164246E+07  0.000000E+00  0.000000E+00  0.175616E+06  0.163777E+07
  0.147557E+00  0.163407E+07  0.162671E+07  0.000000E+00  0.000000E+00  0.172605E+06  0.162219E+07
  0.148448E+00  0.161851E+07  0.161106E+07  0.000000E+00  0.000000E+00  0.169646E+06  0.160671E+07
  0.149338E+00  0.160307E+07  0.159552E+07  0.000000E+00  0.000000E+00  0.166740E+06  0.159135E+07
  0.150228E+00  0.158776E+07  0.158013E+07  0.000000E+00  0.000000E+00  0.163888E+06  0.157612E+07
  0.151118E+00  0.157262E+07  0.156491E+07  0.000000E+00  0.000000E+00  0.161091E+06  0.156106E+07
  0.152008E+00  0.155767E+07  0.154987E+07  0.000000E+00  0.000000E+00  0.158352E+06  0.154618E+07
  0.152898E+00  0.154291E+07  0.153503E+07  0.000000E+00  0.000000E+00  0.155670E+06  0.153150E+07
  0.153788E+00  0.152837E+07  0.152042E+07  0.000000E+00  0.000000E+00  0.153046E+06  0.151704E+07
  0.154678E+00  0.151408E+07  0.150606E+07  0.000000E+00  0.000000E+00  0.150482E+06  0.150282E+07
  0.155569E+00  0.150004E+07  0.149196E+07  0.000000E+00  0.000000E+00  0.147977E+06  0.148886E+07
  0.156459E+00  0.148628E+07  0.147814E+07  0.000000E+00  0.000000E+00  0.145533E+06  0.147517E+07
  0.157349E+00  0.147280E+07  0.146462E+07  0.000000E+00  0.000000E+00  0.143149E+06  0.146177E+07
  0.158239E+00  0.145962E+07  0.145141E+07  0.000000E+00  0.000000E+00  0.140825E+06  0.144866E+07
  0.159129E+00  0.144676E+07  0.143852E+07  0.000000E+00  0.000000E+00  0.138562E+06  0.143587E+07
  0.160019E+00  0.143421E+07  0.142596E+07  0.000000E+00  0.000000E+00  0.136359E+06  0.142340E+07
  0.160909E+00  0.142200E+07  0.141374E+07  0.000000E+00  0.000000E+00  0.134217E+06  0.141126E+07
  0.161800E+00  0.141011E+07  0.140186E+07  0.000000E+00  0.000000E+00  0.132133E+06  0.139945E+07
  0.162690E+00  0.139857E+07  0.139032E+07  0.000000E+00  0.000000E+00  0.130108E+06  0.138797E+07
  0.163580E+00  0.138736E+07  0.137914E+07  0.000000E+00  0.000000E+00  0.128140E+06  0.137684E+07
  0.164470E+00  0.137649E+07  0.136830E+07  0.000000E+00  0.000000E+00  0.126227E+06  0.136604E+07
  0.165360E+00  0.136595E+07  0.135781E+07  0.000000E+00  0.000000E+00  0.124370E+06  0.135557E+07
  0.166250E+00  0.135575E+07  0.134766E+07  0.000000E+00  0.000000E+00  0.122567E+06  0.134544E+07
  0.167140E+00  0.134587E+07  0.133784E+07  0.000000E+00  0.000000E+00  0.120816E+06  0.133563E+07
  0.168031E+00  0.133631E+07  0.132836E+07  0.000000E+00  0.000000E+00  0.119115E+06  0.132614E+07
  0.168921E+00  0.132706E+07  0.131919E+07  0.000000E+00  0.000000E+00  0.117463E+06  0.131696E+07
  0.169811E+00  0.131812E+07  0.131033E+07  0.000000E+00  0.000000E+00  0.115858E+06  0.130808E+07
  0.170701E+00  0.130946E+07  0.130177E+07  0.000000E+00  0.000000E+00  0.114298E+06  0.129949E+07
  0.171591E+00  0.130109E+07  0.129350E+07  0.000000E+00  0.000000E+00  0.112782E+06  0.129119E+07
  0.172481E+00  0.129299E+07  0.128550E+07  0.000000E+00  0.000000E+00  0.111308E+06  0.128315E+07
  0.173371E+00  0.128514E+07  0.127777E+07  0.000000E+00  0.000000E+00  0.109873E+06  0.127536E+07
  0.174262E+00  0.127753E+07  0.127028E+07  0.000000E+00  0.000000E+00  0.108476E+06  0.126782E+07
  0.175152E+00  0.127014E+07  0.126302E+07  0.000000E+00  0.000000E+00  0.107115E+06  0.126050E+07
  0.176042E+00  0.126297E+07  0.125597E+07  0.000000E+00  0.000000E+00  0.105787E+06  0.125338E+07
  0.176932E+00  0.125599E+07  0.124911E+07  0.000000E+00  0.000000E+00  0.104491E+06  0.124646E+07
  0.177822E+00  0.124918E+07  0.124244E+07  0.000000E+00  0.000000E+00  0.103225E+06  0.123972E+07
  0.178712E+00  0.124253E+07  0.123592E+07  0.000000E+00  0.000000E+00  0.101987E+06  0.123313E+07
  0.179602E+00  0.123603E+07  0.122955E+07  0.000000E+00  0.000000E+00  0.100776E+06  0.122668E+07
  0.180492E+00  0.122965E+07  0.122330E+07  0.000000E+00  0.000000E+00  0.995883E+05  0.122036E+07
  0.181383E+00  0.122338E+07  0.121716E+07  0.000000E+00  0.000000E+00  0.984233E+05  0.121415E+07
  0.182273E+00  0.121720E+07  0.121111E+07  0.000000E+00  0.000000E+00  0.972790E+05  0.120803E+07
  0.183163E+00  0.121110E+07  0.120514E+07  0.000000E+00  0.000000E+00  0.961535E+05  0.120198E+07
  0.184053E+00  0.120505E+07  0.119922E+07  0.000000E+00  0.000000E+00  0.950457E+05  0.119599E+07
  0.184943E+00  0.119905E+07  0.119334E+07  0.000000E+00  0.000000E+00  0.939542E+05  0.119005E+07
  0.185833E+00  0.119309E+07  0.118749E+07  0.000000E+00  0.000000E+00  0.928777E+05  0.118414E+07
  0.186723E+00  0.118714E+07  0.118166E+07  0.000000E+00  0.000000E+00  0.918146E+05  0.117824E+07
  0.187614E+00  0.118119E+07  0.117582E+07  0.000000E+00  0.000000E+00  0.907636E+05  0.117235E+07
  0.188504E+00  0.117524E+07  0.116997E+07  0.000000E+00  0.000000E+00  0.897239E+05  0.116645E+07
  0.189394E+00  0.116928E+07  0.116410E+07  0.000000E+00  0.000000E+00  0.886945E+05  0.116054E+07
  0.190284E+00  0.116328E+07  0.115820E+07  0.000000E+00  0.000000E+00  0.876747E+05  0.115459E+07
  0.191174E+00  0.115726E+07  0.115226E+07  0.000000E+00  0.000000E+00  0.866637E+05  0.114862E+07
  0.192064E+00  0.115119E+07  0.114627E+07  0.000000E+00  0.000000E+00  0.856608E+05  0.114260E+07
  0.192954E+00  0.114507E+07  0.114023E+07  0.000000E+00  0.000000E+00  0.846654E+05  0.113653E+07
  0.193845E+00  0.113890E+07  0.113412E+07  0.000000E+00  0.000000E+00  0.836770E+05  0.113041E+07
  0.194735E+00  0.113268E+07  0.112795E+07  0.000000E+00  0.000000E+00  0.826951E+05  0.112423E+07
  0.195625E+00  0.112639E+07  0.112172E+07  0.000000E+00  0.000000E+00  0.817194E+05  0.111799E+07
  0.196515E+00  0.112003E+07  0.111541E+07  0.000000E+00  0.000000E+00  0.807497E+05  0.111168E+07
  0.197405E+00  0.111361E+07  0.110903E+07  0.000000E+00  0.000000E+00  0.797859E+05  0.110531E+07
  0.198295E+00  0.110713E+07  0.110257E+07  0.000000E+00  0.000000E+00  0.788281E+05  0.109887E+07
  0.199185E+00  0.110058E+07  0.109605E+07  0.000000E+00  0.000000E+00  0.778760E+05  0.109236E+07
  0.200076E+00  0.109397E+07  0.108946E+07  0.000000E+00  0.000000E+00  0.769298E+05  0.108580E+07
  0.200966E+00  0.108730E+07  0.108280E+07  0.000000E+00  0.000000E+00  0.759895E+05  0.107917E+07
  0.201856E+00  0.108057E+07  0.107608E+07  0.000000E+00  0.000000E+00  0.750556E+05  0.107248E+07
  0.202746E+00  0.107378E+07  0.106930E+07  0.000000E+00  0.000000E+00  0.741282E+05  0.106575E+07
  0.203636E+00  0.106696E+07  0.106247E+07  0.000000E+00  0.000000E+00  0.732074E+05  0.105896E+07
  0.204526E+00  0.106009E+07  0.105560E+07  0.000000E+00  0.000000E+00  0.722937E+05  0.105214E+07
  0.205416E+00  0.105319E+07  0.104869E+07  0.000000E+00  0.000000E+00  0.713874E+05  0.104528E+07
  0.206306E+00  0.104626E+07  0.104175E+07  0.000000E+00  0.000000E+00  0.704892E+05  0.103839E+07
  0.207197E+00  0.103931E+07  0.103478E+07  0.000000E+00  0.000000E+00  0.695992E+05  0.103148E+07
  0.208087E+00  0.103235E+07  0.102781E+07  0.000000E+00  0.000000E+00  0.687180E+05  0.102457E+07
  0.208977E+00  0.102539E+07  0.102082E+07  0.000000E+00  0.000000E+00  0.678460E+05  0.101765E+07
  0.209867E+00  0.101843E+07  0.101384E+07  0.000000E+00  0.000000E+00  0.669834E+05  0.101073E+07
  0.210757E+00  0.101148E+07  0.100687E+07  0.000000E+00  0.000000E+00  0.661307E+05  0.100383E+07
  0.211647E+00  0.100456E+07  0.999923E+06  0.000000E+00  0.000000E+00  0.652885E+05  0.996943E+06
  0.212537E+00  0.997668E+06  0.993003E+06  0.000000E+00  0.000000E+00  0.644571E+05  0.990090E+06
  0.213428E+00  0.990813E+06  0.986122E+06  0.000000E+00  0.000000E+00  0.636370E+05  0.983275E+06
  0.214318E+00  0.984004E+06  0.979287E+06  0.000000E+00  0.000000E+00  0.628284E+05  0.976506E+06
  0.215208E+00  0.977249E+06  0.972506E+06  0.000000E+00  0.000000E+00  0.620316E+05  0.969791E+06
  0.216098E+00  0.970556E+06  0.965789E+06  0.000000E+00  0.000000E+00  0.612470E+05  0.963138E+06
  0.216988E+00  0.963933E+06  0.959143E+06  0.000000E+00  0.000000E+00  0.604750E+05  0.956554E+06
  0.217878E+00  0.957386E+06  0.952575E+06  0.000000E+00  0.000000E+00  0.597158E+05  0.950047E+06
  0.218768E+00  0.950924E+06  0.946093E+06  0.000000E+00  0.000000E+00  0.589698E+05  0.943623E+06
  0.219659E+00  0.944552E+06  0.939704E+06  0.000000E+00  0.000000E+00  0.582370E+05  0.937290E+06
  0.222455E+00  0.925187E+06  0.920304E+06  0.000000E+00  0.000000E+00  0.560226E+05  0.918046E+06
  0.225287E+00  0.906690E+06  0.901804E+06  0.000000E+00  0.000000E+00  0.539182E+05  0.899669E+06
  0.228155E+00  0.889192E+06  0.884337E+06  0.000000E+00  0.000000E+00  0.519270E+05  0.882289E+06
  0.231059E+00  0.872757E+06  0.867971E+06  0.000000E+00  0.000000E+00  0.500485E+05  0.865972E+06
  0.234001E+00  0.857389E+06  0.852707E+06  0.000000E+00  0.000000E+00  0.482790E+05  0.850720E+06
  0.236980E+00  0.843031E+06  0.838486E+06  0.000000E+00  0.000000E+00  0.466106E+05  0.836477E+06
  0.239997E+00  0.829568E+06  0.825184E+06  0.000000E+00  0.000000E+00  0.450334E+05  0.823126E+06
  0.243052E+00  0.816829E+06  0.812622E+06  0.000000E+00  0.000000E+00  0.435346E+05  0.810497E+06
  0.246146E+00  0.804606E+06  0.800582E+06  0.000000E+00  0.000000E+00  0.421002E+05  0.798381E+06
  0.249280E+00  0.792674E+06  0.788829E+06  0.000000E+00  0.000000E+00  0.407166E+05  0.786555E+06
  0.252453E+00  0.780815E+06  0.777136E+06  0.000000E+00  0.000000E+00  0.393711E+05  0.774798E+06
  0.255667E+00  0.768836E+06  0.765302E+06  0.000000E+00  0.000000E+00  0.380532E+05  0.762920E+06
  0.258922E+00  0.756581E+06  0.753164E+06  0.000000E+00  0.000000E+00  0.367551E+05  0.750764E+06
  0.262218E+00  0.743942E+06  0.740613E+06  0.000000E+00  0.000000E+00  0.354716E+05  0.738222E+06
  0.265557E+00  0.730876E+06  0.727604E+06  0.000000E+00  0.000000E+00  0.342011E+05  0.725251E+06
  0.268937E+00  0.717411E+06  0.714168E+06  0.000000E+00  0.000000E+00  0.329452E+05  0.711880E+06
  0.272361E+00  0.703636E+06  0.700401E+06  0.000000E+00  0.000000E+00  0.317087E+05  0.698198E+06
  0.275828E+00  0.689686E+06  0.686445E+06  0.000000E+00  0.000000E+00  0.304974E+05  0.684342E+06
  0.279340E+00  0.675728E+06  0.672473E+06  0.000000E+00  0.000000E+00  0.293186E+05  0.670475E+06
  0.282896E+00  0.661946E+06  0.658679E+06  0.000000E+00  0.000000E+00  0.281793E+05  0.656784E+06
  0.286497E+00  0.648522E+06  0.645254E+06  0.000000E+00  0.000000E+00  0.270862E+05  0.643451E+06
  0.290145E+00  0.635608E+06  0.632354E+06  0.000000E+00  0.000000E+00  0.260442E+05  0.630626E+06
  0.293838E+00  0.623305E+06  0.620085E+06  0.000000E+00  0.000000E+00  0.250553E+05  0.618412E+06
  0.297579E+00  0.611662E+06  0.608497E+06  0.000000E+00  0.000000E+00  0.241195E+05  0.606856E+06
  0.301367E+00  0.600670E+06  0.597579E+06  0.000000E+00  0.000000E+00  0.232345E+05  0.595949E+06
  0.305204E+00  0.590263E+06  0.587262E+06  0.000000E+00  0.000000E+00  0.223958E+05  0.585627E+06
  0.309089E+00  0.580324E+06  0.577420E+06  0.000000E+00  0.000000E+00  0.215969E+05  0.575770E+06
  0.313024E+00  0.570703E+06  0.567900E+06  0.000000E+00  0.000000E+00  0.208312E+05  0.566230E+06
  0.317009E+00  0.561249E+06  0.558542E+06  0.000000E+00  0.000000E+00  0.200918E+05  0.556854E+06
  0.321045E+00  0.551819E+06  0.549199E+06  0.000000E+00  0.000000E+00  0.193731E+05  0.547502E+06
  0.325132E+00  0.542300E+06  0.539751E+06  0.000000E+00  0.000000E+00  0.186706E+05  0.538058E+06
  0.329271E+00  0.532621E+06  0.530127E+06  0.000000E+00  0.000000E+00  0.179818E+05  0.528454E+06
  0.333463E+00  0.522771E+06  0.520317E+06  0.000000E+00  0.000000E+00  0.173060E+05  0.518678E+06
  0.337708E+00  0.512791E+06  0.510363E+06  0.000000E+00  0.000000E+00  0.166447E+05  0.508770E+06
  0.342007E+00  0.502750E+06  0.500340E+06  0.000000E+00  0.000000E+00  0.145083E+05  0.498790E+06
  0.346361E+00  0.492772E+06  0.490376E+06  0.000000E+00  0.000000E+00  0.139300E+05  0.488883E+06
  0.350771E+00  0.482969E+06  0.480590E+06  0.000000E+00  0.000000E+00  0.133736E+05  0.479151E+06
  0.355236E+00  0.473447E+06  0.471090E+06  0.000000E+00  0.000000E+00  0.128411E+05  0.469698E+06
  0.359758E+00  0.464275E+06  0.461952E+06  0.000000E+00  0.000000E+00  0.123337E+05  0.460595E+06
  0.364338E+00  0.455492E+06  0.453211E+06  0.000000E+00  0.000000E+00  0.118512E+05  0.451880E+06
  0.368977E+00  0.447089E+06  0.444859E+06  0.000000E+00  0.000000E+00  0.113926E+05  0.443543E+06
  0.373674E+00  0.439011E+06  0.436838E+06  0.000000E+00  0.000000E+00  0.109556E+05  0.435530E+06
  0.378431E+00  0.431177E+06  0.429064E+06  0.000000E+00  0.000000E+00  0.105372E+05  0.427760E+06
  0.383249E+00  0.423499E+06  0.421444E+06  0.000000E+00  0.000000E+00  0.101348E+05  0.420144E+06
  0.388128E+00  0.415890E+06  0.413888E+06  0.000000E+00  0.000000E+00  0.974566E+04  0.412596E+06
  0.393069E+00  0.408283E+06  0.406327E+06  0.000000E+00  0.000000E+00  0.936797E+04  0.405050E+06
  0.398073E+00  0.400653E+06  0.398733E+06  0.000000E+00  0.000000E+00  0.900083E+04  0.397478E+06
  0.403140E+00  0.393004E+06  0.391115E+06  0.000000E+00  0.000000E+00  0.864413E+04  0.389888E+06
  0.408273E+00  0.385372E+06  0.383508E+06  0.000000E+00  0.000000E+00  0.829842E+04  0.382313E+06
  0.413470E+00  0.377819E+06  0.375979E+06  0.000000E+00  0.000000E+00  0.796472E+04  0.374817E+06
  0.418734E+00  0.370407E+06  0.368592E+06  0.000000E+00  0.000000E+00  0.764398E+04  0.367461E+06
  0.424065E+00  0.363189E+06  0.361401E+06  0.000000E+00  0.000000E+00  0.733683E+04  0.360298E+06
  0.429463E+00  0.356198E+06  0.354441E+06  0.000000E+00  0.000000E+00  0.704344E+04  0.353361E+06
  0.434931E+00  0.349437E+06  0.347716E+06  0.000000E+00  0.000000E+00  0.676337E+04  0.346653E+06
  0.440467E+00  0.342880E+06  0.341199E+06  0.000000E+00  0.000000E+00  0.649563E+04  0.340149E+06
  0.446075E+00  0.336489E+06  0.334847E+06  0.000000E+00  0.000000E+00  0.623902E+04  0.333809E+06
  0.451754E+00  0.330214E+06  0.328610E+06  0.000000E+00  0.000000E+00  0.599223E+04  0.327583E+06
  0.457505E+00  0.324010E+06  0.322441E+06  0.000000E+00  0.000000E+00  0.575416E+04  0.321429E+06
  0.463329E+00  0.317853E+06  0.316316E+06  0.000000E+00  0.000000E+00  0.552412E+04  0.315321E+06
  0.469227E+00  0.311738E+06  0.310228E+06  0.000000E+00  0.000000E+00  0.530176E+04  0.309253E+06
  0.475201E+00  0.305679E+06  0.304194E+06  0.000000E+00  0.000000E+00  0.508712E+04  0.303240E+06
  0.481251E+00  0.299704E+06  0.298244E+06  0.000000E+00  0.000000E+00  0.488044E+04  0.297312E+06
  0.487377E+00  0.293844E+06  0.292408E+06  0.000000E+00  0.000000E+00  0.468193E+04  0.291497E+06
  0.493582E+00  0.288122E+06  0.286712E+06  0.000000E+00  0.000000E+00  0.449170E+04  0.285820E+06
  0.499865E+00  0.282548E+06  0.281165E+06  0.000000E+00  0.000000E+00  0.430959E+04  0.280290E+06
  0.506229E+00  0.277114E+06  0.275760E+06  0.000000E+00  0.000000E+00  0.413520E+04  0.274899E+06
  0.512673E+00  0.271805E+06  0.270480E+06  0.000000E+00  0.000000E+00  0.396801E+04  0.269632E+06
  0.519200E+00  0.266594E+06  0.265297E+06  0.000000E+00  0.000000E+00  0.380738E+04  0.264462E+06
  0.525810E+00  0.261462E+06  0.260191E+06  0.000000E+00  0.000000E+00  0.365282E+04  0.259371E+06
  0.532504E+00  0.256395E+06  0.255150E+06  0.000000E+00  0.000000E+00  0.350396E+04  0.254345E+06
  0.539283E+00  0.251395E+06  0.250173E+06  0.000000E+00  0.000000E+00  0.336061E+04  0.249384E+06
  0.546148E+00  0.246470E+06  0.245271E+06  0.000000E+00  0.000000E+00  0.322272E+04  0.244497E+06
  0.553101E+00  0.241632E+06  0.240455E+06  0.000000E+00  0.000000E+00  0.309024E+04  0.239698E+06
  0.560142E+00  0.236895E+06  0.235739E+06  0.000000E+00  0.000000E+00  0.296318E+04  0.234997E+06
  0.567273E+00  0.232260E+06  0.231127E+06  0.000000E+00  0.000000E+00  0.284136E+04  0.230399E+06
  0.574495E+00  0.227727E+06  0.226617E+06  0.000000E+00  0.000000E+00  0.272460E+04  0.225902E+06
  0.581809E+00  0.223286E+06  0.222199E+06  0.000000E+00  0.000000E+00  0.261258E+04  0.221497E+06
  0.589215E+00  0.218927E+06  0.217862E+06  0.000000E+00  0.000000E+00  0.250502E+04  0.217172E+06
  0.596716E+00  0.214639E+06  0.213595E+06  0.000000E+00  0.000000E+00  0.240166E+04  0.212919E+06
  0.604313E+00  0.210421E+06  0.209397E+06  0.000000E+00  0.000000E+00  0.230232E+04  0.208734E+06
  0.612006E+00  0.206272E+06  0.205268E+06  0.000000E+00  0.000000E+00  0.220687E+04  0.204618E+06
  0.619797E+00  0.202199E+06  0.201214E+06  0.000000E+00  0.000000E+00  0.211524E+04  0.200576E+06
  0.627688E+00  0.198204E+06  0.197238E+06  0.000000E+00  0.000000E+00  0.202733E+04  0.196613E+06
  0.635678E+00  0.194290E+06  0.193344E+06  0.000000E+00  0.000000E+00  0.194303E+04  0.192730E+06
  0.643771E+00  0.190455E+06  0.189527E+06  0.000000E+00  0.000000E+00  0.186219E+04  0.188926E+06
  0.651967E+00  0.186694E+06  0.185786E+06  0.000000E+00  0.000000E+00  0.178465E+04  0.185195E+06
  0.660267E+00  0.183003E+06  0.182112E+06  0.000000E+00  0.000000E+00  0.171023E+04  0.181533E+06
  0.709335E+00  0.163325E+06  0.162530E+06  0.000000E+00  0.000000E+00  0.134189E+04  0.162012E+06
  0.762050E+00  0.145677E+06  0.144968E+06  0.000000E+00  0.000000E+00  0.105123E+04  0.144504E+06
  0.818683E+00  0.129851E+06  0.129219E+06  0.000000E+00  0.000000E+00  0.822242E+03  0.128805E+06
  0.879525E+00  0.115672E+06  0.115109E+06  0.000000E+00  0.000000E+00  0.642170E+03  0.114739E+06
  0.944888E+00  0.102979E+06  0.102478E+06  0.000000E+00  0.000000E+00  0.500822E+03  0.102149E+06
  0.101511E+01  0.916285E+05  0.911827E+05  0.000000E+00  0.000000E+00  0.390064E+03  0.908892E+05
  0.109055E+01  0.814828E+05  0.810865E+05  0.000000E+00  0.000000E+00  0.303405E+03  0.808250E+05
  0.117159E+01  0.724213E+05  0.720690E+05  0.000000E+00  0.000000E+00  0.235708E+03  0.718364E+05
  0.125866E+01  0.643348E+05  0.640219E+05  0.000000E+00  0.000000E+00  0.182903E+03  0.638150E+05
  0.135220E+01  0.571221E+05  0.568443E+05  0.000000E+00  0.000000E+00  0.141768E+03  0.566604E+05
  0.145269E+01  0.506935E+05  0.504469E+05  0.000000E+00  0.000000E+00  0.109768E+03  0.502837E+05
  0.156065E+01  0.449673E+05  0.447486E+05  0.000000E+00  0.000000E+00  0.114966E+03  0.446039E+05
  0.167663E+01  0.398696E+05  0.396757E+05  0.000000E+00  0.000000E+00  0.890855E+02  0.395473E+05
  0.180123E+01  0.353343E+05  0.351625E+05  0.000000E+00  0.000000E+00  0.689572E+02  0.350486E+05
  0.193510E+01  0.313015E+05  0.311493E+05  0.000000E+00  0.000000E+00  0.533219E+02  0.310483E+05
  0.207891E+01  0.277175E+05  0.275827E+05  0.000000E+00  0.000000E+00  0.411916E+02  0.274933E+05
