  0.745045E-04  0.198016E+08  0.198016E+08  0.257040E+08  0.257030E+08  0.198011E+08  0.198016E+08
  0.829624E-04  0.198013E+08  0.198013E+08  0.255387E+08  0.255374E+08  0.198006E+08  0.198013E+08
  0.923803E-04  0.198010E+08  0.198010E+08  0.253350E+08  0.253334E+08  0.198001E+08  0.198009E+08
  0.102867E-03  0.198005E+08  0.198005E+08  0.250845E+08  0.250826E+08  0.197994E+08  0.198005E+08
  0.114545E-03  0.197999E+08  0.197999E+08  0.247770E+08  0.247747E+08  0.197985E+08  0.197999E+08
  0.127548E-03  0.197992E+08  0.197992E+08  0.244006E+08  0.243978E+08  0.197974E+08  0.197992E+08
  0.142028E-03  0.197984E+08  0.197983E+08  0.239411E+08  0.239377E+08  0.197961E+08  0.197983E+08
  0.158151E-03  0.197973E+08  0.197973E+08  0.233824E+08  0.233783E+08  0.197944E+08  0.197972E+08
  0.176104E-03  0.197959E+08  0.197959E+08  0.227063E+08  0.227014E+08  0.197924E+08  0.197959E+08
  0.196096E-03  0.197943E+08  0.197943E+08  0.218928E+08  0.218871E+08  0.197899E+08  0.197943E+08
  0.218356E-03  0.197923E+08  0.197923E+08  0.209215E+08  0.209147E+08  0.197868E+08  0.197922E+08
  0.243144E-03  0.197898E+08  0.197898E+08  0.197722E+08  0.197645E+08  0.197829E+08  0.197897E+08
  0.270746E-03  0.197867E+08  0.197867E+08  0.184282E+08  0.184195E+08  0.197782E+08  0.197866E+08
  0.301482E-03  0.197829E+08  0.197829E+08  0.168794E+08  0.168699E+08  0.197723E+08  0.197828E+08
  0.335706E-03  0.197782E+08  0.197782E+08  0.151275E+08  0.151175E+08  0.197651E+08  0.197781E+08
  0.373816E-03  0.197725E+08  0.197725E+08  0.131921E+08  0.131821E+08  0.197562E+08  0.197724E+08
  0.416252E-03  0.197656E+08  0.197656E+08  0.111178E+08  0.111084E+08  0.197453E+08  0.197654E+08
  0.463505E-03  0.197571E+08  0.197571E+08  0.897999E+07  0.897218E+07  0.197320E+08  0.197569E+08
  0.516122E-03  0.197468E+08  0.197467E+08  0.688712E+07  0.688176E+07  0.197156E+08  0.197465E+08
  0.574713E-03  0.197343E+08  0.197343E+08  0.497376E+07  0.497158E+07  0.196958E+08  0.197340E+08
  0.639955E-03  0.197193E+08  0.197193E+08  0.338054E+07  0.338172E+07  0.196716E+08  0.197189E+08
  0.712603E-03  0.197013E+08  0.197013E+08  0.221745E+07  0.222120E+07  0.196424E+08  0.197008E+08
  0.793498E-03  0.196798E+08  0.196798E+08  0.151629E+07  0.152077E+07  0.196071E+08  0.196792E+08
  0.883577E-03  0.196543E+08  0.196542E+08  0.119330E+07  0.119612E+07  0.195646E+08  0.196535E+08
  0.983881E-03  0.196241E+08  0.196240E+08  0.105832E+07  0.105788E+07  0.195137E+08  0.196232E+08
  0.109557E-02  0.195885E+08  0.195884E+08  0.901420E+06  0.898515E+06  0.194528E+08  0.195874E+08
  0.121994E-02  0.195467E+08  0.195466E+08  0.632258E+06  0.630077E+06  0.193802E+08  0.195453E+08
  0.135843E-02  0.194978E+08  0.194976E+08  0.351671E+06  0.352680E+06  0.192940E+08  0.194960E+08
  0.151264E-02  0.194406E+08  0.194404E+08  0.219169E+06  0.221379E+06  0.191926E+08  0.194385E+08
  0.168436E-02  0.193741E+08  0.193738E+08  0.211184E+06  0.210621E+06  0.190727E+08  0.193715E+08
  0.187557E-02  0.192969E+08  0.192965E+08  0.154661E+06  0.153039E+06  0.189322E+08  0.192937E+08
  0.208848E-02  0.192075E+08  0.192071E+08  0.634578E+05  0.647049E+05  0.187685E+08  0.192038E+08
  0.232557E-02  0.191046E+08  0.191040E+08  0.616914E+05  0.615014E+05  0.185792E+08  0.191001E+08
  0.258957E-02  0.189863E+08  0.189856E+08  0.406958E+05  0.386450E+05  0.183618E+08  0.189810E+08
  0.288354E-02  0.188511E+08  0.188501E+08  0.174619E+05  0.151315E+05  0.181142E+08  0.188447E+08
  0.321088E-02  0.186970E+08  0.186958E+08  0.204801E+05  0.152564E+05  0.178345E+08  0.186895E+08
  0.357538E-02  0.185223E+08  0.185209E+08  0.272137E+04  0.323577E+04  0.175214E+08  0.185136E+08
  0.398126E-02  0.183251E+08  0.183234E+08 -0.362071E+03 -0.526618E+03  0.171736E+08  0.183152E+08
  0.443322E-02  0.181038E+08  0.181016E+08  0.254402E+04  0.142367E+04  0.167897E+08  0.180924E+08
  0.493648E-02  0.178565E+08  0.178539E+08  0.000000E+00  0.000000E+00  0.163684E+08  0.178435E+08
  0.498985E-02  0.178302E+08  0.178276E+08  0.000000E+00  0.000000E+00  0.163241E+08  0.178172E+08
  0.504379E-02  0.178037E+08  0.178010E+08  0.000000E+00  0.000000E+00  0.162794E+08  0.177905E+08
  0.509832E-02  0.177770E+08  0.177742E+08  0.000000E+00  0.000000E+00  0.162344E+08  0.177636E+08
  0.515344E-02  0.177499E+08  0.177471E+08  0.000000E+00  0.000000E+00  0.161890E+08  0.177363E+08
  0.520915E-02  0.177226E+08  0.177197E+08  0.000000E+00  0.000000E+00  0.161431E+08  0.177088E+08
  0.526546E-02  0.176949E+08  0.176920E+08  0.000000E+00  0.000000E+00  0.160969E+08  0.176810E+08
  0.532239E-02  0.176670E+08  0.176640E+08  0.000000E+00  0.000000E+00  0.160502E+08  0.176529E+08
  0.537993E-02  0.176388E+08  0.176357E+08  0.000000E+00  0.000000E+00  0.160032E+08  0.176246E+08
  0.543809E-02  0.176103E+08  0.176072E+08  0.000000E+00  0.000000E+00  0.159557E+08  0.175959E+08
  0.549688E-02  0.175815E+08  0.175783E+08  0.000000E+00  0.000000E+00  0.159078E+08  0.175670E+08
  0.555630E-02  0.175525E+08  0.175492E+08  0.000000E+00  0.000000E+00  0.158596E+08  0.175377E+08
  0.561637E-02  0.175231E+08  0.175197E+08  0.000000E+00  0.000000E+00  0.158109E+08  0.175082E+08
  0.567709E-02  0.174934E+08  0.174900E+08  0.000000E+00  0.000000E+00  0.157618E+08  0.174783E+08
  0.573846E-02  0.174635E+08  0.174600E+08  0.000000E+00  0.000000E+00  0.157122E+08  0.174482E+08
  0.580050E-02  0.174332E+08  0.174296E+08  0.000000E+00  0.000000E+00  0.156623E+08  0.174177E+08
  0.586320E-02  0.174026E+08  0.173990E+08  0.000000E+00  0.000000E+00  0.156119E+08  0.173870E+08
  0.592659E-02  0.173718E+08  0.173681E+08  0.000000E+00  0.000000E+00  0.155612E+08  0.173560E+08
  0.599066E-02  0.173406E+08  0.173368E+08  0.000000E+00  0.000000E+00  0.155100E+08  0.173246E+08
  0.605542E-02  0.173091E+08  0.173053E+08  0.000000E+00  0.000000E+00  0.154583E+08  0.172930E+08
  0.612089E-02  0.172774E+08  0.172734E+08  0.000000E+00  0.000000E+00  0.154063E+08  0.172610E+08
  0.618706E-02  0.172453E+08  0.172413E+08  0.000000E+00  0.000000E+00  0.153538E+08  0.172287E+08
  0.625394E-02  0.172129E+08  0.172088E+08  0.000000E+00  0.000000E+00  0.153009E+08  0.171961E+08
  0.632155E-02  0.171802E+08  0.171760E+08  0.000000E+00  0.000000E+00  0.152476E+08  0.171632E+08
  0.638989E-02  0.171471E+08  0.171429E+08  0.000000E+00  0.000000E+00  0.151938E+08  0.171300E+08
  0.645897E-02  0.171138E+08  0.171094E+08  0.000000E+00  0.000000E+00  0.151396E+08  0.170965E+08
  0.652880E-02  0.170801E+08  0.170757E+08  0.000000E+00  0.000000E+00  0.150850E+08  0.170627E+08
  0.659938E-02  0.170462E+08  0.170416E+08  0.000000E+00  0.000000E+00  0.150300E+08  0.170285E+08
  0.667072E-02  0.170119E+08  0.170073E+08  0.000000E+00  0.000000E+00  0.149745E+08  0.169940E+08
  0.674284E-02  0.169773E+08  0.169726E+08  0.000000E+00  0.000000E+00  0.149186E+08  0.169592E+08
  0.681573E-02  0.169423E+08  0.169375E+08  0.000000E+00  0.000000E+00  0.148623E+08  0.169241E+08
  0.688942E-02  0.169071E+08  0.169022E+08  0.000000E+00  0.000000E+00  0.148055E+08  0.168886E+08
  0.696390E-02  0.168715E+08  0.168665E+08  0.000000E+00  0.000000E+00  0.147483E+08  0.168528E+08
  0.703918E-02  0.168356E+08  0.168305E+08  0.000000E+00  0.000000E+00  0.146907E+08  0.168167E+08
  0.711528E-02  0.167993E+08  0.167941E+08  0.000000E+00  0.000000E+00  0.146327E+08  0.167803E+08
  0.719220E-02  0.167628E+08  0.167574E+08  0.000000E+00  0.000000E+00  0.145742E+08  0.167435E+08
  0.726995E-02  0.167258E+08  0.167204E+08  0.000000E+00  0.000000E+00  0.145153E+08  0.167064E+08
  0.734855E-02  0.166886E+08  0.166831E+08  0.000000E+00  0.000000E+00  0.144560E+08  0.166690E+08
  0.742799E-02  0.166510E+08  0.166454E+08  0.000000E+00  0.000000E+00  0.143962E+08  0.166312E+08
  0.750829E-02  0.166131E+08  0.166074E+08  0.000000E+00  0.000000E+00  0.143361E+08  0.165931E+08
  0.758946E-02  0.165749E+08  0.165690E+08  0.000000E+00  0.000000E+00  0.142755E+08  0.165546E+08
  0.767151E-02  0.165363E+08  0.165303E+08  0.000000E+00  0.000000E+00  0.142144E+08  0.165158E+08
  0.775444E-02  0.164973E+08  0.164912E+08  0.000000E+00  0.000000E+00  0.141530E+08  0.164767E+08
  0.783828E-02  0.164581E+08  0.164519E+08  0.000000E+00  0.000000E+00  0.140912E+08  0.164372E+08
  0.792301E-02  0.164185E+08  0.164121E+08  0.000000E+00  0.000000E+00  0.140289E+08  0.163974E+08
  0.800867E-02  0.163785E+08  0.163720E+08  0.000000E+00  0.000000E+00  0.139662E+08  0.163572E+08
  0.809524E-02  0.163382E+08  0.163316E+08  0.000000E+00  0.000000E+00  0.139031E+08  0.163167E+08
  0.818276E-02  0.162975E+08  0.162908E+08  0.000000E+00  0.000000E+00  0.138396E+08  0.162758E+08
  0.827122E-02  0.162565E+08  0.162496E+08  0.000000E+00  0.000000E+00  0.137756E+08  0.162346E+08
  0.836064E-02  0.162151E+08  0.162081E+08  0.000000E+00  0.000000E+00  0.137113E+08  0.161930E+08
  0.845102E-02  0.161734E+08  0.161663E+08  0.000000E+00  0.000000E+00  0.136466E+08  0.161510E+08
  0.854239E-02  0.161313E+08  0.161241E+08  0.000000E+00  0.000000E+00  0.135814E+08  0.161088E+08
  0.863473E-02  0.160889E+08  0.160815E+08  0.000000E+00  0.000000E+00  0.135159E+08  0.160661E+08
  0.872808E-02  0.160461E+08  0.160386E+08  0.000000E+00  0.000000E+00  0.134499E+08  0.160231E+08
  0.882244E-02  0.160030E+08  0.159953E+08  0.000000E+00  0.000000E+00  0.133836E+08  0.159797E+08
  0.891782E-02  0.159595E+08  0.159516E+08  0.000000E+00  0.000000E+00  0.133168E+08  0.159360E+08
  0.901422E-02  0.159156E+08  0.159076E+08  0.000000E+00  0.000000E+00  0.132497E+08  0.158919E+08
  0.911167E-02  0.158714E+08  0.158632E+08  0.000000E+00  0.000000E+00  0.131822E+08  0.158475E+08
  0.921018E-02  0.158268E+08  0.158184E+08  0.000000E+00  0.000000E+00  0.131143E+08  0.158026E+08
  0.930975E-02  0.157818E+08  0.157733E+08  0.000000E+00  0.000000E+00  0.130460E+08  0.157574E+08
  0.941039E-02  0.157364E+08  0.157278E+08  0.000000E+00  0.000000E+00  0.129773E+08  0.157119E+08
  0.951212E-02  0.156907E+08  0.156819E+08  0.000000E+00  0.000000E+00  0.129083E+08  0.156659E+08
  0.961496E-02  0.156446E+08  0.156357E+08  0.000000E+00  0.000000E+00  0.128388E+08  0.156196E+08
  0.971890E-02  0.155982E+08  0.155890E+08  0.000000E+00  0.000000E+00  0.127690E+08  0.155730E+08
  0.982397E-02  0.155514E+08  0.155420E+08  0.000000E+00  0.000000E+00  0.126989E+08  0.155259E+08
  0.993017E-02  0.155042E+08  0.154946E+08  0.000000E+00  0.000000E+00  0.126283E+08  0.154785E+08
  0.100375E-01  0.154566E+08  0.154469E+08  0.000000E+00  0.000000E+00  0.125574E+08  0.154307E+08
  0.101460E-01  0.154086E+08  0.153987E+08  0.000000E+00  0.000000E+00  0.124862E+08  0.153825E+08
  0.102557E-01  0.153603E+08  0.153502E+08  0.000000E+00  0.000000E+00  0.124146E+08  0.153339E+08
  0.103666E-01  0.153115E+08  0.153013E+08  0.000000E+00  0.000000E+00  0.123426E+08  0.152849E+08
  0.104787E-01  0.152624E+08  0.152519E+08  0.000000E+00  0.000000E+00  0.122703E+08  0.152356E+08
  0.105919E-01  0.152129E+08  0.152022E+08  0.000000E+00  0.000000E+00  0.121977E+08  0.151859E+08
  0.107065E-01  0.151630E+08  0.151522E+08  0.000000E+00  0.000000E+00  0.121247E+08  0.151358E+08
  0.108222E-01  0.151128E+08  0.151017E+08  0.000000E+00  0.000000E+00  0.120513E+08  0.150853E+08
  0.109392E-01  0.150621E+08  0.150508E+08  0.000000E+00  0.000000E+00  0.119777E+08  0.150344E+08
  0.110575E-01  0.150111E+08  0.149996E+08  0.000000E+00  0.000000E+00  0.119037E+08  0.149831E+08
  0.111770E-01  0.149596E+08  0.149479E+08  0.000000E+00  0.000000E+00  0.118294E+08  0.149315E+08
  0.112978E-01  0.149078E+08  0.148958E+08  0.000000E+00  0.000000E+00  0.117547E+08  0.148794E+08
  0.114200E-01  0.148555E+08  0.148434E+08  0.000000E+00  0.000000E+00  0.116798E+08  0.148269E+08
  0.115434E-01  0.148029E+08  0.147905E+08  0.000000E+00  0.000000E+00  0.116045E+08  0.147741E+08
  0.116682E-01  0.147499E+08  0.147373E+08  0.000000E+00  0.000000E+00  0.115290E+08  0.147208E+08
  0.117944E-01  0.146965E+08  0.146836E+08  0.000000E+00  0.000000E+00  0.114531E+08  0.146672E+08
  0.119219E-01  0.146427E+08  0.146296E+08  0.000000E+00  0.000000E+00  0.113770E+08  0.146132E+08
  0.120507E-01  0.145884E+08  0.145751E+08  0.000000E+00  0.000000E+00  0.113005E+08  0.145587E+08
  0.121810E-01  0.145338E+08  0.145202E+08  0.000000E+00  0.000000E+00  0.112238E+08  0.145039E+08
  0.123127E-01  0.144788E+08  0.144650E+08  0.000000E+00  0.000000E+00  0.111468E+08  0.144486E+08
  0.124458E-01  0.144234E+08  0.144093E+08  0.000000E+00  0.000000E+00  0.110695E+08  0.143930E+08
  0.125804E-01  0.143675E+08  0.143532E+08  0.000000E+00  0.000000E+00  0.109919E+08  0.143369E+08
  0.127164E-01  0.143113E+08  0.142967E+08  0.000000E+00  0.000000E+00  0.109141E+08  0.142804E+08
  0.128538E-01  0.142546E+08  0.142398E+08  0.000000E+00  0.000000E+00  0.108360E+08  0.142236E+08
  0.129928E-01  0.141976E+08  0.141825E+08  0.000000E+00  0.000000E+00  0.107576E+08  0.141663E+08
  0.131333E-01  0.141401E+08  0.141247E+08  0.000000E+00  0.000000E+00  0.106791E+08  0.141086E+08
  0.132752E-01  0.140822E+08  0.140666E+08  0.000000E+00  0.000000E+00  0.106002E+08  0.140505E+08
  0.134188E-01  0.140240E+08  0.140080E+08  0.000000E+00  0.000000E+00  0.105212E+08  0.139920E+08
  0.135638E-01  0.139653E+08  0.139490E+08  0.000000E+00  0.000000E+00  0.104419E+08  0.139331E+08
  0.137105E-01  0.139062E+08  0.138896E+08  0.000000E+00  0.000000E+00  0.103624E+08  0.138738E+08
  0.138587E-01  0.138466E+08  0.138298E+08  0.000000E+00  0.000000E+00  0.102826E+08  0.138140E+08
  0.140085E-01  0.137867E+08  0.137696E+08  0.000000E+00  0.000000E+00  0.102027E+08  0.137539E+08
  0.141599E-01  0.137264E+08  0.137089E+08  0.000000E+00  0.000000E+00  0.101225E+08  0.136933E+08
  0.143130E-01  0.136656E+08  0.136479E+08  0.000000E+00  0.000000E+00  0.100422E+08  0.136324E+08
  0.144678E-01  0.136044E+08  0.135864E+08  0.000000E+00  0.000000E+00  0.996164E+07  0.135710E+08
  0.146242E-01  0.135428E+08  0.135245E+08  0.000000E+00  0.000000E+00  0.988092E+07  0.135092E+08
  0.147823E-01  0.134808E+08  0.134622E+08  0.000000E+00  0.000000E+00  0.980002E+07  0.134470E+08
  0.149421E-01  0.134184E+08  0.133994E+08  0.000000E+00  0.000000E+00  0.971895E+07  0.133843E+08
  0.151036E-01  0.133556E+08  0.133363E+08  0.000000E+00  0.000000E+00  0.963772E+07  0.133213E+08
  0.152669E-01  0.132923E+08  0.132727E+08  0.000000E+00  0.000000E+00  0.955633E+07  0.132578E+08
  0.154319E-01  0.132286E+08  0.132087E+08  0.000000E+00  0.000000E+00  0.947480E+07  0.131940E+08
  0.155988E-01  0.131645E+08  0.131442E+08  0.000000E+00  0.000000E+00  0.939313E+07  0.131297E+08
  0.157674E-01  0.131000E+08  0.130794E+08  0.000000E+00  0.000000E+00  0.931132E+07  0.130650E+08
  0.159378E-01  0.130351E+08  0.130141E+08  0.000000E+00  0.000000E+00  0.922939E+07  0.129999E+08
  0.161101E-01  0.129698E+08  0.129485E+08  0.000000E+00  0.000000E+00  0.914735E+07  0.129343E+08
  0.162843E-01  0.129041E+08  0.128824E+08  0.000000E+00  0.000000E+00  0.906520E+07  0.128684E+08
  0.164603E-01  0.128379E+08  0.128159E+08  0.000000E+00  0.000000E+00  0.898294E+07  0.128021E+08
  0.166383E-01  0.127713E+08  0.127489E+08  0.000000E+00  0.000000E+00  0.890060E+07  0.127353E+08
  0.168182E-01  0.127044E+08  0.126816E+08  0.000000E+00  0.000000E+00  0.881817E+07  0.126681E+08
  0.170000E-01  0.126370E+08  0.126138E+08  0.000000E+00  0.000000E+00  0.873567E+07  0.126006E+08
  0.171838E-01  0.125692E+08  0.125457E+08  0.000000E+00  0.000000E+00  0.865311E+07  0.125326E+08
  0.173695E-01  0.125010E+08  0.124771E+08  0.000000E+00  0.000000E+00  0.857048E+07  0.124642E+08
  0.175573E-01  0.124324E+08  0.124081E+08  0.000000E+00  0.000000E+00  0.848781E+07  0.123954E+08
  0.177471E-01  0.123634E+08  0.123387E+08  0.000000E+00  0.000000E+00  0.840511E+07  0.123262E+08
  0.179390E-01  0.122940E+08  0.122689E+08  0.000000E+00  0.000000E+00  0.832237E+07  0.122567E+08
  0.181329E-01  0.122241E+08  0.121987E+08  0.000000E+00  0.000000E+00  0.823961E+07  0.121867E+08
  0.183289E-01  0.121539E+08  0.121282E+08  0.000000E+00  0.000000E+00  0.815685E+07  0.121163E+08
  0.185271E-01  0.120833E+08  0.120572E+08  0.000000E+00  0.000000E+00  0.807408E+07  0.120456E+08
  0.187274E-01  0.120124E+08  0.119858E+08  0.000000E+00  0.000000E+00  0.799133E+07  0.119744E+08
  0.189298E-01  0.119410E+08  0.119140E+08  0.000000E+00  0.000000E+00  0.790859E+07  0.119029E+08
  0.191345E-01  0.118692E+08  0.118419E+08  0.000000E+00  0.000000E+00  0.782588E+07  0.118310E+08
  0.193413E-01  0.117971E+08  0.117693E+08  0.000000E+00  0.000000E+00  0.774322E+07  0.117587E+08
  0.195504E-01  0.117246E+08  0.116964E+08  0.000000E+00  0.000000E+00  0.766060E+07  0.116860E+08
  0.197618E-01  0.116517E+08  0.116231E+08  0.000000E+00  0.000000E+00  0.757805E+07  0.116130E+08
  0.199754E-01  0.115784E+08  0.115494E+08  0.000000E+00  0.000000E+00  0.749556E+07  0.115396E+08
  0.201914E-01  0.115048E+08  0.114754E+08  0.000000E+00  0.000000E+00  0.741316E+07  0.114658E+08
  0.204097E-01  0.114308E+08  0.114010E+08  0.000000E+00  0.000000E+00  0.733085E+07  0.113917E+08
  0.206303E-01  0.113565E+08  0.113263E+08  0.000000E+00  0.000000E+00  0.724865E+07  0.113173E+08
  0.208533E-01  0.112818E+08  0.112512E+08  0.000000E+00  0.000000E+00  0.716656E+07  0.112425E+08
  0.210788E-01  0.112068E+08  0.111757E+08  0.000000E+00  0.000000E+00  0.708459E+07  0.111673E+08
  0.213066E-01  0.111315E+08  0.111000E+08  0.000000E+00  0.000000E+00  0.700276E+07  0.110919E+08
  0.215370E-01  0.110558E+08  0.110239E+08  0.000000E+00  0.000000E+00  0.692109E+07  0.110161E+08
  0.217698E-01  0.109798E+08  0.109474E+08  0.000000E+00  0.000000E+00  0.683957E+07  0.109399E+08
  0.220052E-01  0.109035E+08  0.108707E+08  0.000000E+00  0.000000E+00  0.675822E+07  0.108635E+08
  0.222430E-01  0.108268E+08  0.107937E+08  0.000000E+00  0.000000E+00  0.667706E+07  0.107868E+08
  0.224835E-01  0.107499E+08  0.107163E+08  0.000000E+00  0.000000E+00  0.659610E+07  0.107098E+08
  0.227266E-01  0.106727E+08  0.106387E+08  0.000000E+00  0.000000E+00  0.651534E+07  0.106324E+08
  0.229723E-01  0.105952E+08  0.105608E+08  0.000000E+00  0.000000E+00  0.643481E+07  0.105549E+08
  0.232206E-01  0.105174E+08  0.104826E+08  0.000000E+00  0.000000E+00  0.635450E+07  0.104770E+08
  0.234716E-01  0.104394E+08  0.104041E+08  0.000000E+00  0.000000E+00  0.627444E+07  0.103989E+08
  0.237254E-01  0.103611E+08  0.103254E+08  0.000000E+00  0.000000E+00  0.619464E+07  0.103205E+08
  0.239819E-01  0.102826E+08  0.102465E+08  0.000000E+00  0.000000E+00  0.611511E+07  0.102419E+08
  0.242411E-01  0.102038E+08  0.101673E+08  0.000000E+00  0.000000E+00  0.603586E+07  0.101631E+08
  0.245032E-01  0.101248E+08  0.100880E+08  0.000000E+00  0.000000E+00  0.595690E+07  0.100841E+08
  0.247681E-01  0.100456E+08  0.100084E+08  0.000000E+00  0.000000E+00  0.587826E+07  0.100048E+08
  0.250359E-01  0.996624E+07  0.992858E+07  0.000000E+00  0.000000E+00  0.579993E+07  0.992537E+07
  0.253065E-01  0.988667E+07  0.984862E+07  0.000000E+00  0.000000E+00  0.572194E+07  0.984575E+07
  0.255801E-01  0.980693E+07  0.976849E+07  0.000000E+00  0.000000E+00  0.564430E+07  0.976597E+07
  0.258566E-01  0.972703E+07  0.968821E+07  0.000000E+00  0.000000E+00  0.556702E+07  0.968603E+07
  0.261362E-01  0.964699E+07  0.960779E+07  0.000000E+00  0.000000E+00  0.549011E+07  0.960596E+07
  0.264187E-01  0.956683E+07  0.952726E+07  0.000000E+00  0.000000E+00  0.541359E+07  0.952577E+07
  0.267043E-01  0.948655E+07  0.944661E+07  0.000000E+00  0.000000E+00  0.533747E+07  0.944547E+07
  0.269930E-01  0.940617E+07  0.936588E+07  0.000000E+00  0.000000E+00  0.526177E+07  0.936508E+07
  0.272848E-01  0.932572E+07  0.928508E+07  0.000000E+00  0.000000E+00  0.518649E+07  0.928461E+07
  0.275798E-01  0.924520E+07  0.920422E+07  0.000000E+00  0.000000E+00  0.511166E+07  0.920409E+07
  0.278779E-01  0.916463E+07  0.912332E+07  0.000000E+00  0.000000E+00  0.503728E+07  0.912352E+07
  0.281793E-01  0.908404E+07  0.904240E+07  0.000000E+00  0.000000E+00  0.496337E+07  0.904294E+07
  0.284840E-01  0.900344E+07  0.896148E+07  0.000000E+00  0.000000E+00  0.488994E+07  0.896234E+07
  0.287919E-01  0.892284E+07  0.888058E+07  0.000000E+00  0.000000E+00  0.481701E+07  0.888177E+07
  0.291032E-01  0.884228E+07  0.879972E+07  0.000000E+00  0.000000E+00  0.474458E+07  0.880122E+07
  0.294178E-01  0.876176E+07  0.871891E+07  0.000000E+00  0.000000E+00  0.467268E+07  0.872073E+07
  0.297358E-01  0.868130E+07  0.863819E+07  0.000000E+00  0.000000E+00  0.460131E+07  0.864032E+07
  0.300573E-01  0.860094E+07  0.855757E+07  0.000000E+00  0.000000E+00  0.453050E+07  0.856000E+07
  0.303822E-01  0.852069E+07  0.847707E+07  0.000000E+00  0.000000E+00  0.446024E+07  0.847979E+07
  0.307107E-01  0.844057E+07  0.839671E+07  0.000000E+00  0.000000E+00  0.439056E+07  0.839972E+07
  0.310427E-01  0.836060E+07  0.831653E+07  0.000000E+00  0.000000E+00  0.432146E+07  0.831981E+07
  0.313783E-01  0.828081E+07  0.823653E+07  0.000000E+00  0.000000E+00  0.425297E+07  0.824008E+07
  0.317175E-01  0.820122E+07  0.815675E+07  0.000000E+00  0.000000E+00  0.418509E+07  0.816056E+07
  0.320604E-01  0.812185E+07  0.807720E+07  0.000000E+00  0.000000E+00  0.411783E+07  0.808127E+07
  0.324070E-01  0.804273E+07  0.799792E+07  0.000000E+00  0.000000E+00  0.405122E+07  0.800222E+07
  0.327573E-01  0.796388E+07  0.791892E+07  0.000000E+00  0.000000E+00  0.398524E+07  0.792346E+07
  0.331114E-01  0.788532E+07  0.784023E+07  0.000000E+00  0.000000E+00  0.391993E+07  0.784499E+07
  0.334694E-01  0.780708E+07  0.776189E+07  0.000000E+00  0.000000E+00  0.385529E+07  0.776685E+07
  0.338312E-01  0.772918E+07  0.768390E+07  0.000000E+00  0.000000E+00  0.379134E+07  0.768905E+07
  0.341970E-01  0.765165E+07  0.760630E+07  0.000000E+00  0.000000E+00  0.372807E+07  0.761163E+07
  0.345667E-01  0.757451E+07  0.752911E+07  0.000000E+00  0.000000E+00  0.366551E+07  0.753461E+07
  0.349404E-01  0.749779E+07  0.745236E+07  0.000000E+00  0.000000E+00  0.360367E+07  0.745801E+07
  0.353181E-01  0.742152E+07  0.737607E+07  0.000000E+00  0.000000E+00  0.354254E+07  0.738186E+07
  0.356999E-01  0.734571E+07  0.730028E+07  0.000000E+00  0.000000E+00  0.348215E+07  0.730619E+07
  0.360858E-01  0.727040E+07  0.722500E+07  0.000000E+00  0.000000E+00  0.342250E+07  0.723101E+07
  0.364760E-01  0.719560E+07  0.715026E+07  0.000000E+00  0.000000E+00  0.336361E+07  0.715636E+07
  0.368703E-01  0.712136E+07  0.707608E+07  0.000000E+00  0.000000E+00  0.330547E+07  0.708226E+07
  0.372689E-01  0.704768E+07  0.700250E+07  0.000000E+00  0.000000E+00  0.324810E+07  0.700873E+07
  0.376718E-01  0.697458E+07  0.692953E+07  0.000000E+00  0.000000E+00  0.319149E+07  0.693579E+07
  0.380790E-01  0.690210E+07  0.685719E+07  0.000000E+00  0.000000E+00  0.313567E+07  0.686347E+07
  0.384907E-01  0.683026E+07  0.678552E+07  0.000000E+00  0.000000E+00  0.308063E+07  0.679180E+07
  0.389068E-01  0.675909E+07  0.671455E+07  0.000000E+00  0.000000E+00  0.302638E+07  0.672081E+07
  0.393274E-01  0.668862E+07  0.664429E+07  0.000000E+00  0.000000E+00  0.297293E+07  0.665051E+07
  0.397526E-01  0.661886E+07  0.657478E+07  0.000000E+00  0.000000E+00  0.292028E+07  0.658094E+07
  0.401823E-01  0.654984E+07  0.650603E+07  0.000000E+00  0.000000E+00  0.286844E+07  0.651210E+07
  0.406167E-01  0.648158E+07  0.643805E+07  0.000000E+00  0.000000E+00  0.281739E+07  0.644403E+07
  0.410558E-01  0.641408E+07  0.637088E+07  0.000000E+00  0.000000E+00  0.276716E+07  0.637673E+07
  0.414997E-01  0.634738E+07  0.630451E+07  0.000000E+00  0.000000E+00  0.271773E+07  0.631022E+07
  0.419483E-01  0.628148E+07  0.623898E+07  0.000000E+00  0.000000E+00  0.266910E+07  0.624452E+07
  0.424018E-01  0.621640E+07  0.617429E+07  0.000000E+00  0.000000E+00  0.262128E+07  0.617965E+07
  0.428602E-01  0.615216E+07  0.611047E+07  0.000000E+00  0.000000E+00  0.257427E+07  0.611561E+07
  0.433235E-01  0.608876E+07  0.604751E+07  0.000000E+00  0.000000E+00  0.252805E+07  0.605243E+07
  0.437919E-01  0.602624E+07  0.598545E+07  0.000000E+00  0.000000E+00  0.248264E+07  0.599012E+07
  0.442653E-01  0.596459E+07  0.592429E+07  0.000000E+00  0.000000E+00  0.243803E+07  0.592869E+07
  0.447439E-01  0.590383E+07  0.586405E+07  0.000000E+00  0.000000E+00  0.239421E+07  0.586816E+07
  0.452276E-01  0.584397E+07  0.580473E+07  0.000000E+00  0.000000E+00  0.235119E+07  0.580853E+07
  0.457165E-01  0.578503E+07  0.574634E+07  0.000000E+00  0.000000E+00  0.230895E+07  0.574980E+07
  0.462107E-01  0.572699E+07  0.568888E+07  0.000000E+00  0.000000E+00  0.226750E+07  0.569199E+07
  0.467103E-01  0.566986E+07  0.563236E+07  0.000000E+00  0.000000E+00  0.222681E+07  0.563510E+07
  0.472153E-01  0.561365E+07  0.557677E+07  0.000000E+00  0.000000E+00  0.218688E+07  0.557912E+07
  0.477257E-01  0.555835E+07  0.552211E+07  0.000000E+00  0.000000E+00  0.214771E+07  0.552406E+07
  0.482417E-01  0.550396E+07  0.546837E+07  0.000000E+00  0.000000E+00  0.210927E+07  0.546990E+07
  0.487632E-01  0.545047E+07  0.541556E+07  0.000000E+00  0.000000E+00  0.207156E+07  0.541664E+07
  0.492904E-01  0.539787E+07  0.536366E+07  0.000000E+00  0.000000E+00  0.203457E+07  0.536429E+07
  0.498232E-01  0.534617E+07  0.531266E+07  0.000000E+00  0.000000E+00  0.199829E+07  0.531282E+07
  0.503618E-01  0.529534E+07  0.526255E+07  0.000000E+00  0.000000E+00  0.196270E+07  0.526223E+07
  0.509063E-01  0.524536E+07  0.521331E+07  0.000000E+00  0.000000E+00  0.192780E+07  0.521250E+07
  0.514566E-01  0.519623E+07  0.516493E+07  0.000000E+00  0.000000E+00  0.189356E+07  0.516360E+07
  0.520129E-01  0.514791E+07  0.511736E+07  0.000000E+00  0.000000E+00  0.185997E+07  0.511552E+07
  0.525752E-01  0.510038E+07  0.507060E+07  0.000000E+00  0.000000E+00  0.182702E+07  0.506824E+07
  0.531436E-01  0.505362E+07  0.502461E+07  0.000000E+00  0.000000E+00  0.179468E+07  0.502172E+07
  0.537181E-01  0.500761E+07  0.497937E+07  0.000000E+00  0.000000E+00  0.176293E+07  0.497594E+07
  0.542988E-01  0.496231E+07  0.493484E+07  0.000000E+00  0.000000E+00  0.173177E+07  0.493088E+07
  0.548858E-01  0.491769E+07  0.489101E+07  0.000000E+00  0.000000E+00  0.170117E+07  0.488650E+07
  0.554792E-01  0.487374E+07  0.484782E+07  0.000000E+00  0.000000E+00  0.167112E+07  0.484278E+07
  0.560790E-01  0.483040E+07  0.480526E+07  0.000000E+00  0.000000E+00  0.164159E+07  0.479968E+07
  0.566852E-01  0.478764E+07  0.476327E+07  0.000000E+00  0.000000E+00  0.161258E+07  0.475716E+07
  0.572980E-01  0.474542E+07  0.472181E+07  0.000000E+00  0.000000E+00  0.158406E+07  0.471517E+07
  0.579175E-01  0.470369E+07  0.468084E+07  0.000000E+00  0.000000E+00  0.155601E+07  0.467367E+07
  0.585436E-01  0.466241E+07  0.464029E+07  0.000000E+00  0.000000E+00  0.152840E+07  0.463262E+07
  0.594337E-01  0.460513E+07  0.458403E+07  0.000000E+00  0.000000E+00  0.149037E+07  0.457566E+07
  0.603239E-01  0.454935E+07  0.452922E+07  0.000000E+00  0.000000E+00  0.145368E+07  0.452019E+07
  0.612140E-01  0.449490E+07  0.447569E+07  0.000000E+00  0.000000E+00  0.141824E+07  0.446604E+07
  0.621041E-01  0.444161E+07  0.442326E+07  0.000000E+00  0.000000E+00  0.138395E+07  0.441305E+07
  0.629943E-01  0.438933E+07  0.437179E+07  0.000000E+00  0.000000E+00  0.135074E+07  0.436105E+07
  0.638844E-01  0.433791E+07  0.432112E+07  0.000000E+00  0.000000E+00  0.131851E+07  0.430990E+07
  0.647746E-01  0.428720E+07  0.427110E+07  0.000000E+00  0.000000E+00  0.128719E+07  0.425946E+07
  0.656647E-01  0.423709E+07  0.422162E+07  0.000000E+00  0.000000E+00  0.125672E+07  0.420961E+07
  0.665548E-01  0.418747E+07  0.417257E+07  0.000000E+00  0.000000E+00  0.122706E+07  0.416025E+07
  0.674450E-01  0.413825E+07  0.412386E+07  0.000000E+00  0.000000E+00  0.119815E+07  0.411128E+07
  0.683351E-01  0.408935E+07  0.407540E+07  0.000000E+00  0.000000E+00  0.116994E+07  0.406262E+07
  0.692252E-01  0.404069E+07  0.402713E+07  0.000000E+00  0.000000E+00  0.114240E+07  0.401420E+07
  0.701154E-01  0.399222E+07  0.397899E+07  0.000000E+00  0.000000E+00  0.111547E+07  0.396596E+07
  0.710055E-01  0.394388E+07  0.393091E+07  0.000000E+00  0.000000E+00  0.108915E+07  0.391785E+07
  0.718957E-01  0.389564E+07  0.388288E+07  0.000000E+00  0.000000E+00  0.106340E+07  0.386983E+07
  0.727858E-01  0.384746E+07  0.383487E+07  0.000000E+00  0.000000E+00  0.103820E+07  0.382187E+07
  0.736759E-01  0.379935E+07  0.378686E+07  0.000000E+00  0.000000E+00  0.101353E+07  0.377397E+07
  0.745661E-01  0.375128E+07  0.373885E+07  0.000000E+00  0.000000E+00  0.989364E+06  0.372611E+07
  0.754562E-01  0.370326E+07  0.369085E+07  0.000000E+00  0.000000E+00  0.965704E+06  0.367831E+07
  0.763463E-01  0.365531E+07  0.364287E+07  0.000000E+00  0.000000E+00  0.942539E+06  0.363056E+07
  0.772365E-01  0.360744E+07  0.359493E+07  0.000000E+00  0.000000E+00  0.919860E+06  0.358289E+07
  0.781266E-01  0.355968E+07  0.354706E+07  0.000000E+00  0.000000E+00  0.897656E+06  0.353532E+07
  0.790168E-01  0.351205E+07  0.349929E+07  0.000000E+00  0.000000E+00  0.875923E+06  0.348789E+07
  0.799069E-01  0.346459E+07  0.345167E+07  0.000000E+00  0.000000E+00  0.854660E+06  0.344063E+07
  0.807970E-01  0.341734E+07  0.340424E+07  0.000000E+00  0.000000E+00  0.833870E+06  0.339358E+07
  0.816872E-01  0.337036E+07  0.335705E+07  0.000000E+00  0.000000E+00  0.813548E+06  0.334679E+07
  0.825773E-01  0.332370E+07  0.331016E+07  0.000000E+00  0.000000E+00  0.793693E+06  0.330031E+07
  0.834674E-01  0.327740E+07  0.326363E+07  0.000000E+00  0.000000E+00  0.774306E+06  0.325420E+07
  0.843576E-01  0.323151E+07  0.321751E+07  0.000000E+00  0.000000E+00  0.755391E+06  0.320851E+07
  0.852477E-01  0.318611E+07  0.317185E+07  0.000000E+00  0.000000E+00  0.736947E+06  0.316329E+07
  0.861379E-01  0.314123E+07  0.312673E+07  0.000000E+00  0.000000E+00  0.718973E+06  0.311860E+07
  0.870280E-01  0.309694E+07  0.308220E+07  0.000000E+00  0.000000E+00  0.701472E+06  0.307450E+07
  0.879181E-01  0.305330E+07  0.303832E+07  0.000000E+00  0.000000E+00  0.684445E+06  0.303105E+07
  0.888083E-01  0.301035E+07  0.299514E+07  0.000000E+00  0.000000E+00  0.667892E+06  0.298829E+07
  0.896984E-01  0.296816E+07  0.295273E+07  0.000000E+00  0.000000E+00  0.651809E+06  0.294628E+07
  0.905886E-01  0.292675E+07  0.291112E+07  0.000000E+00  0.000000E+00  0.636195E+06  0.290506E+07
  0.914787E-01  0.288618E+07  0.287037E+07  0.000000E+00  0.000000E+00  0.621048E+06  0.286468E+07
  0.923688E-01  0.284650E+07  0.283052E+07  0.000000E+00  0.000000E+00  0.606367E+06  0.282518E+07
  0.932590E-01  0.280773E+07  0.279162E+07  0.000000E+00  0.000000E+00  0.592147E+06  0.278660E+07
  0.941491E-01  0.276993E+07  0.275370E+07  0.000000E+00  0.000000E+00  0.578385E+06  0.274898E+07
  0.950392E-01  0.273313E+07  0.271679E+07  0.000000E+00  0.000000E+00  0.565077E+06  0.271236E+07
  0.959294E-01  0.269733E+07  0.268093E+07  0.000000E+00  0.000000E+00  0.552215E+06  0.267675E+07
  0.968195E-01  0.266258E+07  0.264614E+07  0.000000E+00  0.000000E+00  0.539790E+06  0.264218E+07
  0.977097E-01  0.262887E+07  0.261242E+07  0.000000E+00  0.000000E+00  0.527795E+06  0.260865E+07
  0.985998E-01  0.259623E+07  0.257979E+07  0.000000E+00  0.000000E+00  0.516222E+06  0.257619E+07
  0.994899E-01  0.256466E+07  0.254827E+07  0.000000E+00  0.000000E+00  0.505062E+06  0.254480E+07
  0.100380E+00  0.253417E+07  0.251784E+07  0.000000E+00  0.000000E+00  0.494305E+06  0.251448E+07
  0.101270E+00  0.250474E+07  0.248851E+07  0.000000E+00  0.000000E+00  0.483940E+06  0.248522E+07
  0.102160E+00  0.247636E+07  0.246026E+07  0.000000E+00  0.000000E+00  0.473956E+06  0.245703E+07
  0.103050E+00  0.244904E+07  0.243309E+07  0.000000E+00  0.000000E+00  0.464338E+06  0.242987E+07
  0.103941E+00  0.242274E+07  0.240697E+07  0.000000E+00  0.000000E+00  0.455075E+06  0.240375E+07
  0.104831E+00  0.239745E+07  0.238188E+07  0.000000E+00  0.000000E+00  0.446155E+06  0.237863E+07
  0.105721E+00  0.237314E+07  0.235780E+07  0.000000E+00  0.000000E+00  0.437564E+06  0.235448E+07
  0.106611E+00  0.234978E+07  0.233469E+07  0.000000E+00  0.000000E+00  0.429290E+06  0.233129E+07
  0.107501E+00  0.232734E+07  0.231251E+07  0.000000E+00  0.000000E+00  0.421318E+06  0.230901E+07
  0.108391E+00  0.230576E+07  0.229122E+07  0.000000E+00  0.000000E+00  0.413633E+06  0.228760E+07
  0.109281E+00  0.228503E+07  0.227079E+07  0.000000E+00  0.000000E+00  0.406220E+06  0.226702E+07
  0.110172E+00  0.226509E+07  0.225116E+07  0.000000E+00  0.000000E+00  0.399066E+06  0.224724E+07
  0.111062E+00  0.224591E+07  0.223231E+07  0.000000E+00  0.000000E+00  0.392157E+06  0.222821E+07
  0.111952E+00  0.222743E+07  0.221417E+07  0.000000E+00  0.000000E+00  0.385480E+06  0.220988E+07
  0.112842E+00  0.220960E+07  0.219669E+07  0.000000E+00  0.000000E+00  0.379022E+06  0.219220E+07
  0.113732E+00  0.219238E+07  0.217982E+07  0.000000E+00  0.000000E+00  0.372768E+06  0.217513E+07
  0.114622E+00  0.217571E+07  0.216350E+07  0.000000E+00  0.000000E+00  0.366704E+06  0.215860E+07
  0.115512E+00  0.215955E+07  0.214770E+07  0.000000E+00  0.000000E+00  0.360816E+06  0.214258E+07
  0.116403E+00  0.214385E+07  0.213235E+07  0.000000E+00  0.000000E+00  0.355095E+06  0.212702E+07
  0.117293E+00  0.212855E+07  0.211741E+07  0.000000E+00  0.000000E+00  0.349528E+06  0.211186E+07
  0.118183E+00  0.211362E+07  0.210282E+07  0.000000E+00  0.000000E+00  0.344104E+06  0.209706E+07
  0.119073E+00  0.209898E+07  0.208853E+07  0.000000E+00  0.000000E+00  0.338810E+06  0.208255E+07
  0.119963E+00  0.208461E+07  0.207448E+07  0.000000E+00  0.000000E+00  0.333637E+06  0.206831E+07
  0.120853E+00  0.207044E+07  0.206064E+07  0.000000E+00  0.000000E+00  0.328572E+06  0.205426E+07
  0.121743E+00  0.205644E+07  0.204695E+07  0.000000E+00  0.000000E+00  0.323609E+06  0.204039E+07
  0.122634E+00  0.204256E+07  0.203338E+07  0.000000E+00  0.000000E+00  0.318738E+06  0.202664E+07
  0.123524E+00  0.202878E+07  0.201988E+07  0.000000E+00  0.000000E+00  0.313953E+06  0.201297E+07
  0.124414E+00  0.201504E+07  0.200642E+07  0.000000E+00  0.000000E+00  0.309246E+06  0.199935E+07
  0.125304E+00  0.200133E+07  0.199296E+07  0.000000E+00  0.000000E+00  0.304609E+06  0.198575E+07
  0.126194E+00  0.198760E+07  0.197947E+07  0.000000E+00  0.000000E+00  0.300036E+06  0.197214E+07
  0.127084E+00  0.197384E+07  0.196593E+07  0.000000E+00  0.000000E+00  0.295523E+06  0.195849E+07
  0.127974E+00  0.196001E+07  0.195230E+07  0.000000E+00  0.000000E+00  0.291065E+06  0.194477E+07
  0.128864E+00  0.194610E+07  0.193857E+07  0.000000E+00  0.000000E+00  0.286659E+06  0.193097E+07
  0.129755E+00  0.193209E+07  0.192472E+07  0.000000E+00  0.000000E+00  0.282300E+06  0.191706E+07
  0.130645E+00  0.191795E+07  0.191074E+07  0.000000E+00  0.000000E+00  0.277986E+06  0.190304E+07
  0.131535E+00  0.190369E+07  0.189660E+07  0.000000E+00  0.000000E+00  0.273713E+06  0.188888E+07
  0.132425E+00  0.188929E+07  0.188231E+07  0.000000E+00  0.000000E+00  0.269480E+06  0.187458E+07
  0.133315E+00  0.187475E+07  0.186785E+07  0.000000E+00  0.000000E+00  0.265287E+06  0.186014E+07
  0.134205E+00  0.186006E+07  0.185323E+07  0.000000E+00  0.000000E+00  0.261131E+06  0.184555E+07
  0.135095E+00  0.184522E+07  0.183844E+07  0.000000E+00  0.000000E+00  0.257011E+06  0.183080E+07
  0.135986E+00  0.183023E+07  0.182349E+07  0.000000E+00  0.000000E+00  0.252928E+06  0.181591E+07
  0.136876E+00  0.181510E+07  0.180838E+07  0.000000E+00  0.000000E+00  0.248882E+06  0.180088E+07
  0.137766E+00  0.179983E+07  0.179312E+07  0.000000E+00  0.000000E+00  0.244874E+06  0.178571E+07
  0.138656E+00  0.178445E+07  0.177773E+07  0.000000E+00  0.000000E+00  0.240906E+06  0.177042E+07
  0.139546E+00  0.176896E+07  0.176221E+07  0.000000E+00  0.000000E+00  0.236976E+06  0.175502E+07
  0.140436E+00  0.175337E+07  0.174659E+07  0.000000E+00  0.000000E+00  0.233088E+06  0.173953E+07
  0.141326E+00  0.173771E+07  0.173088E+07  0.000000E+00  0.000000E+00  0.229242E+06  0.172395E+07
  0.142217E+00  0.172199E+07  0.171510E+07  0.000000E+00  0.000000E+00  0.225441E+06  0.170833E+07
  0.143107E+00  0.170623E+07  0.169928E+07  0.000000E+00  0.000000E+00  0.221687E+06  0.169266E+07
  0.143997E+00  0.169046E+07  0.168344E+07  0.000000E+00  0.000000E+00  0.217982E+06  0.167698E+07
  0.144887E+00  0.167470E+07  0.166759E+07  0.000000E+00  0.000000E+00  0.214328E+06  0.166131E+07
  0.145777E+00  0.165896E+07  0.165177E+07  0.000000E+00  0.000000E+00  0.210727E+06  0.164566E+07
  0.146667E+00  0.164327E+07  0.163600E+07  0.000000E+00  0.000000E+00  0.207180E+06  0.163006E+07
  0.147557E+00  0.162766E+07  0.162030E+07  0.000000E+00  0.000000E+00  0.203689E+06  0.161454E+07
  0.148448E+00  0.161214E+07  0.160469E+07  0.000000E+00  0.000000E+00  0.200256E+06  0.159911E+07
  0.149338E+00  0.159675E+07  0.158920E+07  0.000000E+00  0.000000E+00  0.196884E+06  0.158380E+07
  0.150228E+00  0.158149E+07  0.157386E+07  0.000000E+00  0.000000E+00  0.193574E+06  0.156863E+07
  0.151118E+00  0.156639E+07  0.155868E+07  0.000000E+00  0.000000E+00  0.190328E+06  0.155362E+07
  0.152008E+00  0.155148E+07  0.154368E+07  0.000000E+00  0.000000E+00  0.187146E+06  0.153880E+07
  0.152898E+00  0.153677E+07  0.152889E+07  0.000000E+00  0.000000E+00  0.184029E+06  0.152417E+07
  0.153788E+00  0.152229E+07  0.151433E+07  0.000000E+00  0.000000E+00  0.180980E+06  0.150977E+07
  0.154678E+00  0.150804E+07  0.150002E+07  0.000000E+00  0.000000E+00  0.177998E+06  0.149561E+07
  0.155569E+00  0.149405E+07  0.148597E+07  0.000000E+00  0.000000E+00  0.175086E+06  0.148170E+07
  0.156459E+00  0.148033E+07  0.147220E+07  0.000000E+00  0.000000E+00  0.172243E+06  0.146807E+07
  0.157349E+00  0.146690E+07  0.145873E+07  0.000000E+00  0.000000E+00  0.169469E+06  0.145472E+07
  0.158239E+00  0.145377E+07  0.144556E+07  0.000000E+00  0.000000E+00  0.166766E+06  0.144167E+07
  0.159129E+00  0.144096E+07  0.143272E+07  0.000000E+00  0.000000E+00  0.164133E+06  0.142894E+07
  0.160019E+00  0.142846E+07  0.142021E+07  0.000000E+00  0.000000E+00  0.161569E+06  0.141652E+07
  0.160909E+00  0.141629E+07  0.140803E+07  0.000000E+00  0.000000E+00  0.159074E+06  0.140444E+07
  0.161800E+00  0.140446E+07  0.139620E+07  0.000000E+00  0.000000E+00  0.156648E+06  0.139268E+07
  0.162690E+00  0.139296E+07  0.138472E+07  0.000000E+00  0.000000E+00  0.154289E+06  0.138126E+07
  0.163580E+00  0.138179E+07  0.137358E+07  0.000000E+00  0.000000E+00  0.151997E+06  0.137017E+07
  0.164470E+00  0.137097E+07  0.136279E+07  0.000000E+00  0.000000E+00  0.149771E+06  0.135943E+07
  0.165360E+00  0.136048E+07  0.135234E+07  0.000000E+00  0.000000E+00  0.147608E+06  0.134901E+07
  0.166250E+00  0.135032E+07  0.134223E+07  0.000000E+00  0.000000E+00  0.145507E+06  0.133893E+07
  0.167140E+00  0.134048E+07  0.133246E+07  0.000000E+00  0.000000E+00  0.143466E+06  0.132917E+07
  0.168031E+00  0.133097E+07  0.132302E+07  0.000000E+00  0.000000E+00  0.141485E+06  0.131973E+07
  0.168921E+00  0.132176E+07  0.131389E+07  0.000000E+00  0.000000E+00  0.139560E+06  0.131060E+07
  0.169811E+00  0.131286E+07  0.130508E+07  0.000000E+00  0.000000E+00  0.137690E+06  0.130177E+07
  0.170701E+00  0.130425E+07  0.129656E+07  0.000000E+00  0.000000E+00  0.135872E+06  0.129323E+07
  0.171591E+00  0.129591E+07  0.128833E+07  0.000000E+00  0.000000E+00  0.134105E+06  0.128496E+07
  0.172481E+00  0.128785E+07  0.128037E+07  0.000000E+00  0.000000E+00  0.132386E+06  0.127697E+07
  0.173371E+00  0.128003E+07  0.127267E+07  0.000000E+00  0.000000E+00  0.130714E+06  0.126922E+07
  0.174262E+00  0.127246E+07  0.126522E+07  0.000000E+00  0.000000E+00  0.129085E+06  0.126172E+07
  0.175152E+00  0.126511E+07  0.125799E+07  0.000000E+00  0.000000E+00  0.127498E+06  0.125444E+07
  0.176042E+00  0.125797E+07  0.125097E+07  0.000000E+00  0.000000E+00  0.125950E+06  0.124736E+07
  0.176932E+00  0.125102E+07  0.124415E+07  0.000000E+00  0.000000E+00  0.124439E+06  0.124048E+07
  0.177822E+00  0.124424E+07  0.123751E+07  0.000000E+00  0.000000E+00  0.122962E+06  0.123377E+07
  0.178712E+00  0.123763E+07  0.123102E+07  0.000000E+00  0.000000E+00  0.121518E+06  0.122721E+07
  0.179602E+00  0.123115E+07  0.122468E+07  0.000000E+00  0.000000E+00  0.120104E+06  0.122080E+07
  0.180492E+00  0.122480E+07  0.121846E+07  0.000000E+00  0.000000E+00  0.118718E+06  0.121451E+07
  0.181383E+00  0.121856E+07  0.121235E+07  0.000000E+00  0.000000E+00  0.117357E+06  0.120833E+07
  0.182273E+00  0.121241E+07  0.120633E+07  0.000000E+00  0.000000E+00  0.116021E+06  0.120224E+07
  0.183163E+00  0.120633E+07  0.120038E+07  0.000000E+00  0.000000E+00  0.114706E+06  0.119622E+07
  0.184053E+00  0.120031E+07  0.119448E+07  0.000000E+00  0.000000E+00  0.113412E+06  0.119026E+07
  0.184943E+00  0.119433E+07  0.118863E+07  0.000000E+00  0.000000E+00  0.112136E+06  0.118434E+07
  0.185833E+00  0.118839E+07  0.118280E+07  0.000000E+00  0.000000E+00  0.110877E+06  0.117846E+07
  0.186723E+00  0.118246E+07  0.117699E+07  0.000000E+00  0.000000E+00  0.109633E+06  0.117259E+07
  0.187614E+00  0.117654E+07  0.117117E+07  0.000000E+00  0.000000E+00  0.108403E+06  0.116672E+07
  0.188504E+00  0.117061E+07  0.116535E+07  0.000000E+00  0.000000E+00  0.107185E+06  0.116085E+07
  0.189394E+00  0.116466E+07  0.115950E+07  0.000000E+00  0.000000E+00  0.105980E+06  0.115496E+07
  0.190284E+00  0.115869E+07  0.115362E+07  0.000000E+00  0.000000E+00  0.104785E+06  0.114904E+07
  0.191174E+00  0.115269E+07  0.114769E+07  0.000000E+00  0.000000E+00  0.103599E+06  0.114308E+07
  0.192064E+00  0.114664E+07  0.114172E+07  0.000000E+00  0.000000E+00  0.102423E+06  0.113709E+07
  0.192954E+00  0.114054E+07  0.113570E+07  0.000000E+00  0.000000E+00  0.101255E+06  0.113104E+07
  0.193845E+00  0.113439E+07  0.112961E+07  0.000000E+00  0.000000E+00  0.100094E+06  0.112494E+07
  0.194735E+00  0.112818E+07  0.112346E+07  0.000000E+00  0.000000E+00  0.989411E+05  0.111879E+07
  0.195625E+00  0.112191E+07  0.111724E+07  0.000000E+00  0.000000E+00  0.977946E+05  0.111256E+07
  0.196515E+00  0.111557E+07  0.111095E+07  0.000000E+00  0.000000E+00  0.966545E+05  0.110628E+07
  0.197405E+00  0.110917E+07  0.110458E+07  0.000000E+00  0.000000E+00  0.955207E+05  0.109993E+07
  0.198295E+00  0.110270E+07  0.109815E+07  0.000000E+00  0.000000E+00  0.943935E+05  0.109351E+07
  0.199185E+00  0.109617E+07  0.109164E+07  0.000000E+00  0.000000E+00  0.932727E+05  0.108703E+07
  0.200076E+00  0.108957E+07  0.108507E+07  0.000000E+00  0.000000E+00  0.921585E+05  0.108048E+07
  0.200966E+00  0.108292E+07  0.107843E+07  0.000000E+00  0.000000E+00  0.910508E+05  0.107388E+07
  0.201856E+00  0.107621E+07  0.107173E+07  0.000000E+00  0.000000E+00  0.899498E+05  0.106722E+07
  0.202746E+00  0.106945E+07  0.106497E+07  0.000000E+00  0.000000E+00  0.888560E+05  0.106050E+07
  0.203636E+00  0.106264E+07  0.105816E+07  0.000000E+00  0.000000E+00  0.877697E+05  0.105374E+07
  0.204526E+00  0.105579E+07  0.105130E+07  0.000000E+00  0.000000E+00  0.866915E+05  0.104694E+07
  0.205416E+00  0.104890E+07  0.104441E+07  0.000000E+00  0.000000E+00  0.856217E+05  0.104010E+07
  0.206306E+00  0.104199E+07  0.103749E+07  0.000000E+00  0.000000E+00  0.845609E+05  0.103324E+07
  0.207197E+00  0.103507E+07  0.103054E+07  0.000000E+00  0.000000E+00  0.835096E+05  0.102636E+07
  0.208087E+00  0.102813E+07  0.102358E+07  0.000000E+00  0.000000E+00  0.824684E+05  0.101947E+07
  0.208977E+00  0.102119E+07  0.101662E+07  0.000000E+00  0.000000E+00  0.814376E+05  0.101257E+07
  0.209867E+00  0.101425E+07  0.100966E+07  0.000000E+00  0.000000E+00  0.804176E+05  0.100568E+07
  0.210757E+00  0.100732E+07  0.100271E+07  0.000000E+00  0.000000E+00  0.794092E+05  0.998802E+06
  0.211647E+00  0.100042E+07  0.995784E+06  0.000000E+00  0.000000E+00  0.784130E+05  0.991947E+06
  0.212537E+00  0.993552E+06  0.988887E+06  0.000000E+00  0.000000E+00  0.774293E+05  0.985121E+06
  0.213428E+00  0.986719E+06  0.982028E+06  0.000000E+00  0.000000E+00  0.764586E+05  0.978333E+06
  0.214318E+00  0.979933E+06  0.975216E+06  0.000000E+00  0.000000E+00  0.755013E+05  0.971592E+06
  0.215208E+00  0.973201E+06  0.968458E+06  0.000000E+00  0.000000E+00  0.745578E+05  0.964905E+06
  0.216098E+00  0.966531E+06  0.961764E+06  0.000000E+00  0.000000E+00  0.736287E+05  0.958280E+06
  0.216988E+00  0.959931E+06  0.955141E+06  0.000000E+00  0.000000E+00  0.727143E+05  0.951724E+06
  0.217878E+00  0.953408E+06  0.948598E+06  0.000000E+00  0.000000E+00  0.718150E+05  0.945246E+06
  0.218768E+00  0.946970E+06  0.942140E+06  0.000000E+00  0.000000E+00  0.709310E+05  0.938851E+06
  0.219659E+00  0.940622E+06  0.935776E+06  0.000000E+00  0.000000E+00  0.700625E+05  0.932547E+06
  0.222455E+00  0.921334E+06  0.916452E+06  0.000000E+00  0.000000E+00  0.674379E+05  0.913393E+06
  0.225287E+00  0.902915E+06  0.898030E+06  0.000000E+00  0.000000E+00  0.649427E+05  0.895108E+06
  0.228155E+00  0.885494E+06  0.880641E+06  0.000000E+00  0.000000E+00  0.625809E+05  0.877819E+06
  0.231059E+00  0.869136E+06  0.864352E+06  0.000000E+00  0.000000E+00  0.603529E+05  0.861590E+06
  0.234001E+00  0.853841E+06  0.849163E+06  0.000000E+00  0.000000E+00  0.582531E+05  0.846423E+06
  0.236980E+00  0.839553E+06  0.835012E+06  0.000000E+00  0.000000E+00  0.562733E+05  0.832260E+06
  0.239997E+00  0.826156E+06  0.821776E+06  0.000000E+00  0.000000E+00  0.544008E+05  0.818984E+06
  0.243052E+00  0.813477E+06  0.809274E+06  0.000000E+00  0.000000E+00  0.526208E+05  0.806425E+06
  0.246146E+00  0.801309E+06  0.797290E+06  0.000000E+00  0.000000E+00  0.509165E+05  0.794373E+06
  0.249280E+00  0.789427E+06  0.785587E+06  0.000000E+00  0.000000E+00  0.492710E+05  0.782605E+06
  0.252453E+00  0.777614E+06  0.773939E+06  0.000000E+00  0.000000E+00  0.476696E+05  0.770903E+06
  0.255667E+00  0.765678E+06  0.762148E+06  0.000000E+00  0.000000E+00  0.460996E+05  0.759076E+06
  0.258922E+00  0.753463E+06  0.750050E+06  0.000000E+00  0.000000E+00  0.445512E+05  0.746969E+06
  0.262218E+00  0.740864E+06  0.737537E+06  0.000000E+00  0.000000E+00  0.430187E+05  0.734476E+06
  0.265557E+00  0.727836E+06  0.724567E+06  0.000000E+00  0.000000E+00  0.414999E+05  0.721555E+06
  0.268937E+00  0.714412E+06  0.711172E+06  0.000000E+00  0.000000E+00  0.399975E+05  0.708236E+06
  0.272361E+00  0.700680E+06  0.697448E+06  0.000000E+00  0.000000E+00  0.385165E+05  0.694608E+06
  0.275828E+00  0.686777E+06  0.683537E+06  0.000000E+00  0.000000E+00  0.370648E+05  0.680808E+06
  0.279340E+00  0.672868E+06  0.669614E+06  0.000000E+00  0.000000E+00  0.356511E+05  0.667003E+06
  0.282896E+00  0.659138E+06  0.655873E+06  0.000000E+00  0.000000E+00  0.342840E+05  0.653374E+06
  0.286497E+00  0.645768E+06  0.642502E+06  0.000000E+00  0.000000E+00  0.329719E+05  0.640106E+06
  0.290145E+00  0.632909E+06  0.629657E+06  0.000000E+00  0.000000E+00  0.317204E+05  0.627347E+06
  0.293838E+00  0.620662E+06  0.617444E+06  0.000000E+00  0.000000E+00  0.305326E+05  0.615198E+06
  0.297579E+00  0.609073E+06  0.605911E+06  0.000000E+00  0.000000E+00  0.294082E+05  0.603706E+06
  0.301367E+00  0.598133E+06  0.595045E+06  0.000000E+00  0.000000E+00  0.283446E+05  0.592861E+06
  0.305204E+00  0.587776E+06  0.584777E+06  0.000000E+00  0.000000E+00  0.273360E+05  0.582596E+06
  0.309089E+00  0.577882E+06  0.574982E+06  0.000000E+00  0.000000E+00  0.263750E+05  0.572792E+06
  0.313024E+00  0.568303E+06  0.565504E+06  0.000000E+00  0.000000E+00  0.254533E+05  0.563302E+06
  0.317009E+00  0.558887E+06  0.556184E+06  0.000000E+00  0.000000E+00  0.245627E+05  0.553973E+06
  0.321045E+00  0.549494E+06  0.546876E+06  0.000000E+00  0.000000E+00  0.236962E+05  0.544664E+06
  0.325132E+00  0.540009E+06  0.537462E+06  0.000000E+00  0.000000E+00  0.228485E+05  0.535262E+06
  0.329271E+00  0.530363E+06  0.527871E+06  0.000000E+00  0.000000E+00  0.220165E+05  0.525699E+06
  0.333463E+00  0.520547E+06  0.518094E+06  0.000000E+00  0.000000E+00  0.211997E+05  0.515965E+06
  0.337708E+00  0.510601E+06  0.508175E+06  0.000000E+00  0.000000E+00  0.203997E+05  0.506101E+06
  0.342007E+00  0.500594E+06  0.498185E+06  0.000000E+00  0.000000E+00  0.179494E+05  0.496160E+06
  0.346361E+00  0.490654E+06  0.488260E+06  0.000000E+00  0.000000E+00  0.172428E+05  0.486300E+06
  0.350771E+00  0.480891E+06  0.478513E+06  0.000000E+00  0.000000E+00  0.165625E+05  0.476616E+06
  0.355236E+00  0.471409E+06  0.469054E+06  0.000000E+00  0.000000E+00  0.159112E+05  0.467211E+06
  0.359758E+00  0.462278E+06  0.459956E+06  0.000000E+00  0.000000E+00  0.152903E+05  0.458158E+06
  0.364338E+00  0.453535E+06  0.451256E+06  0.000000E+00  0.000000E+00  0.146997E+05  0.449490E+06
  0.368977E+00  0.445170E+06  0.442942E+06  0.000000E+00  0.000000E+00  0.141381E+05  0.441199E+06
  0.373674E+00  0.437129E+06  0.434958E+06  0.000000E+00  0.000000E+00  0.136026E+05  0.433229E+06
  0.378431E+00  0.429329E+06  0.427218E+06  0.000000E+00  0.000000E+00  0.130897E+05  0.425500E+06
  0.383249E+00  0.421683E+06  0.419630E+06  0.000000E+00  0.000000E+00  0.125960E+05  0.417923E+06
  0.388128E+00  0.414104E+06  0.412104E+06  0.000000E+00  0.000000E+00  0.121182E+05  0.410412E+06
  0.393069E+00  0.406526E+06  0.404571E+06  0.000000E+00  0.000000E+00  0.116542E+05  0.402901E+06
  0.398073E+00  0.398924E+06  0.397007E+06  0.000000E+00  0.000000E+00  0.112027E+05  0.395365E+06
  0.403140E+00  0.391304E+06  0.389417E+06  0.000000E+00  0.000000E+00  0.107638E+05  0.387810E+06
  0.408273E+00  0.383702E+06  0.381840E+06  0.000000E+00  0.000000E+00  0.103382E+05  0.380272E+06
  0.413470E+00  0.376179E+06  0.374340E+06  0.000000E+00  0.000000E+00  0.992713E+04  0.372813E+06
  0.418734E+00  0.368799E+06  0.366984E+06  0.000000E+00  0.000000E+00  0.953183E+04  0.365495E+06
  0.424065E+00  0.361611E+06  0.359825E+06  0.000000E+00  0.000000E+00  0.915310E+04  0.358369E+06
  0.429463E+00  0.354651E+06  0.352896E+06  0.000000E+00  0.000000E+00  0.879120E+04  0.351469E+06
  0.434931E+00  0.347920E+06  0.346201E+06  0.000000E+00  0.000000E+00  0.844555E+04  0.344798E+06
  0.440467E+00  0.341393E+06  0.339713E+06  0.000000E+00  0.000000E+00  0.811495E+04  0.338328E+06
  0.446075E+00  0.335029E+06  0.333388E+06  0.000000E+00  0.000000E+00  0.779791E+04  0.332022E+06
  0.451754E+00  0.328780E+06  0.327177E+06  0.000000E+00  0.000000E+00  0.749283E+04  0.325828E+06
  0.457505E+00  0.322601E+06  0.321033E+06  0.000000E+00  0.000000E+00  0.719833E+04  0.319704E+06
  0.463329E+00  0.316469E+06  0.314933E+06  0.000000E+00  0.000000E+00  0.691359E+04  0.313627E+06
  0.469227E+00  0.310378E+06  0.308870E+06  0.000000E+00  0.000000E+00  0.663819E+04  0.307589E+06
  0.475201E+00  0.304343E+06  0.302860E+06  0.000000E+00  0.000000E+00  0.637221E+04  0.301606E+06
  0.481251E+00  0.298394E+06  0.296935E+06  0.000000E+00  0.000000E+00  0.611596E+04  0.295709E+06
  0.487377E+00  0.292558E+06  0.291124E+06  0.000000E+00  0.000000E+00  0.586972E+04  0.289924E+06
  0.493582E+00  0.286861E+06  0.285452E+06  0.000000E+00  0.000000E+00  0.563364E+04  0.284277E+06
  0.499865E+00  0.281311E+06  0.279930E+06  0.000000E+00  0.000000E+00  0.540754E+04  0.278776E+06
  0.506229E+00  0.275901E+06  0.274549E+06  0.000000E+00  0.000000E+00  0.519092E+04  0.273414E+06
  0.512673E+00  0.270615E+06  0.269291E+06  0.000000E+00  0.000000E+00  0.498312E+04  0.268175E+06
  0.519200E+00  0.265425E+06  0.264130E+06  0.000000E+00  0.000000E+00  0.478338E+04  0.263032E+06
  0.525810E+00  0.260315E+06  0.259046E+06  0.000000E+00  0.000000E+00  0.459109E+04  0.257966E+06
  0.532504E+00  0.255270E+06  0.254025E+06  0.000000E+00  0.000000E+00  0.440578E+04  0.252966E+06
  0.539283E+00  0.250290E+06  0.249069E+06  0.000000E+00  0.000000E+00  0.422724E+04  0.248031E+06
  0.546148E+00  0.245386E+06  0.244187E+06  0.000000E+00  0.000000E+00  0.405540E+04  0.243170E+06
  0.553101E+00  0.240569E+06  0.239392E+06  0.000000E+00  0.000000E+00  0.389025E+04  0.238395E+06
  0.560142E+00  0.235851E+06  0.234697E+06  0.000000E+00  0.000000E+00  0.373177E+04  0.233719E+06
  0.567273E+00  0.231237E+06  0.230105E+06  0.000000E+00  0.000000E+00  0.357976E+04  0.229146E+06
  0.574495E+00  0.226724E+06  0.225615E+06  0.000000E+00  0.000000E+00  0.343399E+04  0.224673E+06
  0.581809E+00  0.222302E+06  0.221215E+06  0.000000E+00  0.000000E+00  0.329408E+04  0.220291E+06
  0.589215E+00  0.217961E+06  0.216897E+06  0.000000E+00  0.000000E+00  0.315967E+04  0.215989E+06
  0.596716E+00  0.213692E+06  0.212648E+06  0.000000E+00  0.000000E+00  0.303044E+04  0.211757E+06
  0.604313E+00  0.209491E+06  0.208468E+06  0.000000E+00  0.000000E+00  0.290619E+04  0.207595E+06
  0.612006E+00  0.205360E+06  0.204357E+06  0.000000E+00  0.000000E+00  0.278675E+04  0.203500E+06
  0.619797E+00  0.201304E+06  0.200320E+06  0.000000E+00  0.000000E+00  0.267203E+04  0.199480E+06
  0.627688E+00  0.197326E+06  0.196362E+06  0.000000E+00  0.000000E+00  0.256192E+04  0.195538E+06
  0.635678E+00  0.193430E+06  0.192484E+06  0.000000E+00  0.000000E+00  0.245629E+04  0.191676E+06
  0.643771E+00  0.189611E+06  0.188684E+06  0.000000E+00  0.000000E+00  0.235494E+04  0.187892E+06
  0.651967E+00  0.185867E+06  0.184959E+06  0.000000E+00  0.000000E+00  0.225769E+04  0.184181E+06
  0.660267E+00  0.182191E+06  0.181301E+06  0.000000E+00  0.000000E+00  0.216431E+04  0.180538E+06
  0.709335E+00  0.162598E+06  0.161804E+06  0.000000E+00  0.000000E+00  0.170149E+04  0.161121E+06
  0.762050E+00  0.145026E+06  0.144318E+06  0.000000E+00  0.000000E+00  0.133542E+04  0.143707E+06
  0.818683E+00  0.129270E+06  0.128638E+06  0.000000E+00  0.000000E+00  0.104637E+04  0.128093E+06
  0.879525E+00  0.115152E+06  0.114590E+06  0.000000E+00  0.000000E+00  0.818584E+03  0.114103E+06
  0.944888E+00  0.102516E+06  0.102015E+06  0.000000E+00  0.000000E+00  0.639419E+03  0.101581E+06
  0.101511E+01  0.912151E+05  0.907698E+05  0.000000E+00  0.000000E+00  0.498755E+03  0.903828E+05
  0.109055E+01  0.811144E+05  0.807184E+05  0.000000E+00  0.000000E+00  0.388499E+03  0.803738E+05
  0.117159E+01  0.720931E+05  0.717412E+05  0.000000E+00  0.000000E+00  0.302218E+03  0.714345E+05
  0.125866E+01  0.640426E+05  0.637300E+05  0.000000E+00  0.000000E+00  0.234808E+03  0.634573E+05
  0.135220E+01  0.568621E+05  0.565846E+05  0.000000E+00  0.000000E+00  0.182215E+03  0.563422E+05
  0.145269E+01  0.504623E+05  0.502160E+05  0.000000E+00  0.000000E+00  0.141242E+03  0.500007E+05
  0.156065E+01  0.447619E+05  0.445434E+05  0.000000E+00  0.000000E+00  0.147244E+03  0.443526E+05
  0.167663E+01  0.396871E+05  0.394934E+05  0.000000E+00  0.000000E+00  0.114246E+03  0.393241E+05
  0.180123E+01  0.351723E+05  0.350006E+05  0.000000E+00  0.000000E+00  0.885409E+02  0.348505E+05
  0.193510E+01  0.311577E+05  0.310057E+05  0.000000E+00  0.000000E+00  0.685443E+02  0.308726E+05
  0.207891E+01  0.275900E+05  0.274554E+05  0.000000E+00  0.000000E+00  0.530085E+02  0.273374E+05
