  0.745045E-04  0.198016E+08  0.198016E+08  0.257041E+08  0.257030E+08  0.198000E+08  0.198016E+08
  0.829624E-04  0.198013E+08  0.198013E+08  0.255387E+08  0.255375E+08  0.197992E+08  0.198013E+08
  0.923803E-04  0.198009E+08  0.198009E+08  0.253350E+08  0.253335E+08  0.197981E+08  0.198009E+08
  0.102867E-03  0.198004E+08  0.198004E+08  0.250846E+08  0.250827E+08  0.197969E+08  0.198004E+08
  0.114545E-03  0.197999E+08  0.197999E+08  0.247772E+08  0.247748E+08  0.197953E+08  0.197998E+08
  0.127548E-03  0.197991E+08  0.197991E+08  0.244008E+08  0.243980E+08  0.197933E+08  0.197991E+08
  0.142028E-03  0.197983E+08  0.197983E+08  0.239413E+08  0.239379E+08  0.197909E+08  0.197982E+08
  0.158151E-03  0.197972E+08  0.197972E+08  0.233827E+08  0.233786E+08  0.197878E+08  0.197971E+08
  0.176104E-03  0.197958E+08  0.197958E+08  0.227066E+08  0.227017E+08  0.197841E+08  0.197958E+08
  0.196096E-03  0.197941E+08  0.197941E+08  0.218932E+08  0.218875E+08  0.197795E+08  0.197941E+08
  0.218356E-03  0.197921E+08  0.197921E+08  0.209219E+08  0.209152E+08  0.197738E+08  0.197920E+08
  0.243144E-03  0.197895E+08  0.197895E+08  0.197727E+08  0.197650E+08  0.197667E+08  0.197895E+08
  0.270746E-03  0.197864E+08  0.197864E+08  0.184288E+08  0.184202E+08  0.197579E+08  0.197863E+08
  0.301482E-03  0.197826E+08  0.197826E+08  0.168801E+08  0.168707E+08  0.197472E+08  0.197824E+08
  0.335706E-03  0.197778E+08  0.197778E+08  0.151282E+08  0.151183E+08  0.197339E+08  0.197777E+08
  0.373816E-03  0.197721E+08  0.197720E+08  0.131928E+08  0.131829E+08  0.197175E+08  0.197718E+08
  0.416252E-03  0.197650E+08  0.197650E+08  0.111185E+08  0.111092E+08  0.196974E+08  0.197647E+08
  0.463505E-03  0.197564E+08  0.197563E+08  0.898065E+07  0.897285E+07  0.196726E+08  0.197560E+08
  0.516122E-03  0.197459E+08  0.197459E+08  0.688762E+07  0.688226E+07  0.196423E+08  0.197455E+08
  0.574713E-03  0.197332E+08  0.197332E+08  0.497402E+07  0.497184E+07  0.196053E+08  0.197327E+08
  0.639955E-03  0.197180E+08  0.197180E+08  0.338052E+07  0.338169E+07  0.195602E+08  0.197173E+08
  0.712603E-03  0.196997E+08  0.196996E+08  0.221716E+07  0.222090E+07  0.195055E+08  0.196989E+08
  0.793498E-03  0.196779E+08  0.196778E+08  0.151581E+07  0.152029E+07  0.194393E+08  0.196769E+08
  0.883577E-03  0.196519E+08  0.196518E+08  0.119280E+07  0.119562E+07  0.193595E+08  0.196507E+08
  0.983881E-03  0.196212E+08  0.196211E+08  0.105799E+07  0.105755E+07  0.192645E+08  0.196197E+08
  0.109557E-02  0.195851E+08  0.195849E+08  0.901321E+06  0.898424E+06  0.191507E+08  0.195832E+08
  0.121994E-02  0.195426E+08  0.195424E+08  0.632280E+06  0.630102E+06  0.190159E+08  0.195404E+08
  0.135843E-02  0.194928E+08  0.194926E+08  0.351604E+06  0.352609E+06  0.188573E+08  0.194901E+08
  0.151264E-02  0.194347E+08  0.194345E+08  0.218958E+06  0.221164E+06  0.186723E+08  0.194315E+08
  0.168436E-02  0.193672E+08  0.193669E+08  0.211026E+06  0.210467E+06  0.184584E+08  0.193634E+08
  0.187557E-02  0.192890E+08  0.192886E+08  0.154657E+06  0.153037E+06  0.182138E+08  0.192844E+08
  0.208848E-02  0.191986E+08  0.191981E+08  0.634026E+05  0.646450E+05  0.179372E+08  0.191933E+08
  0.232557E-02  0.190947E+08  0.190941E+08  0.615935E+05  0.614051E+05  0.176281E+08  0.190885E+08
  0.258957E-02  0.189757E+08  0.189750E+08  0.407108E+05  0.386547E+05  0.172863E+08  0.189686E+08
  0.288354E-02  0.188401E+08  0.188392E+08  0.174215E+05  0.150726E+05  0.169119E+08  0.188320E+08
  0.321088E-02  0.186862E+08  0.186851E+08  0.205237E+05  0.152626E+05  0.165047E+08  0.186770E+08
  0.357538E-02  0.185124E+08  0.185110E+08  0.271753E+04  0.319995E+04  0.160632E+08  0.185020E+08
  0.398126E-02  0.183170E+08  0.183152E+08 -0.352657E+03 -0.517808E+03  0.155852E+08  0.183054E+08
  0.443322E-02  0.180982E+08  0.180961E+08  0.254488E+04  0.141468E+04  0.150682E+08  0.180853E+08
  0.493648E-02  0.178544E+08  0.178518E+08  0.000000E+00  0.000000E+00  0.145106E+08  0.178402E+08
  0.498985E-02  0.178286E+08  0.178259E+08  0.000000E+00  0.000000E+00  0.144526E+08  0.178142E+08
  0.504379E-02  0.178025E+08  0.177998E+08  0.000000E+00  0.000000E+00  0.143941E+08  0.177880E+08
  0.509832E-02  0.177762E+08  0.177734E+08  0.000000E+00  0.000000E+00  0.143353E+08  0.177615E+08
  0.515344E-02  0.177495E+08  0.177467E+08  0.000000E+00  0.000000E+00  0.142761E+08  0.177347E+08
  0.520915E-02  0.177226E+08  0.177197E+08  0.000000E+00  0.000000E+00  0.142165E+08  0.177076E+08
  0.526546E-02  0.176954E+08  0.176925E+08  0.000000E+00  0.000000E+00  0.141564E+08  0.176803E+08
  0.532239E-02  0.176680E+08  0.176650E+08  0.000000E+00  0.000000E+00  0.140960E+08  0.176527E+08
  0.537993E-02  0.176402E+08  0.176371E+08  0.000000E+00  0.000000E+00  0.140352E+08  0.176248E+08
  0.543809E-02  0.176122E+08  0.176091E+08  0.000000E+00  0.000000E+00  0.139740E+08  0.175966E+08
  0.549688E-02  0.175839E+08  0.175807E+08  0.000000E+00  0.000000E+00  0.139124E+08  0.175682E+08
  0.555630E-02  0.175553E+08  0.175520E+08  0.000000E+00  0.000000E+00  0.138504E+08  0.175394E+08
  0.561637E-02  0.175264E+08  0.175231E+08  0.000000E+00  0.000000E+00  0.137880E+08  0.175104E+08
  0.567709E-02  0.174972E+08  0.174938E+08  0.000000E+00  0.000000E+00  0.137253E+08  0.174811E+08
  0.573846E-02  0.174678E+08  0.174643E+08  0.000000E+00  0.000000E+00  0.136621E+08  0.174515E+08
  0.580050E-02  0.174380E+08  0.174345E+08  0.000000E+00  0.000000E+00  0.135986E+08  0.174216E+08
  0.586320E-02  0.174080E+08  0.174044E+08  0.000000E+00  0.000000E+00  0.135347E+08  0.173914E+08
  0.592659E-02  0.173776E+08  0.173740E+08  0.000000E+00  0.000000E+00  0.134705E+08  0.173609E+08
  0.599066E-02  0.173470E+08  0.173432E+08  0.000000E+00  0.000000E+00  0.134058E+08  0.173301E+08
  0.605542E-02  0.173161E+08  0.173122E+08  0.000000E+00  0.000000E+00  0.133408E+08  0.172990E+08
  0.612089E-02  0.172848E+08  0.172809E+08  0.000000E+00  0.000000E+00  0.132755E+08  0.172676E+08
  0.618706E-02  0.172533E+08  0.172493E+08  0.000000E+00  0.000000E+00  0.132098E+08  0.172359E+08
  0.625394E-02  0.172214E+08  0.172174E+08  0.000000E+00  0.000000E+00  0.131437E+08  0.172039E+08
  0.632155E-02  0.171893E+08  0.171851E+08  0.000000E+00  0.000000E+00  0.130773E+08  0.171716E+08
  0.638989E-02  0.171568E+08  0.171526E+08  0.000000E+00  0.000000E+00  0.130106E+08  0.171390E+08
  0.645897E-02  0.171241E+08  0.171198E+08  0.000000E+00  0.000000E+00  0.129435E+08  0.171061E+08
  0.652880E-02  0.170910E+08  0.170866E+08  0.000000E+00  0.000000E+00  0.128760E+08  0.170728E+08
  0.659938E-02  0.170576E+08  0.170531E+08  0.000000E+00  0.000000E+00  0.128083E+08  0.170393E+08
  0.667072E-02  0.170239E+08  0.170193E+08  0.000000E+00  0.000000E+00  0.127402E+08  0.170054E+08
  0.674284E-02  0.169899E+08  0.169852E+08  0.000000E+00  0.000000E+00  0.126717E+08  0.169713E+08
  0.681573E-02  0.169555E+08  0.169508E+08  0.000000E+00  0.000000E+00  0.126030E+08  0.169368E+08
  0.688942E-02  0.169209E+08  0.169160E+08  0.000000E+00  0.000000E+00  0.125339E+08  0.169019E+08
  0.696390E-02  0.168859E+08  0.168809E+08  0.000000E+00  0.000000E+00  0.124645E+08  0.168668E+08
  0.703918E-02  0.168506E+08  0.168455E+08  0.000000E+00  0.000000E+00  0.123948E+08  0.168314E+08
  0.711528E-02  0.168150E+08  0.168098E+08  0.000000E+00  0.000000E+00  0.123248E+08  0.167956E+08
  0.719220E-02  0.167790E+08  0.167737E+08  0.000000E+00  0.000000E+00  0.122545E+08  0.167595E+08
  0.726995E-02  0.167427E+08  0.167374E+08  0.000000E+00  0.000000E+00  0.121839E+08  0.167230E+08
  0.734855E-02  0.167061E+08  0.167006E+08  0.000000E+00  0.000000E+00  0.121131E+08  0.166862E+08
  0.742799E-02  0.166692E+08  0.166636E+08  0.000000E+00  0.000000E+00  0.120419E+08  0.166491E+08
  0.750829E-02  0.166319E+08  0.166262E+08  0.000000E+00  0.000000E+00  0.119704E+08  0.166117E+08
  0.758946E-02  0.165943E+08  0.165885E+08  0.000000E+00  0.000000E+00  0.118987E+08  0.165739E+08
  0.767151E-02  0.165564E+08  0.165504E+08  0.000000E+00  0.000000E+00  0.118267E+08  0.165358E+08
  0.775444E-02  0.165181E+08  0.165120E+08  0.000000E+00  0.000000E+00  0.117544E+08  0.164974E+08
  0.783828E-02  0.164794E+08  0.164733E+08  0.000000E+00  0.000000E+00  0.116818E+08  0.164586E+08
  0.792301E-02  0.164405E+08  0.164342E+08  0.000000E+00  0.000000E+00  0.116090E+08  0.164195E+08
  0.800867E-02  0.164012E+08  0.163947E+08  0.000000E+00  0.000000E+00  0.115360E+08  0.163800E+08
  0.809524E-02  0.163615E+08  0.163549E+08  0.000000E+00  0.000000E+00  0.114626E+08  0.163402E+08
  0.818276E-02  0.163215E+08  0.163148E+08  0.000000E+00  0.000000E+00  0.113891E+08  0.163000E+08
  0.827122E-02  0.162812E+08  0.162743E+08  0.000000E+00  0.000000E+00  0.113153E+08  0.162595E+08
  0.836064E-02  0.162405E+08  0.162335E+08  0.000000E+00  0.000000E+00  0.112413E+08  0.162187E+08
  0.845102E-02  0.161994E+08  0.161923E+08  0.000000E+00  0.000000E+00  0.111670E+08  0.161774E+08
  0.854239E-02  0.161580E+08  0.161508E+08  0.000000E+00  0.000000E+00  0.110926E+08  0.161359E+08
  0.863473E-02  0.161162E+08  0.161089E+08  0.000000E+00  0.000000E+00  0.110179E+08  0.160940E+08
  0.872808E-02  0.160741E+08  0.160666E+08  0.000000E+00  0.000000E+00  0.109430E+08  0.160517E+08
  0.882244E-02  0.160317E+08  0.160240E+08  0.000000E+00  0.000000E+00  0.108679E+08  0.160091E+08
  0.891782E-02  0.159888E+08  0.159810E+08  0.000000E+00  0.000000E+00  0.107926E+08  0.159661E+08
  0.901422E-02  0.159456E+08  0.159376E+08  0.000000E+00  0.000000E+00  0.107171E+08  0.159227E+08
  0.911167E-02  0.159021E+08  0.158939E+08  0.000000E+00  0.000000E+00  0.106414E+08  0.158790E+08
  0.921018E-02  0.158581E+08  0.158498E+08  0.000000E+00  0.000000E+00  0.105655E+08  0.158349E+08
  0.930975E-02  0.158138E+08  0.158054E+08  0.000000E+00  0.000000E+00  0.104895E+08  0.157905E+08
  0.941039E-02  0.157692E+08  0.157606E+08  0.000000E+00  0.000000E+00  0.104133E+08  0.157456E+08
  0.951212E-02  0.157242E+08  0.157154E+08  0.000000E+00  0.000000E+00  0.103369E+08  0.157005E+08
  0.961496E-02  0.156788E+08  0.156698E+08  0.000000E+00  0.000000E+00  0.102604E+08  0.156549E+08
  0.971890E-02  0.156330E+08  0.156239E+08  0.000000E+00  0.000000E+00  0.101837E+08  0.156090E+08
  0.982397E-02  0.155868E+08  0.155775E+08  0.000000E+00  0.000000E+00  0.101069E+08  0.155627E+08
  0.993017E-02  0.155403E+08  0.155308E+08  0.000000E+00  0.000000E+00  0.100299E+08  0.155160E+08
  0.100375E-01  0.154934E+08  0.154837E+08  0.000000E+00  0.000000E+00  0.995284E+07  0.154689E+08
  0.101460E-01  0.154461E+08  0.154363E+08  0.000000E+00  0.000000E+00  0.987564E+07  0.154215E+08
  0.102557E-01  0.153985E+08  0.153884E+08  0.000000E+00  0.000000E+00  0.979831E+07  0.153737E+08
  0.103666E-01  0.153504E+08  0.153402E+08  0.000000E+00  0.000000E+00  0.972087E+07  0.153255E+08
  0.104787E-01  0.153020E+08  0.152915E+08  0.000000E+00  0.000000E+00  0.964333E+07  0.152769E+08
  0.105919E-01  0.152532E+08  0.152425E+08  0.000000E+00  0.000000E+00  0.956570E+07  0.152279E+08
  0.107065E-01  0.152040E+08  0.151931E+08  0.000000E+00  0.000000E+00  0.948797E+07  0.151786E+08
  0.108222E-01  0.151544E+08  0.151433E+08  0.000000E+00  0.000000E+00  0.941016E+07  0.151288E+08
  0.109392E-01  0.151044E+08  0.150931E+08  0.000000E+00  0.000000E+00  0.933228E+07  0.150787E+08
  0.110575E-01  0.150540E+08  0.150425E+08  0.000000E+00  0.000000E+00  0.925432E+07  0.150282E+08
  0.111770E-01  0.150032E+08  0.149916E+08  0.000000E+00  0.000000E+00  0.917631E+07  0.149773E+08
  0.112978E-01  0.149521E+08  0.149402E+08  0.000000E+00  0.000000E+00  0.909824E+07  0.149260E+08
  0.114200E-01  0.149005E+08  0.148884E+08  0.000000E+00  0.000000E+00  0.902012E+07  0.148743E+08
  0.115434E-01  0.148485E+08  0.148362E+08  0.000000E+00  0.000000E+00  0.894197E+07  0.148222E+08
  0.116682E-01  0.147962E+08  0.147836E+08  0.000000E+00  0.000000E+00  0.886378E+07  0.147696E+08
  0.117944E-01  0.147434E+08  0.147306E+08  0.000000E+00  0.000000E+00  0.878556E+07  0.147167E+08
  0.119219E-01  0.146903E+08  0.146772E+08  0.000000E+00  0.000000E+00  0.870733E+07  0.146634E+08
  0.120507E-01  0.146367E+08  0.146234E+08  0.000000E+00  0.000000E+00  0.862909E+07  0.146097E+08
  0.121810E-01  0.145827E+08  0.145692E+08  0.000000E+00  0.000000E+00  0.855085E+07  0.145556E+08
  0.123127E-01  0.145284E+08  0.145146E+08  0.000000E+00  0.000000E+00  0.847261E+07  0.145011E+08
  0.124458E-01  0.144736E+08  0.144595E+08  0.000000E+00  0.000000E+00  0.839438E+07  0.144462E+08
  0.125804E-01  0.144184E+08  0.144041E+08  0.000000E+00  0.000000E+00  0.831617E+07  0.143909E+08
  0.127164E-01  0.143628E+08  0.143482E+08  0.000000E+00  0.000000E+00  0.823799E+07  0.143351E+08
  0.128538E-01  0.143068E+08  0.142920E+08  0.000000E+00  0.000000E+00  0.815984E+07  0.142790E+08
  0.129928E-01  0.142503E+08  0.142353E+08  0.000000E+00  0.000000E+00  0.808174E+07  0.142224E+08
  0.131333E-01  0.141935E+08  0.141782E+08  0.000000E+00  0.000000E+00  0.800368E+07  0.141655E+08
  0.132752E-01  0.141362E+08  0.141206E+08  0.000000E+00  0.000000E+00  0.792569E+07  0.141081E+08
  0.134188E-01  0.140786E+08  0.140627E+08  0.000000E+00  0.000000E+00  0.784776E+07  0.140503E+08
  0.135638E-01  0.140205E+08  0.140043E+08  0.000000E+00  0.000000E+00  0.776990E+07  0.139921E+08
  0.137105E-01  0.139620E+08  0.139455E+08  0.000000E+00  0.000000E+00  0.769212E+07  0.139335E+08
  0.138587E-01  0.139031E+08  0.138863E+08  0.000000E+00  0.000000E+00  0.761443E+07  0.138744E+08
  0.140085E-01  0.138437E+08  0.138267E+08  0.000000E+00  0.000000E+00  0.753684E+07  0.138150E+08
  0.141599E-01  0.137840E+08  0.137666E+08  0.000000E+00  0.000000E+00  0.745935E+07  0.137551E+08
  0.143130E-01  0.137238E+08  0.137061E+08  0.000000E+00  0.000000E+00  0.738197E+07  0.136948E+08
  0.144678E-01  0.136632E+08  0.136452E+08  0.000000E+00  0.000000E+00  0.730471E+07  0.136341E+08
  0.146242E-01  0.136022E+08  0.135839E+08  0.000000E+00  0.000000E+00  0.722758E+07  0.135729E+08
  0.147823E-01  0.135407E+08  0.135222E+08  0.000000E+00  0.000000E+00  0.715058E+07  0.135114E+08
  0.149421E-01  0.134789E+08  0.134600E+08  0.000000E+00  0.000000E+00  0.707372E+07  0.134494E+08
  0.151036E-01  0.134166E+08  0.133974E+08  0.000000E+00  0.000000E+00  0.699701E+07  0.133870E+08
  0.152669E-01  0.133539E+08  0.133343E+08  0.000000E+00  0.000000E+00  0.692046E+07  0.133242E+08
  0.154319E-01  0.132908E+08  0.132709E+08  0.000000E+00  0.000000E+00  0.684407E+07  0.132610E+08
  0.155988E-01  0.132272E+08  0.132070E+08  0.000000E+00  0.000000E+00  0.676786E+07  0.131973E+08
  0.157674E-01  0.131632E+08  0.131427E+08  0.000000E+00  0.000000E+00  0.669182E+07  0.131332E+08
  0.159378E-01  0.130988E+08  0.130779E+08  0.000000E+00  0.000000E+00  0.661598E+07  0.130687E+08
  0.161101E-01  0.130340E+08  0.130128E+08  0.000000E+00  0.000000E+00  0.654032E+07  0.130038E+08
  0.162843E-01  0.129688E+08  0.129472E+08  0.000000E+00  0.000000E+00  0.646488E+07  0.129385E+08
  0.164603E-01  0.129031E+08  0.128812E+08  0.000000E+00  0.000000E+00  0.638964E+07  0.128727E+08
  0.166383E-01  0.128371E+08  0.128147E+08  0.000000E+00  0.000000E+00  0.631462E+07  0.128066E+08
  0.168182E-01  0.127706E+08  0.127479E+08  0.000000E+00  0.000000E+00  0.623983E+07  0.127400E+08
  0.170000E-01  0.127036E+08  0.126806E+08  0.000000E+00  0.000000E+00  0.616527E+07  0.126730E+08
  0.171838E-01  0.126363E+08  0.126129E+08  0.000000E+00  0.000000E+00  0.609096E+07  0.126056E+08
  0.173695E-01  0.125686E+08  0.125448E+08  0.000000E+00  0.000000E+00  0.601689E+07  0.125378E+08
  0.175573E-01  0.125004E+08  0.124763E+08  0.000000E+00  0.000000E+00  0.594308E+07  0.124695E+08
  0.177471E-01  0.124319E+08  0.124073E+08  0.000000E+00  0.000000E+00  0.586954E+07  0.124009E+08
  0.179390E-01  0.123629E+08  0.123380E+08  0.000000E+00  0.000000E+00  0.579628E+07  0.123318E+08
  0.181329E-01  0.122935E+08  0.122682E+08  0.000000E+00  0.000000E+00  0.572329E+07  0.122624E+08
  0.183289E-01  0.122237E+08  0.121980E+08  0.000000E+00  0.000000E+00  0.565060E+07  0.121925E+08
  0.185271E-01  0.121535E+08  0.121274E+08  0.000000E+00  0.000000E+00  0.557820E+07  0.121222E+08
  0.187274E-01  0.120829E+08  0.120565E+08  0.000000E+00  0.000000E+00  0.550611E+07  0.120516E+08
  0.189298E-01  0.120119E+08  0.119851E+08  0.000000E+00  0.000000E+00  0.543434E+07  0.119805E+08
  0.191345E-01  0.119406E+08  0.119133E+08  0.000000E+00  0.000000E+00  0.536288E+07  0.119091E+08
  0.193413E-01  0.118688E+08  0.118411E+08  0.000000E+00  0.000000E+00  0.529176E+07  0.118373E+08
  0.195504E-01  0.117966E+08  0.117686E+08  0.000000E+00  0.000000E+00  0.522097E+07  0.117651E+08
  0.197618E-01  0.117241E+08  0.116956E+08  0.000000E+00  0.000000E+00  0.515053E+07  0.116925E+08
  0.199754E-01  0.116512E+08  0.116223E+08  0.000000E+00  0.000000E+00  0.508044E+07  0.116195E+08
  0.201914E-01  0.115779E+08  0.115486E+08  0.000000E+00  0.000000E+00  0.501071E+07  0.115462E+08
  0.204097E-01  0.115042E+08  0.114745E+08  0.000000E+00  0.000000E+00  0.494135E+07  0.114725E+08
  0.206303E-01  0.114302E+08  0.114001E+08  0.000000E+00  0.000000E+00  0.487236E+07  0.113984E+08
  0.208533E-01  0.113558E+08  0.113253E+08  0.000000E+00  0.000000E+00  0.480376E+07  0.113240E+08
  0.210788E-01  0.112811E+08  0.112502E+08  0.000000E+00  0.000000E+00  0.473556E+07  0.112492E+08
  0.213066E-01  0.112060E+08  0.111747E+08  0.000000E+00  0.000000E+00  0.466774E+07  0.111741E+08
  0.215370E-01  0.111306E+08  0.110988E+08  0.000000E+00  0.000000E+00  0.460034E+07  0.110987E+08
  0.217698E-01  0.110549E+08  0.110227E+08  0.000000E+00  0.000000E+00  0.453335E+07  0.110229E+08
  0.220052E-01  0.109788E+08  0.109462E+08  0.000000E+00  0.000000E+00  0.446678E+07  0.109468E+08
  0.222430E-01  0.109024E+08  0.108694E+08  0.000000E+00  0.000000E+00  0.440064E+07  0.108704E+08
  0.224835E-01  0.108257E+08  0.107922E+08  0.000000E+00  0.000000E+00  0.433493E+07  0.107936E+08
  0.227266E-01  0.107487E+08  0.107148E+08  0.000000E+00  0.000000E+00  0.426966E+07  0.107166E+08
  0.229723E-01  0.106714E+08  0.106371E+08  0.000000E+00  0.000000E+00  0.420485E+07  0.106393E+08
  0.232206E-01  0.105938E+08  0.105591E+08  0.000000E+00  0.000000E+00  0.414049E+07  0.105617E+08
  0.234716E-01  0.105160E+08  0.104808E+08  0.000000E+00  0.000000E+00  0.407659E+07  0.104839E+08
  0.237254E-01  0.104379E+08  0.104023E+08  0.000000E+00  0.000000E+00  0.401317E+07  0.104057E+08
  0.239819E-01  0.103595E+08  0.103235E+08  0.000000E+00  0.000000E+00  0.395022E+07  0.103274E+08
  0.242411E-01  0.102809E+08  0.102445E+08  0.000000E+00  0.000000E+00  0.388776E+07  0.102488E+08
  0.245032E-01  0.102020E+08  0.101653E+08  0.000000E+00  0.000000E+00  0.382579E+07  0.101699E+08
  0.247681E-01  0.101229E+08  0.100858E+08  0.000000E+00  0.000000E+00  0.376433E+07  0.100909E+08
  0.250359E-01  0.100437E+08  0.100061E+08  0.000000E+00  0.000000E+00  0.370336E+07  0.100116E+08
  0.253065E-01  0.996420E+07  0.992626E+07  0.000000E+00  0.000000E+00  0.364292E+07  0.993214E+07
  0.255801E-01  0.988454E+07  0.984622E+07  0.000000E+00  0.000000E+00  0.358299E+07  0.985251E+07
  0.258566E-01  0.980472E+07  0.976602E+07  0.000000E+00  0.000000E+00  0.352359E+07  0.977272E+07
  0.261362E-01  0.972475E+07  0.968567E+07  0.000000E+00  0.000000E+00  0.346472E+07  0.969277E+07
  0.264187E-01  0.964463E+07  0.960518E+07  0.000000E+00  0.000000E+00  0.340639E+07  0.961269E+07
  0.267043E-01  0.956439E+07  0.952458E+07  0.000000E+00  0.000000E+00  0.334861E+07  0.953248E+07
  0.269930E-01  0.948405E+07  0.944387E+07  0.000000E+00  0.000000E+00  0.329138E+07  0.945218E+07
  0.272848E-01  0.940361E+07  0.936308E+07  0.000000E+00  0.000000E+00  0.323470E+07  0.937178E+07
  0.275798E-01  0.932309E+07  0.928223E+07  0.000000E+00  0.000000E+00  0.317858E+07  0.929132E+07
  0.278779E-01  0.924252E+07  0.920132E+07  0.000000E+00  0.000000E+00  0.312304E+07  0.921080E+07
  0.281793E-01  0.916191E+07  0.912038E+07  0.000000E+00  0.000000E+00  0.306806E+07  0.913024E+07
  0.284840E-01  0.908127E+07  0.903943E+07  0.000000E+00  0.000000E+00  0.301367E+07  0.904967E+07
  0.287919E-01  0.900064E+07  0.895849E+07  0.000000E+00  0.000000E+00  0.295986E+07  0.896910E+07
  0.291032E-01  0.892002E+07  0.887757E+07  0.000000E+00  0.000000E+00  0.290664E+07  0.888854E+07
  0.294178E-01  0.883943E+07  0.879670E+07  0.000000E+00  0.000000E+00  0.285401E+07  0.880803E+07
  0.297358E-01  0.875890E+07  0.871590E+07  0.000000E+00  0.000000E+00  0.280199E+07  0.872758E+07
  0.300573E-01  0.867845E+07  0.863519E+07  0.000000E+00  0.000000E+00  0.275058E+07  0.864721E+07
  0.303822E-01  0.859810E+07  0.855459E+07  0.000000E+00  0.000000E+00  0.269978E+07  0.856694E+07
  0.307107E-01  0.851786E+07  0.847412E+07  0.000000E+00  0.000000E+00  0.264959E+07  0.848679E+07
  0.310427E-01  0.843777E+07  0.839381E+07  0.000000E+00  0.000000E+00  0.260003E+07  0.840680E+07
  0.313783E-01  0.835785E+07  0.831368E+07  0.000000E+00  0.000000E+00  0.255110E+07  0.832697E+07
  0.317175E-01  0.827811E+07  0.823374E+07  0.000000E+00  0.000000E+00  0.250279E+07  0.824733E+07
  0.320604E-01  0.819858E+07  0.815404E+07  0.000000E+00  0.000000E+00  0.245511E+07  0.816791E+07
  0.324070E-01  0.811929E+07  0.807459E+07  0.000000E+00  0.000000E+00  0.240807E+07  0.808872E+07
  0.327573E-01  0.804026E+07  0.799541E+07  0.000000E+00  0.000000E+00  0.236166E+07  0.800980E+07
  0.331114E-01  0.796151E+07  0.791653E+07  0.000000E+00  0.000000E+00  0.231588E+07  0.793117E+07
  0.334694E-01  0.788307E+07  0.783798E+07  0.000000E+00  0.000000E+00  0.227075E+07  0.785285E+07
  0.338312E-01  0.780496E+07  0.775978E+07  0.000000E+00  0.000000E+00  0.222626E+07  0.777486E+07
  0.341970E-01  0.772720E+07  0.768195E+07  0.000000E+00  0.000000E+00  0.218242E+07  0.769724E+07
  0.345667E-01  0.764984E+07  0.760453E+07  0.000000E+00  0.000000E+00  0.213923E+07  0.762001E+07
  0.349404E-01  0.757287E+07  0.752754E+07  0.000000E+00  0.000000E+00  0.209669E+07  0.754318E+07
  0.353181E-01  0.749635E+07  0.745100E+07  0.000000E+00  0.000000E+00  0.205481E+07  0.746680E+07
  0.356999E-01  0.742028E+07  0.737494E+07  0.000000E+00  0.000000E+00  0.201359E+07  0.739088E+07
  0.360858E-01  0.734470E+07  0.729938E+07  0.000000E+00  0.000000E+00  0.197302E+07  0.731544E+07
  0.364760E-01  0.726962E+07  0.722436E+07  0.000000E+00  0.000000E+00  0.193311E+07  0.724052E+07
  0.368703E-01  0.719508E+07  0.714989E+07  0.000000E+00  0.000000E+00  0.189385E+07  0.716614E+07
  0.372689E-01  0.712111E+07  0.707601E+07  0.000000E+00  0.000000E+00  0.185524E+07  0.709232E+07
  0.376718E-01  0.704770E+07  0.700273E+07  0.000000E+00  0.000000E+00  0.181728E+07  0.701909E+07
  0.380790E-01  0.697491E+07  0.693008E+07  0.000000E+00  0.000000E+00  0.177997E+07  0.694646E+07
  0.384907E-01  0.690275E+07  0.685808E+07  0.000000E+00  0.000000E+00  0.174331E+07  0.687447E+07
  0.389068E-01  0.683125E+07  0.678677E+07  0.000000E+00  0.000000E+00  0.170731E+07  0.680315E+07
  0.393274E-01  0.676044E+07  0.671618E+07  0.000000E+00  0.000000E+00  0.167196E+07  0.673252E+07
  0.397526E-01  0.669033E+07  0.664631E+07  0.000000E+00  0.000000E+00  0.163725E+07  0.666260E+07
  0.401823E-01  0.662096E+07  0.657720E+07  0.000000E+00  0.000000E+00  0.160320E+07  0.659341E+07
  0.406167E-01  0.655234E+07  0.650887E+07  0.000000E+00  0.000000E+00  0.156978E+07  0.652498E+07
  0.410558E-01  0.648448E+07  0.644132E+07  0.000000E+00  0.000000E+00  0.153700E+07  0.645731E+07
  0.414997E-01  0.641740E+07  0.637458E+07  0.000000E+00  0.000000E+00  0.150485E+07  0.639044E+07
  0.419483E-01  0.635112E+07  0.630867E+07  0.000000E+00  0.000000E+00  0.147332E+07  0.632436E+07
  0.424018E-01  0.628566E+07  0.624360E+07  0.000000E+00  0.000000E+00  0.144242E+07  0.625910E+07
  0.428602E-01  0.622103E+07  0.617938E+07  0.000000E+00  0.000000E+00  0.141213E+07  0.619468E+07
  0.433235E-01  0.615725E+07  0.611603E+07  0.000000E+00  0.000000E+00  0.138246E+07  0.613110E+07
  0.437919E-01  0.609432E+07  0.605357E+07  0.000000E+00  0.000000E+00  0.135340E+07  0.606839E+07
  0.442653E-01  0.603227E+07  0.599201E+07  0.000000E+00  0.000000E+00  0.132493E+07  0.600655E+07
  0.447439E-01  0.597111E+07  0.593136E+07  0.000000E+00  0.000000E+00  0.129704E+07  0.594561E+07
  0.452276E-01  0.591085E+07  0.587162E+07  0.000000E+00  0.000000E+00  0.126974E+07  0.588556E+07
  0.457165E-01  0.585149E+07  0.581282E+07  0.000000E+00  0.000000E+00  0.124302E+07  0.582642E+07
  0.462107E-01  0.579304E+07  0.575494E+07  0.000000E+00  0.000000E+00  0.121688E+07  0.576820E+07
  0.467103E-01  0.573550E+07  0.569800E+07  0.000000E+00  0.000000E+00  0.119130E+07  0.571088E+07
  0.472153E-01  0.567887E+07  0.564199E+07  0.000000E+00  0.000000E+00  0.116628E+07  0.565448E+07
  0.477257E-01  0.562315E+07  0.558691E+07  0.000000E+00  0.000000E+00  0.114180E+07  0.559899E+07
  0.482417E-01  0.556834E+07  0.553275E+07  0.000000E+00  0.000000E+00  0.111785E+07  0.554440E+07
  0.487632E-01  0.551443E+07  0.547952E+07  0.000000E+00  0.000000E+00  0.109441E+07  0.549072E+07
  0.492904E-01  0.546142E+07  0.542719E+07  0.000000E+00  0.000000E+00  0.107149E+07  0.543794E+07
  0.498232E-01  0.540929E+07  0.537577E+07  0.000000E+00  0.000000E+00  0.104908E+07  0.538605E+07
  0.503618E-01  0.535804E+07  0.532524E+07  0.000000E+00  0.000000E+00  0.102717E+07  0.533503E+07
  0.509063E-01  0.530764E+07  0.527558E+07  0.000000E+00  0.000000E+00  0.100574E+07  0.528487E+07
  0.514566E-01  0.525809E+07  0.522677E+07  0.000000E+00  0.000000E+00  0.984779E+06  0.523555E+07
  0.520129E-01  0.520936E+07  0.517878E+07  0.000000E+00  0.000000E+00  0.964264E+06  0.518705E+07
  0.525752E-01  0.516142E+07  0.513160E+07  0.000000E+00  0.000000E+00  0.944195E+06  0.513934E+07
  0.531436E-01  0.511425E+07  0.508520E+07  0.000000E+00  0.000000E+00  0.924566E+06  0.509240E+07
  0.537181E-01  0.506782E+07  0.503954E+07  0.000000E+00  0.000000E+00  0.905365E+06  0.504620E+07
  0.542988E-01  0.502211E+07  0.499461E+07  0.000000E+00  0.000000E+00  0.886573E+06  0.500073E+07
  0.548858E-01  0.497709E+07  0.495036E+07  0.000000E+00  0.000000E+00  0.868172E+06  0.495594E+07
  0.554792E-01  0.493273E+07  0.490678E+07  0.000000E+00  0.000000E+00  0.850155E+06  0.491180E+07
  0.560790E-01  0.488899E+07  0.486381E+07  0.000000E+00  0.000000E+00  0.832516E+06  0.486829E+07
  0.566852E-01  0.484584E+07  0.482142E+07  0.000000E+00  0.000000E+00  0.815243E+06  0.482536E+07
  0.572980E-01  0.480323E+07  0.477957E+07  0.000000E+00  0.000000E+00  0.798315E+06  0.478298E+07
  0.579175E-01  0.476111E+07  0.473820E+07  0.000000E+00  0.000000E+00  0.781717E+06  0.474108E+07
  0.585436E-01  0.471944E+07  0.469727E+07  0.000000E+00  0.000000E+00  0.765440E+06  0.469963E+07
  0.594337E-01  0.466163E+07  0.464048E+07  0.000000E+00  0.000000E+00  0.743125E+06  0.464212E+07
  0.603239E-01  0.460533E+07  0.458514E+07  0.000000E+00  0.000000E+00  0.721707E+06  0.458612E+07
  0.612140E-01  0.455037E+07  0.453110E+07  0.000000E+00  0.000000E+00  0.701118E+06  0.453144E+07
  0.621041E-01  0.449659E+07  0.447819E+07  0.000000E+00  0.000000E+00  0.681307E+06  0.447794E+07
  0.629943E-01  0.444383E+07  0.442624E+07  0.000000E+00  0.000000E+00  0.662217E+06  0.442544E+07
  0.638844E-01  0.439194E+07  0.437510E+07  0.000000E+00  0.000000E+00  0.643794E+06  0.437380E+07
  0.647746E-01  0.434077E+07  0.432463E+07  0.000000E+00  0.000000E+00  0.625999E+06  0.432288E+07
  0.656647E-01  0.429022E+07  0.427471E+07  0.000000E+00  0.000000E+00  0.608787E+06  0.427256E+07
  0.665548E-01  0.424016E+07  0.422522E+07  0.000000E+00  0.000000E+00  0.592118E+06  0.422274E+07
  0.674450E-01  0.419052E+07  0.417609E+07  0.000000E+00  0.000000E+00  0.575962E+06  0.417331E+07
  0.683351E-01  0.414120E+07  0.412722E+07  0.000000E+00  0.000000E+00  0.560290E+06  0.412419E+07
  0.692252E-01  0.409213E+07  0.407854E+07  0.000000E+00  0.000000E+00  0.545077E+06  0.407533E+07
  0.701154E-01  0.404325E+07  0.402999E+07  0.000000E+00  0.000000E+00  0.530298E+06  0.402664E+07
  0.710055E-01  0.399451E+07  0.398152E+07  0.000000E+00  0.000000E+00  0.515927E+06  0.397808E+07
  0.718957E-01  0.394587E+07  0.393309E+07  0.000000E+00  0.000000E+00  0.501945E+06  0.392962E+07
  0.727858E-01  0.389730E+07  0.388469E+07  0.000000E+00  0.000000E+00  0.488342E+06  0.388122E+07
  0.736759E-01  0.384879E+07  0.383629E+07  0.000000E+00  0.000000E+00  0.475101E+06  0.383288E+07
  0.745661E-01  0.380033E+07  0.378789E+07  0.000000E+00  0.000000E+00  0.462210E+06  0.378457E+07
  0.754562E-01  0.375193E+07  0.373950E+07  0.000000E+00  0.000000E+00  0.449652E+06  0.373632E+07
  0.763463E-01  0.370358E+07  0.369113E+07  0.000000E+00  0.000000E+00  0.437420E+06  0.368812E+07
  0.772365E-01  0.365532E+07  0.364280E+07  0.000000E+00  0.000000E+00  0.425508E+06  0.364000E+07
  0.781266E-01  0.360717E+07  0.359455E+07  0.000000E+00  0.000000E+00  0.413910E+06  0.359198E+07
  0.790168E-01  0.355914E+07  0.354639E+07  0.000000E+00  0.000000E+00  0.402616E+06  0.354409E+07
  0.799069E-01  0.351129E+07  0.349838E+07  0.000000E+00  0.000000E+00  0.391618E+06  0.349636E+07
  0.807970E-01  0.346365E+07  0.345055E+07  0.000000E+00  0.000000E+00  0.380914E+06  0.344885E+07
  0.816872E-01  0.341627E+07  0.340297E+07  0.000000E+00  0.000000E+00  0.370502E+06  0.340159E+07
  0.825773E-01  0.336920E+07  0.335568E+07  0.000000E+00  0.000000E+00  0.360379E+06  0.335464E+07
  0.834674E-01  0.332249E+07  0.330874E+07  0.000000E+00  0.000000E+00  0.350536E+06  0.330805E+07
  0.843576E-01  0.327620E+07  0.326221E+07  0.000000E+00  0.000000E+00  0.340971E+06  0.326187E+07
  0.852477E-01  0.323038E+07  0.321615E+07  0.000000E+00  0.000000E+00  0.331684E+06  0.321617E+07
  0.861379E-01  0.318509E+07  0.317061E+07  0.000000E+00  0.000000E+00  0.322672E+06  0.317099E+07
  0.870280E-01  0.314039E+07  0.312566E+07  0.000000E+00  0.000000E+00  0.313930E+06  0.312640E+07
  0.879181E-01  0.309633E+07  0.308136E+07  0.000000E+00  0.000000E+00  0.305454E+06  0.308245E+07
  0.888083E-01  0.305296E+07  0.303777E+07  0.000000E+00  0.000000E+00  0.297245E+06  0.303920E+07
  0.896984E-01  0.301034E+07  0.299494E+07  0.000000E+00  0.000000E+00  0.289298E+06  0.299669E+07
  0.905886E-01  0.296852E+07  0.295291E+07  0.000000E+00  0.000000E+00  0.281607E+06  0.295497E+07
  0.914787E-01  0.292753E+07  0.291173E+07  0.000000E+00  0.000000E+00  0.274167E+06  0.291409E+07
  0.923688E-01  0.288742E+07  0.287146E+07  0.000000E+00  0.000000E+00  0.266978E+06  0.287409E+07
  0.932590E-01  0.284823E+07  0.283213E+07  0.000000E+00  0.000000E+00  0.260037E+06  0.283502E+07
  0.941491E-01  0.281001E+07  0.279378E+07  0.000000E+00  0.000000E+00  0.253337E+06  0.279690E+07
  0.950392E-01  0.277278E+07  0.275646E+07  0.000000E+00  0.000000E+00  0.246872E+06  0.275979E+07
  0.959294E-01  0.273656E+07  0.272017E+07  0.000000E+00  0.000000E+00  0.240641E+06  0.272369E+07
  0.968195E-01  0.270139E+07  0.268496E+07  0.000000E+00  0.000000E+00  0.234635E+06  0.268863E+07
  0.977097E-01  0.266727E+07  0.265082E+07  0.000000E+00  0.000000E+00  0.228850E+06  0.265463E+07
  0.985998E-01  0.263422E+07  0.261778E+07  0.000000E+00  0.000000E+00  0.223280E+06  0.262169E+07
  0.994899E-01  0.260225E+07  0.258585E+07  0.000000E+00  0.000000E+00  0.217921E+06  0.258983E+07
  0.100380E+00  0.257135E+07  0.255502E+07  0.000000E+00  0.000000E+00  0.212764E+06  0.255905E+07
  0.101270E+00  0.254152E+07  0.252529E+07  0.000000E+00  0.000000E+00  0.207801E+06  0.252934E+07
  0.102160E+00  0.251276E+07  0.249665E+07  0.000000E+00  0.000000E+00  0.203029E+06  0.250070E+07
  0.103050E+00  0.248505E+07  0.246909E+07  0.000000E+00  0.000000E+00  0.198442E+06  0.247311E+07
  0.103941E+00  0.245838E+07  0.244259E+07  0.000000E+00  0.000000E+00  0.194030E+06  0.244656E+07
  0.104831E+00  0.243272E+07  0.241713E+07  0.000000E+00  0.000000E+00  0.189786E+06  0.242102E+07
  0.105721E+00  0.240805E+07  0.239268E+07  0.000000E+00  0.000000E+00  0.185705E+06  0.239647E+07
  0.106611E+00  0.238434E+07  0.236922E+07  0.000000E+00  0.000000E+00  0.181780E+06  0.237287E+07
  0.107501E+00  0.236154E+07  0.234669E+07  0.000000E+00  0.000000E+00  0.178002E+06  0.235020E+07
  0.108391E+00  0.233964E+07  0.232506E+07  0.000000E+00  0.000000E+00  0.174365E+06  0.232841E+07
  0.109281E+00  0.231858E+07  0.230430E+07  0.000000E+00  0.000000E+00  0.170862E+06  0.230747E+07
  0.110172E+00  0.229832E+07  0.228436E+07  0.000000E+00  0.000000E+00  0.167484E+06  0.228733E+07
  0.111062E+00  0.227883E+07  0.226519E+07  0.000000E+00  0.000000E+00  0.164228E+06  0.226796E+07
  0.111952E+00  0.226005E+07  0.224675E+07  0.000000E+00  0.000000E+00  0.161086E+06  0.224930E+07
  0.112842E+00  0.224194E+07  0.222898E+07  0.000000E+00  0.000000E+00  0.158050E+06  0.223130E+07
  0.113732E+00  0.222444E+07  0.221183E+07  0.000000E+00  0.000000E+00  0.155114E+06  0.221391E+07
  0.114622E+00  0.220750E+07  0.219524E+07  0.000000E+00  0.000000E+00  0.152271E+06  0.219709E+07
  0.115512E+00  0.219108E+07  0.217917E+07  0.000000E+00  0.000000E+00  0.149516E+06  0.218078E+07
  0.116403E+00  0.217512E+07  0.216357E+07  0.000000E+00  0.000000E+00  0.146844E+06  0.216493E+07
  0.117293E+00  0.215958E+07  0.214839E+07  0.000000E+00  0.000000E+00  0.144250E+06  0.214950E+07
  0.118183E+00  0.214441E+07  0.213357E+07  0.000000E+00  0.000000E+00  0.141726E+06  0.213444E+07
  0.119073E+00  0.212956E+07  0.211905E+07  0.000000E+00  0.000000E+00  0.139268E+06  0.211968E+07
  0.119963E+00  0.211496E+07  0.210479E+07  0.000000E+00  0.000000E+00  0.136872E+06  0.210519E+07
  0.120853E+00  0.210059E+07  0.209074E+07  0.000000E+00  0.000000E+00  0.134532E+06  0.209092E+07
  0.121743E+00  0.208638E+07  0.207685E+07  0.000000E+00  0.000000E+00  0.132244E+06  0.207681E+07
  0.122634E+00  0.207232E+07  0.206309E+07  0.000000E+00  0.000000E+00  0.130005E+06  0.206284E+07
  0.123524E+00  0.205834E+07  0.204940E+07  0.000000E+00  0.000000E+00  0.127812E+06  0.204896E+07
  0.124414E+00  0.204443E+07  0.203576E+07  0.000000E+00  0.000000E+00  0.125661E+06  0.203514E+07
  0.125304E+00  0.203054E+07  0.202213E+07  0.000000E+00  0.000000E+00  0.123547E+06  0.202133E+07
  0.126194E+00  0.201664E+07  0.200847E+07  0.000000E+00  0.000000E+00  0.121470E+06  0.200752E+07
  0.127084E+00  0.200271E+07  0.199476E+07  0.000000E+00  0.000000E+00  0.119426E+06  0.199368E+07
  0.127974E+00  0.198872E+07  0.198098E+07  0.000000E+00  0.000000E+00  0.117415E+06  0.197977E+07
  0.128864E+00  0.197465E+07  0.196709E+07  0.000000E+00  0.000000E+00  0.115432E+06  0.196578E+07
  0.129755E+00  0.196048E+07  0.195309E+07  0.000000E+00  0.000000E+00  0.113477E+06  0.195169E+07
  0.130645E+00  0.194620E+07  0.193895E+07  0.000000E+00  0.000000E+00  0.111548E+06  0.193748E+07
  0.131535E+00  0.193179E+07  0.192467E+07  0.000000E+00  0.000000E+00  0.109645E+06  0.192314E+07
  0.132425E+00  0.191724E+07  0.191023E+07  0.000000E+00  0.000000E+00  0.107766E+06  0.190866E+07
  0.133315E+00  0.190255E+07  0.189563E+07  0.000000E+00  0.000000E+00  0.105910E+06  0.189403E+07
  0.134205E+00  0.188771E+07  0.188086E+07  0.000000E+00  0.000000E+00  0.104077E+06  0.187926E+07
  0.135095E+00  0.187272E+07  0.186593E+07  0.000000E+00  0.000000E+00  0.102266E+06  0.186433E+07
  0.135986E+00  0.185758E+07  0.185083E+07  0.000000E+00  0.000000E+00  0.100476E+06  0.184926E+07
  0.136876E+00  0.184231E+07  0.183558E+07  0.000000E+00  0.000000E+00  0.987088E+05  0.183404E+07
  0.137766E+00  0.182690E+07  0.182017E+07  0.000000E+00  0.000000E+00  0.969632E+05  0.181869E+07
  0.138656E+00  0.181136E+07  0.180463E+07  0.000000E+00  0.000000E+00  0.952396E+05  0.180321E+07
  0.139546E+00  0.179572E+07  0.178897E+07  0.000000E+00  0.000000E+00  0.935379E+05  0.178762E+07
  0.140436E+00  0.177998E+07  0.177319E+07  0.000000E+00  0.000000E+00  0.918588E+05  0.177193E+07
  0.141326E+00  0.176416E+07  0.175733E+07  0.000000E+00  0.000000E+00  0.902034E+05  0.175617E+07
  0.142217E+00  0.174828E+07  0.174140E+07  0.000000E+00  0.000000E+00  0.885716E+05  0.174034E+07
  0.143107E+00  0.173236E+07  0.172542E+07  0.000000E+00  0.000000E+00  0.869635E+05  0.172447E+07
  0.143997E+00  0.171643E+07  0.170941E+07  0.000000E+00  0.000000E+00  0.853799E+05  0.170859E+07
  0.144887E+00  0.170050E+07  0.169340E+07  0.000000E+00  0.000000E+00  0.838222E+05  0.169270E+07
  0.145777E+00  0.168460E+07  0.167742E+07  0.000000E+00  0.000000E+00  0.822908E+05  0.167685E+07
  0.146667E+00  0.166874E+07  0.166148E+07  0.000000E+00  0.000000E+00  0.807858E+05  0.166104E+07
  0.147557E+00  0.165296E+07  0.164560E+07  0.000000E+00  0.000000E+00  0.793078E+05  0.164530E+07
  0.148448E+00  0.163726E+07  0.162982E+07  0.000000E+00  0.000000E+00  0.778573E+05  0.162965E+07
  0.149338E+00  0.162169E+07  0.161415E+07  0.000000E+00  0.000000E+00  0.764349E+05  0.161412E+07
  0.150228E+00  0.160625E+07  0.159862E+07  0.000000E+00  0.000000E+00  0.750413E+05  0.159873E+07
  0.151118E+00  0.159097E+07  0.158326E+07  0.000000E+00  0.000000E+00  0.736769E+05  0.158349E+07
  0.152008E+00  0.157588E+07  0.156808E+07  0.000000E+00  0.000000E+00  0.723418E+05  0.156844E+07
  0.152898E+00  0.156098E+07  0.155311E+07  0.000000E+00  0.000000E+00  0.710362E+05  0.155359E+07
  0.153788E+00  0.154631E+07  0.153836E+07  0.000000E+00  0.000000E+00  0.697607E+05  0.153896E+07
  0.154678E+00  0.153187E+07  0.152385E+07  0.000000E+00  0.000000E+00  0.685155E+05  0.152457E+07
  0.155569E+00  0.151769E+07  0.150961E+07  0.000000E+00  0.000000E+00  0.673002E+05  0.151043E+07
  0.156459E+00  0.150378E+07  0.149565E+07  0.000000E+00  0.000000E+00  0.661153E+05  0.149657E+07
  0.157349E+00  0.149016E+07  0.148199E+07  0.000000E+00  0.000000E+00  0.649610E+05  0.148299E+07
  0.158239E+00  0.147684E+07  0.146863E+07  0.000000E+00  0.000000E+00  0.638372E+05  0.146972E+07
  0.159129E+00  0.146383E+07  0.145559E+07  0.000000E+00  0.000000E+00  0.627432E+05  0.145675E+07
  0.160019E+00  0.145114E+07  0.144289E+07  0.000000E+00  0.000000E+00  0.616790E+05  0.144411E+07
  0.160909E+00  0.143878E+07  0.143052E+07  0.000000E+00  0.000000E+00  0.606445E+05  0.143180E+07
  0.161800E+00  0.142676E+07  0.141850E+07  0.000000E+00  0.000000E+00  0.596393E+05  0.141982E+07
  0.162690E+00  0.141507E+07  0.140682E+07  0.000000E+00  0.000000E+00  0.586627E+05  0.140818E+07
  0.163580E+00  0.140372E+07  0.139550E+07  0.000000E+00  0.000000E+00  0.577142E+05  0.139688E+07
  0.164470E+00  0.139272E+07  0.138452E+07  0.000000E+00  0.000000E+00  0.567931E+05  0.138591E+07
  0.165360E+00  0.138204E+07  0.137389E+07  0.000000E+00  0.000000E+00  0.558990E+05  0.137529E+07
  0.166250E+00  0.137171E+07  0.136361E+07  0.000000E+00  0.000000E+00  0.550314E+05  0.136500E+07
  0.167140E+00  0.136170E+07  0.135366E+07  0.000000E+00  0.000000E+00  0.541890E+05  0.135504E+07
  0.168031E+00  0.135201E+07  0.134404E+07  0.000000E+00  0.000000E+00  0.533710E+05  0.134540E+07
  0.168921E+00  0.134264E+07  0.133475E+07  0.000000E+00  0.000000E+00  0.525770E+05  0.133607E+07
  0.169811E+00  0.133357E+07  0.132576E+07  0.000000E+00  0.000000E+00  0.518061E+05  0.132705E+07
  0.170701E+00  0.132479E+07  0.131708E+07  0.000000E+00  0.000000E+00  0.510571E+05  0.131832E+07
  0.171591E+00  0.131630E+07  0.130869E+07  0.000000E+00  0.000000E+00  0.503292E+05  0.130988E+07
  0.172481E+00  0.130808E+07  0.130058E+07  0.000000E+00  0.000000E+00  0.496216E+05  0.130171E+07
  0.173371E+00  0.130012E+07  0.129273E+07  0.000000E+00  0.000000E+00  0.489333E+05  0.129379E+07
  0.174262E+00  0.129240E+07  0.128513E+07  0.000000E+00  0.000000E+00  0.482636E+05  0.128612E+07
  0.175152E+00  0.128491E+07  0.127776E+07  0.000000E+00  0.000000E+00  0.476114E+05  0.127868E+07
  0.176042E+00  0.127763E+07  0.127061E+07  0.000000E+00  0.000000E+00  0.469758E+05  0.127145E+07
  0.176932E+00  0.127055E+07  0.126366E+07  0.000000E+00  0.000000E+00  0.463557E+05  0.126441E+07
  0.177822E+00  0.126365E+07  0.125689E+07  0.000000E+00  0.000000E+00  0.457503E+05  0.125756E+07
  0.178712E+00  0.125691E+07  0.125028E+07  0.000000E+00  0.000000E+00  0.451586E+05  0.125086E+07
  0.179602E+00  0.125032E+07  0.124382E+07  0.000000E+00  0.000000E+00  0.445801E+05  0.124432E+07
  0.180492E+00  0.124385E+07  0.123748E+07  0.000000E+00  0.000000E+00  0.440138E+05  0.123790E+07
  0.181383E+00  0.123750E+07  0.123126E+07  0.000000E+00  0.000000E+00  0.434586E+05  0.123159E+07
  0.182273E+00  0.123124E+07  0.122514E+07  0.000000E+00  0.000000E+00  0.429137E+05  0.122537E+07
  0.183163E+00  0.122506E+07  0.121908E+07  0.000000E+00  0.000000E+00  0.423787E+05  0.121924E+07
  0.184053E+00  0.121895E+07  0.121309E+07  0.000000E+00  0.000000E+00  0.418527E+05  0.121316E+07
  0.184943E+00  0.121288E+07  0.120714E+07  0.000000E+00  0.000000E+00  0.413350E+05  0.120714E+07
  0.185833E+00  0.120684E+07  0.120123E+07  0.000000E+00  0.000000E+00  0.408249E+05  0.120114E+07
  0.186723E+00  0.120083E+07  0.119533E+07  0.000000E+00  0.000000E+00  0.403220E+05  0.119517E+07
  0.187614E+00  0.119482E+07  0.118943E+07  0.000000E+00  0.000000E+00  0.398257E+05  0.118920E+07
  0.188504E+00  0.118881E+07  0.118352E+07  0.000000E+00  0.000000E+00  0.393354E+05  0.118323E+07
  0.189394E+00  0.118278E+07  0.117759E+07  0.000000E+00  0.000000E+00  0.388507E+05  0.117724E+07
  0.190284E+00  0.117673E+07  0.117163E+07  0.000000E+00  0.000000E+00  0.383713E+05  0.117123E+07
  0.191174E+00  0.117065E+07  0.116564E+07  0.000000E+00  0.000000E+00  0.378968E+05  0.116518E+07
  0.192064E+00  0.116453E+07  0.115959E+07  0.000000E+00  0.000000E+00  0.374269E+05  0.115909E+07
  0.192954E+00  0.115836E+07  0.115350E+07  0.000000E+00  0.000000E+00  0.369613E+05  0.115296E+07
  0.193845E+00  0.115214E+07  0.114734E+07  0.000000E+00  0.000000E+00  0.364997E+05  0.114677E+07
  0.194735E+00  0.114586E+07  0.114112E+07  0.000000E+00  0.000000E+00  0.360418E+05  0.114052E+07
  0.195625E+00  0.113951E+07  0.113483E+07  0.000000E+00  0.000000E+00  0.355877E+05  0.113421E+07
  0.196515E+00  0.113311E+07  0.112847E+07  0.000000E+00  0.000000E+00  0.351371E+05  0.112784E+07
  0.197405E+00  0.112664E+07  0.112204E+07  0.000000E+00  0.000000E+00  0.346899E+05  0.112140E+07
  0.198295E+00  0.112010E+07  0.111554E+07  0.000000E+00  0.000000E+00  0.342461E+05  0.111490E+07
  0.199185E+00  0.111350E+07  0.110897E+07  0.000000E+00  0.000000E+00  0.338059E+05  0.110833E+07
  0.200076E+00  0.110684E+07  0.110232E+07  0.000000E+00  0.000000E+00  0.333692E+05  0.110169E+07
  0.200966E+00  0.110012E+07  0.109561E+07  0.000000E+00  0.000000E+00  0.329358E+05  0.109500E+07
  0.201856E+00  0.109333E+07  0.108884E+07  0.000000E+00  0.000000E+00  0.325058E+05  0.108824E+07
  0.202746E+00  0.108650E+07  0.108201E+07  0.000000E+00  0.000000E+00  0.320794E+05  0.108144E+07
  0.203636E+00  0.107962E+07  0.107513E+07  0.000000E+00  0.000000E+00  0.316569E+05  0.107458E+07
  0.204526E+00  0.107270E+07  0.106820E+07  0.000000E+00  0.000000E+00  0.312382E+05  0.106768E+07
  0.205416E+00  0.106574E+07  0.106124E+07  0.000000E+00  0.000000E+00  0.308234E+05  0.106075E+07
  0.206306E+00  0.105875E+07  0.105424E+07  0.000000E+00  0.000000E+00  0.304128E+05  0.105379E+07
  0.207197E+00  0.105175E+07  0.104722E+07  0.000000E+00  0.000000E+00  0.300064E+05  0.104681E+07
  0.208087E+00  0.104473E+07  0.104018E+07  0.000000E+00  0.000000E+00  0.296045E+05  0.103982E+07
  0.208977E+00  0.103771E+07  0.103314E+07  0.000000E+00  0.000000E+00  0.292073E+05  0.103282E+07
  0.209867E+00  0.103069E+07  0.102610E+07  0.000000E+00  0.000000E+00  0.288149E+05  0.102583E+07
  0.210757E+00  0.102368E+07  0.101907E+07  0.000000E+00  0.000000E+00  0.284273E+05  0.101884E+07
  0.211647E+00  0.101669E+07  0.101205E+07  0.000000E+00  0.000000E+00  0.280449E+05  0.101188E+07
  0.212537E+00  0.100974E+07  0.100507E+07  0.000000E+00  0.000000E+00  0.276677E+05  0.100494E+07
  0.213428E+00  0.100282E+07  0.998124E+06  0.000000E+00  0.000000E+00  0.272960E+05  0.998047E+06
  0.214318E+00  0.995940E+06  0.991222E+06  0.000000E+00  0.000000E+00  0.269298E+05  0.991195E+06
  0.215208E+00  0.989117E+06  0.984375E+06  0.000000E+00  0.000000E+00  0.265693E+05  0.984395E+06
  0.216098E+00  0.982356E+06  0.977589E+06  0.000000E+00  0.000000E+00  0.262145E+05  0.977657E+06
  0.216988E+00  0.975663E+06  0.970873E+06  0.000000E+00  0.000000E+00  0.258657E+05  0.970987E+06
  0.217878E+00  0.969046E+06  0.964235E+06  0.000000E+00  0.000000E+00  0.255229E+05  0.964393E+06
  0.218768E+00  0.962513E+06  0.957682E+06  0.000000E+00  0.000000E+00  0.251863E+05  0.957882E+06
  0.219659E+00  0.956070E+06  0.951222E+06  0.000000E+00  0.000000E+00  0.248558E+05  0.951462E+06
  0.222455E+00  0.936478E+06  0.931593E+06  0.000000E+00  0.000000E+00  0.238583E+05  0.931941E+06
  0.225287E+00  0.917750E+06  0.912860E+06  0.000000E+00  0.000000E+00  0.229115E+05  0.913286E+06
  0.228155E+00  0.900021E+06  0.895159E+06  0.000000E+00  0.000000E+00  0.220167E+05  0.895631E+06
  0.231059E+00  0.883359E+06  0.878565E+06  0.000000E+00  0.000000E+00  0.211736E+05  0.879045E+06
  0.234001E+00  0.867771E+06  0.863080E+06  0.000000E+00  0.000000E+00  0.203800E+05  0.863535E+06
  0.236980E+00  0.853205E+06  0.848647E+06  0.000000E+00  0.000000E+00  0.196324E+05  0.849046E+06
  0.239997E+00  0.839546E+06  0.835148E+06  0.000000E+00  0.000000E+00  0.189268E+05  0.835466E+06
  0.243052E+00  0.826627E+06  0.822406E+06  0.000000E+00  0.000000E+00  0.182572E+05  0.822625E+06
  0.246146E+00  0.814240E+06  0.810202E+06  0.000000E+00  0.000000E+00  0.176178E+05  0.810315E+06
  0.249280E+00  0.802160E+06  0.798301E+06  0.000000E+00  0.000000E+00  0.170027E+05  0.798310E+06
  0.252453E+00  0.790166E+06  0.786473E+06  0.000000E+00  0.000000E+00  0.164064E+05  0.786388E+06
  0.255667E+00  0.778062E+06  0.774516E+06  0.000000E+00  0.000000E+00  0.158244E+05  0.774355E+06
  0.258922E+00  0.765690E+06  0.762263E+06  0.000000E+00  0.000000E+00  0.152533E+05  0.762051E+06
  0.262218E+00  0.752938E+06  0.749601E+06  0.000000E+00  0.000000E+00  0.146909E+05  0.749363E+06
  0.265557E+00  0.739758E+06  0.736480E+06  0.000000E+00  0.000000E+00  0.141363E+05  0.736244E+06
  0.268937E+00  0.726175E+06  0.722928E+06  0.000000E+00  0.000000E+00  0.135902E+05  0.722720E+06
  0.272361E+00  0.712275E+06  0.709037E+06  0.000000E+00  0.000000E+00  0.130542E+05  0.708877E+06
  0.275828E+00  0.698192E+06  0.694947E+06  0.000000E+00  0.000000E+00  0.125307E+05  0.694849E+06
  0.279340E+00  0.684091E+06  0.680833E+06  0.000000E+00  0.000000E+00  0.120225E+05  0.680802E+06
  0.282896E+00  0.670156E+06  0.666887E+06  0.000000E+00  0.000000E+00  0.115324E+05  0.666922E+06
  0.286497E+00  0.656573E+06  0.653301E+06  0.000000E+00  0.000000E+00  0.110630E+05  0.653392E+06
  0.290145E+00  0.643495E+06  0.640237E+06  0.000000E+00  0.000000E+00  0.106162E+05  0.640369E+06
  0.293838E+00  0.631029E+06  0.627804E+06  0.000000E+00  0.000000E+00  0.101927E+05  0.627958E+06
  0.297579E+00  0.619224E+06  0.616053E+06  0.000000E+00  0.000000E+00  0.979244E+04  0.616209E+06
  0.301367E+00  0.608077E+06  0.604979E+06  0.000000E+00  0.000000E+00  0.941435E+04  0.605118E+06
  0.305204E+00  0.597525E+06  0.594515E+06  0.000000E+00  0.000000E+00  0.905650E+04  0.594621E+06
  0.309089E+00  0.587451E+06  0.584538E+06  0.000000E+00  0.000000E+00  0.871636E+04  0.584602E+06
  0.313024E+00  0.577706E+06  0.574895E+06  0.000000E+00  0.000000E+00  0.839102E+04  0.574913E+06
  0.317009E+00  0.568138E+06  0.565424E+06  0.000000E+00  0.000000E+00  0.807771E+04  0.565398E+06
  0.321045E+00  0.558604E+06  0.555976E+06  0.000000E+00  0.000000E+00  0.777407E+04  0.555915E+06
  0.325132E+00  0.548986E+06  0.546430E+06  0.000000E+00  0.000000E+00  0.747822E+04  0.546347E+06
  0.329271E+00  0.539211E+06  0.536711E+06  0.000000E+00  0.000000E+00  0.718900E+04  0.536620E+06
  0.333463E+00  0.529264E+06  0.526805E+06  0.000000E+00  0.000000E+00  0.690620E+04  0.526720E+06
  0.337708E+00  0.519184E+06  0.516752E+06  0.000000E+00  0.000000E+00  0.663018E+04  0.516684E+06
  0.342007E+00  0.509043E+06  0.506629E+06  0.000000E+00  0.000000E+00  0.555419E+04  0.506584E+06
  0.346361E+00  0.498954E+06  0.496555E+06  0.000000E+00  0.000000E+00  0.532328E+04  0.496538E+06
  0.350771E+00  0.489036E+06  0.486653E+06  0.000000E+00  0.000000E+00  0.510150E+04  0.486662E+06
  0.355236E+00  0.479394E+06  0.477033E+06  0.000000E+00  0.000000E+00  0.488962E+04  0.477062E+06
  0.359758E+00  0.470103E+06  0.467774E+06  0.000000E+00  0.000000E+00  0.468800E+04  0.467814E+06
  0.364338E+00  0.461202E+06  0.458915E+06  0.000000E+00  0.000000E+00  0.449662E+04  0.458956E+06
  0.368977E+00  0.452684E+06  0.450448E+06  0.000000E+00  0.000000E+00  0.431497E+04  0.450481E+06
  0.373674E+00  0.444499E+06  0.442320E+06  0.000000E+00  0.000000E+00  0.414217E+04  0.442338E+06
  0.378431E+00  0.436565E+06  0.434446E+06  0.000000E+00  0.000000E+00  0.397712E+04  0.434445E+06
  0.383249E+00  0.428794E+06  0.426733E+06  0.000000E+00  0.000000E+00  0.381870E+04  0.426714E+06
  0.388128E+00  0.421096E+06  0.419089E+06  0.000000E+00  0.000000E+00  0.366592E+04  0.419056E+06
  0.393069E+00  0.413406E+06  0.411444E+06  0.000000E+00  0.000000E+00  0.351801E+04  0.411404E+06
  0.398073E+00  0.405692E+06  0.403768E+06  0.000000E+00  0.000000E+00  0.337460E+04  0.403727E+06
  0.403140E+00  0.397959E+06  0.396066E+06  0.000000E+00  0.000000E+00  0.323560E+04  0.396031E+06
  0.408273E+00  0.390242E+06  0.388375E+06  0.000000E+00  0.000000E+00  0.310118E+04  0.388349E+06
  0.413470E+00  0.382600E+06  0.380756E+06  0.000000E+00  0.000000E+00  0.297168E+04  0.380742E+06
  0.418734E+00  0.375099E+06  0.373279E+06  0.000000E+00  0.000000E+00  0.284742E+04  0.373275E+06
  0.424065E+00  0.367789E+06  0.365997E+06  0.000000E+00  0.000000E+00  0.272863E+04  0.365999E+06
  0.429463E+00  0.360707E+06  0.358946E+06  0.000000E+00  0.000000E+00  0.261533E+04  0.358951E+06
  0.434931E+00  0.353858E+06  0.352133E+06  0.000000E+00  0.000000E+00  0.250736E+04  0.352135E+06
  0.440467E+00  0.347217E+06  0.345531E+06  0.000000E+00  0.000000E+00  0.240432E+04  0.345527E+06
  0.446075E+00  0.340745E+06  0.339099E+06  0.000000E+00  0.000000E+00  0.230576E+04  0.339088E+06
  0.451754E+00  0.334394E+06  0.332785E+06  0.000000E+00  0.000000E+00  0.221117E+04  0.332768E+06
  0.457505E+00  0.328116E+06  0.326543E+06  0.000000E+00  0.000000E+00  0.212011E+04  0.326522E+06
  0.463329E+00  0.321888E+06  0.320347E+06  0.000000E+00  0.000000E+00  0.203231E+04  0.320325E+06
  0.469227E+00  0.315702E+06  0.314189E+06  0.000000E+00  0.000000E+00  0.194763E+04  0.314168E+06
  0.475201E+00  0.309571E+06  0.308083E+06  0.000000E+00  0.000000E+00  0.186603E+04  0.308066E+06
  0.481251E+00  0.303525E+06  0.302061E+06  0.000000E+00  0.000000E+00  0.178760E+04  0.302048E+06
  0.487377E+00  0.297592E+06  0.296152E+06  0.000000E+00  0.000000E+00  0.171240E+04  0.296143E+06
  0.493582E+00  0.291797E+06  0.290384E+06  0.000000E+00  0.000000E+00  0.164044E+04  0.290376E+06
  0.499865E+00  0.286152E+06  0.284766E+06  0.000000E+00  0.000000E+00  0.157167E+04  0.284758E+06
  0.506229E+00  0.280649E+06  0.279292E+06  0.000000E+00  0.000000E+00  0.150593E+04  0.279283E+06
  0.512673E+00  0.275273E+06  0.273945E+06  0.000000E+00  0.000000E+00  0.144301E+04  0.273933E+06
  0.519200E+00  0.269998E+06  0.268697E+06  0.000000E+00  0.000000E+00  0.138267E+04  0.268684E+06
  0.525810E+00  0.264803E+06  0.263530E+06  0.000000E+00  0.000000E+00  0.132472E+04  0.263514E+06
  0.532504E+00  0.259676E+06  0.258428E+06  0.000000E+00  0.000000E+00  0.126901E+04  0.258412E+06
  0.539283E+00  0.254615E+06  0.253390E+06  0.000000E+00  0.000000E+00  0.121545E+04  0.253376E+06
  0.546148E+00  0.249630E+06  0.248428E+06  0.000000E+00  0.000000E+00  0.116402E+04  0.248415E+06
  0.553101E+00  0.244732E+06  0.243552E+06  0.000000E+00  0.000000E+00  0.111469E+04  0.243540E+06
  0.560142E+00  0.239935E+06  0.238776E+06  0.000000E+00  0.000000E+00  0.106744E+04  0.238766E+06
  0.567273E+00  0.235242E+06  0.234106E+06  0.000000E+00  0.000000E+00  0.102222E+04  0.234096E+06
  0.574495E+00  0.230652E+06  0.229539E+06  0.000000E+00  0.000000E+00  0.978941E+03  0.229528E+06
  0.581809E+00  0.226155E+06  0.225065E+06  0.000000E+00  0.000000E+00  0.937487E+03  0.225053E+06
  0.589215E+00  0.221742E+06  0.220673E+06  0.000000E+00  0.000000E+00  0.897751E+03  0.220661E+06
  0.596716E+00  0.217401E+06  0.216354E+06  0.000000E+00  0.000000E+00  0.859628E+03  0.216342E+06
  0.604313E+00  0.213131E+06  0.212104E+06  0.000000E+00  0.000000E+00  0.823048E+03  0.212092E+06
  0.612006E+00  0.208931E+06  0.207924E+06  0.000000E+00  0.000000E+00  0.787956E+03  0.207913E+06
  0.619797E+00  0.204806E+06  0.203819E+06  0.000000E+00  0.000000E+00  0.754316E+03  0.203808E+06
  0.627688E+00  0.200761E+06  0.199793E+06  0.000000E+00  0.000000E+00  0.722091E+03  0.199782E+06
  0.635678E+00  0.196798E+06  0.195849E+06  0.000000E+00  0.000000E+00  0.691234E+03  0.195838E+06
  0.643771E+00  0.192914E+06  0.191984E+06  0.000000E+00  0.000000E+00  0.661687E+03  0.191974E+06
  0.651967E+00  0.189106E+06  0.188195E+06  0.000000E+00  0.000000E+00  0.633387E+03  0.188184E+06
  0.660267E+00  0.185369E+06  0.184476E+06  0.000000E+00  0.000000E+00  0.606268E+03  0.184465E+06
  0.709335E+00  0.165443E+06  0.164646E+06  0.000000E+00  0.000000E+00  0.472662E+03  0.164636E+06
  0.762050E+00  0.147571E+06  0.146860E+06  0.000000E+00  0.000000E+00  0.368054E+03  0.146851E+06
  0.818683E+00  0.131545E+06  0.130911E+06  0.000000E+00  0.000000E+00  0.286245E+03  0.130903E+06
  0.879525E+00  0.117184E+06  0.116620E+06  0.000000E+00  0.000000E+00  0.222359E+03  0.116612E+06
  0.944888E+00  0.104330E+06  0.103827E+06  0.000000E+00  0.000000E+00  0.172541E+03  0.103820E+06
  0.101511E+01  0.928330E+05  0.923859E+05  0.000000E+00  0.000000E+00  0.133746E+03  0.923797E+05
  0.109055E+01  0.825565E+05  0.821590E+05  0.000000E+00  0.000000E+00  0.103569E+03  0.821533E+05
  0.117159E+01  0.733778E+05  0.730245E+05  0.000000E+00  0.000000E+00  0.801242E+02  0.730194E+05
  0.125866E+01  0.651863E+05  0.648725E+05  0.000000E+00  0.000000E+00  0.619313E+02  0.648679E+05
  0.135220E+01  0.578798E+05  0.576011E+05  0.000000E+00  0.000000E+00  0.478275E+02  0.575970E+05
  0.145269E+01  0.513672E+05  0.511199E+05  0.000000E+00  0.000000E+00  0.369055E+02  0.511163E+05
  0.156065E+01  0.455661E+05  0.453467E+05  0.000000E+00  0.000000E+00  0.392264E+02  0.453435E+05
  0.167663E+01  0.404014E+05  0.402070E+05  0.000000E+00  0.000000E+00  0.302720E+02  0.402041E+05
  0.180123E+01  0.358065E+05  0.356342E+05  0.000000E+00  0.000000E+00  0.233426E+02  0.356316E+05
  0.193510E+01  0.317206E+05  0.315679E+05  0.000000E+00  0.000000E+00  0.179853E+02  0.315656E+05
  0.207891E+01  0.280892E+05  0.279540E+05  0.000000E+00  0.000000E+00  0.138473E+02  0.279520E+05
