  0.745045E-04  0.198014E+08  0.198014E+08  0.257041E+08  0.257030E+08  0.197952E+08  0.198014E+08
  0.832603E-04  0.198011E+08  0.198011E+08  0.255326E+08  0.255313E+08  0.197912E+08  0.198011E+08
  0.930449E-04  0.198007E+08  0.198007E+08  0.253200E+08  0.253184E+08  0.197861E+08  0.198007E+08
  0.103979E-03  0.198002E+08  0.198002E+08  0.250567E+08  0.250548E+08  0.197798E+08  0.198002E+08
  0.116199E-03  0.197996E+08  0.197996E+08  0.247314E+08  0.247290E+08  0.197719E+08  0.197996E+08
  0.129855E-03  0.197988E+08  0.197988E+08  0.243306E+08  0.243277E+08  0.197620E+08  0.197988E+08
  0.145115E-03  0.197978E+08  0.197978E+08  0.238384E+08  0.238349E+08  0.197498E+08  0.197978E+08
  0.162169E-03  0.197966E+08  0.197966E+08  0.232366E+08  0.232323E+08  0.197345E+08  0.197966E+08
  0.181227E-03  0.197951E+08  0.197951E+08  0.225045E+08  0.224994E+08  0.197155E+08  0.197950E+08
  0.202524E-03  0.197933E+08  0.197933E+08  0.216200E+08  0.216140E+08  0.196918E+08  0.197931E+08
  0.226325E-03  0.197909E+08  0.197909E+08  0.205603E+08  0.205533E+08  0.196625E+08  0.197908E+08
  0.252922E-03  0.197880E+08  0.197880E+08  0.193042E+08  0.192962E+08  0.196260E+08  0.197878E+08
  0.282645E-03  0.197845E+08  0.197845E+08  0.178352E+08  0.178263E+08  0.195808E+08  0.197842E+08
  0.315862E-03  0.197800E+08  0.197800E+08  0.161465E+08  0.161368E+08  0.195249E+08  0.197797E+08
  0.352982E-03  0.197746E+08  0.197745E+08  0.142472E+08  0.142371E+08  0.194560E+08  0.197742E+08
  0.394464E-03  0.197678E+08  0.197678E+08  0.121705E+08  0.121607E+08  0.193712E+08  0.197673E+08
  0.440821E-03  0.197595E+08  0.197595E+08  0.998141E+07  0.997279E+07  0.192673E+08  0.197589E+08
  0.492625E-03  0.197494E+08  0.197494E+08  0.778207E+07  0.777556E+07  0.191405E+08  0.197486E+08
  0.550518E-03  0.197370E+08  0.197370E+08  0.570956E+07  0.570606E+07  0.189877E+08  0.197361E+08
  0.615215E-03  0.197220E+08  0.197220E+08  0.391992E+07  0.391989E+07  0.188030E+08  0.197209E+08
  0.687514E-03  0.197039E+08  0.197038E+08  0.255298E+07  0.255601E+07  0.185822E+08  0.197025E+08
  0.768310E-03  0.196821E+08  0.196820E+08  0.167976E+07  0.168426E+07  0.183214E+08  0.196804E+08
  0.858601E-03  0.196560E+08  0.196559E+08  0.125061E+07  0.125408E+07  0.180168E+08  0.196539E+08
  0.959503E-03  0.196250E+08  0.196249E+08  0.108396E+07  0.108432E+07  0.176662E+08  0.196225E+08
  0.107226E-02  0.195882E+08  0.195881E+08  0.941240E+06  0.938639E+06  0.172695E+08  0.195853E+08
  0.119827E-02  0.195449E+08  0.195447E+08  0.682687E+06  0.680143E+06  0.168290E+08  0.195414E+08
  0.133909E-02  0.194940E+08  0.194938E+08  0.382974E+06  0.383551E+06  0.163496E+08  0.194900E+08
  0.149646E-02  0.194344E+08  0.194341E+08  0.223939E+06  0.226229E+06  0.158384E+08  0.194298E+08
  0.167233E-02  0.193650E+08  0.193646E+08  0.211213E+06  0.210878E+06  0.153029E+08  0.193598E+08
  0.186886E-02  0.192844E+08  0.192840E+08  0.157997E+06  0.156322E+06  0.147484E+08  0.192787E+08
  0.208848E-02  0.191914E+08  0.191909E+08  0.633761E+05  0.646143E+05  0.141758E+08  0.191850E+08
  0.233392E-02  0.190843E+08  0.190837E+08  0.619960E+05  0.616824E+05  0.135814E+08  0.190773E+08
  0.260820E-02  0.189616E+08  0.189609E+08  0.373016E+05  0.353227E+05  0.129591E+08  0.189540E+08
  0.291471E-02  0.188217E+08  0.188207E+08  0.191936E+05  0.164057E+05  0.123055E+08  0.188133E+08
  0.325725E-02  0.186626E+08  0.186615E+08  0.162229E+05  0.114999E+05  0.116222E+08  0.186536E+08
  0.364004E-02  0.184826E+08  0.184812E+08  0.471715E+04  0.539668E+04  0.109146E+08  0.184729E+08
  0.406781E-02  0.182798E+08  0.182780E+08 -0.280164E+04 -0.296505E+04  0.101896E+08  0.182693E+08
  0.454586E-02  0.180521E+08  0.180498E+08  0.247495E+03 -0.465497E+03  0.945672E+07  0.180409E+08
  0.508008E-02  0.177975E+08  0.177948E+08  0.000000E+00  0.000000E+00  0.872183E+07  0.177857E+08
  0.513684E-02  0.177705E+08  0.177677E+08  0.000000E+00  0.000000E+00  0.864815E+07  0.177586E+08
  0.519423E-02  0.177432E+08  0.177404E+08  0.000000E+00  0.000000E+00  0.857444E+07  0.177313E+08
  0.525227E-02  0.177156E+08  0.177127E+08  0.000000E+00  0.000000E+00  0.850069E+07  0.177036E+08
  0.531095E-02  0.176878E+08  0.176848E+08  0.000000E+00  0.000000E+00  0.842692E+07  0.176757E+08
  0.537029E-02  0.176596E+08  0.176565E+08  0.000000E+00  0.000000E+00  0.835314E+07  0.176474E+08
  0.543030E-02  0.176311E+08  0.176280E+08  0.000000E+00  0.000000E+00  0.827937E+07  0.176189E+08
  0.549097E-02  0.176023E+08  0.175992E+08  0.000000E+00  0.000000E+00  0.820563E+07  0.175900E+08
  0.555232E-02  0.175733E+08  0.175700E+08  0.000000E+00  0.000000E+00  0.813195E+07  0.175609E+08
  0.561436E-02  0.175439E+08  0.175406E+08  0.000000E+00  0.000000E+00  0.805835E+07  0.175314E+08
  0.567709E-02  0.175142E+08  0.175108E+08  0.000000E+00  0.000000E+00  0.798487E+07  0.175017E+08
  0.574052E-02  0.174842E+08  0.174807E+08  0.000000E+00  0.000000E+00  0.791152E+07  0.174716E+08
  0.580466E-02  0.174539E+08  0.174504E+08  0.000000E+00  0.000000E+00  0.783834E+07  0.174413E+08
  0.586951E-02  0.174233E+08  0.174197E+08  0.000000E+00  0.000000E+00  0.776536E+07  0.174106E+08
  0.593509E-02  0.173923E+08  0.173887E+08  0.000000E+00  0.000000E+00  0.769260E+07  0.173796E+08
  0.600141E-02  0.173611E+08  0.173573E+08  0.000000E+00  0.000000E+00  0.762008E+07  0.173483E+08
  0.606846E-02  0.173295E+08  0.173257E+08  0.000000E+00  0.000000E+00  0.754780E+07  0.173166E+08
  0.613626E-02  0.172976E+08  0.172937E+08  0.000000E+00  0.000000E+00  0.747579E+07  0.172847E+08
  0.620482E-02  0.172654E+08  0.172614E+08  0.000000E+00  0.000000E+00  0.740403E+07  0.172524E+08
  0.627415E-02  0.172329E+08  0.172288E+08  0.000000E+00  0.000000E+00  0.733253E+07  0.172198E+08
  0.634425E-02  0.172000E+08  0.171959E+08  0.000000E+00  0.000000E+00  0.726127E+07  0.171869E+08
  0.641514E-02  0.171668E+08  0.171626E+08  0.000000E+00  0.000000E+00  0.719024E+07  0.171536E+08
  0.648681E-02  0.171333E+08  0.171290E+08  0.000000E+00  0.000000E+00  0.711942E+07  0.171201E+08
  0.655929E-02  0.170995E+08  0.170950E+08  0.000000E+00  0.000000E+00  0.704878E+07  0.170862E+08
  0.663258E-02  0.170653E+08  0.170608E+08  0.000000E+00  0.000000E+00  0.697830E+07  0.170519E+08
  0.670669E-02  0.170308E+08  0.170262E+08  0.000000E+00  0.000000E+00  0.690798E+07  0.170173E+08
  0.678162E-02  0.169959E+08  0.169912E+08  0.000000E+00  0.000000E+00  0.683778E+07  0.169824E+08
  0.685739E-02  0.169607E+08  0.169559E+08  0.000000E+00  0.000000E+00  0.676769E+07  0.169472E+08
  0.693401E-02  0.169252E+08  0.169203E+08  0.000000E+00  0.000000E+00  0.669772E+07  0.169116E+08
  0.701148E-02  0.168893E+08  0.168843E+08  0.000000E+00  0.000000E+00  0.662787E+07  0.168756E+08
  0.708982E-02  0.168531E+08  0.168479E+08  0.000000E+00  0.000000E+00  0.655814E+07  0.168393E+08
  0.716904E-02  0.168165E+08  0.168113E+08  0.000000E+00  0.000000E+00  0.648855E+07  0.168027E+08
  0.724914E-02  0.167796E+08  0.167742E+08  0.000000E+00  0.000000E+00  0.641912E+07  0.167657E+08
  0.733013E-02  0.167423E+08  0.167368E+08  0.000000E+00  0.000000E+00  0.634989E+07  0.167284E+08
  0.741203E-02  0.167047E+08  0.166991E+08  0.000000E+00  0.000000E+00  0.628089E+07  0.166907E+08
  0.749485E-02  0.166667E+08  0.166610E+08  0.000000E+00  0.000000E+00  0.621213E+07  0.166526E+08
  0.757859E-02  0.166283E+08  0.166225E+08  0.000000E+00  0.000000E+00  0.614367E+07  0.166142E+08
  0.766327E-02  0.165896E+08  0.165837E+08  0.000000E+00  0.000000E+00  0.607551E+07  0.165755E+08
  0.774889E-02  0.165505E+08  0.165445E+08  0.000000E+00  0.000000E+00  0.600768E+07  0.165364E+08
  0.783547E-02  0.165111E+08  0.165049E+08  0.000000E+00  0.000000E+00  0.594021E+07  0.164969E+08
  0.792301E-02  0.164713E+08  0.164650E+08  0.000000E+00  0.000000E+00  0.587308E+07  0.164570E+08
  0.801154E-02  0.164311E+08  0.164247E+08  0.000000E+00  0.000000E+00  0.580632E+07  0.164168E+08
  0.810105E-02  0.163906E+08  0.163841E+08  0.000000E+00  0.000000E+00  0.573990E+07  0.163762E+08
  0.819156E-02  0.163497E+08  0.163430E+08  0.000000E+00  0.000000E+00  0.567383E+07  0.163353E+08
  0.828309E-02  0.163084E+08  0.163016E+08  0.000000E+00  0.000000E+00  0.560810E+07  0.162939E+08
  0.837564E-02  0.162668E+08  0.162598E+08  0.000000E+00  0.000000E+00  0.554269E+07  0.162522E+08
  0.846922E-02  0.162247E+08  0.162176E+08  0.000000E+00  0.000000E+00  0.547759E+07  0.162101E+08
  0.856385E-02  0.161823E+08  0.161751E+08  0.000000E+00  0.000000E+00  0.541280E+07  0.161677E+08
  0.865953E-02  0.161395E+08  0.161321E+08  0.000000E+00  0.000000E+00  0.534831E+07  0.161248E+08
  0.875628E-02  0.160964E+08  0.160888E+08  0.000000E+00  0.000000E+00  0.528413E+07  0.160816E+08
  0.885412E-02  0.160528E+08  0.160451E+08  0.000000E+00  0.000000E+00  0.522025E+07  0.160380E+08
  0.895305E-02  0.160088E+08  0.160010E+08  0.000000E+00  0.000000E+00  0.515668E+07  0.159940E+08
  0.905308E-02  0.159645E+08  0.159565E+08  0.000000E+00  0.000000E+00  0.509344E+07  0.159496E+08
  0.915423E-02  0.159198E+08  0.159116E+08  0.000000E+00  0.000000E+00  0.503053E+07  0.159048E+08
  0.925651E-02  0.158747E+08  0.158663E+08  0.000000E+00  0.000000E+00  0.496796E+07  0.158597E+08
  0.935993E-02  0.158291E+08  0.158206E+08  0.000000E+00  0.000000E+00  0.490576E+07  0.158141E+08
  0.946451E-02  0.157832E+08  0.157745E+08  0.000000E+00  0.000000E+00  0.484391E+07  0.157681E+08
  0.957026E-02  0.157369E+08  0.157281E+08  0.000000E+00  0.000000E+00  0.478243E+07  0.157218E+08
  0.967719E-02  0.156902E+08  0.156812E+08  0.000000E+00  0.000000E+00  0.472133E+07  0.156750E+08
  0.978531E-02  0.156431E+08  0.156339E+08  0.000000E+00  0.000000E+00  0.466061E+07  0.156279E+08
  0.989465E-02  0.155956E+08  0.155862E+08  0.000000E+00  0.000000E+00  0.460026E+07  0.155803E+08
  0.100052E-01  0.155476E+08  0.155381E+08  0.000000E+00  0.000000E+00  0.454030E+07  0.155323E+08
  0.101170E-01  0.154993E+08  0.154895E+08  0.000000E+00  0.000000E+00  0.448073E+07  0.154840E+08
  0.102300E-01  0.154506E+08  0.154406E+08  0.000000E+00  0.000000E+00  0.442154E+07  0.154352E+08
  0.103443E-01  0.154014E+08  0.153913E+08  0.000000E+00  0.000000E+00  0.436276E+07  0.153860E+08
  0.104599E-01  0.153518E+08  0.153415E+08  0.000000E+00  0.000000E+00  0.430438E+07  0.153364E+08
  0.105768E-01  0.153019E+08  0.152913E+08  0.000000E+00  0.000000E+00  0.424639E+07  0.152863E+08
  0.106949E-01  0.152515E+08  0.152407E+08  0.000000E+00  0.000000E+00  0.418881E+07  0.152359E+08
  0.108144E-01  0.152006E+08  0.151897E+08  0.000000E+00  0.000000E+00  0.413162E+07  0.151850E+08
  0.109353E-01  0.151494E+08  0.151382E+08  0.000000E+00  0.000000E+00  0.407483E+07  0.151338E+08
  0.110575E-01  0.150977E+08  0.150863E+08  0.000000E+00  0.000000E+00  0.401844E+07  0.150820E+08
  0.111810E-01  0.150456E+08  0.150340E+08  0.000000E+00  0.000000E+00  0.396245E+07  0.150299E+08
  0.113059E-01  0.149931E+08  0.149813E+08  0.000000E+00  0.000000E+00  0.390687E+07  0.149774E+08
  0.114322E-01  0.149402E+08  0.149281E+08  0.000000E+00  0.000000E+00  0.385171E+07  0.149244E+08
  0.115600E-01  0.148868E+08  0.148745E+08  0.000000E+00  0.000000E+00  0.379699E+07  0.148710E+08
  0.116891E-01  0.148330E+08  0.148205E+08  0.000000E+00  0.000000E+00  0.374272E+07  0.148171E+08
  0.118197E-01  0.147788E+08  0.147660E+08  0.000000E+00  0.000000E+00  0.368892E+07  0.147629E+08
  0.119518E-01  0.147241E+08  0.147111E+08  0.000000E+00  0.000000E+00  0.363559E+07  0.147082E+08
  0.120853E-01  0.146690E+08  0.146557E+08  0.000000E+00  0.000000E+00  0.358274E+07  0.146530E+08
  0.122204E-01  0.146135E+08  0.145999E+08  0.000000E+00  0.000000E+00  0.353033E+07  0.145975E+08
  0.123569E-01  0.145575E+08  0.145437E+08  0.000000E+00  0.000000E+00  0.347836E+07  0.145414E+08
  0.124950E-01  0.145011E+08  0.144870E+08  0.000000E+00  0.000000E+00  0.342679E+07  0.144850E+08
  0.126346E-01  0.144442E+08  0.144299E+08  0.000000E+00  0.000000E+00  0.337561E+07  0.144281E+08
  0.127758E-01  0.143869E+08  0.143723E+08  0.000000E+00  0.000000E+00  0.332480E+07  0.143707E+08
  0.129185E-01  0.143292E+08  0.143143E+08  0.000000E+00  0.000000E+00  0.327435E+07  0.143130E+08
  0.130628E-01  0.142710E+08  0.142558E+08  0.000000E+00  0.000000E+00  0.322430E+07  0.142547E+08
  0.132088E-01  0.142123E+08  0.141969E+08  0.000000E+00  0.000000E+00  0.317466E+07  0.141961E+08
  0.133564E-01  0.141532E+08  0.141375E+08  0.000000E+00  0.000000E+00  0.312546E+07  0.141369E+08
  0.135056E-01  0.140937E+08  0.140777E+08  0.000000E+00  0.000000E+00  0.307674E+07  0.140774E+08
  0.136565E-01  0.140337E+08  0.140174E+08  0.000000E+00  0.000000E+00  0.302852E+07  0.140173E+08
  0.138091E-01  0.139733E+08  0.139566E+08  0.000000E+00  0.000000E+00  0.298081E+07  0.139569E+08
  0.139634E-01  0.139124E+08  0.138955E+08  0.000000E+00  0.000000E+00  0.293361E+07  0.138960E+08
  0.141194E-01  0.138510E+08  0.138338E+08  0.000000E+00  0.000000E+00  0.288689E+07  0.138346E+08
  0.142772E-01  0.137892E+08  0.137717E+08  0.000000E+00  0.000000E+00  0.284065E+07  0.137727E+08
  0.144367E-01  0.137270E+08  0.137091E+08  0.000000E+00  0.000000E+00  0.279486E+07  0.137105E+08
  0.145980E-01  0.136642E+08  0.136461E+08  0.000000E+00  0.000000E+00  0.274950E+07  0.136477E+08
  0.147611E-01  0.136011E+08  0.135826E+08  0.000000E+00  0.000000E+00  0.270455E+07  0.135845E+08
  0.149260E-01  0.135375E+08  0.135186E+08  0.000000E+00  0.000000E+00  0.266003E+07  0.135209E+08
  0.150928E-01  0.134734E+08  0.134542E+08  0.000000E+00  0.000000E+00  0.261594E+07  0.134568E+08
  0.152614E-01  0.134088E+08  0.133894E+08  0.000000E+00  0.000000E+00  0.257227E+07  0.133922E+08
  0.154319E-01  0.133439E+08  0.133240E+08  0.000000E+00  0.000000E+00  0.252904E+07  0.133272E+08
  0.156043E-01  0.132784E+08  0.132582E+08  0.000000E+00  0.000000E+00  0.248626E+07  0.132617E+08
  0.157787E-01  0.132125E+08  0.131920E+08  0.000000E+00  0.000000E+00  0.244393E+07  0.131958E+08
  0.159550E-01  0.131461E+08  0.131253E+08  0.000000E+00  0.000000E+00  0.240208E+07  0.131294E+08
  0.161333E-01  0.130793E+08  0.130581E+08  0.000000E+00  0.000000E+00  0.236070E+07  0.130626E+08
  0.163135E-01  0.130120E+08  0.129904E+08  0.000000E+00  0.000000E+00  0.231980E+07  0.129953E+08
  0.164958E-01  0.129443E+08  0.129224E+08  0.000000E+00  0.000000E+00  0.227938E+07  0.129275E+08
  0.166801E-01  0.128761E+08  0.128538E+08  0.000000E+00  0.000000E+00  0.223943E+07  0.128593E+08
  0.168665E-01  0.128075E+08  0.127848E+08  0.000000E+00  0.000000E+00  0.219992E+07  0.127907E+08
  0.170549E-01  0.127384E+08  0.127153E+08  0.000000E+00  0.000000E+00  0.216085E+07  0.127216E+08
  0.172455E-01  0.126689E+08  0.126454E+08  0.000000E+00  0.000000E+00  0.212220E+07  0.126520E+08
  0.174382E-01  0.125989E+08  0.125750E+08  0.000000E+00  0.000000E+00  0.208398E+07  0.125820E+08
  0.176330E-01  0.125285E+08  0.125042E+08  0.000000E+00  0.000000E+00  0.204621E+07  0.125115E+08
  0.178300E-01  0.124576E+08  0.124329E+08  0.000000E+00  0.000000E+00  0.200891E+07  0.124406E+08
  0.180292E-01  0.123863E+08  0.123612E+08  0.000000E+00  0.000000E+00  0.197207E+07  0.123693E+08
  0.182307E-01  0.123145E+08  0.122891E+08  0.000000E+00  0.000000E+00  0.193570E+07  0.122975E+08
  0.184344E-01  0.122423E+08  0.122165E+08  0.000000E+00  0.000000E+00  0.189976E+07  0.122253E+08
  0.186403E-01  0.121697E+08  0.121434E+08  0.000000E+00  0.000000E+00  0.186424E+07  0.121527E+08
  0.188486E-01  0.120966E+08  0.120700E+08  0.000000E+00  0.000000E+00  0.182914E+07  0.120796E+08
  0.190592E-01  0.120231E+08  0.119961E+08  0.000000E+00  0.000000E+00  0.179448E+07  0.120061E+08
  0.192721E-01  0.119492E+08  0.119217E+08  0.000000E+00  0.000000E+00  0.176029E+07  0.119322E+08
  0.194875E-01  0.118749E+08  0.118470E+08  0.000000E+00  0.000000E+00  0.172657E+07  0.118578E+08
  0.197052E-01  0.118001E+08  0.117718E+08  0.000000E+00  0.000000E+00  0.169332E+07  0.117830E+08
  0.199254E-01  0.117249E+08  0.116962E+08  0.000000E+00  0.000000E+00  0.166051E+07  0.117079E+08
  0.201480E-01  0.116494E+08  0.116202E+08  0.000000E+00  0.000000E+00  0.162810E+07  0.116323E+08
  0.203731E-01  0.115734E+08  0.115438E+08  0.000000E+00  0.000000E+00  0.159609E+07  0.115563E+08
  0.206007E-01  0.114970E+08  0.114670E+08  0.000000E+00  0.000000E+00  0.156447E+07  0.114799E+08
  0.208309E-01  0.114203E+08  0.113898E+08  0.000000E+00  0.000000E+00  0.153327E+07  0.114031E+08
  0.210637E-01  0.113431E+08  0.113123E+08  0.000000E+00  0.000000E+00  0.150252E+07  0.113260E+08
  0.212990E-01  0.112656E+08  0.112343E+08  0.000000E+00  0.000000E+00  0.147223E+07  0.112485E+08
  0.215370E-01  0.111877E+08  0.111560E+08  0.000000E+00  0.000000E+00  0.144239E+07  0.111706E+08
  0.217776E-01  0.111095E+08  0.110773E+08  0.000000E+00  0.000000E+00  0.141297E+07  0.110923E+08
  0.220209E-01  0.110309E+08  0.109983E+08  0.000000E+00  0.000000E+00  0.138396E+07  0.110137E+08
  0.222670E-01  0.109519E+08  0.109189E+08  0.000000E+00  0.000000E+00  0.135536E+07  0.109348E+08
  0.225158E-01  0.108726E+08  0.108392E+08  0.000000E+00  0.000000E+00  0.132717E+07  0.108555E+08
  0.227673E-01  0.107930E+08  0.107591E+08  0.000000E+00  0.000000E+00  0.129940E+07  0.107758E+08
  0.230217E-01  0.107131E+08  0.106788E+08  0.000000E+00  0.000000E+00  0.127204E+07  0.106959E+08
  0.232789E-01  0.106328E+08  0.105981E+08  0.000000E+00  0.000000E+00  0.124508E+07  0.106157E+08
  0.235390E-01  0.105523E+08  0.105171E+08  0.000000E+00  0.000000E+00  0.121854E+07  0.105351E+08
  0.238020E-01  0.104714E+08  0.104359E+08  0.000000E+00  0.000000E+00  0.119241E+07  0.104543E+08
  0.240680E-01  0.103903E+08  0.103543E+08  0.000000E+00  0.000000E+00  0.116669E+07  0.103732E+08
  0.243369E-01  0.103090E+08  0.102726E+08  0.000000E+00  0.000000E+00  0.114137E+07  0.102918E+08
  0.246088E-01  0.102274E+08  0.101905E+08  0.000000E+00  0.000000E+00  0.111643E+07  0.102102E+08
  0.248838E-01  0.101455E+08  0.101083E+08  0.000000E+00  0.000000E+00  0.109189E+07  0.101284E+08
  0.251618E-01  0.100634E+08  0.100258E+08  0.000000E+00  0.000000E+00  0.106777E+07  0.100463E+08
  0.254429E-01  0.998113E+07  0.994310E+07  0.000000E+00  0.000000E+00  0.104408E+07  0.996404E+07
  0.257272E-01  0.989865E+07  0.986022E+07  0.000000E+00  0.000000E+00  0.102079E+07  0.988157E+07
  0.260147E-01  0.981599E+07  0.977717E+07  0.000000E+00  0.000000E+00  0.997874E+06  0.979893E+07
  0.263053E-01  0.973317E+07  0.969396E+07  0.000000E+00  0.000000E+00  0.975293E+06  0.971612E+07
  0.265992E-01  0.965020E+07  0.961062E+07  0.000000E+00  0.000000E+00  0.953065E+06  0.963317E+07
  0.268964E-01  0.956711E+07  0.952715E+07  0.000000E+00  0.000000E+00  0.931232E+06  0.955009E+07
  0.271970E-01  0.948390E+07  0.944357E+07  0.000000E+00  0.000000E+00  0.909820E+06  0.946691E+07
  0.275008E-01  0.940060E+07  0.935992E+07  0.000000E+00  0.000000E+00  0.888811E+06  0.938363E+07
  0.278081E-01  0.931722E+07  0.927620E+07  0.000000E+00  0.000000E+00  0.868165E+06  0.930028E+07
  0.281188E-01  0.923379E+07  0.919243E+07  0.000000E+00  0.000000E+00  0.847858E+06  0.921688E+07
  0.284330E-01  0.915033E+07  0.910864E+07  0.000000E+00  0.000000E+00  0.827899E+06  0.913344E+07
  0.287507E-01  0.906685E+07  0.902484E+07  0.000000E+00  0.000000E+00  0.808307E+06  0.905000E+07
  0.290719E-01  0.898338E+07  0.894107E+07  0.000000E+00  0.000000E+00  0.789090E+06  0.896656E+07
  0.293967E-01  0.889994E+07  0.885733E+07  0.000000E+00  0.000000E+00  0.770242E+06  0.888316E+07
  0.297252E-01  0.881656E+07  0.877366E+07  0.000000E+00  0.000000E+00  0.751753E+06  0.879981E+07
  0.300573E-01  0.873324E+07  0.869008E+07  0.000000E+00  0.000000E+00  0.733611E+06  0.871654E+07
  0.303931E-01  0.865003E+07  0.860660E+07  0.000000E+00  0.000000E+00  0.715804E+06  0.863336E+07
  0.307327E-01  0.856694E+07  0.852327E+07  0.000000E+00  0.000000E+00  0.698334E+06  0.855032E+07
  0.310761E-01  0.848399E+07  0.844009E+07  0.000000E+00  0.000000E+00  0.681222E+06  0.846742E+07
  0.314233E-01  0.840122E+07  0.835711E+07  0.000000E+00  0.000000E+00  0.664478E+06  0.838470E+07
  0.317744E-01  0.831864E+07  0.827433E+07  0.000000E+00  0.000000E+00  0.648077E+06  0.830217E+07
  0.321294E-01  0.823629E+07  0.819180E+07  0.000000E+00  0.000000E+00  0.631983E+06  0.821988E+07
  0.324884E-01  0.815419E+07  0.810953E+07  0.000000E+00  0.000000E+00  0.616198E+06  0.813783E+07
  0.328514E-01  0.807236E+07  0.802756E+07  0.000000E+00  0.000000E+00  0.600757E+06  0.805606E+07
  0.332184E-01  0.799083E+07  0.794590E+07  0.000000E+00  0.000000E+00  0.585672E+06  0.797460E+07
  0.335896E-01  0.790964E+07  0.786460E+07  0.000000E+00  0.000000E+00  0.570909E+06  0.789348E+07
  0.339649E-01  0.782880E+07  0.778368E+07  0.000000E+00  0.000000E+00  0.556432E+06  0.781271E+07
  0.343444E-01  0.774835E+07  0.770316E+07  0.000000E+00  0.000000E+00  0.542251E+06  0.773233E+07
  0.347281E-01  0.766832E+07  0.762307E+07  0.000000E+00  0.000000E+00  0.528394E+06  0.765237E+07
  0.351161E-01  0.758872E+07  0.754345E+07  0.000000E+00  0.000000E+00  0.514865E+06  0.757286E+07
  0.355085E-01  0.750960E+07  0.746432E+07  0.000000E+00  0.000000E+00  0.501640E+06  0.749381E+07
  0.359052E-01  0.743097E+07  0.738572E+07  0.000000E+00  0.000000E+00  0.488701E+06  0.741527E+07
  0.363064E-01  0.735288E+07  0.730766E+07  0.000000E+00  0.000000E+00  0.476040E+06  0.733726E+07
  0.367120E-01  0.727533E+07  0.723018E+07  0.000000E+00  0.000000E+00  0.463668E+06  0.725981E+07
  0.371222E-01  0.719837E+07  0.715330E+07  0.000000E+00  0.000000E+00  0.451603E+06  0.718294E+07
  0.375370E-01  0.712202E+07  0.707707E+07  0.000000E+00  0.000000E+00  0.439839E+06  0.710669E+07
  0.379564E-01  0.704631E+07  0.700149E+07  0.000000E+00  0.000000E+00  0.428341E+06  0.703108E+07
  0.383805E-01  0.697125E+07  0.692660E+07  0.000000E+00  0.000000E+00  0.417098E+06  0.695613E+07
  0.388093E-01  0.689688E+07  0.685242E+07  0.000000E+00  0.000000E+00  0.406137E+06  0.688187E+07
  0.392429E-01  0.682322E+07  0.677897E+07  0.000000E+00  0.000000E+00  0.395462E+06  0.680832E+07
  0.396814E-01  0.675030E+07  0.670629E+07  0.000000E+00  0.000000E+00  0.385037E+06  0.673552E+07
  0.401248E-01  0.667815E+07  0.663441E+07  0.000000E+00  0.000000E+00  0.374854E+06  0.666349E+07
  0.405731E-01  0.660679E+07  0.656334E+07  0.000000E+00  0.000000E+00  0.364941E+06  0.659225E+07
  0.410264E-01  0.653625E+07  0.649312E+07  0.000000E+00  0.000000E+00  0.355296E+06  0.652183E+07
  0.414848E-01  0.646655E+07  0.642376E+07  0.000000E+00  0.000000E+00  0.345887E+06  0.645226E+07
  0.419483E-01  0.639770E+07  0.635529E+07  0.000000E+00  0.000000E+00  0.336703E+06  0.638355E+07
  0.424170E-01  0.632974E+07  0.628772E+07  0.000000E+00  0.000000E+00  0.327756E+06  0.631572E+07
  0.428909E-01  0.626266E+07  0.622107E+07  0.000000E+00  0.000000E+00  0.319059E+06  0.624878E+07
  0.433702E-01  0.619650E+07  0.615536E+07  0.000000E+00  0.000000E+00  0.310601E+06  0.618276E+07
  0.438547E-01  0.613125E+07  0.609059E+07  0.000000E+00  0.000000E+00  0.302354E+06  0.611766E+07
  0.443447E-01  0.606694E+07  0.602678E+07  0.000000E+00  0.000000E+00  0.294314E+06  0.605349E+07
  0.448402E-01  0.600357E+07  0.596394E+07  0.000000E+00  0.000000E+00  0.286505E+06  0.599028E+07
  0.453412E-01  0.594116E+07  0.590208E+07  0.000000E+00  0.000000E+00  0.278915E+06  0.592802E+07
  0.458478E-01  0.587972E+07  0.584121E+07  0.000000E+00  0.000000E+00  0.271517E+06  0.586673E+07
  0.463601E-01  0.581924E+07  0.578134E+07  0.000000E+00  0.000000E+00  0.264325E+06  0.580642E+07
  0.468780E-01  0.575974E+07  0.572246E+07  0.000000E+00  0.000000E+00  0.257341E+06  0.574708E+07
  0.474018E-01  0.570122E+07  0.566458E+07  0.000000E+00  0.000000E+00  0.250536E+06  0.568872E+07
  0.479314E-01  0.564366E+07  0.560769E+07  0.000000E+00  0.000000E+00  0.243909E+06  0.563133E+07
  0.484670E-01  0.558707E+07  0.555178E+07  0.000000E+00  0.000000E+00  0.237476E+06  0.557491E+07
  0.490085E-01  0.553143E+07  0.549684E+07  0.000000E+00  0.000000E+00  0.231231E+06  0.551944E+07
  0.495561E-01  0.547674E+07  0.544286E+07  0.000000E+00  0.000000E+00  0.225147E+06  0.546491E+07
  0.501098E-01  0.542298E+07  0.538984E+07  0.000000E+00  0.000000E+00  0.219219E+06  0.541133E+07
  0.506696E-01  0.537014E+07  0.533775E+07  0.000000E+00  0.000000E+00  0.213469E+06  0.535867E+07
  0.512358E-01  0.531822E+07  0.528659E+07  0.000000E+00  0.000000E+00  0.207886E+06  0.530692E+07
  0.518082E-01  0.526719E+07  0.523633E+07  0.000000E+00  0.000000E+00  0.202445E+06  0.525607E+07
  0.523871E-01  0.521704E+07  0.518696E+07  0.000000E+00  0.000000E+00  0.197158E+06  0.520609E+07
  0.529724E-01  0.516773E+07  0.513843E+07  0.000000E+00  0.000000E+00  0.192019E+06  0.515696E+07
  0.535643E-01  0.511923E+07  0.509073E+07  0.000000E+00  0.000000E+00  0.187011E+06  0.510864E+07
  0.541628E-01  0.507151E+07  0.504381E+07  0.000000E+00  0.000000E+00  0.182147E+06  0.506110E+07
  0.547679E-01  0.502454E+07  0.499763E+07  0.000000E+00  0.000000E+00  0.177416E+06  0.501430E+07
  0.553799E-01  0.497826E+07  0.495215E+07  0.000000E+00  0.000000E+00  0.172800E+06  0.496820E+07
  0.559986E-01  0.493264E+07  0.490733E+07  0.000000E+00  0.000000E+00  0.168304E+06  0.492276E+07
  0.566243E-01  0.488765E+07  0.486313E+07  0.000000E+00  0.000000E+00  0.163940E+06  0.487794E+07
  0.572570E-01  0.484324E+07  0.481951E+07  0.000000E+00  0.000000E+00  0.159684E+06  0.483370E+07
  0.578967E-01  0.479938E+07  0.477642E+07  0.000000E+00  0.000000E+00  0.155529E+06  0.479000E+07
  0.585436E-01  0.475601E+07  0.473381E+07  0.000000E+00  0.000000E+00  0.151488E+06  0.474680E+07
  0.594634E-01  0.469589E+07  0.467474E+07  0.000000E+00  0.000000E+00  0.145984E+06  0.468691E+07
  0.603832E-01  0.463741E+07  0.461726E+07  0.000000E+00  0.000000E+00  0.140755E+06  0.462865E+07
  0.613030E-01  0.458035E+07  0.456114E+07  0.000000E+00  0.000000E+00  0.135766E+06  0.457181E+07
  0.622228E-01  0.452454E+07  0.450622E+07  0.000000E+00  0.000000E+00  0.131017E+06  0.451619E+07
  0.631426E-01  0.446979E+07  0.445230E+07  0.000000E+00  0.000000E+00  0.126478E+06  0.446164E+07
  0.640624E-01  0.441596E+07  0.439923E+07  0.000000E+00  0.000000E+00  0.122134E+06  0.440798E+07
  0.649823E-01  0.436290E+07  0.434687E+07  0.000000E+00  0.000000E+00  0.117979E+06  0.435509E+07
  0.659021E-01  0.431047E+07  0.429509E+07  0.000000E+00  0.000000E+00  0.113991E+06  0.430283E+07
  0.668219E-01  0.425857E+07  0.424377E+07  0.000000E+00  0.000000E+00  0.110161E+06  0.425108E+07
  0.677417E-01  0.420709E+07  0.419279E+07  0.000000E+00  0.000000E+00  0.106486E+06  0.419973E+07
  0.686615E-01  0.415593E+07  0.414207E+07  0.000000E+00  0.000000E+00  0.102949E+06  0.414870E+07
  0.695813E-01  0.410501E+07  0.409154E+07  0.000000E+00  0.000000E+00  0.995411E+05  0.409790E+07
  0.705011E-01  0.405428E+07  0.404113E+07  0.000000E+00  0.000000E+00  0.962665E+05  0.404728E+07
  0.714209E-01  0.400369E+07  0.399079E+07  0.000000E+00  0.000000E+00  0.931000E+05  0.399678E+07
  0.723407E-01  0.395319E+07  0.394049E+07  0.000000E+00  0.000000E+00  0.900511E+05  0.394638E+07
  0.732605E-01  0.390278E+07  0.389022E+07  0.000000E+00  0.000000E+00  0.871064E+05  0.389604E+07
  0.741803E-01  0.385242E+07  0.383995E+07  0.000000E+00  0.000000E+00  0.842628E+05  0.384576E+07
  0.751002E-01  0.380212E+07  0.378969E+07  0.000000E+00  0.000000E+00  0.815141E+05  0.379553E+07
  0.760200E-01  0.375189E+07  0.373945E+07  0.000000E+00  0.000000E+00  0.788656E+05  0.374535E+07
  0.769398E-01  0.370173E+07  0.368924E+07  0.000000E+00  0.000000E+00  0.762985E+05  0.369525E+07
  0.778596E-01  0.365167E+07  0.363908E+07  0.000000E+00  0.000000E+00  0.738240E+05  0.364523E+07
  0.787794E-01  0.360174E+07  0.358903E+07  0.000000E+00  0.000000E+00  0.714285E+05  0.359534E+07
  0.796992E-01  0.355199E+07  0.353912E+07  0.000000E+00  0.000000E+00  0.691149E+05  0.354563E+07
  0.806190E-01  0.350246E+07  0.348941E+07  0.000000E+00  0.000000E+00  0.668787E+05  0.349613E+07
  0.815388E-01  0.345319E+07  0.343994E+07  0.000000E+00  0.000000E+00  0.647205E+05  0.344689E+07
  0.824586E-01  0.340424E+07  0.339076E+07  0.000000E+00  0.000000E+00  0.626330E+05  0.339796E+07
  0.833784E-01  0.335566E+07  0.334195E+07  0.000000E+00  0.000000E+00  0.606220E+05  0.334941E+07
  0.842982E-01  0.330752E+07  0.329356E+07  0.000000E+00  0.000000E+00  0.586785E+05  0.330129E+07
  0.852180E-01  0.325988E+07  0.324567E+07  0.000000E+00  0.000000E+00  0.568035E+05  0.325367E+07
  0.861379E-01  0.321281E+07  0.319835E+07  0.000000E+00  0.000000E+00  0.549955E+05  0.320661E+07
  0.870577E-01  0.316637E+07  0.315165E+07  0.000000E+00  0.000000E+00  0.532530E+05  0.316019E+07
  0.879775E-01  0.312060E+07  0.310565E+07  0.000000E+00  0.000000E+00  0.515740E+05  0.311444E+07
  0.888973E-01  0.307558E+07  0.306039E+07  0.000000E+00  0.000000E+00  0.499581E+05  0.306944E+07
  0.898171E-01  0.303135E+07  0.301593E+07  0.000000E+00  0.000000E+00  0.484026E+05  0.302522E+07
  0.907369E-01  0.298797E+07  0.297234E+07  0.000000E+00  0.000000E+00  0.469048E+05  0.298186E+07
  0.916567E-01  0.294549E+07  0.292968E+07  0.000000E+00  0.000000E+00  0.454648E+05  0.293941E+07
  0.925765E-01  0.290397E+07  0.288799E+07  0.000000E+00  0.000000E+00  0.440793E+05  0.289791E+07
  0.934963E-01  0.286344E+07  0.284732E+07  0.000000E+00  0.000000E+00  0.427497E+05  0.285741E+07
  0.944161E-01  0.282395E+07  0.280770E+07  0.000000E+00  0.000000E+00  0.414727E+05  0.281795E+07
  0.953360E-01  0.278552E+07  0.276918E+07  0.000000E+00  0.000000E+00  0.402470E+05  0.277955E+07
  0.962558E-01  0.274818E+07  0.273178E+07  0.000000E+00  0.000000E+00  0.390699E+05  0.274225E+07
  0.971756E-01  0.271197E+07  0.269553E+07  0.000000E+00  0.000000E+00  0.379432E+05  0.270607E+07
  0.980954E-01  0.267689E+07  0.266045E+07  0.000000E+00  0.000000E+00  0.368603E+05  0.267104E+07
  0.990152E-01  0.264296E+07  0.262654E+07  0.000000E+00  0.000000E+00  0.358243E+05  0.263715E+07
  0.999350E-01  0.261017E+07  0.259380E+07  0.000000E+00  0.000000E+00  0.348308E+05  0.260441E+07
  0.100855E+00  0.257853E+07  0.256225E+07  0.000000E+00  0.000000E+00  0.338791E+05  0.257282E+07
  0.101775E+00  0.254804E+07  0.253187E+07  0.000000E+00  0.000000E+00  0.329671E+05  0.254238E+07
  0.102694E+00  0.251868E+07  0.250265E+07  0.000000E+00  0.000000E+00  0.320943E+05  0.251308E+07
  0.103614E+00  0.249044E+07  0.247458E+07  0.000000E+00  0.000000E+00  0.312560E+05  0.248490E+07
  0.104534E+00  0.246330E+07  0.244763E+07  0.000000E+00  0.000000E+00  0.304555E+05  0.245783E+07
  0.105454E+00  0.243723E+07  0.242178E+07  0.000000E+00  0.000000E+00  0.296871E+05  0.243182E+07
  0.106374E+00  0.241219E+07  0.239699E+07  0.000000E+00  0.000000E+00  0.289507E+05  0.240685E+07
  0.107293E+00  0.238815E+07  0.237321E+07  0.000000E+00  0.000000E+00  0.282445E+05  0.238288E+07
  0.108213E+00  0.236507E+07  0.235042E+07  0.000000E+00  0.000000E+00  0.275668E+05  0.235987E+07
  0.109133E+00  0.234291E+07  0.232856E+07  0.000000E+00  0.000000E+00  0.269159E+05  0.233779E+07
  0.110053E+00  0.232163E+07  0.230760E+07  0.000000E+00  0.000000E+00  0.262922E+05  0.231658E+07
  0.110973E+00  0.230117E+07  0.228747E+07  0.000000E+00  0.000000E+00  0.256910E+05  0.229620E+07
  0.111893E+00  0.228148E+07  0.226813E+07  0.000000E+00  0.000000E+00  0.251132E+05  0.227659E+07
  0.112812E+00  0.226252E+07  0.224952E+07  0.000000E+00  0.000000E+00  0.245572E+05  0.225770E+07
  0.113732E+00  0.224421E+07  0.223158E+07  0.000000E+00  0.000000E+00  0.240211E+05  0.223948E+07
  0.114652E+00  0.222653E+07  0.221425E+07  0.000000E+00  0.000000E+00  0.235042E+05  0.222187E+07
  0.115572E+00  0.220940E+07  0.219749E+07  0.000000E+00  0.000000E+00  0.230049E+05  0.220481E+07
  0.116492E+00  0.219277E+07  0.218123E+07  0.000000E+00  0.000000E+00  0.225221E+05  0.218826E+07
  0.117411E+00  0.217659E+07  0.216541E+07  0.000000E+00  0.000000E+00  0.220549E+05  0.217216E+07
  0.118331E+00  0.216080E+07  0.214998E+07  0.000000E+00  0.000000E+00  0.216025E+05  0.215644E+07
  0.119251E+00  0.214534E+07  0.213487E+07  0.000000E+00  0.000000E+00  0.211626E+05  0.214106E+07
  0.120171E+00  0.213016E+07  0.212004E+07  0.000000E+00  0.000000E+00  0.207359E+05  0.212595E+07
  0.121091E+00  0.211521E+07  0.210542E+07  0.000000E+00  0.000000E+00  0.203208E+05  0.211107E+07
  0.122010E+00  0.210044E+07  0.209098E+07  0.000000E+00  0.000000E+00  0.199162E+05  0.209637E+07
  0.122930E+00  0.208581E+07  0.207665E+07  0.000000E+00  0.000000E+00  0.195214E+05  0.208180E+07
  0.123850E+00  0.207127E+07  0.206240E+07  0.000000E+00  0.000000E+00  0.191368E+05  0.206732E+07
  0.124770E+00  0.205678E+07  0.204819E+07  0.000000E+00  0.000000E+00  0.187598E+05  0.205289E+07
  0.125690E+00  0.204231E+07  0.203398E+07  0.000000E+00  0.000000E+00  0.183921E+05  0.203848E+07
  0.126609E+00  0.202783E+07  0.201973E+07  0.000000E+00  0.000000E+00  0.180313E+05  0.202405E+07
  0.127529E+00  0.201330E+07  0.200543E+07  0.000000E+00  0.000000E+00  0.176778E+05  0.200958E+07
  0.128449E+00  0.199870E+07  0.199104E+07  0.000000E+00  0.000000E+00  0.173310E+05  0.199503E+07
  0.129369E+00  0.198401E+07  0.197653E+07  0.000000E+00  0.000000E+00  0.169908E+05  0.198039E+07
  0.130289E+00  0.196921E+07  0.196189E+07  0.000000E+00  0.000000E+00  0.166562E+05  0.196563E+07
  0.131209E+00  0.195428E+07  0.194710E+07  0.000000E+00  0.000000E+00  0.163282E+05  0.195074E+07
  0.132128E+00  0.193921E+07  0.193215E+07  0.000000E+00  0.000000E+00  0.160055E+05  0.193571E+07
  0.133048E+00  0.192399E+07  0.191704E+07  0.000000E+00  0.000000E+00  0.156883E+05  0.192052E+07
  0.133968E+00  0.190862E+07  0.190174E+07  0.000000E+00  0.000000E+00  0.153763E+05  0.190518E+07
  0.134888E+00  0.189308E+07  0.188627E+07  0.000000E+00  0.000000E+00  0.150694E+05  0.188967E+07
  0.135808E+00  0.187739E+07  0.187063E+07  0.000000E+00  0.000000E+00  0.147671E+05  0.187401E+07
  0.136727E+00  0.186155E+07  0.185481E+07  0.000000E+00  0.000000E+00  0.144703E+05  0.185819E+07
  0.137647E+00  0.184556E+07  0.183883E+07  0.000000E+00  0.000000E+00  0.141775E+05  0.184222E+07
  0.138567E+00  0.182944E+07  0.182271E+07  0.000000E+00  0.000000E+00  0.138900E+05  0.182612E+07
  0.139487E+00  0.181320E+07  0.180645E+07  0.000000E+00  0.000000E+00  0.136078E+05  0.180990E+07
  0.140407E+00  0.179686E+07  0.179008E+07  0.000000E+00  0.000000E+00  0.133295E+05  0.179358E+07
  0.141326E+00  0.178044E+07  0.177361E+07  0.000000E+00  0.000000E+00  0.130563E+05  0.177716E+07
  0.142246E+00  0.176394E+07  0.175706E+07  0.000000E+00  0.000000E+00  0.127882E+05  0.176068E+07
  0.143166E+00  0.174740E+07  0.174045E+07  0.000000E+00  0.000000E+00  0.125246E+05  0.174415E+07
  0.144086E+00  0.173085E+07  0.172382E+07  0.000000E+00  0.000000E+00  0.122661E+05  0.172760E+07
  0.145006E+00  0.171429E+07  0.170719E+07  0.000000E+00  0.000000E+00  0.120129E+05  0.171106E+07
  0.145925E+00  0.169777E+07  0.169058E+07  0.000000E+00  0.000000E+00  0.117645E+05  0.169454E+07
  0.146845E+00  0.168130E+07  0.167402E+07  0.000000E+00  0.000000E+00  0.115215E+05  0.167808E+07
  0.147765E+00  0.166491E+07  0.165754E+07  0.000000E+00  0.000000E+00  0.112835E+05  0.166170E+07
  0.148685E+00  0.164862E+07  0.164116E+07  0.000000E+00  0.000000E+00  0.110508E+05  0.164541E+07
  0.149605E+00  0.163246E+07  0.162491E+07  0.000000E+00  0.000000E+00  0.108232E+05  0.162926E+07
  0.150525E+00  0.161645E+07  0.160881E+07  0.000000E+00  0.000000E+00  0.106009E+05  0.161326E+07
  0.151444E+00  0.160062E+07  0.159288E+07  0.000000E+00  0.000000E+00  0.103838E+05  0.159743E+07
  0.152364E+00  0.158498E+07  0.157717E+07  0.000000E+00  0.000000E+00  0.101725E+05  0.158180E+07
  0.153284E+00  0.156957E+07  0.156167E+07  0.000000E+00  0.000000E+00  0.996588E+04  0.156639E+07
  0.154204E+00  0.155440E+07  0.154642E+07  0.000000E+00  0.000000E+00  0.976487E+04  0.155123E+07
  0.155124E+00  0.153949E+07  0.153145E+07  0.000000E+00  0.000000E+00  0.956916E+04  0.153632E+07
  0.156043E+00  0.152486E+07  0.151676E+07  0.000000E+00  0.000000E+00  0.937888E+04  0.152170E+07
  0.156963E+00  0.151053E+07  0.150238E+07  0.000000E+00  0.000000E+00  0.919361E+04  0.150738E+07
  0.157883E+00  0.149651E+07  0.148832E+07  0.000000E+00  0.000000E+00  0.901398E+04  0.149338E+07
  0.158803E+00  0.148282E+07  0.147459E+07  0.000000E+00  0.000000E+00  0.883913E+04  0.147970E+07
  0.159723E+00  0.146946E+07  0.146122E+07  0.000000E+00  0.000000E+00  0.866964E+04  0.146636E+07
  0.160642E+00  0.145646E+07  0.144820E+07  0.000000E+00  0.000000E+00  0.850530E+04  0.145337E+07
  0.161562E+00  0.144381E+07  0.143555E+07  0.000000E+00  0.000000E+00  0.834583E+04  0.144073E+07
  0.162482E+00  0.143152E+07  0.142327E+07  0.000000E+00  0.000000E+00  0.819096E+04  0.142846E+07
  0.163402E+00  0.141959E+07  0.141136E+07  0.000000E+00  0.000000E+00  0.804121E+04  0.141655E+07
  0.164322E+00  0.140803E+07  0.139982E+07  0.000000E+00  0.000000E+00  0.789571E+04  0.140500E+07
  0.165241E+00  0.139682E+07  0.138866E+07  0.000000E+00  0.000000E+00  0.775485E+04  0.139382E+07
  0.166161E+00  0.138598E+07  0.137786E+07  0.000000E+00  0.000000E+00  0.761834E+04  0.138299E+07
  0.167081E+00  0.137548E+07  0.136743E+07  0.000000E+00  0.000000E+00  0.748603E+04  0.137252E+07
  0.168001E+00  0.136533E+07  0.135735E+07  0.000000E+00  0.000000E+00  0.735796E+04  0.136239E+07
  0.168921E+00  0.135552E+07  0.134762E+07  0.000000E+00  0.000000E+00  0.723383E+04  0.135261E+07
  0.169840E+00  0.134604E+07  0.133822E+07  0.000000E+00  0.000000E+00  0.711346E+04  0.134315E+07
  0.170760E+00  0.133687E+07  0.132915E+07  0.000000E+00  0.000000E+00  0.699678E+04  0.133401E+07
  0.171680E+00  0.132801E+07  0.132040E+07  0.000000E+00  0.000000E+00  0.688380E+04  0.132518E+07
  0.172600E+00  0.131944E+07  0.131194E+07  0.000000E+00  0.000000E+00  0.677376E+04  0.131663E+07
  0.173520E+00  0.131114E+07  0.130376E+07  0.000000E+00  0.000000E+00  0.666736E+04  0.130836E+07
  0.174440E+00  0.130311E+07  0.129584E+07  0.000000E+00  0.000000E+00  0.656365E+04  0.130036E+07
  0.175359E+00  0.129531E+07  0.128818E+07  0.000000E+00  0.000000E+00  0.646300E+04  0.129259E+07
  0.176279E+00  0.128775E+07  0.128074E+07  0.000000E+00  0.000000E+00  0.636499E+04  0.128506E+07
  0.177199E+00  0.128039E+07  0.127351E+07  0.000000E+00  0.000000E+00  0.626958E+04  0.127773E+07
  0.178119E+00  0.127322E+07  0.126648E+07  0.000000E+00  0.000000E+00  0.617646E+04  0.127059E+07
  0.179039E+00  0.126622E+07  0.125962E+07  0.000000E+00  0.000000E+00  0.608586E+04  0.126362E+07
  0.179958E+00  0.125938E+07  0.125291E+07  0.000000E+00  0.000000E+00  0.599713E+04  0.125681E+07
  0.180878E+00  0.125267E+07  0.124634E+07  0.000000E+00  0.000000E+00  0.591055E+04  0.125013E+07
  0.181798E+00  0.124607E+07  0.123988E+07  0.000000E+00  0.000000E+00  0.582580E+04  0.124356E+07
  0.182718E+00  0.123957E+07  0.123351E+07  0.000000E+00  0.000000E+00  0.574278E+04  0.123709E+07
  0.183638E+00  0.123315E+07  0.122722E+07  0.000000E+00  0.000000E+00  0.566142E+04  0.123069E+07
  0.184557E+00  0.122679E+07  0.122099E+07  0.000000E+00  0.000000E+00  0.558164E+04  0.122436E+07
  0.185477E+00  0.122048E+07  0.121480E+07  0.000000E+00  0.000000E+00  0.550314E+04  0.121808E+07
  0.186397E+00  0.121419E+07  0.120863E+07  0.000000E+00  0.000000E+00  0.542614E+04  0.121182E+07
  0.187317E+00  0.120792E+07  0.120248E+07  0.000000E+00  0.000000E+00  0.535019E+04  0.120557E+07
  0.188237E+00  0.120166E+07  0.119632E+07  0.000000E+00  0.000000E+00  0.527551E+04  0.119933E+07
  0.189156E+00  0.119538E+07  0.119015E+07  0.000000E+00  0.000000E+00  0.520184E+04  0.119308E+07
  0.190076E+00  0.118909E+07  0.118395E+07  0.000000E+00  0.000000E+00  0.512916E+04  0.118681E+07
  0.190996E+00  0.118276E+07  0.117772E+07  0.000000E+00  0.000000E+00  0.505731E+04  0.118051E+07
  0.191916E+00  0.117640E+07  0.117144E+07  0.000000E+00  0.000000E+00  0.498652E+04  0.117416E+07
  0.192836E+00  0.116999E+07  0.116510E+07  0.000000E+00  0.000000E+00  0.491642E+04  0.116777E+07
  0.193756E+00  0.116352E+07  0.115871E+07  0.000000E+00  0.000000E+00  0.484713E+04  0.116132E+07
  0.194675E+00  0.115699E+07  0.115224E+07  0.000000E+00  0.000000E+00  0.477870E+04  0.115481E+07
  0.195595E+00  0.115040E+07  0.114571E+07  0.000000E+00  0.000000E+00  0.471087E+04  0.114824E+07
  0.196515E+00  0.114375E+07  0.113910E+07  0.000000E+00  0.000000E+00  0.464373E+04  0.114160E+07
  0.197435E+00  0.113702E+07  0.113242E+07  0.000000E+00  0.000000E+00  0.457736E+04  0.113489E+07
  0.198355E+00  0.113023E+07  0.112566E+07  0.000000E+00  0.000000E+00  0.451169E+04  0.112811E+07
  0.199274E+00  0.112336E+07  0.111882E+07  0.000000E+00  0.000000E+00  0.444649E+04  0.112126E+07
  0.200194E+00  0.111643E+07  0.111191E+07  0.000000E+00  0.000000E+00  0.438222E+04  0.111434E+07
  0.201114E+00  0.110944E+07  0.110493E+07  0.000000E+00  0.000000E+00  0.431838E+04  0.110735E+07
  0.202034E+00  0.110238E+07  0.109789E+07  0.000000E+00  0.000000E+00  0.425535E+04  0.110031E+07
  0.202954E+00  0.109527E+07  0.109078E+07  0.000000E+00  0.000000E+00  0.419290E+04  0.109321E+07
  0.203873E+00  0.108811E+07  0.108362E+07  0.000000E+00  0.000000E+00  0.413127E+04  0.108606E+07
  0.204793E+00  0.108091E+07  0.107641E+07  0.000000E+00  0.000000E+00  0.407024E+04  0.107886E+07
  0.205713E+00  0.107367E+07  0.106916E+07  0.000000E+00  0.000000E+00  0.401014E+04  0.107163E+07
  0.206633E+00  0.106640E+07  0.106188E+07  0.000000E+00  0.000000E+00  0.395054E+04  0.106437E+07
  0.207553E+00  0.105911E+07  0.105458E+07  0.000000E+00  0.000000E+00  0.389182E+04  0.105709E+07
  0.208472E+00  0.105182E+07  0.104726E+07  0.000000E+00  0.000000E+00  0.383376E+04  0.104980E+07
  0.209392E+00  0.104452E+07  0.103994E+07  0.000000E+00  0.000000E+00  0.377653E+04  0.104250E+07
  0.210312E+00  0.103722E+07  0.103262E+07  0.000000E+00  0.000000E+00  0.372015E+04  0.103521E+07
  0.211232E+00  0.102995E+07  0.102532E+07  0.000000E+00  0.000000E+00  0.366467E+04  0.102794E+07
  0.212152E+00  0.102269E+07  0.101804E+07  0.000000E+00  0.000000E+00  0.360996E+04  0.102070E+07
  0.213072E+00  0.101548E+07  0.101080E+07  0.000000E+00  0.000000E+00  0.355621E+04  0.101348E+07
  0.213991E+00  0.100830E+07  0.100359E+07  0.000000E+00  0.000000E+00  0.350323E+04  0.100631E+07
  0.214911E+00  0.100118E+07  0.996447E+06  0.000000E+00  0.000000E+00  0.345114E+04  0.999196E+06
  0.215831E+00  0.994119E+06  0.989360E+06  0.000000E+00  0.000000E+00  0.340002E+04  0.992140E+06
  0.216751E+00  0.987128E+06  0.982345E+06  0.000000E+00  0.000000E+00  0.334976E+04  0.985154E+06
  0.217671E+00  0.980215E+06  0.975410E+06  0.000000E+00  0.000000E+00  0.330053E+04  0.978246E+06
  0.218590E+00  0.973388E+06  0.968562E+06  0.000000E+00  0.000000E+00  0.325224E+04  0.971425E+06
  0.219510E+00  0.966654E+06  0.961809E+06  0.000000E+00  0.000000E+00  0.320484E+04  0.964696E+06
  0.222398E+00  0.946191E+06  0.941306E+06  0.000000E+00  0.000000E+00  0.306243E+04  0.944252E+06
  0.225325E+00  0.926639E+06  0.921746E+06  0.000000E+00  0.000000E+00  0.292778E+04  0.924724E+06
  0.228289E+00  0.908148E+06  0.903285E+06  0.000000E+00  0.000000E+00  0.280101E+04  0.906261E+06
  0.231293E+00  0.890798E+06  0.886004E+06  0.000000E+00  0.000000E+00  0.268206E+04  0.888943E+06
  0.234337E+00  0.874596E+06  0.869910E+06  0.000000E+00  0.000000E+00  0.257056E+04  0.872777E+06
  0.237420E+00  0.859481E+06  0.854936E+06  0.000000E+00  0.000000E+00  0.246583E+04  0.857703E+06
  0.240544E+00  0.845322E+06  0.840944E+06  0.000000E+00  0.000000E+00  0.236728E+04  0.843588E+06
  0.243709E+00  0.831932E+06  0.827738E+06  0.000000E+00  0.000000E+00  0.227413E+04  0.830243E+06
  0.246915E+00  0.819074E+06  0.815069E+06  0.000000E+00  0.000000E+00  0.218541E+04  0.817430E+06
  0.250164E+00  0.806502E+06  0.802679E+06  0.000000E+00  0.000000E+00  0.210040E+04  0.804901E+06
  0.253456E+00  0.793974E+06  0.790319E+06  0.000000E+00  0.000000E+00  0.201817E+04  0.792415E+06
  0.256791E+00  0.781286E+06  0.777775E+06  0.000000E+00  0.000000E+00  0.193823E+04  0.779765E+06
  0.260170E+00  0.768273E+06  0.764876E+06  0.000000E+00  0.000000E+00  0.186021E+04  0.766786E+06
  0.263593E+00  0.754833E+06  0.751517E+06  0.000000E+00  0.000000E+00  0.178372E+04  0.753375E+06
  0.267061E+00  0.740939E+06  0.737674E+06  0.000000E+00  0.000000E+00  0.170867E+04  0.739507E+06
  0.270575E+00  0.726646E+06  0.723403E+06  0.000000E+00  0.000000E+00  0.163533E+04  0.725235E+06
  0.274135E+00  0.712072E+06  0.708830E+06  0.000000E+00  0.000000E+00  0.156385E+04  0.710679E+06
  0.277742E+00  0.697380E+06  0.694127E+06  0.000000E+00  0.000000E+00  0.149458E+04  0.696004E+06
  0.281397E+00  0.682766E+06  0.679500E+06  0.000000E+00  0.000000E+00  0.142786E+04  0.681407E+06
  0.285099E+00  0.668436E+06  0.665162E+06  0.000000E+00  0.000000E+00  0.136410E+04  0.667093E+06
  0.288850E+00  0.654579E+06  0.651311E+06  0.000000E+00  0.000000E+00  0.130344E+04  0.653254E+06
  0.292651E+00  0.641336E+06  0.638094E+06  0.000000E+00  0.000000E+00  0.124616E+04  0.640032E+06
  0.296502E+00  0.628787E+06  0.625593E+06  0.000000E+00  0.000000E+00  0.119216E+04  0.627506E+06
  0.300403E+00  0.616949E+06  0.613824E+06  0.000000E+00  0.000000E+00  0.114135E+04  0.615693E+06
  0.304355E+00  0.605774E+06  0.602737E+06  0.000000E+00  0.000000E+00  0.109347E+04  0.604546E+06
  0.308360E+00  0.595151E+06  0.592212E+06  0.000000E+00  0.000000E+00  0.104820E+04  0.593951E+06
  0.312417E+00  0.584921E+06  0.582087E+06  0.000000E+00  0.000000E+00  0.100514E+04  0.583750E+06
  0.316528E+00  0.574915E+06  0.572182E+06  0.000000E+00  0.000000E+00  0.963919E+03  0.573772E+06
  0.320693E+00  0.564973E+06  0.562331E+06  0.000000E+00  0.000000E+00  0.924164E+03  0.563857E+06
  0.324912E+00  0.554959E+06  0.552394E+06  0.000000E+00  0.000000E+00  0.885633E+03  0.553867E+06
  0.329187E+00  0.544785E+06  0.542279E+06  0.000000E+00  0.000000E+00  0.699097E+03  0.543715E+06
  0.333519E+00  0.534429E+06  0.531966E+06  0.000000E+00  0.000000E+00  0.668726E+03  0.533379E+06
  0.337907E+00  0.523930E+06  0.521496E+06  0.000000E+00  0.000000E+00  0.639243E+03  0.522897E+06
  0.342353E+00  0.513370E+06  0.510954E+06  0.000000E+00  0.000000E+00  0.610736E+03  0.512353E+06
  0.346858E+00  0.502867E+06  0.500466E+06  0.000000E+00  0.000000E+00  0.583312E+03  0.501866E+06
  0.351422E+00  0.492554E+06  0.490171E+06  0.000000E+00  0.000000E+00  0.557074E+03  0.491568E+06
  0.356046E+00  0.482546E+06  0.480187E+06  0.000000E+00  0.000000E+00  0.532127E+03  0.481577E+06
  0.360730E+00  0.472921E+06  0.470597E+06  0.000000E+00  0.000000E+00  0.508474E+03  0.471969E+06
  0.365477E+00  0.463715E+06  0.461436E+06  0.000000E+00  0.000000E+00  0.486107E+03  0.462782E+06
  0.370286E+00  0.454913E+06  0.452688E+06  0.000000E+00  0.000000E+00  0.464950E+03  0.453999E+06
  0.375158E+00  0.446449E+06  0.444284E+06  0.000000E+00  0.000000E+00  0.444885E+03  0.445555E+06
  0.380094E+00  0.438230E+06  0.436127E+06  0.000000E+00  0.000000E+00  0.425757E+03  0.437355E+06
  0.385095E+00  0.430158E+06  0.428114E+06  0.000000E+00  0.000000E+00  0.407450E+03  0.429303E+06
  0.390162E+00  0.422139E+06  0.420148E+06  0.000000E+00  0.000000E+00  0.389832E+03  0.421302E+06
  0.395296E+00  0.414113E+06  0.412166E+06  0.000000E+00  0.000000E+00  0.372827E+03  0.413293E+06
  0.400497E+00  0.406062E+06  0.404151E+06  0.000000E+00  0.000000E+00  0.356407E+03  0.405258E+06
  0.405766E+00  0.398005E+06  0.396122E+06  0.000000E+00  0.000000E+00  0.340565E+03  0.397215E+06
  0.411105E+00  0.389992E+06  0.388134E+06  0.000000E+00  0.000000E+00  0.325320E+03  0.389216E+06
  0.416515E+00  0.382095E+06  0.380262E+06  0.000000E+00  0.000000E+00  0.310721E+03  0.381333E+06
  0.421995E+00  0.374380E+06  0.372574E+06  0.000000E+00  0.000000E+00  0.296792E+03  0.373632E+06
  0.427547E+00  0.366896E+06  0.365120E+06  0.000000E+00  0.000000E+00  0.283542E+03  0.366161E+06
  0.433173E+00  0.359663E+06  0.357923E+06  0.000000E+00  0.000000E+00  0.270957E+03  0.358943E+06
  0.438873E+00  0.352665E+06  0.350964E+06  0.000000E+00  0.000000E+00  0.258996E+03  0.351960E+06
  0.444647E+00  0.345865E+06  0.344205E+06  0.000000E+00  0.000000E+00  0.247606E+03  0.345175E+06
  0.450498E+00  0.339210E+06  0.337590E+06  0.000000E+00  0.000000E+00  0.236724E+03  0.338535E+06
  0.456425E+00  0.332648E+06  0.331065E+06  0.000000E+00  0.000000E+00  0.226291E+03  0.331986E+06
  0.462431E+00  0.326144E+06  0.324595E+06  0.000000E+00  0.000000E+00  0.216270E+03  0.325496E+06
  0.468515E+00  0.319686E+06  0.318167E+06  0.000000E+00  0.000000E+00  0.206641E+03  0.319051E+06
  0.474680E+00  0.313285E+06  0.311792E+06  0.000000E+00  0.000000E+00  0.197395E+03  0.312661E+06
  0.480926E+00  0.306970E+06  0.305502E+06  0.000000E+00  0.000000E+00  0.188529E+03  0.306358E+06
  0.487253E+00  0.300773E+06  0.299331E+06  0.000000E+00  0.000000E+00  0.180056E+03  0.300173E+06
  0.493665E+00  0.294724E+06  0.293309E+06  0.000000E+00  0.000000E+00  0.171979E+03  0.294136E+06
  0.500160E+00  0.288835E+06  0.287448E+06  0.000000E+00  0.000000E+00  0.164279E+03  0.288259E+06
  0.506741E+00  0.283099E+06  0.281741E+06  0.000000E+00  0.000000E+00  0.156946E+03  0.282534E+06
  0.513409E+00  0.277499E+06  0.276170E+06  0.000000E+00  0.000000E+00  0.149948E+03  0.276945E+06
  0.520164E+00  0.272005E+06  0.270706E+06  0.000000E+00  0.000000E+00  0.143260E+03  0.271463E+06
  0.527008E+00  0.266597E+06  0.265325E+06  0.000000E+00  0.000000E+00  0.136856E+03  0.266066E+06
  0.533942E+00  0.261260E+06  0.260015E+06  0.000000E+00  0.000000E+00  0.130721E+03  0.260740E+06
  0.540968E+00  0.255998E+06  0.254776E+06  0.000000E+00  0.000000E+00  0.124843E+03  0.255488E+06
  0.548086E+00  0.250818E+06  0.249619E+06  0.000000E+00  0.000000E+00  0.119215E+03  0.250318E+06
  0.555297E+00  0.245736E+06  0.244560E+06  0.000000E+00  0.000000E+00  0.113838E+03  0.245246E+06
  0.562604E+00  0.240764E+06  0.239611E+06  0.000000E+00  0.000000E+00  0.108709E+03  0.240284E+06
  0.570006E+00  0.235905E+06  0.234775E+06  0.000000E+00  0.000000E+00  0.103810E+03  0.235434E+06
  0.577506E+00  0.231153E+06  0.230047E+06  0.000000E+00  0.000000E+00  0.991391E+02  0.230693E+06
  0.585105E+00  0.226498E+06  0.225416E+06  0.000000E+00  0.000000E+00  0.946773E+02  0.226047E+06
  0.592803E+00  0.221929E+06  0.220869E+06  0.000000E+00  0.000000E+00  0.904109E+02  0.221487E+06
  0.600603E+00  0.217435E+06  0.216397E+06  0.000000E+00  0.000000E+00  0.863286E+02  0.217002E+06
  0.608506E+00  0.213017E+06  0.212000E+06  0.000000E+00  0.000000E+00  0.824261E+02  0.212593E+06
  0.616512E+00  0.208677E+06  0.207680E+06  0.000000E+00  0.000000E+00  0.786948E+02  0.208261E+06
  0.624624E+00  0.204421E+06  0.203444E+06  0.000000E+00  0.000000E+00  0.751301E+02  0.204014E+06
  0.632843E+00  0.200252E+06  0.199295E+06  0.000000E+00  0.000000E+00  0.717263E+02  0.199853E+06
  0.641170E+00  0.196171E+06  0.195233E+06  0.000000E+00  0.000000E+00  0.684773E+02  0.195780E+06
  0.649606E+00  0.192173E+06  0.191254E+06  0.000000E+00  0.000000E+00  0.653733E+02  0.191790E+06
  0.658153E+00  0.188252E+06  0.187353E+06  0.000000E+00  0.000000E+00  0.624099E+02  0.187877E+06
  0.708756E+00  0.167391E+06  0.166591E+06  0.000000E+00  0.000000E+00  0.479444E+02  0.167057E+06
  0.763250E+00  0.148745E+06  0.148035E+06  0.000000E+00  0.000000E+00  0.367993E+02  0.148449E+06
  0.821934E+00  0.132085E+06  0.131454E+06  0.000000E+00  0.000000E+00  0.282207E+02  0.131821E+06
  0.885130E+00  0.117211E+06  0.116651E+06  0.000000E+00  0.000000E+00  0.216240E+02  0.116978E+06
  0.953184E+00  0.103947E+06  0.103450E+06  0.000000E+00  0.000000E+00  0.165557E+02  0.103740E+06
  0.102647E+01  0.921281E+05  0.916881E+05  0.000000E+00  0.000000E+00  0.126663E+02  0.919445E+05
  0.110539E+01  0.816039E+05  0.812142E+05  0.000000E+00  0.000000E+00  0.968315E+01  0.814413E+05
  0.119038E+01  0.722406E+05  0.718957E+05  0.000000E+00  0.000000E+00  0.739805E+01  0.720967E+05
  0.128191E+01  0.639170E+05  0.636118E+05  0.000000E+00  0.000000E+00  0.564829E+01  0.637896E+05
  0.138047E+01  0.565216E+05  0.562517E+05  0.000000E+00  0.000000E+00  0.430973E+01  0.564090E+05
  0.148661E+01  0.499565E+05  0.497180E+05  0.000000E+00  0.000000E+00  0.328639E+01  0.498569E+05
  0.160091E+01  0.441317E+05  0.439210E+05  0.000000E+00  0.000000E+00  0.350871E+01  0.440438E+05
  0.172400E+01  0.389674E+05  0.387813E+05  0.000000E+00  0.000000E+00  0.267374E+01  0.388897E+05
  0.185655E+01  0.343912E+05  0.342271E+05  0.000000E+00  0.000000E+00  0.203626E+01  0.343227E+05
  0.199929E+01  0.303389E+05  0.301941E+05  0.000000E+00  0.000000E+00  0.154996E+01  0.302785E+05
  0.215301E+01  0.267523E+05  0.266246E+05  0.000000E+00  0.000000E+00  0.117918E+01  0.266990E+05
