    0.10000E-03    0.27161E+03
    0.10202E-03    0.27688E+03
    0.10408E-03    0.28226E+03
    0.10618E-03    0.28775E+03
    0.10833E-03    0.29333E+03
    0.11052E-03    0.29903E+03
    0.11275E-03    0.30484E+03
    0.11503E-03    0.31076E+03
    0.11735E-03    0.31680E+03
    0.11972E-03    0.32295E+03
    0.12214E-03    0.32922E+03
    0.12461E-03    0.33561E+03
    0.12712E-03    0.34213E+03
    0.12969E-03    0.34878E+03
    0.13231E-03    0.35555E+03
    0.13499E-03    0.36245E+03
    0.13771E-03    0.36949E+03
    0.14049E-03    0.37666E+03
    0.14333E-03    0.38398E+03
    0.14623E-03    0.39143E+03
    0.14918E-03    0.39903E+03
    0.15220E-03    0.40678E+03
    0.15527E-03    0.41467E+03
    0.15841E-03    0.42272E+03
    0.16161E-03    0.43093E+03
    0.16487E-03    0.43929E+03
    0.16820E-03    0.44782E+03
    0.17160E-03    0.45651E+03
    0.17507E-03    0.46537E+03
    0.17860E-03    0.47440E+03
    0.18221E-03    0.48361E+03
    0.18589E-03    0.49299E+03
    0.18965E-03    0.50256E+03
    0.19348E-03    0.51231E+03
    0.19739E-03    0.52224E+03
    0.20138E-03    0.53237E+03
    0.20544E-03    0.54270E+03
    0.20959E-03    0.55323E+03
    0.21383E-03    0.56396E+03
    0.21815E-03    0.57489E+03
    0.22255E-03    0.58604E+03
    0.22705E-03    0.59740E+03
    0.23164E-03    0.60898E+03
    0.23632E-03    0.62079E+03
    0.24109E-03    0.63282E+03
    0.24596E-03    0.64508E+03
    0.25093E-03    0.65758E+03
    0.25600E-03    0.67033E+03
    0.26117E-03    0.68331E+03
    0.26645E-03    0.69655E+03
    0.27183E-03    0.71004E+03
    0.27732E-03    0.72379E+03
    0.28292E-03    0.73781E+03
    0.28864E-03    0.75209E+03
    0.29447E-03    0.76665E+03
    0.30042E-03    0.78149E+03
    0.30649E-03    0.79661E+03
    0.31268E-03    0.81203E+03
    0.31899E-03    0.82774E+03
    0.32544E-03    0.84375E+03
    0.33201E-03    0.86006E+03
    0.33872E-03    0.87669E+03
    0.34556E-03    0.89364E+03
    0.35254E-03    0.91091E+03
    0.35966E-03    0.92851E+03
    0.36693E-03    0.94645E+03
    0.37434E-03    0.96473E+03
    0.38190E-03    0.98336E+03
    0.38962E-03    0.10023E+04
    0.39749E-03    0.10217E+04
    0.40552E-03    0.10414E+04
    0.41371E-03    0.10615E+04
    0.42207E-03    0.10820E+04
    0.43060E-03    0.11028E+04
    0.43929E-03    0.11241E+04
    0.44817E-03    0.11457E+04
    0.45722E-03    0.11678E+04
    0.46646E-03    0.11903E+04
    0.47588E-03    0.12132E+04
    0.48550E-03    0.12365E+04
    0.49530E-03    0.12603E+04
    0.50531E-03    0.12845E+04
    0.51552E-03    0.13092E+04
    0.52593E-03    0.13344E+04
    0.53656E-03    0.13600E+04
    0.54739E-03    0.13861E+04
    0.55845E-03    0.14127E+04
    0.56973E-03    0.14398E+04
    0.58124E-03    0.14674E+04
    0.59299E-03    0.14955E+04
    0.60496E-03    0.15241E+04
    0.61719E-03    0.15533E+04
    0.62965E-03    0.15830E+04
    0.64237E-03    0.16133E+04
    0.65535E-03    0.16441E+04
    0.66859E-03    0.16755E+04
    0.68210E-03    0.17075E+04
    0.69588E-03    0.17401E+04
    0.70993E-03    0.17732E+04
    0.72427E-03    0.18070E+04
    0.73891E-03    0.18414E+04
    0.75383E-03    0.18764E+04
    0.76906E-03    0.19121E+04
    0.78460E-03    0.19484E+04
    0.80045E-03    0.19854E+04
    0.81662E-03    0.20230E+04
    0.83311E-03    0.20614E+04
    0.84994E-03    0.21004E+04
    0.86711E-03    0.21401E+04
    0.88463E-03    0.21806E+04
    0.90250E-03    0.22217E+04
    0.92073E-03    0.22636E+04
    0.93933E-03    0.23063E+04
    0.95831E-03    0.23497E+04
    0.97767E-03    0.23939E+04
    0.99742E-03    0.24389E+04
    0.10176E-02    0.24847E+04
    0.10381E-02    0.25313E+04
    0.10591E-02    0.25787E+04
    0.10805E-02    0.26269E+04
    0.11023E-02    0.26760E+04
    0.11246E-02    0.27259E+04
    0.11473E-02    0.27767E+04
    0.11705E-02    0.28284E+04
    0.11941E-02    0.28809E+04
    0.12182E-02    0.29344E+04
    0.12429E-02    0.29888E+04
    0.12680E-02    0.30441E+04
    0.12936E-02    0.31003E+04
    0.13197E-02    0.31575E+04
    0.13464E-02    0.32157E+04
    0.13736E-02    0.32748E+04
    0.14013E-02    0.33350E+04
    0.14296E-02    0.33961E+04
    0.14585E-02    0.34582E+04
    0.14880E-02    0.35213E+04
    0.15180E-02    0.35855E+04
    0.15487E-02    0.36507E+04
    0.15800E-02    0.37170E+04
    0.16119E-02    0.37844E+04
    0.16445E-02    0.38528E+04
    0.16777E-02    0.39223E+04
    0.17116E-02    0.39929E+04
    0.17462E-02    0.40646E+04
    0.17814E-02    0.41374E+04
    0.18174E-02    0.42113E+04
    0.18541E-02    0.42864E+04
    0.18916E-02    0.43627E+04
    0.19298E-02    0.44400E+04
    0.19688E-02    0.45186E+04
    0.20086E-02    0.45983E+04
    0.20491E-02    0.46792E+04
    0.20905E-02    0.47613E+04
    0.21328E-02    0.48445E+04
    0.21758E-02    0.49290E+04
    0.22198E-02    0.50146E+04
    0.22646E-02    0.51015E+04
    0.23104E-02    0.51896E+04
    0.23571E-02    0.52789E+04
    0.24047E-02    0.53694E+04
    0.24533E-02    0.54612E+04
    0.25028E-02    0.55542E+04
    0.25534E-02    0.56484E+04
    0.26050E-02    0.57438E+04
    0.26576E-02    0.58405E+04
    0.27113E-02    0.59384E+04
    0.27660E-02    0.60375E+04
    0.28219E-02    0.61378E+04
    0.28789E-02    0.62394E+04
    0.29371E-02    0.63422E+04
    0.29964E-02    0.64461E+04
    0.30569E-02    0.65514E+04
    0.31187E-02    0.66578E+04
    0.31817E-02    0.67654E+04
    0.32460E-02    0.68742E+04
    0.33115E-02    0.69843E+04
    0.33784E-02    0.70955E+04
    0.34467E-02    0.72078E+04
    0.35163E-02    0.73212E+04
    0.35874E-02    0.74356E+04
    0.36598E-02    0.75510E+04
    0.37338E-02    0.76675E+04
    0.38092E-02    0.77853E+04
    0.38861E-02    0.79042E+04
    0.39646E-02    0.80246E+04
    0.40447E-02    0.81464E+04
    0.41264E-02    0.82694E+04
    0.42098E-02    0.83931E+04
    0.42948E-02    0.85170E+04
    0.43816E-02    0.86406E+04
    0.44701E-02    0.87634E+04
    0.45604E-02    0.88857E+04
    0.46525E-02    0.90093E+04
    0.47465E-02    0.91358E+04
    0.48424E-02    0.92672E+04
    0.49402E-02    0.94054E+04
    0.50400E-02    0.95146E+04
    0.51419E-02    0.96439E+04
    0.52457E-02    0.97743E+04
    0.53517E-02    0.99053E+04
    0.54598E-02    0.10037E+05
    0.55701E-02    0.10169E+05
    0.56826E-02    0.10301E+05
    0.57974E-02    0.10434E+05
    0.59145E-02    0.10567E+05
    0.60340E-02    0.10699E+05
    0.61559E-02    0.10833E+05
    0.62803E-02    0.10966E+05
    0.64072E-02    0.11099E+05
    0.65366E-02    0.11232E+05
    0.66686E-02    0.11364E+05
    0.68033E-02    0.11497E+05
    0.69408E-02    0.11629E+05
    0.70810E-02    0.11761E+05
    0.72240E-02    0.11892E+05
    0.73700E-02    0.12023E+05
    0.75189E-02    0.12153E+05
    0.76708E-02    0.12282E+05
    0.78257E-02    0.12410E+05
    0.79838E-02    0.12537E+05
    0.81451E-02    0.12663E+05
    0.83096E-02    0.12788E+05
    0.84775E-02    0.12912E+05
    0.86488E-02    0.13034E+05
    0.88235E-02    0.13155E+05
    0.90017E-02    0.13274E+05
    0.91836E-02    0.13392E+05
    0.93691E-02    0.13507E+05
    0.95583E-02    0.13621E+05
    0.97514E-02    0.13732E+05
    0.99484E-02    0.13841E+05
    0.10149E-01    0.13948E+05
    0.10354E-01    0.14052E+05
    0.10564E-01    0.14153E+05
    0.10777E-01    0.14252E+05
    0.10995E-01    0.14347E+05
    0.11217E-01    0.14440E+05
    0.11443E-01    0.14529E+05
    0.11675E-01    0.14615E+05
    0.11910E-01    0.14697E+05
    0.12151E-01    0.14775E+05
    0.12397E-01    0.14850E+05
    0.12647E-01    0.14920E+05
    0.12902E-01    0.14986E+05
    0.13163E-01    0.15048E+05
    0.13429E-01    0.15105E+05
    0.13700E-01    0.15158E+05
    0.13977E-01    0.15205E+05
    0.14259E-01    0.15248E+05
    0.14547E-01    0.15285E+05
    0.14841E-01    0.15317E+05
    0.15141E-01    0.15343E+05
    0.15447E-01    0.15364E+05
    0.15759E-01    0.15379E+05
    0.16077E-01    0.15388E+05
    0.16402E-01    0.15391E+05
    0.16734E-01    0.15387E+05
    0.17072E-01    0.15377E+05
    0.17416E-01    0.15361E+05
    0.17768E-01    0.15338E+05
    0.18127E-01    0.15308E+05
    0.18493E-01    0.15271E+05
    0.18867E-01    0.15227E+05
    0.19248E-01    0.15177E+05
    0.19637E-01    0.15119E+05
    0.20034E-01    0.15054E+05
    0.20438E-01    0.14982E+05
    0.20851E-01    0.14902E+05
    0.21272E-01    0.14815E+05
    0.21702E-01    0.14721E+05
    0.22141E-01    0.14620E+05
    0.22588E-01    0.14512E+05
    0.23044E-01    0.14397E+05
    0.23510E-01    0.14275E+05
    0.23985E-01    0.14145E+05
    0.24469E-01    0.14010E+05
    0.24964E-01    0.13867E+05
    0.25468E-01    0.13719E+05
    0.25982E-01    0.13564E+05
    0.26507E-01    0.13403E+05
    0.27043E-01    0.13237E+05
    0.27589E-01    0.13065E+05
    0.28146E-01    0.12888E+05
    0.28715E-01    0.12707E+05
    0.29295E-01    0.12522E+05
    0.29887E-01    0.12332E+05
    0.30490E-01    0.12140E+05
    0.31106E-01    0.11944E+05
    0.31735E-01    0.11746E+05
    0.32376E-01    0.11546E+05
    0.33030E-01    0.11344E+05
    0.33697E-01    0.11141E+05
    0.34378E-01    0.10938E+05
    0.35072E-01    0.10735E+05
    0.35781E-01    0.10533E+05
    0.36504E-01    0.10332E+05
    0.37241E-01    0.10133E+05
    0.37993E-01    0.99353E+04
    0.38761E-01    0.97409E+04
    0.39544E-01    0.95497E+04
    0.40343E-01    0.93624E+04
    0.41158E-01    0.91792E+04
    0.41989E-01    0.90006E+04
    0.42838E-01    0.88269E+04
    0.43703E-01    0.86584E+04
    0.44586E-01    0.84956E+04
    0.45486E-01    0.83385E+04
    0.46405E-01    0.81874E+04
    0.47343E-01    0.80424E+04
    0.48299E-01    0.79035E+04
    0.49275E-01    0.77707E+04
    0.50270E-01    0.76439E+04
    0.51286E-01    0.75229E+04
    0.52322E-01    0.74074E+04
    0.53379E-01    0.72969E+04
    0.54457E-01    0.71912E+04
    0.55557E-01    0.70897E+04
    0.56680E-01    0.69919E+04
    0.57825E-01    0.68970E+04
    0.58993E-01    0.68042E+04
    0.60184E-01    0.67128E+04
    0.61400E-01    0.66220E+04
    0.62641E-01    0.65308E+04
    0.63906E-01    0.64384E+04
    0.65197E-01    0.63438E+04
    0.66514E-01    0.62462E+04
    0.67858E-01    0.61447E+04
    0.69229E-01    0.60388E+04
    0.70627E-01    0.59277E+04
    0.72054E-01    0.58109E+04
    0.73510E-01    0.56882E+04
    0.74994E-01    0.55594E+04
    0.76509E-01    0.54247E+04
    0.78055E-01    0.52843E+04
    0.79632E-01    0.51388E+04
    0.81241E-01    0.49889E+04
    0.82882E-01    0.48357E+04
    0.84556E-01    0.46804E+04
    0.86264E-01    0.45242E+04
    0.88007E-01    0.43687E+04
    0.89785E-01    0.42153E+04
    0.91598E-01    0.40656E+04
    0.93449E-01    0.39209E+04
    0.95337E-01    0.37829E+04
    0.97263E-01    0.36525E+04
    0.99227E-01    0.35308E+04
    0.10123E+00    0.34185E+04
    0.10328E+00    0.33162E+04
    0.10536E+00    0.32238E+04
    0.10749E+00    0.31412E+04
    0.10966E+00    0.30678E+04
    0.11188E+00    0.30027E+04
    0.11414E+00    0.29447E+04
    0.11644E+00    0.28922E+04
    0.11880E+00    0.28437E+04
    0.12120E+00    0.27971E+04
    0.12365E+00    0.27506E+04
    0.12614E+00    0.27021E+04
    0.12869E+00    0.26503E+04
    0.13129E+00    0.25936E+04
    0.13394E+00    0.25312E+04
    0.13665E+00    0.24628E+04
    0.13941E+00    0.23886E+04
    0.14223E+00    0.23094E+04
    0.14510E+00    0.22267E+04
    0.14803E+00    0.21424E+04
    0.15102E+00    0.20584E+04
    0.15407E+00    0.19770E+04
    0.15718E+00    0.19000E+04
    0.16036E+00    0.18292E+04
    0.16360E+00    0.17656E+04
    0.16690E+00    0.17099E+04
    0.17028E+00    0.16620E+04
    0.17371E+00    0.16210E+04
    0.17722E+00    0.15858E+04
    0.18080E+00    0.15547E+04
    0.18446E+00    0.15256E+04
    0.18818E+00    0.14964E+04
    0.19198E+00    0.14653E+04
    0.19586E+00    0.14310E+04
    0.19982E+00    0.13927E+04
    0.20386E+00    0.13506E+04
    0.20797E+00    0.13056E+04
    0.21218E+00    0.12590E+04
    0.21646E+00    0.12128E+04
    0.22083E+00    0.11688E+04
    0.22530E+00    0.11284E+04
    0.22985E+00    0.10925E+04
    0.23449E+00    0.10615E+04
    0.23923E+00    0.10348E+04
    0.24406E+00    0.10113E+04
    0.24899E+00    0.98959E+03
    0.25402E+00    0.96808E+03
    0.25915E+00    0.94551E+03
    0.26439E+00    0.92113E+03
    0.26973E+00    0.89488E+03
    0.27518E+00    0.86742E+03
    0.28074E+00    0.83980E+03
    0.28641E+00    0.81323E+03
    0.29219E+00    0.78870E+03
    0.29810E+00    0.76671E+03
    0.30412E+00    0.74718E+03
    0.31026E+00    0.72951E+03
    0.31653E+00    0.71280E+03
    0.32292E+00    0.69616E+03
    0.32945E+00    0.67898E+03
    0.33610E+00    0.66115E+03
    0.34289E+00    0.64297E+03
    0.34982E+00    0.62511E+03
    0.35689E+00    0.60817E+03
    0.36409E+00    0.59250E+03
    0.37145E+00    0.57809E+03
    0.37895E+00    0.56461E+03
    0.38661E+00    0.55158E+03
    0.39442E+00    0.53860E+03
    0.40239E+00    0.52553E+03
    0.41052E+00    0.51250E+03
    0.41881E+00    0.49981E+03
    0.42727E+00    0.48771E+03
    0.43590E+00    0.47630E+03
    0.44471E+00    0.46548E+03
    0.45369E+00    0.45503E+03
    0.46286E+00    0.44475E+03
    0.47221E+00    0.43460E+03
    0.48174E+00    0.42465E+03
    0.49148E+00    0.41503E+03
    0.50141E+00    0.40581E+03
    0.51153E+00    0.39695E+03
    0.52187E+00    0.38836E+03
    0.53241E+00    0.37997E+03
    0.54317E+00    0.37176E+03
    0.55414E+00    0.36376E+03
    0.56533E+00    0.35601E+03
    0.57675E+00    0.34851E+03
    0.58840E+00    0.34123E+03
    0.60029E+00    0.33414E+03
    0.61242E+00    0.32721E+03
    0.62479E+00    0.32046E+03
    0.63741E+00    0.31389E+03
    0.65029E+00    0.30751E+03
    0.66342E+00    0.30128E+03
    0.67683E+00    0.29521E+03
    0.69050E+00    0.28928E+03
    0.70445E+00    0.28349E+03
    0.71868E+00    0.27784E+03
    0.73320E+00    0.27232E+03
    0.74801E+00    0.26694E+03
    0.76312E+00    0.26167E+03
    0.77854E+00    0.25652E+03
    0.79426E+00    0.25148E+03
    0.81031E+00    0.24655E+03
    0.82668E+00    0.24172E+03
    0.84338E+00    0.23699E+03
    0.86041E+00    0.23236E+03
    0.87780E+00    0.22782E+03
    0.89553E+00    0.22337E+03
    0.91362E+00    0.21901E+03
    0.93208E+00    0.21473E+03
    0.95091E+00    0.21052E+03
    0.97011E+00    0.20640E+03
    0.98971E+00    0.20235E+03
    0.10097E+01    0.19837E+03
    0.10301E+01    0.19445E+03
    0.10509E+01    0.19061E+03
    0.10721E+01    0.18683E+03
    0.10938E+01    0.18312E+03
    0.11159E+01    0.17946E+03
    0.11384E+01    0.17586E+03
    0.11614E+01    0.17233E+03
    0.11849E+01    0.16884E+03
    0.12088E+01    0.16541E+03
    0.12333E+01    0.16204E+03
    0.12582E+01    0.15872E+03
    0.12836E+01    0.15544E+03
    0.13095E+01    0.15222E+03
    0.13360E+01    0.14904E+03
    0.13630E+01    0.14591E+03
    0.13905E+01    0.14283E+03
    0.14186E+01    0.13979E+03
    0.14472E+01    0.13680E+03
    0.14765E+01    0.13385E+03
    0.15063E+01    0.13095E+03
    0.15367E+01    0.12808E+03
    0.15678E+01    0.12526E+03
    0.15994E+01    0.12248E+03
    0.16318E+01    0.11974E+03
    0.16647E+01    0.11704E+03
    0.16984E+01    0.11438E+03
    0.17327E+01    0.11176E+03
    0.17677E+01    0.10918E+03
    0.18034E+01    0.10664E+03
    0.18398E+01    0.10414E+03
    0.18770E+01    0.10167E+03
    0.19149E+01    0.99244E+02
    0.19536E+01    0.96846E+02
    0.19930E+01    0.94484E+02
    0.20333E+01    0.92165E+02
    0.20744E+01    0.89895E+02
