    0.10000E-03    0.42373E+03
    0.10202E-03    0.43195E+03
    0.10408E-03    0.44033E+03
    0.10618E-03    0.44887E+03
    0.10833E-03    0.45758E+03
    0.11052E-03    0.46645E+03
    0.11275E-03    0.47550E+03
    0.11503E-03    0.48472E+03
    0.11735E-03    0.49412E+03
    0.11972E-03    0.50369E+03
    0.12214E-03    0.51346E+03
    0.12461E-03    0.52341E+03
    0.12712E-03    0.53356E+03
    0.12969E-03    0.54389E+03
    0.13231E-03    0.55443E+03
    0.13499E-03    0.56518E+03
    0.13771E-03    0.57612E+03
    0.14049E-03    0.58728E+03
    0.14333E-03    0.59866E+03
    0.14623E-03    0.61025E+03
    0.14918E-03    0.62206E+03
    0.15220E-03    0.63411E+03
    0.15527E-03    0.64638E+03
    0.15841E-03    0.65889E+03
    0.16161E-03    0.67164E+03
    0.16487E-03    0.68463E+03
    0.16820E-03    0.69787E+03
    0.17160E-03    0.71137E+03
    0.17507E-03    0.72512E+03
    0.17860E-03    0.73914E+03
    0.18221E-03    0.75343E+03
    0.18589E-03    0.76798E+03
    0.18965E-03    0.78282E+03
    0.19348E-03    0.79794E+03
    0.19739E-03    0.81334E+03
    0.20138E-03    0.82905E+03
    0.20544E-03    0.84504E+03
    0.20959E-03    0.86135E+03
    0.21383E-03    0.87796E+03
    0.21815E-03    0.89489E+03
    0.22255E-03    0.91214E+03
    0.22705E-03    0.92972E+03
    0.23164E-03    0.94763E+03
    0.23632E-03    0.96588E+03
    0.24109E-03    0.98447E+03
    0.24596E-03    0.10034E+04
    0.25093E-03    0.10227E+04
    0.25600E-03    0.10424E+04
    0.26117E-03    0.10624E+04
    0.26645E-03    0.10828E+04
    0.27183E-03    0.11036E+04
    0.27732E-03    0.11248E+04
    0.28292E-03    0.11464E+04
    0.28864E-03    0.11684E+04
    0.29447E-03    0.11908E+04
    0.30042E-03    0.12136E+04
    0.30649E-03    0.12368E+04
    0.31268E-03    0.12605E+04
    0.31899E-03    0.12846E+04
    0.32544E-03    0.13091E+04
    0.33201E-03    0.13341E+04
    0.33872E-03    0.13596E+04
    0.34556E-03    0.13856E+04
    0.35254E-03    0.14120E+04
    0.35966E-03    0.14389E+04
    0.36693E-03    0.14663E+04
    0.37434E-03    0.14942E+04
    0.38190E-03    0.15226E+04
    0.38962E-03    0.15515E+04
    0.39749E-03    0.15809E+04
    0.40552E-03    0.16109E+04
    0.41371E-03    0.16414E+04
    0.42207E-03    0.16725E+04
    0.43060E-03    0.17042E+04
    0.43929E-03    0.17364E+04
    0.44817E-03    0.17691E+04
    0.45722E-03    0.18025E+04
    0.46646E-03    0.18365E+04
    0.47588E-03    0.18710E+04
    0.48550E-03    0.19062E+04
    0.49530E-03    0.19420E+04
    0.50531E-03    0.19785E+04
    0.51552E-03    0.20156E+04
    0.52593E-03    0.20533E+04
    0.53656E-03    0.20917E+04
    0.54739E-03    0.21308E+04
    0.55845E-03    0.21705E+04
    0.56973E-03    0.22110E+04
    0.58124E-03    0.22521E+04
    0.59299E-03    0.22940E+04
    0.60496E-03    0.23366E+04
    0.61719E-03    0.23799E+04
    0.62965E-03    0.24239E+04
    0.64237E-03    0.24688E+04
    0.65535E-03    0.25144E+04
    0.66859E-03    0.25607E+04
    0.68210E-03    0.26079E+04
    0.69588E-03    0.26559E+04
    0.70993E-03    0.27047E+04
    0.72427E-03    0.27543E+04
    0.73891E-03    0.28047E+04
    0.75383E-03    0.28561E+04
    0.76906E-03    0.29082E+04
    0.78460E-03    0.29613E+04
    0.80045E-03    0.30153E+04
    0.81662E-03    0.30701E+04
    0.83311E-03    0.31259E+04
    0.84994E-03    0.31827E+04
    0.86711E-03    0.32403E+04
    0.88463E-03    0.32990E+04
    0.90250E-03    0.33586E+04
    0.92073E-03    0.34193E+04
    0.93933E-03    0.34809E+04
    0.95831E-03    0.35436E+04
    0.97767E-03    0.36074E+04
    0.99742E-03    0.36722E+04
    0.10176E-02    0.37381E+04
    0.10381E-02    0.38051E+04
    0.10591E-02    0.38733E+04
    0.10805E-02    0.39425E+04
    0.11023E-02    0.40130E+04
    0.11246E-02    0.40846E+04
    0.11473E-02    0.41574E+04
    0.11705E-02    0.42315E+04
    0.11941E-02    0.43067E+04
    0.12182E-02    0.43833E+04
    0.12429E-02    0.44611E+04
    0.12680E-02    0.45402E+04
    0.12936E-02    0.46207E+04
    0.13197E-02    0.47024E+04
    0.13464E-02    0.47856E+04
    0.13736E-02    0.48701E+04
    0.14013E-02    0.49560E+04
    0.14296E-02    0.50433E+04
    0.14585E-02    0.51321E+04
    0.14880E-02    0.52223E+04
    0.15180E-02    0.53140E+04
    0.15487E-02    0.54072E+04
    0.15800E-02    0.55019E+04
    0.16119E-02    0.55981E+04
    0.16445E-02    0.56959E+04
    0.16777E-02    0.57952E+04
    0.17116E-02    0.58961E+04
    0.17462E-02    0.59986E+04
    0.17814E-02    0.61027E+04
    0.18174E-02    0.62085E+04
    0.18541E-02    0.63159E+04
    0.18916E-02    0.64249E+04
    0.19298E-02    0.65356E+04
    0.19688E-02    0.66480E+04
    0.20086E-02    0.67621E+04
    0.20491E-02    0.68779E+04
    0.20905E-02    0.69955E+04
    0.21328E-02    0.71147E+04
    0.21758E-02    0.72357E+04
    0.22198E-02    0.73585E+04
    0.22646E-02    0.74830E+04
    0.23104E-02    0.76093E+04
    0.23571E-02    0.77374E+04
    0.24047E-02    0.78672E+04
    0.24533E-02    0.79989E+04
    0.25028E-02    0.81323E+04
    0.25534E-02    0.82675E+04
    0.26050E-02    0.84045E+04
    0.26576E-02    0.85433E+04
    0.27113E-02    0.86839E+04
    0.27660E-02    0.88263E+04
    0.28219E-02    0.89705E+04
    0.28789E-02    0.91165E+04
    0.29371E-02    0.92643E+04
    0.29964E-02    0.94138E+04
    0.30569E-02    0.95651E+04
    0.31187E-02    0.97181E+04
    0.31817E-02    0.98730E+04
    0.32460E-02    0.10030E+05
    0.33115E-02    0.10188E+05
    0.33784E-02    0.10348E+05
    0.34467E-02    0.10510E+05
    0.35163E-02    0.10673E+05
    0.35874E-02    0.10838E+05
    0.36598E-02    0.11005E+05
    0.37338E-02    0.11172E+05
    0.38092E-02    0.11342E+05
    0.38861E-02    0.11513E+05
    0.39646E-02    0.11686E+05
    0.40447E-02    0.11861E+05
    0.41264E-02    0.12038E+05
    0.42098E-02    0.12218E+05
    0.42948E-02    0.12398E+05
    0.43816E-02    0.12578E+05
    0.44701E-02    0.12758E+05
    0.45604E-02    0.12936E+05
    0.46525E-02    0.13112E+05
    0.47465E-02    0.13288E+05
    0.48424E-02    0.13464E+05
    0.49402E-02    0.13642E+05
    0.50400E-02    0.13824E+05
    0.51419E-02    0.14010E+05
    0.52457E-02    0.14199E+05
    0.53517E-02    0.14387E+05
    0.54598E-02    0.14577E+05
    0.55701E-02    0.14767E+05
    0.56826E-02    0.14958E+05
    0.57974E-02    0.15149E+05
    0.59145E-02    0.15340E+05
    0.60340E-02    0.15532E+05
    0.61559E-02    0.15724E+05
    0.62803E-02    0.15916E+05
    0.64072E-02    0.16107E+05
    0.65366E-02    0.16299E+05
    0.66686E-02    0.16490E+05
    0.68033E-02    0.16681E+05
    0.69408E-02    0.16872E+05
    0.70810E-02    0.17062E+05
    0.72240E-02    0.17251E+05
    0.73700E-02    0.17439E+05
    0.75189E-02    0.17626E+05
    0.76708E-02    0.17812E+05
    0.78257E-02    0.17997E+05
    0.79838E-02    0.18180E+05
    0.81451E-02    0.18362E+05
    0.83096E-02    0.18542E+05
    0.84775E-02    0.18721E+05
    0.86488E-02    0.18897E+05
    0.88235E-02    0.19071E+05
    0.90017E-02    0.19242E+05
    0.91836E-02    0.19411E+05
    0.93691E-02    0.19577E+05
    0.95583E-02    0.19741E+05
    0.97514E-02    0.19901E+05
    0.99484E-02    0.20058E+05
    0.10149E-01    0.20211E+05
    0.10354E-01    0.20361E+05
    0.10564E-01    0.20507E+05
    0.10777E-01    0.20649E+05
    0.10995E-01    0.20786E+05
    0.11217E-01    0.20919E+05
    0.11443E-01    0.21047E+05
    0.11675E-01    0.21170E+05
    0.11910E-01    0.21288E+05
    0.12151E-01    0.21400E+05
    0.12397E-01    0.21507E+05
    0.12647E-01    0.21608E+05
    0.12902E-01    0.21702E+05
    0.13163E-01    0.21791E+05
    0.13429E-01    0.21872E+05
    0.13700E-01    0.21947E+05
    0.13977E-01    0.22015E+05
    0.14259E-01    0.22076E+05
    0.14547E-01    0.22129E+05
    0.14841E-01    0.22174E+05
    0.15141E-01    0.22211E+05
    0.15447E-01    0.22240E+05
    0.15759E-01    0.22260E+05
    0.16077E-01    0.22272E+05
    0.16402E-01    0.22275E+05
    0.16734E-01    0.22269E+05
    0.17072E-01    0.22253E+05
    0.17416E-01    0.22228E+05
    0.17768E-01    0.22194E+05
    0.18127E-01    0.22150E+05
    0.18493E-01    0.22095E+05
    0.18867E-01    0.22031E+05
    0.19248E-01    0.21957E+05
    0.19637E-01    0.21872E+05
    0.20034E-01    0.21777E+05
    0.20438E-01    0.21671E+05
    0.20851E-01    0.21555E+05
    0.21272E-01    0.21429E+05
    0.21702E-01    0.21292E+05
    0.22141E-01    0.21145E+05
    0.22588E-01    0.20988E+05
    0.23044E-01    0.20820E+05
    0.23510E-01    0.20642E+05
    0.23985E-01    0.20455E+05
    0.24469E-01    0.20257E+05
    0.24964E-01    0.20051E+05
    0.25468E-01    0.19835E+05
    0.25982E-01    0.19610E+05
    0.26507E-01    0.19377E+05
    0.27043E-01    0.19136E+05
    0.27589E-01    0.18887E+05
    0.28146E-01    0.18631E+05
    0.28715E-01    0.18369E+05
    0.29295E-01    0.18100E+05
    0.29887E-01    0.17826E+05
    0.30490E-01    0.17547E+05
    0.31106E-01    0.17263E+05
    0.31735E-01    0.16976E+05
    0.32376E-01    0.16687E+05
    0.33030E-01    0.16395E+05
    0.33697E-01    0.16102E+05
    0.34378E-01    0.15808E+05
    0.35072E-01    0.15514E+05
    0.35781E-01    0.15222E+05
    0.36504E-01    0.14931E+05
    0.37241E-01    0.14642E+05
    0.37993E-01    0.14357E+05
    0.38761E-01    0.14076E+05
    0.39544E-01    0.13800E+05
    0.40343E-01    0.13529E+05
    0.41158E-01    0.13265E+05
    0.41989E-01    0.13007E+05
    0.42838E-01    0.12756E+05
    0.43703E-01    0.12513E+05
    0.44586E-01    0.12278E+05
    0.45486E-01    0.12052E+05
    0.46405E-01    0.11834E+05
    0.47343E-01    0.11625E+05
    0.48299E-01    0.11425E+05
    0.49275E-01    0.11234E+05
    0.50270E-01    0.11052E+05
    0.51286E-01    0.10878E+05
    0.52322E-01    0.10712E+05
    0.53379E-01    0.10554E+05
    0.54457E-01    0.10403E+05
    0.55557E-01    0.10258E+05
    0.56680E-01    0.10118E+05
    0.57825E-01    0.99821E+04
    0.58993E-01    0.98500E+04
    0.60184E-01    0.97200E+04
    0.61400E-01    0.95909E+04
    0.62641E-01    0.94613E+04
    0.63906E-01    0.93300E+04
    0.65197E-01    0.91958E+04
    0.66514E-01    0.90573E+04
    0.67858E-01    0.89133E+04
    0.69229E-01    0.87628E+04
    0.70627E-01    0.86049E+04
    0.72054E-01    0.84388E+04
    0.73510E-01    0.82640E+04
    0.74994E-01    0.80806E+04
    0.76509E-01    0.78884E+04
    0.78055E-01    0.76879E+04
    0.79632E-01    0.74799E+04
    0.81241E-01    0.72655E+04
    0.82882E-01    0.70462E+04
    0.84556E-01    0.68236E+04
    0.86264E-01    0.65998E+04
    0.88007E-01    0.63769E+04
    0.89785E-01    0.61569E+04
    0.91598E-01    0.59422E+04
    0.93449E-01    0.57349E+04
    0.95337E-01    0.55371E+04
    0.97263E-01    0.53505E+04
    0.99227E-01    0.51765E+04
    0.10123E+00    0.50163E+04
    0.10328E+00    0.48705E+04
    0.10536E+00    0.47393E+04
    0.10749E+00    0.46224E+04
    0.10966E+00    0.45189E+04
    0.11188E+00    0.44277E+04
    0.11414E+00    0.43469E+04
    0.11644E+00    0.42744E+04
    0.11880E+00    0.42077E+04
    0.12120E+00    0.41438E+04
    0.12365E+00    0.40799E+04
    0.12614E+00    0.40133E+04
    0.12869E+00    0.39416E+04
    0.13129E+00    0.38627E+04
    0.13394E+00    0.37753E+04
    0.13665E+00    0.36787E+04
    0.13941E+00    0.35733E+04
    0.14223E+00    0.34603E+04
    0.14510E+00    0.33419E+04
    0.14803E+00    0.32209E+04
    0.15102E+00    0.31003E+04
    0.15407E+00    0.29832E+04
    0.15718E+00    0.28725E+04
    0.16036E+00    0.27709E+04
    0.16360E+00    0.26799E+04
    0.16690E+00    0.26006E+04
    0.17028E+00    0.25326E+04
    0.17371E+00    0.24750E+04
    0.17722E+00    0.24260E+04
    0.18080E+00    0.23829E+04
    0.18446E+00    0.23428E+04
    0.18818E+00    0.23024E+04
    0.19198E+00    0.22592E+04
    0.19586E+00    0.22110E+04
    0.19982E+00    0.21567E+04
    0.20386E+00    0.20964E+04
    0.20797E+00    0.20315E+04
    0.21218E+00    0.19643E+04
    0.21646E+00    0.18973E+04
    0.22083E+00    0.18335E+04
    0.22530E+00    0.17750E+04
    0.22985E+00    0.17233E+04
    0.23449E+00    0.16787E+04
    0.23923E+00    0.16405E+04
    0.24406E+00    0.16071E+04
    0.24899E+00    0.15762E+04
    0.25402E+00    0.15456E+04
    0.25915E+00    0.15133E+04
    0.26439E+00    0.14781E+04
    0.26973E+00    0.14399E+04
    0.27518E+00    0.13999E+04
    0.28074E+00    0.13594E+04
    0.28641E+00    0.13205E+04
    0.29219E+00    0.12846E+04
    0.29810E+00    0.12524E+04
    0.30412E+00    0.12238E+04
    0.31026E+00    0.11980E+04
    0.31653E+00    0.11735E+04
    0.32292E+00    0.11490E+04
    0.32945E+00    0.11236E+04
    0.33610E+00    0.10972E+04
    0.34289E+00    0.10703E+04
    0.34982E+00    0.10437E+04
    0.35689E+00    0.10185E+04
    0.36409E+00    0.99505E+03
    0.37145E+00    0.97348E+03
    0.37895E+00    0.95323E+03
    0.38661E+00    0.93360E+03
    0.39442E+00    0.91400E+03
    0.40239E+00    0.89421E+03
    0.41052E+00    0.87445E+03
    0.41881E+00    0.85514E+03
    0.42727E+00    0.83668E+03
    0.43590E+00    0.81921E+03
    0.44471E+00    0.80256E+03
    0.45369E+00    0.78642E+03
    0.46286E+00    0.77051E+03
    0.47221E+00    0.75476E+03
    0.48174E+00    0.73928E+03
    0.49148E+00    0.72426E+03
    0.50141E+00    0.70979E+03
    0.51153E+00    0.69583E+03
    0.52187E+00    0.68224E+03
    0.53241E+00    0.66893E+03
    0.54317E+00    0.65585E+03
    0.55414E+00    0.64307E+03
    0.56533E+00    0.63063E+03
    0.57675E+00    0.61855E+03
    0.58840E+00    0.60676E+03
    0.60029E+00    0.59522E+03
    0.61242E+00    0.58392E+03
    0.62479E+00    0.57286E+03
    0.63741E+00    0.56205E+03
    0.65029E+00    0.55149E+03
    0.66342E+00    0.54116E+03
    0.67683E+00    0.53103E+03
    0.69050E+00    0.52110E+03
    0.70445E+00    0.51136E+03
    0.71868E+00    0.50182E+03
    0.73320E+00    0.49246E+03
    0.74801E+00    0.48328E+03
    0.76312E+00    0.47427E+03
    0.77854E+00    0.46542E+03
    0.79426E+00    0.45672E+03
    0.81031E+00    0.44818E+03
    0.82668E+00    0.43977E+03
    0.84338E+00    0.43151E+03
    0.86041E+00    0.42338E+03
    0.87780E+00    0.41538E+03
    0.89553E+00    0.40751E+03
    0.91362E+00    0.39976E+03
    0.93208E+00    0.39212E+03
    0.95091E+00    0.38460E+03
    0.97011E+00    0.37718E+03
    0.98971E+00    0.36988E+03
    0.10097E+01    0.36268E+03
    0.10301E+01    0.35557E+03
    0.10509E+01    0.34857E+03
    0.10721E+01    0.34166E+03
    0.10938E+01    0.33484E+03
    0.11159E+01    0.32812E+03
    0.11384E+01    0.32148E+03
    0.11614E+01    0.31493E+03
    0.11849E+01    0.30846E+03
    0.12088E+01    0.30208E+03
    0.12333E+01    0.29578E+03
    0.12582E+01    0.28956E+03
    0.12836E+01    0.28342E+03
    0.13095E+01    0.27736E+03
    0.13360E+01    0.27137E+03
    0.13630E+01    0.26546E+03
    0.13905E+01    0.25963E+03
    0.14186E+01    0.25387E+03
    0.14472E+01    0.24819E+03
    0.14765E+01    0.24258E+03
    0.15063E+01    0.23705E+03
    0.15367E+01    0.23158E+03
    0.15678E+01    0.22619E+03
    0.15994E+01    0.22088E+03
    0.16318E+01    0.21563E+03
    0.16647E+01    0.21046E+03
    0.16984E+01    0.20536E+03
    0.17327E+01    0.20034E+03
    0.17677E+01    0.19538E+03
    0.18034E+01    0.19050E+03
    0.18398E+01    0.18569E+03
    0.18770E+01    0.18096E+03
    0.19149E+01    0.17630E+03
    0.19536E+01    0.17171E+03
    0.19930E+01    0.16719E+03
    0.20333E+01    0.16274E+03
    0.20744E+01    0.15835E+03
    0.21163E+01    0.15406E+03
