  0.745045E-04  0.195677E+08  0.195677E+08  0.254171E+08  0.254161E+08  0.195670E+08  0.195677E+08
  0.832603E-04  0.195670E+08  0.195670E+08  0.252512E+08  0.252500E+08  0.195661E+08  0.195670E+08
  0.930449E-04  0.195662E+08  0.195662E+08  0.250455E+08  0.250439E+08  0.195649E+08  0.195662E+08
  0.103979E-03  0.195652E+08  0.195652E+08  0.247907E+08  0.247888E+08  0.195635E+08  0.195652E+08
  0.116199E-03  0.195639E+08  0.195639E+08  0.244758E+08  0.244735E+08  0.195617E+08  0.195639E+08
  0.129855E-03  0.195623E+08  0.195623E+08  0.240877E+08  0.240849E+08  0.195594E+08  0.195623E+08
  0.145115E-03  0.195603E+08  0.195603E+08  0.236110E+08  0.236075E+08  0.195566E+08  0.195603E+08
  0.162169E-03  0.195579E+08  0.195579E+08  0.230278E+08  0.230236E+08  0.195532E+08  0.195578E+08
  0.181227E-03  0.195548E+08  0.195548E+08  0.223182E+08  0.223131E+08  0.195488E+08  0.195548E+08
  0.202524E-03  0.195510E+08  0.195510E+08  0.214602E+08  0.214542E+08  0.195435E+08  0.195510E+08
  0.226325E-03  0.195463E+08  0.195463E+08  0.204315E+08  0.204245E+08  0.195368E+08  0.195463E+08
  0.252922E-03  0.195405E+08  0.195405E+08  0.192108E+08  0.192028E+08  0.195285E+08  0.195404E+08
  0.282645E-03  0.195334E+08  0.195334E+08  0.177814E+08  0.177725E+08  0.195183E+08  0.195333E+08
  0.315862E-03  0.195246E+08  0.195246E+08  0.161355E+08  0.161258E+08  0.195057E+08  0.195245E+08
  0.352982E-03  0.195138E+08  0.195138E+08  0.142805E+08  0.142705E+08  0.194901E+08  0.195137E+08
  0.394464E-03  0.195007E+08  0.195007E+08  0.122467E+08  0.122369E+08  0.194710E+08  0.195005E+08
  0.440821E-03  0.194848E+08  0.194847E+08  0.100951E+08  0.100863E+08  0.194477E+08  0.194845E+08
  0.492625E-03  0.194656E+08  0.194656E+08  0.792302E+07  0.791629E+07  0.194193E+08  0.194653E+08
  0.550518E-03  0.194427E+08  0.194427E+08  0.586277E+07  0.585899E+07  0.193850E+08  0.194423E+08
  0.615215E-03  0.194156E+08  0.194156E+08  0.406722E+07  0.406691E+07  0.193437E+08  0.194152E+08
  0.687514E-03  0.193838E+08  0.193838E+08  0.267690E+07  0.267973E+07  0.192944E+08  0.193833E+08
  0.768310E-03  0.193470E+08  0.193470E+08  0.176931E+07  0.177379E+07  0.192360E+08  0.193463E+08
  0.858601E-03  0.193049E+08  0.193048E+08  0.130674E+07  0.131041E+07  0.191672E+08  0.193040E+08
  0.959503E-03  0.192572E+08  0.192571E+08  0.112027E+07  0.112092E+07  0.190867E+08  0.192561E+08
  0.107226E-02  0.192038E+08  0.192036E+08  0.975528E+06  0.973080E+06  0.189933E+08  0.192024E+08
  0.119827E-02  0.191444E+08  0.191442E+08  0.722107E+06  0.719405E+06  0.188853E+08  0.191427E+08
  0.133909E-02  0.190787E+08  0.190785E+08  0.417105E+06  0.417405E+06  0.187615E+08  0.190767E+08
  0.149646E-02  0.190060E+08  0.190057E+08  0.240689E+06  0.243020E+06  0.186186E+08  0.190035E+08
  0.167233E-02  0.189252E+08  0.189249E+08  0.219072E+06  0.219019E+06  0.184544E+08  0.189222E+08
  0.186886E-02  0.188352E+08  0.188348E+08  0.171462E+06  0.169672E+06  0.182664E+08  0.188316E+08
  0.208848E-02  0.187344E+08  0.187339E+08  0.728857E+05  0.739463E+05  0.180519E+08  0.187300E+08
  0.233392E-02  0.186210E+08  0.186204E+08  0.643360E+05  0.643492E+05  0.178083E+08  0.186158E+08
  0.260820E-02  0.184932E+08  0.184924E+08  0.443715E+05  0.423104E+05  0.175338E+08  0.184870E+08
  0.291471E-02  0.183490E+08  0.183480E+08  0.200886E+05  0.177054E+05  0.172268E+08  0.183418E+08
  0.325725E-02  0.181864E+08  0.181852E+08  0.208060E+05  0.157262E+05  0.168862E+08  0.181780E+08
  0.364004E-02  0.180034E+08  0.180019E+08  0.531571E+04  0.588701E+04  0.165110E+08  0.179938E+08
  0.406781E-02  0.177979E+08  0.177961E+08 -0.606448E+03 -0.883210E+03  0.160998E+08  0.177870E+08
  0.454586E-02  0.175681E+08  0.175659E+08  0.258163E+04  0.147824E+04  0.156506E+08  0.175557E+08
  0.508008E-02  0.173119E+08  0.173092E+08  0.000000E+00  0.000000E+00  0.151611E+08  0.172980E+08
  0.513684E-02  0.172848E+08  0.172820E+08  0.000000E+00  0.000000E+00  0.151098E+08  0.172707E+08
  0.519423E-02  0.172574E+08  0.172545E+08  0.000000E+00  0.000000E+00  0.150582E+08  0.172431E+08
  0.525227E-02  0.172297E+08  0.172267E+08  0.000000E+00  0.000000E+00  0.150061E+08  0.172152E+08
  0.531095E-02  0.172017E+08  0.171987E+08  0.000000E+00  0.000000E+00  0.149535E+08  0.171871E+08
  0.537029E-02  0.171734E+08  0.171703E+08  0.000000E+00  0.000000E+00  0.149006E+08  0.171586E+08
  0.543030E-02  0.171448E+08  0.171417E+08  0.000000E+00  0.000000E+00  0.148472E+08  0.171299E+08
  0.549097E-02  0.171159E+08  0.171127E+08  0.000000E+00  0.000000E+00  0.147934E+08  0.171008E+08
  0.555232E-02  0.170868E+08  0.170835E+08  0.000000E+00  0.000000E+00  0.147391E+08  0.170715E+08
  0.561436E-02  0.170573E+08  0.170540E+08  0.000000E+00  0.000000E+00  0.146844E+08  0.170419E+08
  0.567709E-02  0.170275E+08  0.170241E+08  0.000000E+00  0.000000E+00  0.146293E+08  0.170119E+08
  0.574052E-02  0.169975E+08  0.169940E+08  0.000000E+00  0.000000E+00  0.145737E+08  0.169817E+08
  0.580466E-02  0.169671E+08  0.169636E+08  0.000000E+00  0.000000E+00  0.145178E+08  0.169512E+08
  0.586951E-02  0.169364E+08  0.169328E+08  0.000000E+00  0.000000E+00  0.144614E+08  0.169203E+08
  0.593509E-02  0.169055E+08  0.169018E+08  0.000000E+00  0.000000E+00  0.144045E+08  0.168892E+08
  0.600141E-02  0.168742E+08  0.168704E+08  0.000000E+00  0.000000E+00  0.143472E+08  0.168577E+08
  0.606846E-02  0.168426E+08  0.168387E+08  0.000000E+00  0.000000E+00  0.142895E+08  0.168259E+08
  0.613626E-02  0.168107E+08  0.168067E+08  0.000000E+00  0.000000E+00  0.142314E+08  0.167939E+08
  0.620482E-02  0.167784E+08  0.167744E+08  0.000000E+00  0.000000E+00  0.141728E+08  0.167615E+08
  0.627415E-02  0.167459E+08  0.167418E+08  0.000000E+00  0.000000E+00  0.141138E+08  0.167287E+08
  0.634425E-02  0.167131E+08  0.167089E+08  0.000000E+00  0.000000E+00  0.140544E+08  0.166957E+08
  0.641514E-02  0.166799E+08  0.166756E+08  0.000000E+00  0.000000E+00  0.139946E+08  0.166623E+08
  0.648681E-02  0.166464E+08  0.166420E+08  0.000000E+00  0.000000E+00  0.139343E+08  0.166287E+08
  0.655929E-02  0.166126E+08  0.166081E+08  0.000000E+00  0.000000E+00  0.138736E+08  0.165947E+08
  0.663258E-02  0.165784E+08  0.165739E+08  0.000000E+00  0.000000E+00  0.138125E+08  0.165603E+08
  0.670669E-02  0.165439E+08  0.165393E+08  0.000000E+00  0.000000E+00  0.137509E+08  0.165257E+08
  0.678162E-02  0.165091E+08  0.165044E+08  0.000000E+00  0.000000E+00  0.136890E+08  0.164907E+08
  0.685739E-02  0.164740E+08  0.164692E+08  0.000000E+00  0.000000E+00  0.136266E+08  0.164554E+08
  0.693401E-02  0.164386E+08  0.164336E+08  0.000000E+00  0.000000E+00  0.135638E+08  0.164197E+08
  0.701148E-02  0.164028E+08  0.163977E+08  0.000000E+00  0.000000E+00  0.135006E+08  0.163837E+08
  0.708982E-02  0.163666E+08  0.163615E+08  0.000000E+00  0.000000E+00  0.134369E+08  0.163474E+08
  0.716904E-02  0.163302E+08  0.163249E+08  0.000000E+00  0.000000E+00  0.133729E+08  0.163108E+08
  0.724914E-02  0.162933E+08  0.162880E+08  0.000000E+00  0.000000E+00  0.133084E+08  0.162738E+08
  0.733013E-02  0.162562E+08  0.162507E+08  0.000000E+00  0.000000E+00  0.132435E+08  0.162364E+08
  0.741203E-02  0.162187E+08  0.162131E+08  0.000000E+00  0.000000E+00  0.131783E+08  0.161987E+08
  0.749485E-02  0.161809E+08  0.161751E+08  0.000000E+00  0.000000E+00  0.131126E+08  0.161607E+08
  0.757859E-02  0.161427E+08  0.161368E+08  0.000000E+00  0.000000E+00  0.130465E+08  0.161223E+08
  0.766327E-02  0.161041E+08  0.160982E+08  0.000000E+00  0.000000E+00  0.129800E+08  0.160836E+08
  0.774889E-02  0.160652E+08  0.160592E+08  0.000000E+00  0.000000E+00  0.129131E+08  0.160445E+08
  0.783547E-02  0.160260E+08  0.160198E+08  0.000000E+00  0.000000E+00  0.128458E+08  0.160051E+08
  0.792301E-02  0.159864E+08  0.159801E+08  0.000000E+00  0.000000E+00  0.127781E+08  0.159653E+08
  0.801154E-02  0.159465E+08  0.159400E+08  0.000000E+00  0.000000E+00  0.127100E+08  0.159251E+08
  0.810105E-02  0.159062E+08  0.158996E+08  0.000000E+00  0.000000E+00  0.126416E+08  0.158846E+08
  0.819156E-02  0.158655E+08  0.158588E+08  0.000000E+00  0.000000E+00  0.125727E+08  0.158438E+08
  0.828309E-02  0.158245E+08  0.158176E+08  0.000000E+00  0.000000E+00  0.125035E+08  0.158026E+08
  0.837564E-02  0.157831E+08  0.157761E+08  0.000000E+00  0.000000E+00  0.124339E+08  0.157610E+08
  0.846922E-02  0.157413E+08  0.157342E+08  0.000000E+00  0.000000E+00  0.123640E+08  0.157190E+08
  0.856385E-02  0.156992E+08  0.156919E+08  0.000000E+00  0.000000E+00  0.122937E+08  0.156767E+08
  0.865953E-02  0.156567E+08  0.156493E+08  0.000000E+00  0.000000E+00  0.122231E+08  0.156340E+08
  0.875628E-02  0.156139E+08  0.156063E+08  0.000000E+00  0.000000E+00  0.121521E+08  0.155909E+08
  0.885412E-02  0.155706E+08  0.155629E+08  0.000000E+00  0.000000E+00  0.120808E+08  0.155475E+08
  0.895305E-02  0.155270E+08  0.155191E+08  0.000000E+00  0.000000E+00  0.120091E+08  0.155037E+08
  0.905308E-02  0.154831E+08  0.154750E+08  0.000000E+00  0.000000E+00  0.119372E+08  0.154595E+08
  0.915423E-02  0.154387E+08  0.154305E+08  0.000000E+00  0.000000E+00  0.118649E+08  0.154150E+08
  0.925651E-02  0.153940E+08  0.153856E+08  0.000000E+00  0.000000E+00  0.117923E+08  0.153700E+08
  0.935993E-02  0.153489E+08  0.153403E+08  0.000000E+00  0.000000E+00  0.117194E+08  0.153247E+08
  0.946451E-02  0.153034E+08  0.152946E+08  0.000000E+00  0.000000E+00  0.116462E+08  0.152790E+08
  0.957026E-02  0.152575E+08  0.152486E+08  0.000000E+00  0.000000E+00  0.115727E+08  0.152330E+08
  0.967719E-02  0.152112E+08  0.152021E+08  0.000000E+00  0.000000E+00  0.114990E+08  0.151865E+08
  0.978531E-02  0.151646E+08  0.151553E+08  0.000000E+00  0.000000E+00  0.114249E+08  0.151396E+08
  0.989465E-02  0.151175E+08  0.151081E+08  0.000000E+00  0.000000E+00  0.113505E+08  0.150924E+08
  0.100052E-01  0.150701E+08  0.150605E+08  0.000000E+00  0.000000E+00  0.112759E+08  0.150448E+08
  0.101170E-01  0.150223E+08  0.150125E+08  0.000000E+00  0.000000E+00  0.112010E+08  0.149968E+08
  0.102300E-01  0.149741E+08  0.149641E+08  0.000000E+00  0.000000E+00  0.111258E+08  0.149483E+08
  0.103443E-01  0.149255E+08  0.149152E+08  0.000000E+00  0.000000E+00  0.110503E+08  0.148995E+08
  0.104599E-01  0.148765E+08  0.148660E+08  0.000000E+00  0.000000E+00  0.109745E+08  0.148503E+08
  0.105768E-01  0.148270E+08  0.148164E+08  0.000000E+00  0.000000E+00  0.108984E+08  0.148007E+08
  0.106949E-01  0.147772E+08  0.147664E+08  0.000000E+00  0.000000E+00  0.108221E+08  0.147507E+08
  0.108144E-01  0.147270E+08  0.147160E+08  0.000000E+00  0.000000E+00  0.107455E+08  0.147003E+08
  0.109353E-01  0.146764E+08  0.146652E+08  0.000000E+00  0.000000E+00  0.106686E+08  0.146495E+08
  0.110575E-01  0.146254E+08  0.146140E+08  0.000000E+00  0.000000E+00  0.105914E+08  0.145983E+08
  0.111810E-01  0.145740E+08  0.145623E+08  0.000000E+00  0.000000E+00  0.105140E+08  0.145467E+08
  0.113059E-01  0.145222E+08  0.145103E+08  0.000000E+00  0.000000E+00  0.104363E+08  0.144947E+08
  0.114322E-01  0.144699E+08  0.144578E+08  0.000000E+00  0.000000E+00  0.103583E+08  0.144422E+08
  0.115600E-01  0.144173E+08  0.144049E+08  0.000000E+00  0.000000E+00  0.102801E+08  0.143894E+08
  0.116891E-01  0.143642E+08  0.143516E+08  0.000000E+00  0.000000E+00  0.102017E+08  0.143361E+08
  0.118197E-01  0.143108E+08  0.142979E+08  0.000000E+00  0.000000E+00  0.101230E+08  0.142825E+08
  0.119518E-01  0.142569E+08  0.142438E+08  0.000000E+00  0.000000E+00  0.100441E+08  0.142284E+08
  0.120853E-01  0.142026E+08  0.141892E+08  0.000000E+00  0.000000E+00  0.996507E+07  0.141739E+08
  0.122204E-01  0.141478E+08  0.141342E+08  0.000000E+00  0.000000E+00  0.988580E+07  0.141190E+08
  0.123569E-01  0.140927E+08  0.140788E+08  0.000000E+00  0.000000E+00  0.980636E+07  0.140636E+08
  0.124950E-01  0.140371E+08  0.140230E+08  0.000000E+00  0.000000E+00  0.972676E+07  0.140079E+08
  0.126346E-01  0.139811E+08  0.139667E+08  0.000000E+00  0.000000E+00  0.964702E+07  0.139517E+08
  0.127758E-01  0.139247E+08  0.139100E+08  0.000000E+00  0.000000E+00  0.956714E+07  0.138951E+08
  0.129185E-01  0.138679E+08  0.138529E+08  0.000000E+00  0.000000E+00  0.948713E+07  0.138381E+08
  0.130628E-01  0.138106E+08  0.137954E+08  0.000000E+00  0.000000E+00  0.940701E+07  0.137806E+08
  0.132088E-01  0.137529E+08  0.137374E+08  0.000000E+00  0.000000E+00  0.932679E+07  0.137227E+08
  0.133564E-01  0.136948E+08  0.136790E+08  0.000000E+00  0.000000E+00  0.924646E+07  0.136644E+08
  0.135056E-01  0.136363E+08  0.136202E+08  0.000000E+00  0.000000E+00  0.916604E+07  0.136057E+08
  0.136565E-01  0.135773E+08  0.135609E+08  0.000000E+00  0.000000E+00  0.908553E+07  0.135466E+08
  0.138091E-01  0.135179E+08  0.135012E+08  0.000000E+00  0.000000E+00  0.900493E+07  0.134870E+08
  0.139634E-01  0.134581E+08  0.134411E+08  0.000000E+00  0.000000E+00  0.892425E+07  0.134270E+08
  0.141194E-01  0.133978E+08  0.133805E+08  0.000000E+00  0.000000E+00  0.884348E+07  0.133665E+08
  0.142772E-01  0.133371E+08  0.133195E+08  0.000000E+00  0.000000E+00  0.876264E+07  0.133056E+08
  0.144367E-01  0.132760E+08  0.132580E+08  0.000000E+00  0.000000E+00  0.868172E+07  0.132443E+08
  0.145980E-01  0.132144E+08  0.131962E+08  0.000000E+00  0.000000E+00  0.860073E+07  0.131826E+08
  0.147611E-01  0.131524E+08  0.131338E+08  0.000000E+00  0.000000E+00  0.851967E+07  0.131204E+08
  0.149260E-01  0.130900E+08  0.130711E+08  0.000000E+00  0.000000E+00  0.843855E+07  0.130578E+08
  0.150928E-01  0.130271E+08  0.130079E+08  0.000000E+00  0.000000E+00  0.835738E+07  0.129948E+08
  0.152614E-01  0.129638E+08  0.129442E+08  0.000000E+00  0.000000E+00  0.827615E+07  0.129313E+08
  0.154319E-01  0.129001E+08  0.128801E+08  0.000000E+00  0.000000E+00  0.819490E+07  0.128674E+08
  0.156043E-01  0.128359E+08  0.128156E+08  0.000000E+00  0.000000E+00  0.811362E+07  0.128031E+08
  0.157787E-01  0.127713E+08  0.127507E+08  0.000000E+00  0.000000E+00  0.803232E+07  0.127383E+08
  0.159550E-01  0.127063E+08  0.126853E+08  0.000000E+00  0.000000E+00  0.795103E+07  0.126731E+08
  0.161333E-01  0.126408E+08  0.126195E+08  0.000000E+00  0.000000E+00  0.786974E+07  0.126075E+08
  0.163135E-01  0.125749E+08  0.125532E+08  0.000000E+00  0.000000E+00  0.778848E+07  0.125415E+08
  0.164958E-01  0.125086E+08  0.124865E+08  0.000000E+00  0.000000E+00  0.770725E+07  0.124750E+08
  0.166801E-01  0.124418E+08  0.124194E+08  0.000000E+00  0.000000E+00  0.762606E+07  0.124081E+08
  0.168665E-01  0.123746E+08  0.123518E+08  0.000000E+00  0.000000E+00  0.754493E+07  0.123407E+08
  0.170549E-01  0.123070E+08  0.122838E+08  0.000000E+00  0.000000E+00  0.746386E+07  0.122730E+08
  0.172455E-01  0.122389E+08  0.122154E+08  0.000000E+00  0.000000E+00  0.738287E+07  0.122048E+08
  0.174382E-01  0.121705E+08  0.121465E+08  0.000000E+00  0.000000E+00  0.730196E+07  0.121362E+08
  0.176330E-01  0.121016E+08  0.120772E+08  0.000000E+00  0.000000E+00  0.722113E+07  0.120671E+08
  0.178300E-01  0.120322E+08  0.120075E+08  0.000000E+00  0.000000E+00  0.714041E+07  0.119977E+08
  0.180292E-01  0.119625E+08  0.119374E+08  0.000000E+00  0.000000E+00  0.705980E+07  0.119278E+08
  0.182307E-01  0.118923E+08  0.118668E+08  0.000000E+00  0.000000E+00  0.697931E+07  0.118576E+08
  0.184344E-01  0.118218E+08  0.117958E+08  0.000000E+00  0.000000E+00  0.689896E+07  0.117869E+08
  0.186403E-01  0.117508E+08  0.117245E+08  0.000000E+00  0.000000E+00  0.681875E+07  0.117158E+08
  0.188486E-01  0.116794E+08  0.116527E+08  0.000000E+00  0.000000E+00  0.673869E+07  0.116443E+08
  0.190592E-01  0.116076E+08  0.115805E+08  0.000000E+00  0.000000E+00  0.665880E+07  0.115723E+08
  0.192721E-01  0.115354E+08  0.115079E+08  0.000000E+00  0.000000E+00  0.657908E+07  0.115000E+08
  0.194875E-01  0.114628E+08  0.114348E+08  0.000000E+00  0.000000E+00  0.649956E+07  0.114273E+08
  0.197052E-01  0.113899E+08  0.113614E+08  0.000000E+00  0.000000E+00  0.642022E+07  0.113543E+08
  0.199254E-01  0.113165E+08  0.112877E+08  0.000000E+00  0.000000E+00  0.634109E+07  0.112808E+08
  0.201480E-01  0.112427E+08  0.112135E+08  0.000000E+00  0.000000E+00  0.626218E+07  0.112069E+08
  0.203731E-01  0.111686E+08  0.111389E+08  0.000000E+00  0.000000E+00  0.618348E+07  0.111327E+08
  0.206007E-01  0.110941E+08  0.110640E+08  0.000000E+00  0.000000E+00  0.610502E+07  0.110581E+08
  0.208309E-01  0.110192E+08  0.109887E+08  0.000000E+00  0.000000E+00  0.602681E+07  0.109832E+08
  0.210637E-01  0.109440E+08  0.109130E+08  0.000000E+00  0.000000E+00  0.594885E+07  0.109078E+08
  0.212990E-01  0.108684E+08  0.108370E+08  0.000000E+00  0.000000E+00  0.587116E+07  0.108322E+08
  0.215370E-01  0.107925E+08  0.107606E+08  0.000000E+00  0.000000E+00  0.579375E+07  0.107562E+08
  0.217776E-01  0.107162E+08  0.106839E+08  0.000000E+00  0.000000E+00  0.571664E+07  0.106798E+08
  0.220209E-01  0.106396E+08  0.106069E+08  0.000000E+00  0.000000E+00  0.563983E+07  0.106032E+08
  0.222670E-01  0.105627E+08  0.105295E+08  0.000000E+00  0.000000E+00  0.556334E+07  0.105262E+08
  0.225158E-01  0.104854E+08  0.104519E+08  0.000000E+00  0.000000E+00  0.548718E+07  0.104489E+08
  0.227673E-01  0.104079E+08  0.103739E+08  0.000000E+00  0.000000E+00  0.541135E+07  0.103713E+08
  0.230217E-01  0.103300E+08  0.102956E+08  0.000000E+00  0.000000E+00  0.533586E+07  0.102934E+08
  0.232789E-01  0.102519E+08  0.102171E+08  0.000000E+00  0.000000E+00  0.526073E+07  0.102152E+08
  0.235390E-01  0.101735E+08  0.101382E+08  0.000000E+00  0.000000E+00  0.518595E+07  0.101367E+08
  0.238020E-01  0.100948E+08  0.100591E+08  0.000000E+00  0.000000E+00  0.511153E+07  0.100580E+08
  0.240680E-01  0.100159E+08  0.997976E+07  0.000000E+00  0.000000E+00  0.503749E+07  0.997904E+07
  0.243369E-01  0.993671E+07  0.990017E+07  0.000000E+00  0.000000E+00  0.496384E+07  0.989984E+07
  0.246088E-01  0.985730E+07  0.982035E+07  0.000000E+00  0.000000E+00  0.489060E+07  0.982041E+07
  0.248838E-01  0.977768E+07  0.974032E+07  0.000000E+00  0.000000E+00  0.481779E+07  0.974077E+07
  0.251618E-01  0.969786E+07  0.966009E+07  0.000000E+00  0.000000E+00  0.474542E+07  0.966093E+07
  0.254429E-01  0.961784E+07  0.957967E+07  0.000000E+00  0.000000E+00  0.467351E+07  0.958090E+07
  0.257272E-01  0.953765E+07  0.949908E+07  0.000000E+00  0.000000E+00  0.460207E+07  0.950070E+07
  0.260147E-01  0.945730E+07  0.941834E+07  0.000000E+00  0.000000E+00  0.453113E+07  0.942035E+07
  0.263053E-01  0.937680E+07  0.933746E+07  0.000000E+00  0.000000E+00  0.446068E+07  0.933985E+07
  0.265992E-01  0.929617E+07  0.925645E+07  0.000000E+00  0.000000E+00  0.439075E+07  0.925924E+07
  0.268964E-01  0.921543E+07  0.917534E+07  0.000000E+00  0.000000E+00  0.432133E+07  0.917851E+07
  0.271970E-01  0.913460E+07  0.909414E+07  0.000000E+00  0.000000E+00  0.425244E+07  0.909770E+07
  0.275008E-01  0.905369E+07  0.901288E+07  0.000000E+00  0.000000E+00  0.418407E+07  0.901681E+07
  0.278081E-01  0.897272E+07  0.893156E+07  0.000000E+00  0.000000E+00  0.411625E+07  0.893587E+07
  0.281188E-01  0.889171E+07  0.885021E+07  0.000000E+00  0.000000E+00  0.404896E+07  0.885489E+07
  0.284330E-01  0.881068E+07  0.876885E+07  0.000000E+00  0.000000E+00  0.398224E+07  0.877390E+07
  0.287507E-01  0.872964E+07  0.868750E+07  0.000000E+00  0.000000E+00  0.391607E+07  0.869291E+07
  0.290719E-01  0.864863E+07  0.860618E+07  0.000000E+00  0.000000E+00  0.385048E+07  0.861195E+07
  0.293967E-01  0.856766E+07  0.852492E+07  0.000000E+00  0.000000E+00  0.378548E+07  0.853104E+07
  0.297252E-01  0.848676E+07  0.844373E+07  0.000000E+00  0.000000E+00  0.372107E+07  0.845019E+07
  0.300573E-01  0.840593E+07  0.836264E+07  0.000000E+00  0.000000E+00  0.365728E+07  0.836943E+07
  0.303931E-01  0.832522E+07  0.828167E+07  0.000000E+00  0.000000E+00  0.359412E+07  0.828879E+07
  0.307327E-01  0.824464E+07  0.820084E+07  0.000000E+00  0.000000E+00  0.353161E+07  0.820828E+07
  0.310761E-01  0.816421E+07  0.812019E+07  0.000000E+00  0.000000E+00  0.346975E+07  0.812794E+07
  0.314233E-01  0.808396E+07  0.803973E+07  0.000000E+00  0.000000E+00  0.340857E+07  0.804777E+07
  0.317744E-01  0.800391E+07  0.795948E+07  0.000000E+00  0.000000E+00  0.334806E+07  0.796782E+07
  0.321294E-01  0.792410E+07  0.787949E+07  0.000000E+00  0.000000E+00  0.328823E+07  0.788810E+07
  0.324884E-01  0.784454E+07  0.779976E+07  0.000000E+00  0.000000E+00  0.322908E+07  0.780864E+07
  0.328514E-01  0.776525E+07  0.772034E+07  0.000000E+00  0.000000E+00  0.317062E+07  0.772947E+07
  0.332184E-01  0.768628E+07  0.764124E+07  0.000000E+00  0.000000E+00  0.311285E+07  0.765061E+07
  0.335896E-01  0.760763E+07  0.756248E+07  0.000000E+00  0.000000E+00  0.305578E+07  0.757208E+07
  0.339649E-01  0.752935E+07  0.748411E+07  0.000000E+00  0.000000E+00  0.299943E+07  0.749392E+07
  0.343444E-01  0.745145E+07  0.740615E+07  0.000000E+00  0.000000E+00  0.294380E+07  0.741615E+07
  0.347281E-01  0.737396E+07  0.732862E+07  0.000000E+00  0.000000E+00  0.288892E+07  0.733880E+07
  0.351161E-01  0.729692E+07  0.725155E+07  0.000000E+00  0.000000E+00  0.283477E+07  0.726190E+07
  0.355085E-01  0.722034E+07  0.717497E+07  0.000000E+00  0.000000E+00  0.278136E+07  0.718546E+07
  0.359052E-01  0.714426E+07  0.709890E+07  0.000000E+00  0.000000E+00  0.272870E+07  0.710953E+07
  0.363064E-01  0.706870E+07  0.702339E+07  0.000000E+00  0.000000E+00  0.267679E+07  0.703412E+07
  0.367120E-01  0.699368E+07  0.694844E+07  0.000000E+00  0.000000E+00  0.262564E+07  0.695927E+07
  0.371222E-01  0.691925E+07  0.687410E+07  0.000000E+00  0.000000E+00  0.257524E+07  0.688500E+07
  0.375370E-01  0.684541E+07  0.680038E+07  0.000000E+00  0.000000E+00  0.252563E+07  0.681134E+07
  0.379564E-01  0.677221E+07  0.672732E+07  0.000000E+00  0.000000E+00  0.247679E+07  0.673831E+07
  0.383805E-01  0.669965E+07  0.665492E+07  0.000000E+00  0.000000E+00  0.242874E+07  0.666593E+07
  0.388093E-01  0.662777E+07  0.658323E+07  0.000000E+00  0.000000E+00  0.238146E+07  0.659423E+07
  0.392429E-01  0.655658E+07  0.651227E+07  0.000000E+00  0.000000E+00  0.233495E+07  0.652323E+07
  0.396814E-01  0.648613E+07  0.644205E+07  0.000000E+00  0.000000E+00  0.228922E+07  0.645297E+07
  0.401248E-01  0.641642E+07  0.637262E+07  0.000000E+00  0.000000E+00  0.224426E+07  0.638346E+07
  0.405731E-01  0.634750E+07  0.630399E+07  0.000000E+00  0.000000E+00  0.220007E+07  0.631474E+07
  0.410264E-01  0.627937E+07  0.623619E+07  0.000000E+00  0.000000E+00  0.215666E+07  0.624682E+07
  0.414848E-01  0.621207E+07  0.616924E+07  0.000000E+00  0.000000E+00  0.211403E+07  0.617972E+07
  0.419483E-01  0.614561E+07  0.610315E+07  0.000000E+00  0.000000E+00  0.207219E+07  0.611348E+07
  0.424170E-01  0.608000E+07  0.603795E+07  0.000000E+00  0.000000E+00  0.203112E+07  0.604809E+07
  0.428909E-01  0.601527E+07  0.597365E+07  0.000000E+00  0.000000E+00  0.199082E+07  0.598358E+07
  0.433702E-01  0.595143E+07  0.591026E+07  0.000000E+00  0.000000E+00  0.195128E+07  0.591995E+07
  0.438547E-01  0.588848E+07  0.584780E+07  0.000000E+00  0.000000E+00  0.191251E+07  0.585724E+07
  0.443447E-01  0.582645E+07  0.578627E+07  0.000000E+00  0.000000E+00  0.187450E+07  0.579543E+07
  0.448402E-01  0.576534E+07  0.572569E+07  0.000000E+00  0.000000E+00  0.183724E+07  0.573455E+07
  0.453412E-01  0.570516E+07  0.566607E+07  0.000000E+00  0.000000E+00  0.180071E+07  0.567461E+07
  0.458478E-01  0.564592E+07  0.560742E+07  0.000000E+00  0.000000E+00  0.176491E+07  0.561561E+07
  0.463601E-01  0.558763E+07  0.554973E+07  0.000000E+00  0.000000E+00  0.172984E+07  0.555756E+07
  0.468780E-01  0.553029E+07  0.549301E+07  0.000000E+00  0.000000E+00  0.169548E+07  0.550046E+07
  0.474018E-01  0.547390E+07  0.543727E+07  0.000000E+00  0.000000E+00  0.166185E+07  0.544431E+07
  0.479314E-01  0.541845E+07  0.538248E+07  0.000000E+00  0.000000E+00  0.162890E+07  0.538910E+07
  0.484670E-01  0.536393E+07  0.532865E+07  0.000000E+00  0.000000E+00  0.159664E+07  0.533483E+07
  0.490085E-01  0.531035E+07  0.527577E+07  0.000000E+00  0.000000E+00  0.156503E+07  0.528149E+07
  0.495561E-01  0.525768E+07  0.522383E+07  0.000000E+00  0.000000E+00  0.153408E+07  0.522907E+07
  0.501098E-01  0.520592E+07  0.517280E+07  0.000000E+00  0.000000E+00  0.150377E+07  0.517756E+07
  0.506696E-01  0.515506E+07  0.512270E+07  0.000000E+00  0.000000E+00  0.147411E+07  0.512695E+07
  0.512358E-01  0.510508E+07  0.507348E+07  0.000000E+00  0.000000E+00  0.144508E+07  0.507722E+07
  0.518082E-01  0.505597E+07  0.502515E+07  0.000000E+00  0.000000E+00  0.141666E+07  0.502836E+07
  0.523871E-01  0.500771E+07  0.497767E+07  0.000000E+00  0.000000E+00  0.138883E+07  0.498034E+07
  0.529724E-01  0.496026E+07  0.493101E+07  0.000000E+00  0.000000E+00  0.136157E+07  0.493315E+07
  0.535643E-01  0.491360E+07  0.488515E+07  0.000000E+00  0.000000E+00  0.133486E+07  0.488674E+07
  0.541628E-01  0.486770E+07  0.484005E+07  0.000000E+00  0.000000E+00  0.130868E+07  0.484108E+07
  0.547679E-01  0.482251E+07  0.479566E+07  0.000000E+00  0.000000E+00  0.128304E+07  0.479614E+07
  0.553799E-01  0.477800E+07  0.475195E+07  0.000000E+00  0.000000E+00  0.125790E+07  0.475187E+07
  0.559986E-01  0.473412E+07  0.470887E+07  0.000000E+00  0.000000E+00  0.123325E+07  0.470824E+07
  0.566243E-01  0.469085E+07  0.466639E+07  0.000000E+00  0.000000E+00  0.120909E+07  0.466521E+07
  0.572570E-01  0.464814E+07  0.462447E+07  0.000000E+00  0.000000E+00  0.118537E+07  0.462274E+07
  0.578967E-01  0.460596E+07  0.458306E+07  0.000000E+00  0.000000E+00  0.116209E+07  0.458079E+07
  0.585436E-01  0.456424E+07  0.454211E+07  0.000000E+00  0.000000E+00  0.113922E+07  0.453932E+07
  0.594634E-01  0.450643E+07  0.448534E+07  0.000000E+00  0.000000E+00  0.110781E+07  0.448183E+07
  0.603832E-01  0.445018E+07  0.443009E+07  0.000000E+00  0.000000E+00  0.107764E+07  0.442590E+07
  0.613030E-01  0.439530E+07  0.437616E+07  0.000000E+00  0.000000E+00  0.104858E+07  0.437132E+07
  0.622228E-01  0.434160E+07  0.432335E+07  0.000000E+00  0.000000E+00  0.102054E+07  0.431793E+07
  0.631426E-01  0.428893E+07  0.427150E+07  0.000000E+00  0.000000E+00  0.993458E+06  0.426554E+07
  0.640624E-01  0.423713E+07  0.422046E+07  0.000000E+00  0.000000E+00  0.967278E+06  0.421402E+07
  0.649823E-01  0.418606E+07  0.417010E+07  0.000000E+00  0.000000E+00  0.941929E+06  0.416322E+07
  0.659021E-01  0.413561E+07  0.412028E+07  0.000000E+00  0.000000E+00  0.917346E+06  0.411303E+07
  0.668219E-01  0.408564E+07  0.407088E+07  0.000000E+00  0.000000E+00  0.893478E+06  0.406331E+07
  0.677417E-01  0.403606E+07  0.402181E+07  0.000000E+00  0.000000E+00  0.870284E+06  0.401398E+07
  0.686615E-01  0.398679E+07  0.397298E+07  0.000000E+00  0.000000E+00  0.847732E+06  0.396494E+07
  0.695813E-01  0.393775E+07  0.392432E+07  0.000000E+00  0.000000E+00  0.825783E+06  0.391613E+07
  0.705011E-01  0.388888E+07  0.387576E+07  0.000000E+00  0.000000E+00  0.804392E+06  0.386749E+07
  0.714209E-01  0.384014E+07  0.382727E+07  0.000000E+00  0.000000E+00  0.783531E+06  0.381896E+07
  0.723407E-01  0.379149E+07  0.377881E+07  0.000000E+00  0.000000E+00  0.763190E+06  0.377051E+07
  0.732605E-01  0.374290E+07  0.373037E+07  0.000000E+00  0.000000E+00  0.743356E+06  0.372213E+07
  0.741803E-01  0.369438E+07  0.368192E+07  0.000000E+00  0.000000E+00  0.723997E+06  0.367380E+07
  0.751002E-01  0.364590E+07  0.363349E+07  0.000000E+00  0.000000E+00  0.705093E+06  0.362552E+07
  0.760200E-01  0.359749E+07  0.358506E+07  0.000000E+00  0.000000E+00  0.686641E+06  0.357729E+07
  0.769398E-01  0.354914E+07  0.353666E+07  0.000000E+00  0.000000E+00  0.668632E+06  0.352912E+07
  0.778596E-01  0.350090E+07  0.348832E+07  0.000000E+00  0.000000E+00  0.651054E+06  0.348106E+07
  0.787794E-01  0.345278E+07  0.344007E+07  0.000000E+00  0.000000E+00  0.633900E+06  0.343311E+07
  0.796992E-01  0.340484E+07  0.339196E+07  0.000000E+00  0.000000E+00  0.617164E+06  0.338534E+07
  0.806190E-01  0.335711E+07  0.334405E+07  0.000000E+00  0.000000E+00  0.600844E+06  0.333778E+07
  0.815388E-01  0.330964E+07  0.329637E+07  0.000000E+00  0.000000E+00  0.584942E+06  0.329048E+07
  0.824586E-01  0.326248E+07  0.324899E+07  0.000000E+00  0.000000E+00  0.569450E+06  0.324348E+07
  0.833784E-01  0.321568E+07  0.320195E+07  0.000000E+00  0.000000E+00  0.554356E+06  0.319685E+07
  0.842982E-01  0.316932E+07  0.315534E+07  0.000000E+00  0.000000E+00  0.539663E+06  0.315064E+07
  0.852180E-01  0.312344E+07  0.310921E+07  0.000000E+00  0.000000E+00  0.525379E+06  0.310493E+07
  0.861379E-01  0.307812E+07  0.306364E+07  0.000000E+00  0.000000E+00  0.511504E+06  0.305977E+07
  0.870577E-01  0.303341E+07  0.301868E+07  0.000000E+00  0.000000E+00  0.498026E+06  0.301522E+07
  0.879775E-01  0.298937E+07  0.297439E+07  0.000000E+00  0.000000E+00  0.484943E+06  0.297133E+07
  0.888973E-01  0.294605E+07  0.293083E+07  0.000000E+00  0.000000E+00  0.472254E+06  0.292816E+07
  0.898171E-01  0.290350E+07  0.288806E+07  0.000000E+00  0.000000E+00  0.459959E+06  0.288577E+07
  0.907369E-01  0.286178E+07  0.284614E+07  0.000000E+00  0.000000E+00  0.448054E+06  0.284421E+07
  0.916567E-01  0.282094E+07  0.280511E+07  0.000000E+00  0.000000E+00  0.436534E+06  0.280353E+07
  0.925765E-01  0.278103E+07  0.276504E+07  0.000000E+00  0.000000E+00  0.425394E+06  0.276377E+07
  0.934963E-01  0.274209E+07  0.272595E+07  0.000000E+00  0.000000E+00  0.414633E+06  0.272498E+07
  0.944161E-01  0.270415E+07  0.268790E+07  0.000000E+00  0.000000E+00  0.404247E+06  0.268720E+07
  0.953360E-01  0.266725E+07  0.265091E+07  0.000000E+00  0.000000E+00  0.394224E+06  0.265045E+07
  0.962558E-01  0.263141E+07  0.261500E+07  0.000000E+00  0.000000E+00  0.384555E+06  0.261477E+07
  0.971756E-01  0.259666E+07  0.258022E+07  0.000000E+00  0.000000E+00  0.375238E+06  0.258017E+07
  0.980954E-01  0.256301E+07  0.254656E+07  0.000000E+00  0.000000E+00  0.366269E+06  0.254667E+07
  0.990152E-01  0.253046E+07  0.251405E+07  0.000000E+00  0.000000E+00  0.357637E+06  0.251428E+07
  0.999350E-01  0.249903E+07  0.248268E+07  0.000000E+00  0.000000E+00  0.349328E+06  0.248301E+07
  0.100855E+00  0.246871E+07  0.245244E+07  0.000000E+00  0.000000E+00  0.341335E+06  0.245284E+07
  0.101775E+00  0.243950E+07  0.242334E+07  0.000000E+00  0.000000E+00  0.333648E+06  0.242378E+07
  0.102694E+00  0.241138E+07  0.239537E+07  0.000000E+00  0.000000E+00  0.326259E+06  0.239582E+07
  0.103614E+00  0.238435E+07  0.236851E+07  0.000000E+00  0.000000E+00  0.319158E+06  0.236894E+07
  0.104534E+00  0.235838E+07  0.234274E+07  0.000000E+00  0.000000E+00  0.312331E+06  0.234311E+07
  0.105454E+00  0.233343E+07  0.231802E+07  0.000000E+00  0.000000E+00  0.305768E+06  0.231832E+07
  0.106374E+00  0.230949E+07  0.229432E+07  0.000000E+00  0.000000E+00  0.299459E+06  0.229452E+07
  0.107293E+00  0.228650E+07  0.227160E+07  0.000000E+00  0.000000E+00  0.293392E+06  0.227168E+07
  0.108213E+00  0.226444E+07  0.224983E+07  0.000000E+00  0.000000E+00  0.287552E+06  0.224977E+07
  0.109133E+00  0.224326E+07  0.222896E+07  0.000000E+00  0.000000E+00  0.281928E+06  0.222874E+07
  0.110053E+00  0.222293E+07  0.220894E+07  0.000000E+00  0.000000E+00  0.276512E+06  0.220854E+07
  0.110973E+00  0.220338E+07  0.218974E+07  0.000000E+00  0.000000E+00  0.271294E+06  0.218914E+07
  0.111893E+00  0.218458E+07  0.217128E+07  0.000000E+00  0.000000E+00  0.266261E+06  0.217048E+07
  0.112812E+00  0.216646E+07  0.215352E+07  0.000000E+00  0.000000E+00  0.261398E+06  0.215250E+07
  0.113732E+00  0.214898E+07  0.213640E+07  0.000000E+00  0.000000E+00  0.256695E+06  0.213515E+07
  0.114652E+00  0.213208E+07  0.211987E+07  0.000000E+00  0.000000E+00  0.252144E+06  0.211839E+07
  0.115572E+00  0.211572E+07  0.210387E+07  0.000000E+00  0.000000E+00  0.247736E+06  0.210216E+07
  0.116492E+00  0.209983E+07  0.208835E+07  0.000000E+00  0.000000E+00  0.243459E+06  0.208640E+07
  0.117411E+00  0.208437E+07  0.207325E+07  0.000000E+00  0.000000E+00  0.239303E+06  0.207106E+07
  0.118331E+00  0.206927E+07  0.205851E+07  0.000000E+00  0.000000E+00  0.235260E+06  0.205609E+07
  0.119251E+00  0.205449E+07  0.204408E+07  0.000000E+00  0.000000E+00  0.231322E+06  0.204143E+07
  0.120171E+00  0.203997E+07  0.202991E+07  0.000000E+00  0.000000E+00  0.227478E+06  0.202703E+07
  0.121091E+00  0.202566E+07  0.201593E+07  0.000000E+00  0.000000E+00  0.223721E+06  0.201284E+07
  0.122010E+00  0.201152E+07  0.200211E+07  0.000000E+00  0.000000E+00  0.220043E+06  0.199882E+07
  0.122930E+00  0.199750E+07  0.198840E+07  0.000000E+00  0.000000E+00  0.216441E+06  0.198491E+07
  0.123850E+00  0.198356E+07  0.197475E+07  0.000000E+00  0.000000E+00  0.212907E+06  0.197108E+07
  0.124770E+00  0.196967E+07  0.196113E+07  0.000000E+00  0.000000E+00  0.209436E+06  0.195730E+07
  0.125690E+00  0.195579E+07  0.194751E+07  0.000000E+00  0.000000E+00  0.206021E+06  0.194352E+07
  0.126609E+00  0.194189E+07  0.193384E+07  0.000000E+00  0.000000E+00  0.202658E+06  0.192972E+07
  0.127529E+00  0.192794E+07  0.192011E+07  0.000000E+00  0.000000E+00  0.199345E+06  0.191587E+07
  0.128449E+00  0.191391E+07  0.190629E+07  0.000000E+00  0.000000E+00  0.196078E+06  0.190195E+07
  0.129369E+00  0.189980E+07  0.189235E+07  0.000000E+00  0.000000E+00  0.192853E+06  0.188792E+07
  0.130289E+00  0.188556E+07  0.187828E+07  0.000000E+00  0.000000E+00  0.189667E+06  0.187379E+07
  0.131209E+00  0.187121E+07  0.186406E+07  0.000000E+00  0.000000E+00  0.186520E+06  0.185952E+07
  0.132128E+00  0.185671E+07  0.184968E+07  0.000000E+00  0.000000E+00  0.183408E+06  0.184511E+07
  0.133048E+00  0.184206E+07  0.183514E+07  0.000000E+00  0.000000E+00  0.180331E+06  0.183056E+07
  0.133968E+00  0.182727E+07  0.182042E+07  0.000000E+00  0.000000E+00  0.177286E+06  0.181585E+07
  0.134888E+00  0.181231E+07  0.180552E+07  0.000000E+00  0.000000E+00  0.174273E+06  0.180098E+07
  0.135808E+00  0.179721E+07  0.179046E+07  0.000000E+00  0.000000E+00  0.171294E+06  0.178595E+07
  0.136727E+00  0.178195E+07  0.177523E+07  0.000000E+00  0.000000E+00  0.168347E+06  0.177078E+07
  0.137647E+00  0.176656E+07  0.175984E+07  0.000000E+00  0.000000E+00  0.165432E+06  0.175546E+07
  0.138567E+00  0.175104E+07  0.174432E+07  0.000000E+00  0.000000E+00  0.162549E+06  0.174002E+07
  0.139487E+00  0.173540E+07  0.172866E+07  0.000000E+00  0.000000E+00  0.159700E+06  0.172447E+07
  0.140407E+00  0.171967E+07  0.171289E+07  0.000000E+00  0.000000E+00  0.156886E+06  0.170881E+07
  0.141326E+00  0.170386E+07  0.169703E+07  0.000000E+00  0.000000E+00  0.154108E+06  0.169307E+07
  0.142246E+00  0.168798E+07  0.168110E+07  0.000000E+00  0.000000E+00  0.151366E+06  0.167727E+07
  0.143166E+00  0.167207E+07  0.166511E+07  0.000000E+00  0.000000E+00  0.148662E+06  0.166142E+07
  0.144086E+00  0.165613E+07  0.164911E+07  0.000000E+00  0.000000E+00  0.145997E+06  0.164556E+07
  0.145006E+00  0.164021E+07  0.163310E+07  0.000000E+00  0.000000E+00  0.143373E+06  0.162971E+07
  0.145925E+00  0.162432E+07  0.161713E+07  0.000000E+00  0.000000E+00  0.140791E+06  0.161389E+07
  0.146845E+00  0.160848E+07  0.160120E+07  0.000000E+00  0.000000E+00  0.138252E+06  0.159813E+07
  0.147765E+00  0.159273E+07  0.158535E+07  0.000000E+00  0.000000E+00  0.135758E+06  0.158244E+07
  0.148685E+00  0.157708E+07  0.156961E+07  0.000000E+00  0.000000E+00  0.133311E+06  0.156685E+07
  0.149605E+00  0.156155E+07  0.155399E+07  0.000000E+00  0.000000E+00  0.130910E+06  0.155140E+07
  0.150525E+00  0.154617E+07  0.153852E+07  0.000000E+00  0.000000E+00  0.128556E+06  0.153609E+07
  0.151444E+00  0.153097E+07  0.152323E+07  0.000000E+00  0.000000E+00  0.126250E+06  0.152095E+07
  0.152364E+00  0.151597E+07  0.150814E+07  0.000000E+00  0.000000E+00  0.123995E+06  0.150602E+07
  0.153284E+00  0.150118E+07  0.149327E+07  0.000000E+00  0.000000E+00  0.121791E+06  0.149129E+07
  0.154204E+00  0.148663E+07  0.147865E+07  0.000000E+00  0.000000E+00  0.119638E+06  0.147681E+07
  0.155124E+00  0.147233E+07  0.146429E+07  0.000000E+00  0.000000E+00  0.117536E+06  0.146258E+07
  0.156043E+00  0.145831E+07  0.145021E+07  0.000000E+00  0.000000E+00  0.115486E+06  0.144863E+07
  0.156963E+00  0.144459E+07  0.143643E+07  0.000000E+00  0.000000E+00  0.113488E+06  0.143497E+07
  0.157883E+00  0.143116E+07  0.142297E+07  0.000000E+00  0.000000E+00  0.111542E+06  0.142161E+07
  0.158803E+00  0.141806E+07  0.140984E+07  0.000000E+00  0.000000E+00  0.109649E+06  0.140857E+07
  0.159723E+00  0.140528E+07  0.139704E+07  0.000000E+00  0.000000E+00  0.107807E+06  0.139586E+07
  0.160642E+00  0.139285E+07  0.138459E+07  0.000000E+00  0.000000E+00  0.106018E+06  0.138349E+07
  0.161562E+00  0.138075E+07  0.137250E+07  0.000000E+00  0.000000E+00  0.104280E+06  0.137146E+07
  0.162482E+00  0.136901E+07  0.136077E+07  0.000000E+00  0.000000E+00  0.102591E+06  0.135978E+07
  0.163402E+00  0.135762E+07  0.134939E+07  0.000000E+00  0.000000E+00  0.100952E+06  0.134846E+07
  0.164322E+00  0.134657E+07  0.133838E+07  0.000000E+00  0.000000E+00  0.993611E+05  0.133748E+07
  0.165241E+00  0.133588E+07  0.132773E+07  0.000000E+00  0.000000E+00  0.978179E+05  0.132685E+07
  0.166161E+00  0.132553E+07  0.131744E+07  0.000000E+00  0.000000E+00  0.963213E+05  0.131656E+07
  0.167081E+00  0.131552E+07  0.130749E+07  0.000000E+00  0.000000E+00  0.948692E+05  0.130662E+07
  0.168001E+00  0.130584E+07  0.129789E+07  0.000000E+00  0.000000E+00  0.934600E+05  0.129700E+07
  0.168921E+00  0.129649E+07  0.128862E+07  0.000000E+00  0.000000E+00  0.920928E+05  0.128771E+07
  0.169840E+00  0.128746E+07  0.127967E+07  0.000000E+00  0.000000E+00  0.907661E+05  0.127874E+07
  0.170760E+00  0.127872E+07  0.127103E+07  0.000000E+00  0.000000E+00  0.894783E+05  0.127007E+07
  0.171680E+00  0.127028E+07  0.126270E+07  0.000000E+00  0.000000E+00  0.882275E+05  0.126169E+07
  0.172600E+00  0.126212E+07  0.125465E+07  0.000000E+00  0.000000E+00  0.870124E+05  0.125358E+07
  0.173520E+00  0.125421E+07  0.124686E+07  0.000000E+00  0.000000E+00  0.858312E+05  0.124574E+07
  0.174440E+00  0.124656E+07  0.123933E+07  0.000000E+00  0.000000E+00  0.846822E+05  0.123815E+07
  0.175359E+00  0.123914E+07  0.123204E+07  0.000000E+00  0.000000E+00  0.835633E+05  0.123078E+07
  0.176279E+00  0.123193E+07  0.122496E+07  0.000000E+00  0.000000E+00  0.824727E+05  0.122364E+07
  0.177199E+00  0.122492E+07  0.121808E+07  0.000000E+00  0.000000E+00  0.814093E+05  0.121668E+07
  0.178119E+00  0.121809E+07  0.121139E+07  0.000000E+00  0.000000E+00  0.803716E+05  0.120991E+07
  0.179039E+00  0.121142E+07  0.120486E+07  0.000000E+00  0.000000E+00  0.793575E+05  0.120330E+07
  0.179958E+00  0.120490E+07  0.119847E+07  0.000000E+00  0.000000E+00  0.783650E+05  0.119683E+07
  0.180878E+00  0.119849E+07  0.119220E+07  0.000000E+00  0.000000E+00  0.773927E+05  0.119048E+07
  0.181798E+00  0.119220E+07  0.118604E+07  0.000000E+00  0.000000E+00  0.764393E+05  0.118424E+07
  0.182718E+00  0.118599E+07  0.117997E+07  0.000000E+00  0.000000E+00  0.755035E+05  0.117809E+07
  0.183638E+00  0.117986E+07  0.117396E+07  0.000000E+00  0.000000E+00  0.745836E+05  0.117200E+07
  0.184557E+00  0.117378E+07  0.116801E+07  0.000000E+00  0.000000E+00  0.736785E+05  0.116598E+07
  0.185477E+00  0.116774E+07  0.116209E+07  0.000000E+00  0.000000E+00  0.727867E+05  0.115999E+07
  0.186397E+00  0.116172E+07  0.115620E+07  0.000000E+00  0.000000E+00  0.719073E+05  0.115402E+07
  0.187317E+00  0.115572E+07  0.115031E+07  0.000000E+00  0.000000E+00  0.710391E+05  0.114807E+07
  0.188237E+00  0.114971E+07  0.114441E+07  0.000000E+00  0.000000E+00  0.701811E+05  0.114211E+07
  0.189156E+00  0.114370E+07  0.113850E+07  0.000000E+00  0.000000E+00  0.693324E+05  0.113615E+07
  0.190076E+00  0.113766E+07  0.113255E+07  0.000000E+00  0.000000E+00  0.684927E+05  0.113015E+07
  0.190996E+00  0.113159E+07  0.112657E+07  0.000000E+00  0.000000E+00  0.676614E+05  0.112413E+07
  0.191916E+00  0.112548E+07  0.112054E+07  0.000000E+00  0.000000E+00  0.668374E+05  0.111806E+07
  0.192836E+00  0.111931E+07  0.111446E+07  0.000000E+00  0.000000E+00  0.660198E+05  0.111195E+07
  0.193756E+00  0.111310E+07  0.110831E+07  0.000000E+00  0.000000E+00  0.652086E+05  0.110578E+07
  0.194675E+00  0.110683E+07  0.110210E+07  0.000000E+00  0.000000E+00  0.644035E+05  0.109955E+07
  0.195595E+00  0.110049E+07  0.109581E+07  0.000000E+00  0.000000E+00  0.636044E+05  0.109325E+07
  0.196515E+00  0.109408E+07  0.108946E+07  0.000000E+00  0.000000E+00  0.628107E+05  0.108689E+07
  0.197435E+00  0.108761E+07  0.108303E+07  0.000000E+00  0.000000E+00  0.620224E+05  0.108046E+07
  0.198355E+00  0.108108E+07  0.107652E+07  0.000000E+00  0.000000E+00  0.612394E+05  0.107397E+07
  0.199274E+00  0.107447E+07  0.106994E+07  0.000000E+00  0.000000E+00  0.604618E+05  0.106740E+07
  0.200194E+00  0.106780E+07  0.106329E+07  0.000000E+00  0.000000E+00  0.596895E+05  0.106077E+07
  0.201114E+00  0.106107E+07  0.105658E+07  0.000000E+00  0.000000E+00  0.589224E+05  0.105408E+07
  0.202034E+00  0.105428E+07  0.104979E+07  0.000000E+00  0.000000E+00  0.581611E+05  0.104733E+07
  0.202954E+00  0.104744E+07  0.104295E+07  0.000000E+00  0.000000E+00  0.574059E+05  0.104053E+07
  0.203873E+00  0.104055E+07  0.103606E+07  0.000000E+00  0.000000E+00  0.566568E+05  0.103367E+07
  0.204793E+00  0.103362E+07  0.102913E+07  0.000000E+00  0.000000E+00  0.559138E+05  0.102678E+07
  0.205713E+00  0.102665E+07  0.102215E+07  0.000000E+00  0.000000E+00  0.551774E+05  0.101986E+07
  0.206633E+00  0.101967E+07  0.101515E+07  0.000000E+00  0.000000E+00  0.544481E+05  0.101291E+07
  0.207553E+00  0.101266E+07  0.100813E+07  0.000000E+00  0.000000E+00  0.537262E+05  0.100594E+07
  0.208472E+00  0.100564E+07  0.100109E+07  0.000000E+00  0.000000E+00  0.530122E+05  0.998958E+06
  0.209392E+00  0.998629E+06  0.994054E+06  0.000000E+00  0.000000E+00  0.523062E+05  0.991979E+06
  0.210312E+00  0.991622E+06  0.987023E+06  0.000000E+00  0.000000E+00  0.516085E+05  0.985008E+06
  0.211232E+00  0.984633E+06  0.980008E+06  0.000000E+00  0.000000E+00  0.509196E+05  0.978055E+06
  0.212152E+00  0.977670E+06  0.973018E+06  0.000000E+00  0.000000E+00  0.502398E+05  0.971127E+06
  0.213072E+00  0.970743E+06  0.966064E+06  0.000000E+00  0.000000E+00  0.495693E+05  0.964235E+06
  0.213991E+00  0.963860E+06  0.959154E+06  0.000000E+00  0.000000E+00  0.489086E+05  0.957387E+06
  0.214911E+00  0.957030E+06  0.952298E+06  0.000000E+00  0.000000E+00  0.482580E+05  0.950592E+06
  0.215831E+00  0.950261E+06  0.945503E+06  0.000000E+00  0.000000E+00  0.476180E+05  0.943857E+06
  0.216751E+00  0.943562E+06  0.938780E+06  0.000000E+00  0.000000E+00  0.469883E+05  0.937192E+06
  0.217671E+00  0.936939E+06  0.932135E+06  0.000000E+00  0.000000E+00  0.463693E+05  0.930604E+06
  0.218590E+00  0.930402E+06  0.925577E+06  0.000000E+00  0.000000E+00  0.457612E+05  0.924101E+06
  0.219510E+00  0.923956E+06  0.919114E+06  0.000000E+00  0.000000E+00  0.451644E+05  0.917689E+06
  0.222398E+00  0.904385E+06  0.899505E+06  0.000000E+00  0.000000E+00  0.433648E+05  0.898224E+06
  0.225325E+00  0.885710E+06  0.880824E+06  0.000000E+00  0.000000E+00  0.416573E+05  0.879655E+06
  0.228289E+00  0.868068E+06  0.863216E+06  0.000000E+00  0.000000E+00  0.400452E+05  0.862118E+06
  0.231293E+00  0.851531E+06  0.846751E+06  0.000000E+00  0.000000E+00  0.385277E+05  0.845687E+06
  0.234337E+00  0.836099E+06  0.831430E+06  0.000000E+00  0.000000E+00  0.371014E+05  0.830360E+06
  0.237420E+00  0.821708E+06  0.817183E+06  0.000000E+00  0.000000E+00  0.357591E+05  0.816073E+06
  0.240544E+00  0.808225E+06  0.803869E+06  0.000000E+00  0.000000E+00  0.344923E+05  0.802693E+06
  0.243709E+00  0.795464E+06  0.791293E+06  0.000000E+00  0.000000E+00  0.332895E+05  0.790033E+06
  0.246915E+00  0.783195E+06  0.779213E+06  0.000000E+00  0.000000E+00  0.321393E+05  0.777863E+06
  0.250164E+00  0.771179E+06  0.767379E+06  0.000000E+00  0.000000E+00  0.310295E+05  0.765944E+06
  0.253456E+00  0.759184E+06  0.755550E+06  0.000000E+00  0.000000E+00  0.299502E+05  0.754043E+06
  0.256791E+00  0.747017E+06  0.743524E+06  0.000000E+00  0.000000E+00  0.288927E+05  0.741968E+06
  0.260170E+00  0.734523E+06  0.731141E+06  0.000000E+00  0.000000E+00  0.278514E+05  0.729562E+06
  0.263593E+00  0.721608E+06  0.718305E+06  0.000000E+00  0.000000E+00  0.268227E+05  0.716735E+06
  0.267061E+00  0.708256E+06  0.705000E+06  0.000000E+00  0.000000E+00  0.258062E+05  0.703467E+06
  0.270575E+00  0.694523E+06  0.691287E+06  0.000000E+00  0.000000E+00  0.248045E+05  0.689817E+06
  0.274135E+00  0.680530E+06  0.677293E+06  0.000000E+00  0.000000E+00  0.238218E+05  0.675905E+06
  0.277742E+00  0.666438E+06  0.663190E+06  0.000000E+00  0.000000E+00  0.228639E+05  0.661895E+06
  0.281397E+00  0.652438E+06  0.649176E+06  0.000000E+00  0.000000E+00  0.219365E+05  0.647974E+06
  0.285099E+00  0.638727E+06  0.635459E+06  0.000000E+00  0.000000E+00  0.210457E+05  0.634343E+06
  0.288850E+00  0.625487E+06  0.622226E+06  0.000000E+00  0.000000E+00  0.201962E+05  0.621182E+06
  0.292651E+00  0.612848E+06  0.609615E+06  0.000000E+00  0.000000E+00  0.193903E+05  0.608622E+06
  0.296502E+00  0.600883E+06  0.597700E+06  0.000000E+00  0.000000E+00  0.186288E+05  0.596734E+06
  0.300403E+00  0.589602E+06  0.586490E+06  0.000000E+00  0.000000E+00  0.179102E+05  0.585531E+06
  0.304355E+00  0.578953E+06  0.575929E+06  0.000000E+00  0.000000E+00  0.172310E+05  0.574958E+06
  0.308360E+00  0.568823E+06  0.565899E+06  0.000000E+00  0.000000E+00  0.165864E+05  0.564903E+06
  0.312417E+00  0.559057E+06  0.556238E+06  0.000000E+00  0.000000E+00  0.159706E+05  0.555211E+06
  0.316528E+00  0.549492E+06  0.546773E+06  0.000000E+00  0.000000E+00  0.153778E+05  0.545718E+06
  0.320693E+00  0.539975E+06  0.537346E+06  0.000000E+00  0.000000E+00  0.148031E+05  0.536270E+06
  0.324912E+00  0.530376E+06  0.527822E+06  0.000000E+00  0.000000E+00  0.142426E+05  0.526740E+06
  0.329187E+00  0.520612E+06  0.518116E+06  0.000000E+00  0.000000E+00  0.123239E+05  0.517034E+06
  0.333519E+00  0.510677E+06  0.508222E+06  0.000000E+00  0.000000E+00  0.118302E+05  0.507165E+06
  0.337907E+00  0.500608E+06  0.498181E+06  0.000000E+00  0.000000E+00  0.113484E+05  0.497160E+06
  0.342353E+00  0.490488E+06  0.488079E+06  0.000000E+00  0.000000E+00  0.108801E+05  0.487104E+06
  0.346858E+00  0.480433E+06  0.478038E+06  0.000000E+00  0.000000E+00  0.104276E+05  0.477111E+06
  0.351422E+00  0.470571E+06  0.468194E+06  0.000000E+00  0.000000E+00  0.999328E+04  0.467311E+06
  0.356046E+00  0.461011E+06  0.458660E+06  0.000000E+00  0.000000E+00  0.957869E+04  0.457813E+06
  0.360730E+00  0.451826E+06  0.449509E+06  0.000000E+00  0.000000E+00  0.918459E+04  0.448688E+06
  0.365477E+00  0.443044E+06  0.440774E+06  0.000000E+00  0.000000E+00  0.881076E+04  0.439967E+06
  0.370286E+00  0.434648E+06  0.432433E+06  0.000000E+00  0.000000E+00  0.845598E+04  0.431629E+06
  0.375158E+00  0.426570E+06  0.424414E+06  0.000000E+00  0.000000E+00  0.811819E+04  0.423609E+06
  0.380094E+00  0.418719E+06  0.416625E+06  0.000000E+00  0.000000E+00  0.779500E+04  0.415814E+06
  0.385095E+00  0.411000E+06  0.408965E+06  0.000000E+00  0.000000E+00  0.748412E+04  0.408151E+06
  0.390162E+00  0.403324E+06  0.401341E+06  0.000000E+00  0.000000E+00  0.718357E+04  0.400530E+06
  0.395296E+00  0.395638E+06  0.393698E+06  0.000000E+00  0.000000E+00  0.689209E+04  0.392897E+06
  0.400497E+00  0.387926E+06  0.386022E+06  0.000000E+00  0.000000E+00  0.660922E+04  0.385237E+06
  0.405766E+00  0.380210E+06  0.378334E+06  0.000000E+00  0.000000E+00  0.633509E+04  0.377572E+06
  0.411105E+00  0.372542E+06  0.370690E+06  0.000000E+00  0.000000E+00  0.607036E+04  0.369954E+06
  0.416515E+00  0.364991E+06  0.363164E+06  0.000000E+00  0.000000E+00  0.581587E+04  0.362453E+06
  0.421995E+00  0.357620E+06  0.355820E+06  0.000000E+00  0.000000E+00  0.557223E+04  0.355131E+06
  0.427547E+00  0.350473E+06  0.348704E+06  0.000000E+00  0.000000E+00  0.533975E+04  0.348032E+06
  0.433173E+00  0.343568E+06  0.341836E+06  0.000000E+00  0.000000E+00  0.511826E+04  0.341175E+06
  0.438873E+00  0.336888E+06  0.335194E+06  0.000000E+00  0.000000E+00  0.490705E+04  0.334541E+06
  0.444647E+00  0.330393E+06  0.328740E+06  0.000000E+00  0.000000E+00  0.470517E+04  0.328092E+06
  0.450498E+00  0.324032E+06  0.322419E+06  0.000000E+00  0.000000E+00  0.451156E+04  0.321777E+06
  0.456425E+00  0.317756E+06  0.316180E+06  0.000000E+00  0.000000E+00  0.432522E+04  0.315544E+06
  0.462431E+00  0.311534E+06  0.309991E+06  0.000000E+00  0.000000E+00  0.414551E+04  0.309365E+06
  0.468515E+00  0.305355E+06  0.303842E+06  0.000000E+00  0.000000E+00  0.397209E+04  0.303228E+06
  0.474680E+00  0.299231E+06  0.297744E+06  0.000000E+00  0.000000E+00  0.380491E+04  0.297146E+06
  0.480926E+00  0.293193E+06  0.291732E+06  0.000000E+00  0.000000E+00  0.364418E+04  0.291149E+06
  0.487253E+00  0.287272E+06  0.285835E+06  0.000000E+00  0.000000E+00  0.349003E+04  0.285268E+06
  0.493665E+00  0.281494E+06  0.280084E+06  0.000000E+00  0.000000E+00  0.334258E+04  0.279529E+06
  0.500160E+00  0.275869E+06  0.274488E+06  0.000000E+00  0.000000E+00  0.320167E+04  0.273944E+06
  0.506741E+00  0.270391E+06  0.269039E+06  0.000000E+00  0.000000E+00  0.306697E+04  0.268503E+06
  0.513409E+00  0.265040E+06  0.263718E+06  0.000000E+00  0.000000E+00  0.293805E+04  0.263190E+06
  0.520164E+00  0.259789E+06  0.258496E+06  0.000000E+00  0.000000E+00  0.281437E+04  0.257976E+06
  0.527008E+00  0.254619E+06  0.253353E+06  0.000000E+00  0.000000E+00  0.269556E+04  0.252841E+06
  0.533942E+00  0.249517E+06  0.248276E+06  0.000000E+00  0.000000E+00  0.258132E+04  0.247774E+06
  0.540968E+00  0.244485E+06  0.243268E+06  0.000000E+00  0.000000E+00  0.247150E+04  0.242777E+06
  0.548086E+00  0.239535E+06  0.238341E+06  0.000000E+00  0.000000E+00  0.236607E+04  0.237861E+06
  0.555297E+00  0.234679E+06  0.233508E+06  0.000000E+00  0.000000E+00  0.226501E+04  0.233038E+06
  0.562604E+00  0.229929E+06  0.228781E+06  0.000000E+00  0.000000E+00  0.216826E+04  0.228321E+06
  0.570006E+00  0.225287E+06  0.224163E+06  0.000000E+00  0.000000E+00  0.207568E+04  0.223712E+06
  0.577506E+00  0.220749E+06  0.219647E+06  0.000000E+00  0.000000E+00  0.198707E+04  0.219205E+06
  0.585105E+00  0.216301E+06  0.215223E+06  0.000000E+00  0.000000E+00  0.190218E+04  0.214788E+06
  0.592803E+00  0.211934E+06  0.210878E+06  0.000000E+00  0.000000E+00  0.182078E+04  0.210451E+06
  0.600603E+00  0.207639E+06  0.206605E+06  0.000000E+00  0.000000E+00  0.174267E+04  0.206186E+06
  0.608506E+00  0.203417E+06  0.202404E+06  0.000000E+00  0.000000E+00  0.166774E+04  0.201993E+06
  0.616512E+00  0.199270E+06  0.198277E+06  0.000000E+00  0.000000E+00  0.159589E+04  0.197875E+06
  0.624624E+00  0.195204E+06  0.194230E+06  0.000000E+00  0.000000E+00  0.152706E+04  0.193837E+06
  0.632843E+00  0.191221E+06  0.190268E+06  0.000000E+00  0.000000E+00  0.146116E+04  0.189882E+06
  0.641170E+00  0.187322E+06  0.186388E+06  0.000000E+00  0.000000E+00  0.139807E+04  0.186010E+06
  0.649606E+00  0.183503E+06  0.182588E+06  0.000000E+00  0.000000E+00  0.133766E+04  0.182217E+06
  0.658153E+00  0.179757E+06  0.178861E+06  0.000000E+00  0.000000E+00  0.127980E+04  0.178498E+06
  0.708756E+00  0.159827E+06  0.159030E+06  0.000000E+00  0.000000E+00  0.994902E+03  0.158706E+06
  0.763250E+00  0.142016E+06  0.141308E+06  0.000000E+00  0.000000E+00  0.772197E+03  0.141019E+06
  0.821934E+00  0.126101E+06  0.125473E+06  0.000000E+00  0.000000E+00  0.598386E+03  0.125216E+06
  0.885130E+00  0.111896E+06  0.111338E+06  0.000000E+00  0.000000E+00  0.462987E+03  0.111110E+06
  0.953184E+00  0.992276E+05  0.987334E+05  0.000000E+00  0.000000E+00  0.357708E+03  0.985304E+05
  0.102647E+01  0.879409E+05  0.875030E+05  0.000000E+00  0.000000E+00  0.275988E+03  0.873227E+05
  0.110539E+01  0.778913E+05  0.775035E+05  0.000000E+00  0.000000E+00  0.212654E+03  0.773436E+05
  0.119038E+01  0.689536E+05  0.686102E+05  0.000000E+00  0.000000E+00  0.163653E+03  0.684685E+05
  0.128191E+01  0.610058E+05  0.607021E+05  0.000000E+00  0.000000E+00  0.125789E+03  0.605766E+05
  0.138047E+01  0.539448E+05  0.536763E+05  0.000000E+00  0.000000E+00  0.965723E+02  0.535652E+05
  0.148661E+01  0.476769E+05  0.474395E+05  0.000000E+00  0.000000E+00  0.740628E+02  0.473413E+05
  0.160091E+01  0.421147E+05  0.419050E+05  0.000000E+00  0.000000E+00  0.771639E+02  0.418183E+05
  0.172400E+01  0.371849E+05  0.369998E+05  0.000000E+00  0.000000E+00  0.592152E+02  0.369232E+05
  0.185655E+01  0.328169E+05  0.326535E+05  0.000000E+00  0.000000E+00  0.453918E+02  0.325858E+05
  0.199929E+01  0.289490E+05  0.288049E+05  0.000000E+00  0.000000E+00  0.347595E+02  0.287452E+05
  0.215301E+01  0.255258E+05  0.253987E+05  0.000000E+00  0.000000E+00  0.265912E+02  0.253460E+05
