  0.745045E-04  0.195922E+08  0.195922E+08  0.254471E+08  0.254461E+08  0.195914E+08  0.195922E+08
  0.829624E-04  0.195916E+08  0.195916E+08  0.252866E+08  0.252854E+08  0.195905E+08  0.195916E+08
  0.923803E-04  0.195909E+08  0.195909E+08  0.250889E+08  0.250874E+08  0.195895E+08  0.195909E+08
  0.102867E-03  0.195900E+08  0.195900E+08  0.248457E+08  0.248438E+08  0.195881E+08  0.195899E+08
  0.114545E-03  0.195888E+08  0.195888E+08  0.245471E+08  0.245448E+08  0.195865E+08  0.195888E+08
  0.127548E-03  0.195874E+08  0.195874E+08  0.241814E+08  0.241787E+08  0.195845E+08  0.195874E+08
  0.142028E-03  0.195857E+08  0.195857E+08  0.237350E+08  0.237317E+08  0.195820E+08  0.195857E+08
  0.158151E-03  0.195835E+08  0.195835E+08  0.231920E+08  0.231880E+08  0.195789E+08  0.195835E+08
  0.176104E-03  0.195809E+08  0.195809E+08  0.225346E+08  0.225297E+08  0.195751E+08  0.195809E+08
  0.196096E-03  0.195776E+08  0.195776E+08  0.217432E+08  0.217375E+08  0.195704E+08  0.195776E+08
  0.218356E-03  0.195736E+08  0.195736E+08  0.207976E+08  0.207910E+08  0.195646E+08  0.195736E+08
  0.243144E-03  0.195687E+08  0.195687E+08  0.196779E+08  0.196702E+08  0.195575E+08  0.195686E+08
  0.270746E-03  0.195627E+08  0.195627E+08  0.183671E+08  0.183585E+08  0.195487E+08  0.195626E+08
  0.301482E-03  0.195553E+08  0.195553E+08  0.168546E+08  0.168452E+08  0.195379E+08  0.195552E+08
  0.335706E-03  0.195463E+08  0.195463E+08  0.151408E+08  0.151309E+08  0.195247E+08  0.195462E+08
  0.373816E-03  0.195354E+08  0.195354E+08  0.132435E+08  0.132335E+08  0.195086E+08  0.195352E+08
  0.416252E-03  0.195222E+08  0.195221E+08  0.112044E+08  0.111950E+08  0.194889E+08  0.195219E+08
  0.463505E-03  0.195063E+08  0.195063E+08  0.909529E+07  0.908733E+07  0.194651E+08  0.195060E+08
  0.516122E-03  0.194873E+08  0.194873E+08  0.702046E+07  0.701489E+07  0.194363E+08  0.194870E+08
  0.574713E-03  0.194648E+08  0.194648E+08  0.511103E+07  0.510860E+07  0.194017E+08  0.194644E+08
  0.639955E-03  0.194384E+08  0.194383E+08  0.350614E+07  0.350707E+07  0.193604E+08  0.194379E+08
  0.712603E-03  0.194076E+08  0.194076E+08  0.231808E+07  0.232168E+07  0.193113E+08  0.194070E+08
  0.793498E-03  0.193722E+08  0.193721E+08  0.158577E+07  0.159028E+07  0.192535E+08  0.193714E+08
  0.883577E-03  0.193318E+08  0.193317E+08  0.123616E+07  0.123918E+07  0.191858E+08  0.193309E+08
  0.983881E-03  0.192862E+08  0.192861E+08  0.108831E+07  0.108813E+07  0.191069E+08  0.192851E+08
  0.109557E-02  0.192353E+08  0.192351E+08  0.932767E+06  0.929960E+06  0.190155E+08  0.192339E+08
  0.121994E-02  0.191786E+08  0.191784E+08  0.667794E+06  0.665436E+06  0.189105E+08  0.191769E+08
  0.135843E-02  0.191157E+08  0.191155E+08  0.380440E+06  0.381210E+06  0.187893E+08  0.191137E+08
  0.151264E-02  0.190461E+08  0.190458E+08  0.232314E+06  0.234593E+06  0.186502E+08  0.190435E+08
  0.168436E-02  0.189686E+08  0.189683E+08  0.218042E+06  0.217732E+06  0.184907E+08  0.189655E+08
  0.187557E-02  0.188821E+08  0.188817E+08  0.166889E+06  0.165150E+06  0.183085E+08  0.188784E+08
  0.208848E-02  0.187852E+08  0.187847E+08  0.718784E+05  0.729609E+05  0.181011E+08  0.187808E+08
  0.232557E-02  0.186764E+08  0.186758E+08  0.636041E+05  0.637083E+05  0.178664E+08  0.186712E+08
  0.258957E-02  0.185539E+08  0.185532E+08  0.470442E+05  0.449318E+05  0.176024E+08  0.185478E+08
  0.288354E-02  0.184160E+08  0.184151E+08  0.186042E+05  0.165629E+05  0.173078E+08  0.184089E+08
  0.321088E-02  0.182609E+08  0.182598E+08  0.242504E+05  0.188274E+05  0.169816E+08  0.182527E+08
  0.357538E-02  0.180868E+08  0.180854E+08  0.352562E+04  0.376460E+04  0.166230E+08  0.180774E+08
  0.398126E-02  0.178918E+08  0.178900E+08  0.224162E+04  0.199392E+04  0.162307E+08  0.178811E+08
  0.443322E-02  0.176741E+08  0.176720E+08  0.364846E+04  0.238072E+04  0.158033E+08  0.176621E+08
  0.493648E-02  0.174321E+08  0.174295E+08  0.000000E+00  0.000000E+00  0.153385E+08  0.174186E+08
  0.498985E-02  0.174065E+08  0.174038E+08  0.000000E+00  0.000000E+00  0.152899E+08  0.173928E+08
  0.504379E-02  0.173806E+08  0.173779E+08  0.000000E+00  0.000000E+00  0.152408E+08  0.173668E+08
  0.509832E-02  0.173545E+08  0.173517E+08  0.000000E+00  0.000000E+00  0.151914E+08  0.173405E+08
  0.515344E-02  0.173281E+08  0.173253E+08  0.000000E+00  0.000000E+00  0.151416E+08  0.173139E+08
  0.520915E-02  0.173014E+08  0.172985E+08  0.000000E+00  0.000000E+00  0.150914E+08  0.172871E+08
  0.526546E-02  0.172745E+08  0.172715E+08  0.000000E+00  0.000000E+00  0.150408E+08  0.172600E+08
  0.532239E-02  0.172473E+08  0.172443E+08  0.000000E+00  0.000000E+00  0.149898E+08  0.172326E+08
  0.537993E-02  0.172198E+08  0.172167E+08  0.000000E+00  0.000000E+00  0.149384E+08  0.172050E+08
  0.543809E-02  0.171920E+08  0.171889E+08  0.000000E+00  0.000000E+00  0.148865E+08  0.171771E+08
  0.549688E-02  0.171640E+08  0.171608E+08  0.000000E+00  0.000000E+00  0.148343E+08  0.171489E+08
  0.555630E-02  0.171357E+08  0.171324E+08  0.000000E+00  0.000000E+00  0.147817E+08  0.171204E+08
  0.561637E-02  0.171071E+08  0.171037E+08  0.000000E+00  0.000000E+00  0.147286E+08  0.170916E+08
  0.567709E-02  0.170782E+08  0.170748E+08  0.000000E+00  0.000000E+00  0.146751E+08  0.170626E+08
  0.573846E-02  0.170490E+08  0.170456E+08  0.000000E+00  0.000000E+00  0.146213E+08  0.170333E+08
  0.580050E-02  0.170196E+08  0.170161E+08  0.000000E+00  0.000000E+00  0.145670E+08  0.170037E+08
  0.586320E-02  0.169899E+08  0.169863E+08  0.000000E+00  0.000000E+00  0.145123E+08  0.169738E+08
  0.592659E-02  0.169599E+08  0.169562E+08  0.000000E+00  0.000000E+00  0.144572E+08  0.169436E+08
  0.599066E-02  0.169296E+08  0.169258E+08  0.000000E+00  0.000000E+00  0.144017E+08  0.169131E+08
  0.605542E-02  0.168990E+08  0.168951E+08  0.000000E+00  0.000000E+00  0.143458E+08  0.168823E+08
  0.612089E-02  0.168681E+08  0.168641E+08  0.000000E+00  0.000000E+00  0.142895E+08  0.168513E+08
  0.618706E-02  0.168369E+08  0.168329E+08  0.000000E+00  0.000000E+00  0.142328E+08  0.168199E+08
  0.625394E-02  0.168054E+08  0.168013E+08  0.000000E+00  0.000000E+00  0.141756E+08  0.167882E+08
  0.632155E-02  0.167736E+08  0.167695E+08  0.000000E+00  0.000000E+00  0.141181E+08  0.167563E+08
  0.638989E-02  0.167415E+08  0.167373E+08  0.000000E+00  0.000000E+00  0.140601E+08  0.167240E+08
  0.645897E-02  0.167092E+08  0.167048E+08  0.000000E+00  0.000000E+00  0.140018E+08  0.166915E+08
  0.652880E-02  0.166765E+08  0.166720E+08  0.000000E+00  0.000000E+00  0.139430E+08  0.166586E+08
  0.659938E-02  0.166435E+08  0.166390E+08  0.000000E+00  0.000000E+00  0.138839E+08  0.166254E+08
  0.667072E-02  0.166102E+08  0.166056E+08  0.000000E+00  0.000000E+00  0.138243E+08  0.165920E+08
  0.674284E-02  0.165766E+08  0.165719E+08  0.000000E+00  0.000000E+00  0.137644E+08  0.165582E+08
  0.681573E-02  0.165427E+08  0.165379E+08  0.000000E+00  0.000000E+00  0.137041E+08  0.165241E+08
  0.688942E-02  0.165084E+08  0.165035E+08  0.000000E+00  0.000000E+00  0.136433E+08  0.164897E+08
  0.696390E-02  0.164739E+08  0.164689E+08  0.000000E+00  0.000000E+00  0.135822E+08  0.164550E+08
  0.703918E-02  0.164390E+08  0.164339E+08  0.000000E+00  0.000000E+00  0.135207E+08  0.164199E+08
  0.711528E-02  0.164039E+08  0.163987E+08  0.000000E+00  0.000000E+00  0.134588E+08  0.163846E+08
  0.719220E-02  0.163684E+08  0.163631E+08  0.000000E+00  0.000000E+00  0.133965E+08  0.163489E+08
  0.726995E-02  0.163326E+08  0.163272E+08  0.000000E+00  0.000000E+00  0.133338E+08  0.163129E+08
  0.734855E-02  0.162964E+08  0.162909E+08  0.000000E+00  0.000000E+00  0.132708E+08  0.162766E+08
  0.742799E-02  0.162600E+08  0.162544E+08  0.000000E+00  0.000000E+00  0.132074E+08  0.162399E+08
  0.750829E-02  0.162232E+08  0.162175E+08  0.000000E+00  0.000000E+00  0.131436E+08  0.162030E+08
  0.758946E-02  0.161861E+08  0.161802E+08  0.000000E+00  0.000000E+00  0.130794E+08  0.161657E+08
  0.767151E-02  0.161487E+08  0.161427E+08  0.000000E+00  0.000000E+00  0.130148E+08  0.161281E+08
  0.775444E-02  0.161109E+08  0.161048E+08  0.000000E+00  0.000000E+00  0.129499E+08  0.160901E+08
  0.783828E-02  0.160728E+08  0.160666E+08  0.000000E+00  0.000000E+00  0.128847E+08  0.160518E+08
  0.792301E-02  0.160344E+08  0.160281E+08  0.000000E+00  0.000000E+00  0.128190E+08  0.160132E+08
  0.800867E-02  0.159956E+08  0.159892E+08  0.000000E+00  0.000000E+00  0.127530E+08  0.159742E+08
  0.809524E-02  0.159565E+08  0.159499E+08  0.000000E+00  0.000000E+00  0.126867E+08  0.159350E+08
  0.818276E-02  0.159171E+08  0.159104E+08  0.000000E+00  0.000000E+00  0.126200E+08  0.158953E+08
  0.827122E-02  0.158773E+08  0.158705E+08  0.000000E+00  0.000000E+00  0.125530E+08  0.158554E+08
  0.836064E-02  0.158372E+08  0.158302E+08  0.000000E+00  0.000000E+00  0.124856E+08  0.158151E+08
  0.845102E-02  0.157967E+08  0.157896E+08  0.000000E+00  0.000000E+00  0.124178E+08  0.157744E+08
  0.854239E-02  0.157559E+08  0.157487E+08  0.000000E+00  0.000000E+00  0.123498E+08  0.157334E+08
  0.863473E-02  0.157148E+08  0.157074E+08  0.000000E+00  0.000000E+00  0.122814E+08  0.156921E+08
  0.872808E-02  0.156733E+08  0.156658E+08  0.000000E+00  0.000000E+00  0.122126E+08  0.156504E+08
  0.882244E-02  0.156315E+08  0.156238E+08  0.000000E+00  0.000000E+00  0.121436E+08  0.156084E+08
  0.891782E-02  0.155893E+08  0.155814E+08  0.000000E+00  0.000000E+00  0.120742E+08  0.155660E+08
  0.901422E-02  0.155467E+08  0.155387E+08  0.000000E+00  0.000000E+00  0.120045E+08  0.155232E+08
  0.911167E-02  0.155038E+08  0.154957E+08  0.000000E+00  0.000000E+00  0.119345E+08  0.154801E+08
  0.921018E-02  0.154606E+08  0.154523E+08  0.000000E+00  0.000000E+00  0.118642E+08  0.154367E+08
  0.930975E-02  0.154170E+08  0.154085E+08  0.000000E+00  0.000000E+00  0.117935E+08  0.153929E+08
  0.941039E-02  0.153730E+08  0.153644E+08  0.000000E+00  0.000000E+00  0.117226E+08  0.153487E+08
  0.951212E-02  0.153287E+08  0.153199E+08  0.000000E+00  0.000000E+00  0.116514E+08  0.153042E+08
  0.961496E-02  0.152840E+08  0.152750E+08  0.000000E+00  0.000000E+00  0.115798E+08  0.152593E+08
  0.971890E-02  0.152389E+08  0.152298E+08  0.000000E+00  0.000000E+00  0.115080E+08  0.152141E+08
  0.982397E-02  0.151935E+08  0.151842E+08  0.000000E+00  0.000000E+00  0.114359E+08  0.151685E+08
  0.993017E-02  0.151477E+08  0.151382E+08  0.000000E+00  0.000000E+00  0.113635E+08  0.151225E+08
  0.100375E-01  0.151016E+08  0.150919E+08  0.000000E+00  0.000000E+00  0.112909E+08  0.150761E+08
  0.101460E-01  0.150551E+08  0.150452E+08  0.000000E+00  0.000000E+00  0.112179E+08  0.150294E+08
  0.102557E-01  0.150082E+08  0.149981E+08  0.000000E+00  0.000000E+00  0.111447E+08  0.149824E+08
  0.103666E-01  0.149609E+08  0.149507E+08  0.000000E+00  0.000000E+00  0.110713E+08  0.149349E+08
  0.104787E-01  0.149133E+08  0.149028E+08  0.000000E+00  0.000000E+00  0.109975E+08  0.148871E+08
  0.105919E-01  0.148653E+08  0.148546E+08  0.000000E+00  0.000000E+00  0.109236E+08  0.148389E+08
  0.107065E-01  0.148169E+08  0.148060E+08  0.000000E+00  0.000000E+00  0.108494E+08  0.147903E+08
  0.108222E-01  0.147681E+08  0.147571E+08  0.000000E+00  0.000000E+00  0.107749E+08  0.147413E+08
  0.109392E-01  0.147190E+08  0.147077E+08  0.000000E+00  0.000000E+00  0.107002E+08  0.146920E+08
  0.110575E-01  0.146695E+08  0.146580E+08  0.000000E+00  0.000000E+00  0.106253E+08  0.146423E+08
  0.111770E-01  0.146196E+08  0.146079E+08  0.000000E+00  0.000000E+00  0.105502E+08  0.145922E+08
  0.112978E-01  0.145693E+08  0.145574E+08  0.000000E+00  0.000000E+00  0.104748E+08  0.145417E+08
  0.114200E-01  0.145186E+08  0.145065E+08  0.000000E+00  0.000000E+00  0.103992E+08  0.144909E+08
  0.115434E-01  0.144675E+08  0.144552E+08  0.000000E+00  0.000000E+00  0.103234E+08  0.144396E+08
  0.116682E-01  0.144161E+08  0.144035E+08  0.000000E+00  0.000000E+00  0.102475E+08  0.143880E+08
  0.117944E-01  0.143643E+08  0.143515E+08  0.000000E+00  0.000000E+00  0.101713E+08  0.143360E+08
  0.119219E-01  0.143120E+08  0.142990E+08  0.000000E+00  0.000000E+00  0.100949E+08  0.142835E+08
  0.120507E-01  0.142594E+08  0.142461E+08  0.000000E+00  0.000000E+00  0.100184E+08  0.142307E+08
  0.121810E-01  0.142064E+08  0.141929E+08  0.000000E+00  0.000000E+00  0.994163E+07  0.141775E+08
  0.123127E-01  0.141530E+08  0.141392E+08  0.000000E+00  0.000000E+00  0.986473E+07  0.141240E+08
  0.124458E-01  0.140992E+08  0.140852E+08  0.000000E+00  0.000000E+00  0.978767E+07  0.140700E+08
  0.125804E-01  0.140450E+08  0.140307E+08  0.000000E+00  0.000000E+00  0.971045E+07  0.140156E+08
  0.127164E-01  0.139904E+08  0.139759E+08  0.000000E+00  0.000000E+00  0.963308E+07  0.139608E+08
  0.128538E-01  0.139355E+08  0.139206E+08  0.000000E+00  0.000000E+00  0.955556E+07  0.139057E+08
  0.129928E-01  0.138801E+08  0.138650E+08  0.000000E+00  0.000000E+00  0.947790E+07  0.138501E+08
  0.131333E-01  0.138243E+08  0.138089E+08  0.000000E+00  0.000000E+00  0.940012E+07  0.137941E+08
  0.132752E-01  0.137681E+08  0.137525E+08  0.000000E+00  0.000000E+00  0.932220E+07  0.137378E+08
  0.134188E-01  0.137115E+08  0.136956E+08  0.000000E+00  0.000000E+00  0.924418E+07  0.136810E+08
  0.135638E-01  0.136545E+08  0.136383E+08  0.000000E+00  0.000000E+00  0.916604E+07  0.136238E+08
  0.137105E-01  0.135971E+08  0.135806E+08  0.000000E+00  0.000000E+00  0.908780E+07  0.135662E+08
  0.138587E-01  0.135393E+08  0.135225E+08  0.000000E+00  0.000000E+00  0.900946E+07  0.135083E+08
  0.140085E-01  0.134811E+08  0.134640E+08  0.000000E+00  0.000000E+00  0.893103E+07  0.134499E+08
  0.141599E-01  0.134225E+08  0.134051E+08  0.000000E+00  0.000000E+00  0.885252E+07  0.133911E+08
  0.143130E-01  0.133635E+08  0.133458E+08  0.000000E+00  0.000000E+00  0.877394E+07  0.133319E+08
  0.144678E-01  0.133041E+08  0.132861E+08  0.000000E+00  0.000000E+00  0.869529E+07  0.132723E+08
  0.146242E-01  0.132442E+08  0.132259E+08  0.000000E+00  0.000000E+00  0.861658E+07  0.132123E+08
  0.147823E-01  0.131840E+08  0.131654E+08  0.000000E+00  0.000000E+00  0.853783E+07  0.131519E+08
  0.149421E-01  0.131233E+08  0.131044E+08  0.000000E+00  0.000000E+00  0.845902E+07  0.130911E+08
  0.151036E-01  0.130623E+08  0.130430E+08  0.000000E+00  0.000000E+00  0.838019E+07  0.130299E+08
  0.152669E-01  0.130008E+08  0.129812E+08  0.000000E+00  0.000000E+00  0.830132E+07  0.129683E+08
  0.154319E-01  0.129390E+08  0.129190E+08  0.000000E+00  0.000000E+00  0.822244E+07  0.129063E+08
  0.155988E-01  0.128767E+08  0.128564E+08  0.000000E+00  0.000000E+00  0.814355E+07  0.128438E+08
  0.157674E-01  0.128140E+08  0.127934E+08  0.000000E+00  0.000000E+00  0.806465E+07  0.127810E+08
  0.159378E-01  0.127509E+08  0.127300E+08  0.000000E+00  0.000000E+00  0.798576E+07  0.127177E+08
  0.161101E-01  0.126874E+08  0.126661E+08  0.000000E+00  0.000000E+00  0.790688E+07  0.126541E+08
  0.162843E-01  0.126235E+08  0.126019E+08  0.000000E+00  0.000000E+00  0.782802E+07  0.125900E+08
  0.164603E-01  0.125592E+08  0.125372E+08  0.000000E+00  0.000000E+00  0.774919E+07  0.125256E+08
  0.166383E-01  0.124945E+08  0.124721E+08  0.000000E+00  0.000000E+00  0.767040E+07  0.124607E+08
  0.168182E-01  0.124293E+08  0.124066E+08  0.000000E+00  0.000000E+00  0.759166E+07  0.123954E+08
  0.170000E-01  0.123638E+08  0.123407E+08  0.000000E+00  0.000000E+00  0.751298E+07  0.123298E+08
  0.171838E-01  0.122979E+08  0.122744E+08  0.000000E+00  0.000000E+00  0.743436E+07  0.122637E+08
  0.173695E-01  0.122316E+08  0.122078E+08  0.000000E+00  0.000000E+00  0.735581E+07  0.121973E+08
  0.175573E-01  0.121648E+08  0.121406E+08  0.000000E+00  0.000000E+00  0.727734E+07  0.121304E+08
  0.177471E-01  0.120977E+08  0.120732E+08  0.000000E+00  0.000000E+00  0.719897E+07  0.120632E+08
  0.179390E-01  0.120302E+08  0.120053E+08  0.000000E+00  0.000000E+00  0.712069E+07  0.119955E+08
  0.181329E-01  0.119623E+08  0.119370E+08  0.000000E+00  0.000000E+00  0.704253E+07  0.119275E+08
  0.183289E-01  0.118940E+08  0.118683E+08  0.000000E+00  0.000000E+00  0.696448E+07  0.118591E+08
  0.185271E-01  0.118253E+08  0.117992E+08  0.000000E+00  0.000000E+00  0.688656E+07  0.117903E+08
  0.187274E-01  0.117562E+08  0.117297E+08  0.000000E+00  0.000000E+00  0.680877E+07  0.117211E+08
  0.189298E-01  0.116868E+08  0.116599E+08  0.000000E+00  0.000000E+00  0.673113E+07  0.116515E+08
  0.191345E-01  0.116170E+08  0.115896E+08  0.000000E+00  0.000000E+00  0.665365E+07  0.115816E+08
  0.193413E-01  0.115468E+08  0.115190E+08  0.000000E+00  0.000000E+00  0.657633E+07  0.115113E+08
  0.195504E-01  0.114762E+08  0.114481E+08  0.000000E+00  0.000000E+00  0.649918E+07  0.114406E+08
  0.197618E-01  0.114052E+08  0.113767E+08  0.000000E+00  0.000000E+00  0.642222E+07  0.113695E+08
  0.199754E-01  0.113339E+08  0.113050E+08  0.000000E+00  0.000000E+00  0.634544E+07  0.112981E+08
  0.201914E-01  0.112623E+08  0.112329E+08  0.000000E+00  0.000000E+00  0.626887E+07  0.112264E+08
  0.204097E-01  0.111902E+08  0.111605E+08  0.000000E+00  0.000000E+00  0.619252E+07  0.111542E+08
  0.206303E-01  0.111179E+08  0.110877E+08  0.000000E+00  0.000000E+00  0.611638E+07  0.110818E+08
  0.208533E-01  0.110451E+08  0.110146E+08  0.000000E+00  0.000000E+00  0.604048E+07  0.110090E+08
  0.210788E-01  0.109721E+08  0.109411E+08  0.000000E+00  0.000000E+00  0.596481E+07  0.109359E+08
  0.213066E-01  0.108987E+08  0.108673E+08  0.000000E+00  0.000000E+00  0.588940E+07  0.108624E+08
  0.215370E-01  0.108250E+08  0.107932E+08  0.000000E+00  0.000000E+00  0.581425E+07  0.107886E+08
  0.217698E-01  0.107510E+08  0.107187E+08  0.000000E+00  0.000000E+00  0.573937E+07  0.107145E+08
  0.220052E-01  0.106766E+08  0.106439E+08  0.000000E+00  0.000000E+00  0.566478E+07  0.106401E+08
  0.222430E-01  0.106020E+08  0.105689E+08  0.000000E+00  0.000000E+00  0.559048E+07  0.105654E+08
  0.224835E-01  0.105270E+08  0.104935E+08  0.000000E+00  0.000000E+00  0.551647E+07  0.104904E+08
  0.227266E-01  0.104518E+08  0.104179E+08  0.000000E+00  0.000000E+00  0.544279E+07  0.104151E+08
  0.229723E-01  0.103763E+08  0.103419E+08  0.000000E+00  0.000000E+00  0.536942E+07  0.103395E+08
  0.232206E-01  0.103005E+08  0.102657E+08  0.000000E+00  0.000000E+00  0.529639E+07  0.102637E+08
  0.234716E-01  0.102244E+08  0.101893E+08  0.000000E+00  0.000000E+00  0.522370E+07  0.101876E+08
  0.237254E-01  0.101481E+08  0.101126E+08  0.000000E+00  0.000000E+00  0.515137E+07  0.101113E+08
  0.239819E-01  0.100716E+08  0.100356E+08  0.000000E+00  0.000000E+00  0.507941E+07  0.100347E+08
  0.242411E-01  0.999481E+07  0.995842E+07  0.000000E+00  0.000000E+00  0.500782E+07  0.995787E+07
  0.245032E-01  0.991782E+07  0.988102E+07  0.000000E+00  0.000000E+00  0.493661E+07  0.988085E+07
  0.247681E-01  0.984061E+07  0.980342E+07  0.000000E+00  0.000000E+00  0.486581E+07  0.980363E+07
  0.250359E-01  0.976321E+07  0.972562E+07  0.000000E+00  0.000000E+00  0.479541E+07  0.972621E+07
  0.253065E-01  0.968562E+07  0.964764E+07  0.000000E+00  0.000000E+00  0.472543E+07  0.964861E+07
  0.255801E-01  0.960786E+07  0.956950E+07  0.000000E+00  0.000000E+00  0.465588E+07  0.957084E+07
  0.258566E-01  0.952995E+07  0.949120E+07  0.000000E+00  0.000000E+00  0.458676E+07  0.949292E+07
  0.261362E-01  0.945189E+07  0.941276E+07  0.000000E+00  0.000000E+00  0.451810E+07  0.941486E+07
  0.264187E-01  0.937369E+07  0.933420E+07  0.000000E+00  0.000000E+00  0.444990E+07  0.933668E+07
  0.267043E-01  0.929539E+07  0.925553E+07  0.000000E+00  0.000000E+00  0.438216E+07  0.925838E+07
  0.269930E-01  0.921698E+07  0.917677E+07  0.000000E+00  0.000000E+00  0.431491E+07  0.917999E+07
  0.272848E-01  0.913849E+07  0.909793E+07  0.000000E+00  0.000000E+00  0.424815E+07  0.910152E+07
  0.275798E-01  0.905993E+07  0.901903E+07  0.000000E+00  0.000000E+00  0.418189E+07  0.902299E+07
  0.278779E-01  0.898132E+07  0.894009E+07  0.000000E+00  0.000000E+00  0.411615E+07  0.894441E+07
  0.281793E-01  0.890268E+07  0.886112E+07  0.000000E+00  0.000000E+00  0.405092E+07  0.886580E+07
  0.284840E-01  0.882402E+07  0.878215E+07  0.000000E+00  0.000000E+00  0.398622E+07  0.878718E+07
  0.287919E-01  0.874537E+07  0.870318E+07  0.000000E+00  0.000000E+00  0.392207E+07  0.870857E+07
  0.291032E-01  0.866674E+07  0.862426E+07  0.000000E+00  0.000000E+00  0.385847E+07  0.862998E+07
  0.294178E-01  0.858814E+07  0.854538E+07  0.000000E+00  0.000000E+00  0.379542E+07  0.855145E+07
  0.297358E-01  0.850961E+07  0.846657E+07  0.000000E+00  0.000000E+00  0.373295E+07  0.847297E+07
  0.300573E-01  0.843116E+07  0.838786E+07  0.000000E+00  0.000000E+00  0.367106E+07  0.839458E+07
  0.303822E-01  0.835281E+07  0.830926E+07  0.000000E+00  0.000000E+00  0.360976E+07  0.831630E+07
  0.307107E-01  0.827458E+07  0.823080E+07  0.000000E+00  0.000000E+00  0.354905E+07  0.823815E+07
  0.310427E-01  0.819650E+07  0.815250E+07  0.000000E+00  0.000000E+00  0.348895E+07  0.816015E+07
  0.313783E-01  0.811858E+07  0.807437E+07  0.000000E+00  0.000000E+00  0.342947E+07  0.808231E+07
  0.317175E-01  0.804086E+07  0.799645E+07  0.000000E+00  0.000000E+00  0.337062E+07  0.800468E+07
  0.320604E-01  0.796334E+07  0.791876E+07  0.000000E+00  0.000000E+00  0.331240E+07  0.792725E+07
  0.324070E-01  0.788606E+07  0.784132E+07  0.000000E+00  0.000000E+00  0.325482E+07  0.785007E+07
  0.327573E-01  0.780903E+07  0.776415E+07  0.000000E+00  0.000000E+00  0.319789E+07  0.777315E+07
  0.331114E-01  0.773229E+07  0.768728E+07  0.000000E+00  0.000000E+00  0.314162E+07  0.769651E+07
  0.334694E-01  0.765585E+07  0.761073E+07  0.000000E+00  0.000000E+00  0.308601E+07  0.762019E+07
  0.338312E-01  0.757974E+07  0.753453E+07  0.000000E+00  0.000000E+00  0.303107E+07  0.754420E+07
  0.341970E-01  0.750399E+07  0.745871E+07  0.000000E+00  0.000000E+00  0.297681E+07  0.746857E+07
  0.345667E-01  0.742861E+07  0.738328E+07  0.000000E+00  0.000000E+00  0.292323E+07  0.739332E+07
  0.349404E-01  0.735364E+07  0.730827E+07  0.000000E+00  0.000000E+00  0.287035E+07  0.731848E+07
  0.353181E-01  0.727909E+07  0.723371E+07  0.000000E+00  0.000000E+00  0.281815E+07  0.724408E+07
  0.356999E-01  0.720500E+07  0.715963E+07  0.000000E+00  0.000000E+00  0.276666E+07  0.717013E+07
  0.360858E-01  0.713138E+07  0.708604E+07  0.000000E+00  0.000000E+00  0.271587E+07  0.709666E+07
  0.364760E-01  0.705827E+07  0.701298E+07  0.000000E+00  0.000000E+00  0.266580E+07  0.702370E+07
  0.368703E-01  0.698568E+07  0.694047E+07  0.000000E+00  0.000000E+00  0.261643E+07  0.695127E+07
  0.372689E-01  0.691365E+07  0.686853E+07  0.000000E+00  0.000000E+00  0.256779E+07  0.687940E+07
  0.376718E-01  0.684218E+07  0.679718E+07  0.000000E+00  0.000000E+00  0.251987E+07  0.680809E+07
  0.380790E-01  0.677130E+07  0.672645E+07  0.000000E+00  0.000000E+00  0.247268E+07  0.673739E+07
  0.384907E-01  0.670105E+07  0.665637E+07  0.000000E+00  0.000000E+00  0.242621E+07  0.666731E+07
  0.389068E-01  0.663145E+07  0.658696E+07  0.000000E+00  0.000000E+00  0.238048E+07  0.659789E+07
  0.393274E-01  0.656252E+07  0.651825E+07  0.000000E+00  0.000000E+00  0.233549E+07  0.652914E+07
  0.397526E-01  0.649429E+07  0.645025E+07  0.000000E+00  0.000000E+00  0.229123E+07  0.646110E+07
  0.401823E-01  0.642677E+07  0.638300E+07  0.000000E+00  0.000000E+00  0.224770E+07  0.639377E+07
  0.406167E-01  0.635999E+07  0.631651E+07  0.000000E+00  0.000000E+00  0.220491E+07  0.632718E+07
  0.410558E-01  0.629395E+07  0.625079E+07  0.000000E+00  0.000000E+00  0.216284E+07  0.626135E+07
  0.414997E-01  0.622868E+07  0.618586E+07  0.000000E+00  0.000000E+00  0.212150E+07  0.619628E+07
  0.419483E-01  0.616420E+07  0.612174E+07  0.000000E+00  0.000000E+00  0.208089E+07  0.613200E+07
  0.424018E-01  0.610051E+07  0.605844E+07  0.000000E+00  0.000000E+00  0.204100E+07  0.606853E+07
  0.428602E-01  0.603763E+07  0.599598E+07  0.000000E+00  0.000000E+00  0.200183E+07  0.600586E+07
  0.433235E-01  0.597559E+07  0.593437E+07  0.000000E+00  0.000000E+00  0.196338E+07  0.594403E+07
  0.437919E-01  0.591438E+07  0.587363E+07  0.000000E+00  0.000000E+00  0.192564E+07  0.588305E+07
  0.442653E-01  0.585403E+07  0.581377E+07  0.000000E+00  0.000000E+00  0.188862E+07  0.582292E+07
  0.447439E-01  0.579455E+07  0.575480E+07  0.000000E+00  0.000000E+00  0.185230E+07  0.576366E+07
  0.452276E-01  0.573595E+07  0.569673E+07  0.000000E+00  0.000000E+00  0.181668E+07  0.570528E+07
  0.457165E-01  0.567823E+07  0.563957E+07  0.000000E+00  0.000000E+00  0.178176E+07  0.564779E+07
  0.462107E-01  0.562140E+07  0.558331E+07  0.000000E+00  0.000000E+00  0.174751E+07  0.559119E+07
  0.467103E-01  0.556545E+07  0.552797E+07  0.000000E+00  0.000000E+00  0.171394E+07  0.553548E+07
  0.472153E-01  0.551040E+07  0.547353E+07  0.000000E+00  0.000000E+00  0.168103E+07  0.548066E+07
  0.477257E-01  0.545623E+07  0.542001E+07  0.000000E+00  0.000000E+00  0.164878E+07  0.542673E+07
  0.482417E-01  0.540295E+07  0.536738E+07  0.000000E+00  0.000000E+00  0.161718E+07  0.537369E+07
  0.487632E-01  0.535056E+07  0.531566E+07  0.000000E+00  0.000000E+00  0.158621E+07  0.532153E+07
  0.492904E-01  0.529903E+07  0.526483E+07  0.000000E+00  0.000000E+00  0.155588E+07  0.527025E+07
  0.498232E-01  0.524837E+07  0.521487E+07  0.000000E+00  0.000000E+00  0.152616E+07  0.521983E+07
  0.503618E-01  0.519857E+07  0.516579E+07  0.000000E+00  0.000000E+00  0.149704E+07  0.517026E+07
  0.509063E-01  0.514960E+07  0.511755E+07  0.000000E+00  0.000000E+00  0.146851E+07  0.512154E+07
  0.514566E-01  0.510145E+07  0.507015E+07  0.000000E+00  0.000000E+00  0.144055E+07  0.507363E+07
  0.520129E-01  0.505410E+07  0.502355E+07  0.000000E+00  0.000000E+00  0.141315E+07  0.502652E+07
  0.525752E-01  0.500752E+07  0.497773E+07  0.000000E+00  0.000000E+00  0.138631E+07  0.498018E+07
  0.531436E-01  0.496169E+07  0.493267E+07  0.000000E+00  0.000000E+00  0.136000E+07  0.493459E+07
  0.537181E-01  0.491659E+07  0.488834E+07  0.000000E+00  0.000000E+00  0.133421E+07  0.488973E+07
  0.542988E-01  0.487218E+07  0.484471E+07  0.000000E+00  0.000000E+00  0.130893E+07  0.484557E+07
  0.548858E-01  0.482845E+07  0.480175E+07  0.000000E+00  0.000000E+00  0.128413E+07  0.480207E+07
  0.554792E-01  0.478536E+07  0.475944E+07  0.000000E+00  0.000000E+00  0.125980E+07  0.475922E+07
  0.560790E-01  0.474288E+07  0.471773E+07  0.000000E+00  0.000000E+00  0.123593E+07  0.471697E+07
  0.566852E-01  0.470096E+07  0.467658E+07  0.000000E+00  0.000000E+00  0.121250E+07  0.467529E+07
  0.572980E-01  0.465957E+07  0.463595E+07  0.000000E+00  0.000000E+00  0.118950E+07  0.463413E+07
  0.579175E-01  0.461866E+07  0.459579E+07  0.000000E+00  0.000000E+00  0.116692E+07  0.459345E+07
  0.585436E-01  0.457819E+07  0.455605E+07  0.000000E+00  0.000000E+00  0.114473E+07  0.455321E+07
  0.594337E-01  0.452204E+07  0.450092E+07  0.000000E+00  0.000000E+00  0.111422E+07  0.449737E+07
  0.603239E-01  0.446735E+07  0.444720E+07  0.000000E+00  0.000000E+00  0.108483E+07  0.444300E+07
  0.612140E-01  0.441397E+07  0.439473E+07  0.000000E+00  0.000000E+00  0.105651E+07  0.438991E+07
  0.621041E-01  0.436173E+07  0.434336E+07  0.000000E+00  0.000000E+00  0.102917E+07  0.433796E+07
  0.629943E-01  0.431048E+07  0.429292E+07  0.000000E+00  0.000000E+00  0.100275E+07  0.428699E+07
  0.638844E-01  0.426006E+07  0.424326E+07  0.000000E+00  0.000000E+00  0.977171E+06  0.423685E+07
  0.647746E-01  0.421036E+07  0.419424E+07  0.000000E+00  0.000000E+00  0.952372E+06  0.418741E+07
  0.656647E-01  0.416124E+07  0.414576E+07  0.000000E+00  0.000000E+00  0.928312E+06  0.413855E+07
  0.665548E-01  0.411261E+07  0.409769E+07  0.000000E+00  0.000000E+00  0.904943E+06  0.409016E+07
  0.674450E-01  0.406437E+07  0.404996E+07  0.000000E+00  0.000000E+00  0.882215E+06  0.404216E+07
  0.683351E-01  0.401644E+07  0.400248E+07  0.000000E+00  0.000000E+00  0.860092E+06  0.399446E+07
  0.692252E-01  0.396876E+07  0.395519E+07  0.000000E+00  0.000000E+00  0.838546E+06  0.394701E+07
  0.701154E-01  0.392126E+07  0.390802E+07  0.000000E+00  0.000000E+00  0.817546E+06  0.389972E+07
  0.710055E-01  0.387389E+07  0.386092E+07  0.000000E+00  0.000000E+00  0.797059E+06  0.385256E+07
  0.718957E-01  0.382662E+07  0.381386E+07  0.000000E+00  0.000000E+00  0.777062E+06  0.380550E+07
  0.727858E-01  0.377942E+07  0.376682E+07  0.000000E+00  0.000000E+00  0.757540E+06  0.375849E+07
  0.736759E-01  0.373227E+07  0.371978E+07  0.000000E+00  0.000000E+00  0.738477E+06  0.371154E+07
  0.745661E-01  0.368517E+07  0.367274E+07  0.000000E+00  0.000000E+00  0.719854E+06  0.366463E+07
  0.754562E-01  0.363812E+07  0.362571E+07  0.000000E+00  0.000000E+00  0.701660E+06  0.361776E+07
  0.763463E-01  0.359114E+07  0.357869E+07  0.000000E+00  0.000000E+00  0.683888E+06  0.357096E+07
  0.772365E-01  0.354423E+07  0.353172E+07  0.000000E+00  0.000000E+00  0.666525E+06  0.352423E+07
  0.781266E-01  0.349743E+07  0.348481E+07  0.000000E+00  0.000000E+00  0.649564E+06  0.347759E+07
  0.790168E-01  0.345076E+07  0.343801E+07  0.000000E+00  0.000000E+00  0.633000E+06  0.343109E+07
  0.799069E-01  0.340425E+07  0.339134E+07  0.000000E+00  0.000000E+00  0.616830E+06  0.338475E+07
  0.807970E-01  0.335795E+07  0.334485E+07  0.000000E+00  0.000000E+00  0.601049E+06  0.333861E+07
  0.816872E-01  0.331191E+07  0.329860E+07  0.000000E+00  0.000000E+00  0.585655E+06  0.329273E+07
  0.825773E-01  0.326617E+07  0.325265E+07  0.000000E+00  0.000000E+00  0.570645E+06  0.324715E+07
  0.834674E-01  0.322079E+07  0.320703E+07  0.000000E+00  0.000000E+00  0.556016E+06  0.320193E+07
  0.843576E-01  0.317581E+07  0.316182E+07  0.000000E+00  0.000000E+00  0.541766E+06  0.315711E+07
  0.852477E-01  0.313130E+07  0.311706E+07  0.000000E+00  0.000000E+00  0.527897E+06  0.311275E+07
  0.861379E-01  0.308730E+07  0.307282E+07  0.000000E+00  0.000000E+00  0.514407E+06  0.306891E+07
  0.870280E-01  0.304388E+07  0.302915E+07  0.000000E+00  0.000000E+00  0.501293E+06  0.302563E+07
  0.879181E-01  0.300108E+07  0.298612E+07  0.000000E+00  0.000000E+00  0.488553E+06  0.298299E+07
  0.888083E-01  0.295897E+07  0.294377E+07  0.000000E+00  0.000000E+00  0.476185E+06  0.294103E+07
  0.896984E-01  0.291758E+07  0.290217E+07  0.000000E+00  0.000000E+00  0.464185E+06  0.289980E+07
  0.905886E-01  0.287697E+07  0.286136E+07  0.000000E+00  0.000000E+00  0.452552E+06  0.285933E+07
  0.914787E-01  0.283717E+07  0.282137E+07  0.000000E+00  0.000000E+00  0.441284E+06  0.281969E+07
  0.923688E-01  0.279823E+07  0.278227E+07  0.000000E+00  0.000000E+00  0.430375E+06  0.278090E+07
  0.932590E-01  0.276020E+07  0.274409E+07  0.000000E+00  0.000000E+00  0.419821E+06  0.274301E+07
  0.941491E-01  0.272310E+07  0.270688E+07  0.000000E+00  0.000000E+00  0.409617E+06  0.270607E+07
  0.950392E-01  0.268698E+07  0.267066E+07  0.000000E+00  0.000000E+00  0.399758E+06  0.267009E+07
  0.959294E-01  0.265184E+07  0.263545E+07  0.000000E+00  0.000000E+00  0.390240E+06  0.263511E+07
  0.968195E-01  0.261772E+07  0.260129E+07  0.000000E+00  0.000000E+00  0.381057E+06  0.260114E+07
  0.977097E-01  0.258462E+07  0.256818E+07  0.000000E+00  0.000000E+00  0.372200E+06  0.256819E+07
  0.985998E-01  0.255257E+07  0.253614E+07  0.000000E+00  0.000000E+00  0.363661E+06  0.253629E+07
  0.994899E-01  0.252156E+07  0.250517E+07  0.000000E+00  0.000000E+00  0.355432E+06  0.250543E+07
  0.100380E+00  0.249160E+07  0.247528E+07  0.000000E+00  0.000000E+00  0.347505E+06  0.247562E+07
  0.101270E+00  0.246269E+07  0.244646E+07  0.000000E+00  0.000000E+00  0.339873E+06  0.244685E+07
  0.102160E+00  0.243481E+07  0.241871E+07  0.000000E+00  0.000000E+00  0.332527E+06  0.241912E+07
  0.103050E+00  0.240795E+07  0.239200E+07  0.000000E+00  0.000000E+00  0.325455E+06  0.239241E+07
  0.103941E+00  0.238210E+07  0.236633E+07  0.000000E+00  0.000000E+00  0.318647E+06  0.236671E+07
  0.104831E+00  0.235724E+07  0.234167E+07  0.000000E+00  0.000000E+00  0.312095E+06  0.234200E+07
  0.105721E+00  0.233334E+07  0.231800E+07  0.000000E+00  0.000000E+00  0.305790E+06  0.231824E+07
  0.106611E+00  0.231037E+07  0.229527E+07  0.000000E+00  0.000000E+00  0.299719E+06  0.229542E+07
  0.107501E+00  0.228830E+07  0.227346E+07  0.000000E+00  0.000000E+00  0.293872E+06  0.227348E+07
  0.108391E+00  0.226708E+07  0.225253E+07  0.000000E+00  0.000000E+00  0.288237E+06  0.225241E+07
  0.109281E+00  0.224669E+07  0.223243E+07  0.000000E+00  0.000000E+00  0.282805E+06  0.223215E+07
  0.110172E+00  0.222707E+07  0.221313E+07  0.000000E+00  0.000000E+00  0.277567E+06  0.221268E+07
  0.111062E+00  0.220820E+07  0.219459E+07  0.000000E+00  0.000000E+00  0.272512E+06  0.219394E+07
  0.111952E+00  0.219002E+07  0.217674E+07  0.000000E+00  0.000000E+00  0.267629E+06  0.217590E+07
  0.112842E+00  0.217248E+07  0.215955E+07  0.000000E+00  0.000000E+00  0.262907E+06  0.215849E+07
  0.113732E+00  0.215554E+07  0.214296E+07  0.000000E+00  0.000000E+00  0.258336E+06  0.214168E+07
  0.114622E+00  0.213914E+07  0.212691E+07  0.000000E+00  0.000000E+00  0.253907E+06  0.212541E+07
  0.115512E+00  0.212324E+07  0.211136E+07  0.000000E+00  0.000000E+00  0.249612E+06  0.210964E+07
  0.116403E+00  0.210779E+07  0.209627E+07  0.000000E+00  0.000000E+00  0.245440E+06  0.209431E+07
  0.117293E+00  0.209274E+07  0.208158E+07  0.000000E+00  0.000000E+00  0.241384E+06  0.207939E+07
  0.118183E+00  0.207805E+07  0.206723E+07  0.000000E+00  0.000000E+00  0.237436E+06  0.206482E+07
  0.119073E+00  0.206366E+07  0.205318E+07  0.000000E+00  0.000000E+00  0.233586E+06  0.205055E+07
  0.119963E+00  0.204952E+07  0.203938E+07  0.000000E+00  0.000000E+00  0.229827E+06  0.203653E+07
  0.120853E+00  0.203559E+07  0.202577E+07  0.000000E+00  0.000000E+00  0.226151E+06  0.202271E+07
  0.121743E+00  0.202183E+07  0.201232E+07  0.000000E+00  0.000000E+00  0.222552E+06  0.200906E+07
  0.122634E+00  0.200819E+07  0.199899E+07  0.000000E+00  0.000000E+00  0.219025E+06  0.199553E+07
  0.123524E+00  0.199464E+07  0.198573E+07  0.000000E+00  0.000000E+00  0.215564E+06  0.198209E+07
  0.124414E+00  0.198115E+07  0.197251E+07  0.000000E+00  0.000000E+00  0.212163E+06  0.196871E+07
  0.125304E+00  0.196768E+07  0.195929E+07  0.000000E+00  0.000000E+00  0.208817E+06  0.195534E+07
  0.126194E+00  0.195420E+07  0.194605E+07  0.000000E+00  0.000000E+00  0.205523E+06  0.194196E+07
  0.127084E+00  0.194068E+07  0.193276E+07  0.000000E+00  0.000000E+00  0.202276E+06  0.192854E+07
  0.127974E+00  0.192711E+07  0.191939E+07  0.000000E+00  0.000000E+00  0.199074E+06  0.191506E+07
  0.128864E+00  0.191346E+07  0.190591E+07  0.000000E+00  0.000000E+00  0.195913E+06  0.190150E+07
  0.129755E+00  0.189970E+07  0.189233E+07  0.000000E+00  0.000000E+00  0.192790E+06  0.188784E+07
  0.130645E+00  0.188583E+07  0.187861E+07  0.000000E+00  0.000000E+00  0.189703E+06  0.187407E+07
  0.131535E+00  0.187184E+07  0.186474E+07  0.000000E+00  0.000000E+00  0.186651E+06  0.186016E+07
  0.132425E+00  0.185772E+07  0.185072E+07  0.000000E+00  0.000000E+00  0.183631E+06  0.184612E+07
  0.133315E+00  0.184345E+07  0.183654E+07  0.000000E+00  0.000000E+00  0.180644E+06  0.183194E+07
  0.134205E+00  0.182904E+07  0.182220E+07  0.000000E+00  0.000000E+00  0.177689E+06  0.181761E+07
  0.135095E+00  0.181448E+07  0.180770E+07  0.000000E+00  0.000000E+00  0.174763E+06  0.180313E+07
  0.135986E+00  0.179978E+07  0.179303E+07  0.000000E+00  0.000000E+00  0.171867E+06  0.178851E+07
  0.136876E+00  0.178494E+07  0.177822E+07  0.000000E+00  0.000000E+00  0.169002E+06  0.177375E+07
  0.137766E+00  0.176997E+07  0.176325E+07  0.000000E+00  0.000000E+00  0.166166E+06  0.175886E+07
  0.138656E+00  0.175488E+07  0.174815E+07  0.000000E+00  0.000000E+00  0.163362E+06  0.174385E+07
  0.139546E+00  0.173968E+07  0.173294E+07  0.000000E+00  0.000000E+00  0.160590E+06  0.172872E+07
  0.140436E+00  0.172440E+07  0.171761E+07  0.000000E+00  0.000000E+00  0.157850E+06  0.171351E+07
  0.141326E+00  0.170903E+07  0.170220E+07  0.000000E+00  0.000000E+00  0.155144E+06  0.169822E+07
  0.142217E+00  0.169361E+07  0.168673E+07  0.000000E+00  0.000000E+00  0.152472E+06  0.168287E+07
  0.143107E+00  0.167816E+07  0.167121E+07  0.000000E+00  0.000000E+00  0.149836E+06  0.166748E+07
  0.143997E+00  0.166268E+07  0.165566E+07  0.000000E+00  0.000000E+00  0.147237E+06  0.165208E+07
  0.144887E+00  0.164722E+07  0.164012E+07  0.000000E+00  0.000000E+00  0.144676E+06  0.163669E+07
  0.145777E+00  0.163178E+07  0.162460E+07  0.000000E+00  0.000000E+00  0.142155E+06  0.162131E+07
  0.146667E+00  0.161639E+07  0.160912E+07  0.000000E+00  0.000000E+00  0.139674E+06  0.160599E+07
  0.147557E+00  0.160106E+07  0.159371E+07  0.000000E+00  0.000000E+00  0.137235E+06  0.159073E+07
  0.148448E+00  0.158583E+07  0.157839E+07  0.000000E+00  0.000000E+00  0.134838E+06  0.157557E+07
  0.149338E+00  0.157072E+07  0.156318E+07  0.000000E+00  0.000000E+00  0.132486E+06  0.156052E+07
  0.150228E+00  0.155574E+07  0.154811E+07  0.000000E+00  0.000000E+00  0.130179E+06  0.154561E+07
  0.151118E+00  0.154092E+07  0.153321E+07  0.000000E+00  0.000000E+00  0.127917E+06  0.153085E+07
  0.152008E+00  0.152627E+07  0.151848E+07  0.000000E+00  0.000000E+00  0.125701E+06  0.151627E+07
  0.152898E+00  0.151183E+07  0.150395E+07  0.000000E+00  0.000000E+00  0.123534E+06  0.150189E+07
  0.153788E+00  0.149759E+07  0.148965E+07  0.000000E+00  0.000000E+00  0.121414E+06  0.148772E+07
  0.154678E+00  0.148360E+07  0.147558E+07  0.000000E+00  0.000000E+00  0.119343E+06  0.147379E+07
  0.155569E+00  0.146985E+07  0.146177E+07  0.000000E+00  0.000000E+00  0.117320E+06  0.146011E+07
  0.156459E+00  0.145637E+07  0.144824E+07  0.000000E+00  0.000000E+00  0.115347E+06  0.144669E+07
  0.157349E+00  0.144317E+07  0.143500E+07  0.000000E+00  0.000000E+00  0.113422E+06  0.143356E+07
  0.158239E+00  0.143026E+07  0.142205E+07  0.000000E+00  0.000000E+00  0.111548E+06  0.142071E+07
  0.159129E+00  0.141766E+07  0.140943E+07  0.000000E+00  0.000000E+00  0.109722E+06  0.140817E+07
  0.160019E+00  0.140537E+07  0.139712E+07  0.000000E+00  0.000000E+00  0.107946E+06  0.139595E+07
  0.160909E+00  0.139340E+07  0.138514E+07  0.000000E+00  0.000000E+00  0.106218E+06  0.138404E+07
  0.161800E+00  0.138176E+07  0.137350E+07  0.000000E+00  0.000000E+00  0.104537E+06  0.137246E+07
  0.162690E+00  0.137044E+07  0.136220E+07  0.000000E+00  0.000000E+00  0.102904E+06  0.136121E+07
  0.163580E+00  0.135946E+07  0.135124E+07  0.000000E+00  0.000000E+00  0.101318E+06  0.135029E+07
  0.164470E+00  0.134880E+07  0.134062E+07  0.000000E+00  0.000000E+00  0.997769E+05  0.133969E+07
  0.165360E+00  0.133847E+07  0.133033E+07  0.000000E+00  0.000000E+00  0.982802E+05  0.132943E+07
  0.166250E+00  0.132847E+07  0.132038E+07  0.000000E+00  0.000000E+00  0.968271E+05  0.131949E+07
  0.167140E+00  0.131879E+07  0.131076E+07  0.000000E+00  0.000000E+00  0.954160E+05  0.130987E+07
  0.168031E+00  0.130942E+07  0.130146E+07  0.000000E+00  0.000000E+00  0.940456E+05  0.130056E+07
  0.168921E+00  0.130035E+07  0.129247E+07  0.000000E+00  0.000000E+00  0.927146E+05  0.129155E+07
  0.169811E+00  0.129158E+07  0.128379E+07  0.000000E+00  0.000000E+00  0.914217E+05  0.128284E+07
  0.170701E+00  0.128309E+07  0.127540E+07  0.000000E+00  0.000000E+00  0.901656E+05  0.127441E+07
  0.171591E+00  0.127488E+07  0.126729E+07  0.000000E+00  0.000000E+00  0.889448E+05  0.126626E+07
  0.172481E+00  0.126693E+07  0.125945E+07  0.000000E+00  0.000000E+00  0.877574E+05  0.125837E+07
  0.173371E+00  0.125924E+07  0.125186E+07  0.000000E+00  0.000000E+00  0.866019E+05  0.125073E+07
  0.174262E+00  0.125177E+07  0.124452E+07  0.000000E+00  0.000000E+00  0.854770E+05  0.124333E+07
  0.175152E+00  0.124453E+07  0.123740E+07  0.000000E+00  0.000000E+00  0.843812E+05  0.123615E+07
  0.176042E+00  0.123750E+07  0.123049E+07  0.000000E+00  0.000000E+00  0.833130E+05  0.122917E+07
  0.176932E+00  0.123065E+07  0.122377E+07  0.000000E+00  0.000000E+00  0.822704E+05  0.122237E+07
  0.177822E+00  0.122397E+07  0.121723E+07  0.000000E+00  0.000000E+00  0.812520E+05  0.121576E+07
  0.178712E+00  0.121746E+07  0.121084E+07  0.000000E+00  0.000000E+00  0.802563E+05  0.120929E+07
  0.179602E+00  0.121108E+07  0.120460E+07  0.000000E+00  0.000000E+00  0.792817E+05  0.120297E+07
  0.180492E+00  0.120482E+07  0.119847E+07  0.000000E+00  0.000000E+00  0.783269E+05  0.119677E+07
  0.181383E+00  0.119868E+07  0.119246E+07  0.000000E+00  0.000000E+00  0.773904E+05  0.119067E+07
  0.182273E+00  0.119262E+07  0.118653E+07  0.000000E+00  0.000000E+00  0.764710E+05  0.118467E+07
  0.183163E+00  0.118664E+07  0.118068E+07  0.000000E+00  0.000000E+00  0.755674E+05  0.117874E+07
  0.184053E+00  0.118072E+07  0.117488E+07  0.000000E+00  0.000000E+00  0.746780E+05  0.117287E+07
  0.184943E+00  0.117484E+07  0.116912E+07  0.000000E+00  0.000000E+00  0.738018E+05  0.116704E+07
  0.185833E+00  0.116899E+07  0.116339E+07  0.000000E+00  0.000000E+00  0.729378E+05  0.116124E+07
  0.186723E+00  0.116316E+07  0.115768E+07  0.000000E+00  0.000000E+00  0.720852E+05  0.115546E+07
  0.187614E+00  0.115734E+07  0.115196E+07  0.000000E+00  0.000000E+00  0.712428E+05  0.114969E+07
  0.188504E+00  0.115151E+07  0.114624E+07  0.000000E+00  0.000000E+00  0.704096E+05  0.114391E+07
  0.189394E+00  0.114567E+07  0.114049E+07  0.000000E+00  0.000000E+00  0.695852E+05  0.113811E+07
  0.190284E+00  0.113980E+07  0.113472E+07  0.000000E+00  0.000000E+00  0.687688E+05  0.113229E+07
  0.191174E+00  0.113390E+07  0.112890E+07  0.000000E+00  0.000000E+00  0.679599E+05  0.112643E+07
  0.192064E+00  0.112796E+07  0.112304E+07  0.000000E+00  0.000000E+00  0.671577E+05  0.112054E+07
  0.192954E+00  0.112197E+07  0.111712E+07  0.000000E+00  0.000000E+00  0.663618E+05  0.111460E+07
  0.193845E+00  0.111594E+07  0.111115E+07  0.000000E+00  0.000000E+00  0.655719E+05  0.110860E+07
  0.194735E+00  0.110984E+07  0.110511E+07  0.000000E+00  0.000000E+00  0.647876E+05  0.110255E+07
  0.195625E+00  0.110368E+07  0.109901E+07  0.000000E+00  0.000000E+00  0.640088E+05  0.109643E+07
  0.196515E+00  0.109746E+07  0.109284E+07  0.000000E+00  0.000000E+00  0.632352E+05  0.109025E+07
  0.197405E+00  0.109118E+07  0.108659E+07  0.000000E+00  0.000000E+00  0.624666E+05  0.108401E+07
  0.198295E+00  0.108484E+07  0.108028E+07  0.000000E+00  0.000000E+00  0.617030E+05  0.107771E+07
  0.199185E+00  0.107843E+07  0.107390E+07  0.000000E+00  0.000000E+00  0.609443E+05  0.107134E+07
  0.200076E+00  0.107196E+07  0.106745E+07  0.000000E+00  0.000000E+00  0.601907E+05  0.106491E+07
  0.200966E+00  0.106543E+07  0.106093E+07  0.000000E+00  0.000000E+00  0.594423E+05  0.105842E+07
  0.201856E+00  0.105884E+07  0.105436E+07  0.000000E+00  0.000000E+00  0.586992E+05  0.105187E+07
  0.202746E+00  0.105221E+07  0.104773E+07  0.000000E+00  0.000000E+00  0.579614E+05  0.104527E+07
  0.203636E+00  0.104552E+07  0.104104E+07  0.000000E+00  0.000000E+00  0.572291E+05  0.103863E+07
  0.204526E+00  0.103880E+07  0.103432E+07  0.000000E+00  0.000000E+00  0.565029E+05  0.103194E+07
  0.205416E+00  0.103205E+07  0.102755E+07  0.000000E+00  0.000000E+00  0.557830E+05  0.102522E+07
  0.206306E+00  0.102527E+07  0.102076E+07  0.000000E+00  0.000000E+00  0.550697E+05  0.101848E+07
  0.207197E+00  0.101847E+07  0.101394E+07  0.000000E+00  0.000000E+00  0.543632E+05  0.101171E+07
  0.208087E+00  0.101166E+07  0.100711E+07  0.000000E+00  0.000000E+00  0.536639E+05  0.100494E+07
  0.208977E+00  0.100484E+07  0.100028E+07  0.000000E+00  0.000000E+00  0.529719E+05  0.998158E+06
  0.209867E+00  0.998030E+06  0.993442E+06  0.000000E+00  0.000000E+00  0.522878E+05  0.991382E+06
  0.210757E+00  0.991232E+06  0.986620E+06  0.000000E+00  0.000000E+00  0.516117E+05  0.984618E+06
  0.211647E+00  0.984454E+06  0.979816E+06  0.000000E+00  0.000000E+00  0.509440E+05  0.977875E+06
  0.212537E+00  0.977705E+06  0.973041E+06  0.000000E+00  0.000000E+00  0.502852E+05  0.971160E+06
  0.213428E+00  0.970993E+06  0.966303E+06  0.000000E+00  0.000000E+00  0.496354E+05  0.964482E+06
  0.214318E+00  0.964326E+06  0.959610E+06  0.000000E+00  0.000000E+00  0.489949E+05  0.957848E+06
  0.215208E+00  0.957711E+06  0.952970E+06  0.000000E+00  0.000000E+00  0.483639E+05  0.951267E+06
  0.216098E+00  0.951156E+06  0.946390E+06  0.000000E+00  0.000000E+00  0.477427E+05  0.944746E+06
  0.216988E+00  0.944669E+06  0.939880E+06  0.000000E+00  0.000000E+00  0.471315E+05  0.938292E+06
  0.217878E+00  0.938256E+06  0.933447E+06  0.000000E+00  0.000000E+00  0.465306E+05  0.931913E+06
  0.218768E+00  0.931926E+06  0.927097E+06  0.000000E+00  0.000000E+00  0.459402E+05  0.925616E+06
  0.219659E+00  0.925684E+06  0.920838E+06  0.000000E+00  0.000000E+00  0.453604E+05  0.919406E+06
  0.222455E+00  0.906709E+06  0.901828E+06  0.000000E+00  0.000000E+00  0.436089E+05  0.900535E+06
  0.225287E+00  0.888582E+06  0.883695E+06  0.000000E+00  0.000000E+00  0.419448E+05  0.882510E+06
  0.228155E+00  0.871428E+06  0.866572E+06  0.000000E+00  0.000000E+00  0.403707E+05  0.865459E+06
  0.231059E+00  0.855313E+06  0.850526E+06  0.000000E+00  0.000000E+00  0.388862E+05  0.849447E+06
  0.234001E+00  0.840242E+06  0.835559E+06  0.000000E+00  0.000000E+00  0.374879E+05  0.834477E+06
  0.236980E+00  0.826160E+06  0.821613E+06  0.000000E+00  0.000000E+00  0.361701E+05  0.820497E+06
  0.239997E+00  0.812956E+06  0.808569E+06  0.000000E+00  0.000000E+00  0.349247E+05  0.807393E+06
  0.243052E+00  0.800464E+06  0.796253E+06  0.000000E+00  0.000000E+00  0.337416E+05  0.794999E+06
  0.246146E+00  0.788480E+06  0.784452E+06  0.000000E+00  0.000000E+00  0.326102E+05  0.783111E+06
  0.249280E+00  0.776785E+06  0.772937E+06  0.000000E+00  0.000000E+00  0.315197E+05  0.771510E+06
  0.252453E+00  0.765166E+06  0.761484E+06  0.000000E+00  0.000000E+00  0.304601E+05  0.759983E+06
  0.255667E+00  0.753433E+06  0.749896E+06  0.000000E+00  0.000000E+00  0.294235E+05  0.748340E+06
  0.258922E+00  0.741433E+06  0.738014E+06  0.000000E+00  0.000000E+00  0.284034E+05  0.736427E+06
  0.262218E+00  0.729060E+06  0.725729E+06  0.000000E+00  0.000000E+00  0.273960E+05  0.724139E+06
  0.265557E+00  0.716269E+06  0.712996E+06  0.000000E+00  0.000000E+00  0.263998E+05  0.711431E+06
  0.268937E+00  0.703088E+06  0.699845E+06  0.000000E+00  0.000000E+00  0.254163E+05  0.698331E+06
  0.272361E+00  0.689602E+06  0.686368E+06  0.000000E+00  0.000000E+00  0.244487E+05  0.684925E+06
  0.275828E+00  0.675944E+06  0.672702E+06  0.000000E+00  0.000000E+00  0.235018E+05  0.671345E+06
  0.279340E+00  0.662273E+06  0.659019E+06  0.000000E+00  0.000000E+00  0.225807E+05  0.657753E+06
  0.282896E+00  0.648772E+06  0.645506E+06  0.000000E+00  0.000000E+00  0.216911E+05  0.644329E+06
  0.286497E+00  0.635618E+06  0.632350E+06  0.000000E+00  0.000000E+00  0.208381E+05  0.631252E+06
  0.290145E+00  0.622960E+06  0.619706E+06  0.000000E+00  0.000000E+00  0.200250E+05  0.618671E+06
  0.293838E+00  0.610899E+06  0.607679E+06  0.000000E+00  0.000000E+00  0.192538E+05  0.606686E+06
  0.297579E+00  0.599482E+06  0.596316E+06  0.000000E+00  0.000000E+00  0.185242E+05  0.595345E+06
  0.301367E+00  0.588703E+06  0.585611E+06  0.000000E+00  0.000000E+00  0.178344E+05  0.584640E+06
  0.305204E+00  0.578498E+06  0.575495E+06  0.000000E+00  0.000000E+00  0.171809E+05  0.574509E+06
  0.309089E+00  0.568753E+06  0.565848E+06  0.000000E+00  0.000000E+00  0.165589E+05  0.564836E+06
  0.313024E+00  0.559322E+06  0.556518E+06  0.000000E+00  0.000000E+00  0.159630E+05  0.555477E+06
  0.317009E+00  0.550057E+06  0.547349E+06  0.000000E+00  0.000000E+00  0.153881E+05  0.546281E+06
  0.321045E+00  0.540819E+06  0.538197E+06  0.000000E+00  0.000000E+00  0.148297E+05  0.537111E+06
  0.325132E+00  0.531496E+06  0.528945E+06  0.000000E+00  0.000000E+00  0.142844E+05  0.527854E+06
  0.329271E+00  0.522017E+06  0.519522E+06  0.000000E+00  0.000000E+00  0.137502E+05  0.518439E+06
  0.333463E+00  0.512372E+06  0.509917E+06  0.000000E+00  0.000000E+00  0.132267E+05  0.508858E+06
  0.337708E+00  0.502598E+06  0.500169E+06  0.000000E+00  0.000000E+00  0.127147E+05  0.499146E+06
  0.342007E+00  0.492765E+06  0.490355E+06  0.000000E+00  0.000000E+00  0.109662E+05  0.489367E+06
  0.346361E+00  0.482990E+06  0.480594E+06  0.000000E+00  0.000000E+00  0.105237E+05  0.479653E+06
  0.350771E+00  0.473385E+06  0.471005E+06  0.000000E+00  0.000000E+00  0.100980E+05  0.470107E+06
  0.355236E+00  0.464051E+06  0.461694E+06  0.000000E+00  0.000000E+00  0.969090E+04  0.460833E+06
  0.359758E+00  0.455060E+06  0.452736E+06  0.000000E+00  0.000000E+00  0.930307E+04  0.451902E+06
  0.364338E+00  0.446450E+06  0.444167E+06  0.000000E+00  0.000000E+00  0.893453E+04  0.443349E+06
  0.368977E+00  0.438210E+06  0.435979E+06  0.000000E+00  0.000000E+00  0.858434E+04  0.435167E+06
  0.373674E+00  0.430291E+06  0.428117E+06  0.000000E+00  0.000000E+00  0.825078E+04  0.427304E+06
  0.378431E+00  0.422612E+06  0.420498E+06  0.000000E+00  0.000000E+00  0.793169E+04  0.419681E+06
  0.383249E+00  0.415087E+06  0.413031E+06  0.000000E+00  0.000000E+00  0.762495E+04  0.412211E+06
  0.388128E+00  0.407631E+06  0.405628E+06  0.000000E+00  0.000000E+00  0.732858E+04  0.404808E+06
  0.393069E+00  0.400179E+06  0.398222E+06  0.000000E+00  0.000000E+00  0.704113E+04  0.397408E+06
  0.398073E+00  0.392704E+06  0.390784E+06  0.000000E+00  0.000000E+00  0.676193E+04  0.389984E+06
  0.403140E+00  0.385211E+06  0.383322E+06  0.000000E+00  0.000000E+00  0.649086E+04  0.382541E+06
  0.408273E+00  0.377734E+06  0.375870E+06  0.000000E+00  0.000000E+00  0.622830E+04  0.375113E+06
  0.413470E+00  0.370333E+06  0.368492E+06  0.000000E+00  0.000000E+00  0.597501E+04  0.367760E+06
  0.418734E+00  0.363070E+06  0.361253E+06  0.000000E+00  0.000000E+00  0.573168E+04  0.360545E+06
  0.424065E+00  0.355994E+06  0.354206E+06  0.000000E+00  0.000000E+00  0.549875E+04  0.353517E+06
  0.429463E+00  0.349141E+06  0.347384E+06  0.000000E+00  0.000000E+00  0.527638E+04  0.346710E+06
  0.434931E+00  0.342513E+06  0.340792E+06  0.000000E+00  0.000000E+00  0.506419E+04  0.340128E+06
  0.440467E+00  0.336086E+06  0.334404E+06  0.000000E+00  0.000000E+00  0.486145E+04  0.333746E+06
  0.446075E+00  0.329822E+06  0.328179E+06  0.000000E+00  0.000000E+00  0.466725E+04  0.327526E+06
  0.451754E+00  0.323672E+06  0.322067E+06  0.000000E+00  0.000000E+00  0.448060E+04  0.321419E+06
  0.457505E+00  0.317592E+06  0.316023E+06  0.000000E+00  0.000000E+00  0.430066E+04  0.315382E+06
  0.463329E+00  0.311560E+06  0.310022E+06  0.000000E+00  0.000000E+00  0.412690E+04  0.309392E+06
  0.469227E+00  0.305568E+06  0.304058E+06  0.000000E+00  0.000000E+00  0.395903E+04  0.303440E+06
  0.475201E+00  0.299630E+06  0.298146E+06  0.000000E+00  0.000000E+00  0.379709E+04  0.297543E+06
  0.481251E+00  0.293776E+06  0.292315E+06  0.000000E+00  0.000000E+00  0.364124E+04  0.291728E+06
  0.487377E+00  0.288032E+06  0.286595E+06  0.000000E+00  0.000000E+00  0.349161E+04  0.286023E+06
  0.493582E+00  0.282424E+06  0.281013E+06  0.000000E+00  0.000000E+00  0.334830E+04  0.280453E+06
  0.499865E+00  0.276959E+06  0.275576E+06  0.000000E+00  0.000000E+00  0.321116E+04  0.275027E+06
  0.506229E+00  0.271634E+06  0.270279E+06  0.000000E+00  0.000000E+00  0.307991E+04  0.269738E+06
  0.512673E+00  0.266430E+06  0.265104E+06  0.000000E+00  0.000000E+00  0.295413E+04  0.264570E+06
  0.519200E+00  0.261322E+06  0.260024E+06  0.000000E+00  0.000000E+00  0.283336E+04  0.259498E+06
  0.525810E+00  0.256292E+06  0.255022E+06  0.000000E+00  0.000000E+00  0.271723E+04  0.254504E+06
  0.532504E+00  0.251328E+06  0.250082E+06  0.000000E+00  0.000000E+00  0.260543E+04  0.249573E+06
  0.539283E+00  0.246428E+06  0.245205E+06  0.000000E+00  0.000000E+00  0.249783E+04  0.244707E+06
  0.546148E+00  0.241601E+06  0.240401E+06  0.000000E+00  0.000000E+00  0.239437E+04  0.239913E+06
  0.553101E+00  0.236859E+06  0.235681E+06  0.000000E+00  0.000000E+00  0.229502E+04  0.235204E+06
  0.560142E+00  0.232215E+06  0.231059E+06  0.000000E+00  0.000000E+00  0.219978E+04  0.230592E+06
  0.567273E+00  0.227673E+06  0.226539E+06  0.000000E+00  0.000000E+00  0.210851E+04  0.226081E+06
  0.574495E+00  0.223230E+06  0.222119E+06  0.000000E+00  0.000000E+00  0.202107E+04  0.221669E+06
  0.581809E+00  0.218877E+06  0.217789E+06  0.000000E+00  0.000000E+00  0.193722E+04  0.217346E+06
  0.589215E+00  0.214604E+06  0.213538E+06  0.000000E+00  0.000000E+00  0.185675E+04  0.213104E+06
  0.596716E+00  0.210402E+06  0.209358E+06  0.000000E+00  0.000000E+00  0.177946E+04  0.208931E+06
  0.604313E+00  0.206268E+06  0.205244E+06  0.000000E+00  0.000000E+00  0.170522E+04  0.204825E+06
  0.612006E+00  0.202202E+06  0.201197E+06  0.000000E+00  0.000000E+00  0.163391E+04  0.200787E+06
  0.619797E+00  0.198209E+06  0.197224E+06  0.000000E+00  0.000000E+00  0.156549E+04  0.196822E+06
  0.627688E+00  0.194294E+06  0.193328E+06  0.000000E+00  0.000000E+00  0.149987E+04  0.192934E+06
  0.635678E+00  0.190458E+06  0.189511E+06  0.000000E+00  0.000000E+00  0.143698E+04  0.189124E+06
  0.643771E+00  0.186698E+06  0.185770E+06  0.000000E+00  0.000000E+00  0.137669E+04  0.185391E+06
  0.651967E+00  0.183012E+06  0.182103E+06  0.000000E+00  0.000000E+00  0.131889E+04  0.181731E+06
  0.660267E+00  0.179394E+06  0.178503E+06  0.000000E+00  0.000000E+00  0.126344E+04  0.178138E+06
  0.709335E+00  0.160107E+06  0.159311E+06  0.000000E+00  0.000000E+00  0.989386E+03  0.158984E+06
  0.762050E+00  0.142808E+06  0.142098E+06  0.000000E+00  0.000000E+00  0.773640E+03  0.141806E+06
  0.818683E+00  0.127295E+06  0.126663E+06  0.000000E+00  0.000000E+00  0.604049E+03  0.126402E+06
  0.879525E+00  0.113396E+06  0.112833E+06  0.000000E+00  0.000000E+00  0.470970E+03  0.112600E+06
  0.944888E+00  0.100955E+06  0.100454E+06  0.000000E+00  0.000000E+00  0.366723E+03  0.100246E+06
  0.101511E+01  0.898284E+05  0.893823E+05  0.000000E+00  0.000000E+00  0.285192E+03  0.891971E+05
  0.109055E+01  0.798833E+05  0.794867E+05  0.000000E+00  0.000000E+00  0.221519E+03  0.793217E+05
  0.117159E+01  0.710006E+05  0.706481E+05  0.000000E+00  0.000000E+00  0.171863E+03  0.705013E+05
  0.125866E+01  0.630736E+05  0.627605E+05  0.000000E+00  0.000000E+00  0.133194E+03  0.626300E+05
  0.135220E+01  0.560032E+05  0.557252E+05  0.000000E+00  0.000000E+00  0.103117E+03  0.556092E+05
  0.145269E+01  0.497014E+05  0.494547E+05  0.000000E+00  0.000000E+00  0.797535E+02  0.493516E+05
  0.156065E+01  0.440862E+05  0.438674E+05  0.000000E+00  0.000000E+00  0.839291E+02  0.437761E+05
  0.167663E+01  0.390887E+05  0.388947E+05  0.000000E+00  0.000000E+00  0.649506E+02  0.388136E+05
  0.180123E+01  0.346425E+05  0.344706E+05  0.000000E+00  0.000000E+00  0.502134E+02  0.343987E+05
  0.193510E+01  0.306889E+05  0.305366E+05  0.000000E+00  0.000000E+00  0.387831E+02  0.304729E+05
  0.207891E+01  0.271753E+05  0.270404E+05  0.000000E+00  0.000000E+00  0.299275E+02  0.269840E+05
