  0.745045E-04  0.193612E+08  0.193612E+08  0.251645E+08  0.251635E+08  0.193604E+08  0.193612E+08
  0.829624E-04  0.193602E+08  0.193602E+08  0.250095E+08  0.250082E+08  0.193591E+08  0.193602E+08
  0.923803E-04  0.193590E+08  0.193590E+08  0.248184E+08  0.248169E+08  0.193576E+08  0.193590E+08
  0.102867E-03  0.193575E+08  0.193575E+08  0.245834E+08  0.245816E+08  0.193557E+08  0.193575E+08
  0.114545E-03  0.193556E+08  0.193556E+08  0.242948E+08  0.242926E+08  0.193534E+08  0.193556E+08
  0.127548E-03  0.193534E+08  0.193534E+08  0.239414E+08  0.239386E+08  0.193505E+08  0.193533E+08
  0.142028E-03  0.193505E+08  0.193505E+08  0.235097E+08  0.235064E+08  0.193469E+08  0.193505E+08
  0.158151E-03  0.193471E+08  0.193471E+08  0.229844E+08  0.229804E+08  0.193425E+08  0.193470E+08
  0.176104E-03  0.193428E+08  0.193428E+08  0.223481E+08  0.223433E+08  0.193370E+08  0.193427E+08
  0.196096E-03  0.193375E+08  0.193375E+08  0.215817E+08  0.215761E+08  0.193303E+08  0.193374E+08
  0.218356E-03  0.193310E+08  0.193310E+08  0.206652E+08  0.206586E+08  0.193221E+08  0.193309E+08
  0.243144E-03  0.193230E+08  0.193230E+08  0.195789E+08  0.195714E+08  0.193119E+08  0.193229E+08
  0.270746E-03  0.193132E+08  0.193132E+08  0.183057E+08  0.182972E+08  0.192994E+08  0.193131E+08
  0.301482E-03  0.193013E+08  0.193013E+08  0.168343E+08  0.168250E+08  0.192841E+08  0.193012E+08
  0.335706E-03  0.192868E+08  0.192868E+08  0.151639E+08  0.151540E+08  0.192655E+08  0.192867E+08
  0.373816E-03  0.192693E+08  0.192693E+08  0.133100E+08  0.133000E+08  0.192429E+08  0.192692E+08
  0.416252E-03  0.192483E+08  0.192482E+08  0.113111E+08  0.113016E+08  0.192154E+08  0.192481E+08
  0.463505E-03  0.192231E+08  0.192231E+08  0.923478E+07  0.922665E+07  0.191824E+08  0.192228E+08
  0.516122E-03  0.191932E+08  0.191932E+08  0.718069E+07  0.717487E+07  0.191428E+08  0.191929E+08
  0.574713E-03  0.191582E+08  0.191581E+08  0.527577E+07  0.527303E+07  0.190958E+08  0.191578E+08
  0.639955E-03  0.191174E+08  0.191174E+08  0.365722E+07  0.365787E+07  0.190404E+08  0.191169E+08
  0.712603E-03  0.190707E+08  0.190706E+08  0.243964E+07  0.244307E+07  0.189756E+08  0.190701E+08
  0.793498E-03  0.190179E+08  0.190178E+08  0.166988E+07  0.167440E+07  0.189006E+08  0.190171E+08
  0.883577E-03  0.189590E+08  0.189589E+08  0.128716E+07  0.129041E+07  0.188147E+08  0.189580E+08
  0.983881E-03  0.188943E+08  0.188942E+08  0.112185E+07  0.112198E+07  0.187171E+08  0.188932E+08
  0.109557E-02  0.188243E+08  0.188242E+08  0.966261E+06  0.963592E+06  0.186072E+08  0.188229E+08
  0.121994E-02  0.187493E+08  0.187491E+08  0.706408E+06  0.703862E+06  0.184845E+08  0.187476E+08
  0.135843E-02  0.186695E+08  0.186693E+08  0.412692E+06  0.413168E+06  0.183470E+08  0.186674E+08
  0.151264E-02  0.185845E+08  0.185843E+08  0.246913E+06  0.249238E+06  0.181936E+08  0.185820E+08
  0.168436E-02  0.184938E+08  0.184935E+08  0.224164E+06  0.224160E+06  0.180219E+08  0.184908E+08
  0.187557E-02  0.183962E+08  0.183958E+08  0.179279E+06  0.177445E+06  0.178298E+08  0.183926E+08
  0.208848E-02  0.182904E+08  0.182899E+08  0.815011E+05  0.823533E+05  0.176149E+08  0.182860E+08
  0.232557E-02  0.181746E+08  0.181740E+08  0.649715E+05  0.654070E+05  0.173749E+08  0.181695E+08
  0.258957E-02  0.180472E+08  0.180464E+08  0.535879E+05  0.514425E+05  0.171079E+08  0.180411E+08
  0.288354E-02  0.179062E+08  0.179052E+08  0.199896E+05  0.182316E+05  0.168125E+08  0.178991E+08
  0.321088E-02  0.177496E+08  0.177485E+08  0.277891E+05  0.222754E+05  0.164875E+08  0.177415E+08
  0.357538E-02  0.175757E+08  0.175743E+08  0.459250E+04  0.440343E+04  0.161320E+08  0.175664E+08
  0.398126E-02  0.173824E+08  0.173806E+08  0.516903E+04  0.481229E+04  0.157449E+08  0.173718E+08
  0.443322E-02  0.171678E+08  0.171657E+08  0.438041E+04  0.297893E+04  0.153244E+08  0.171559E+08
  0.493648E-02  0.169302E+08  0.169276E+08 -0.213716E+04 -0.230477E+04  0.148684E+08  0.169169E+08
  0.498985E-02  0.169051E+08  0.169025E+08  0.000000E+00  0.000000E+00  0.148208E+08  0.168916E+08
  0.504379E-02  0.168798E+08  0.168771E+08  0.000000E+00  0.000000E+00  0.147728E+08  0.168661E+08
  0.509832E-02  0.168542E+08  0.168514E+08  0.000000E+00  0.000000E+00  0.147244E+08  0.168404E+08
  0.515344E-02  0.168284E+08  0.168255E+08  0.000000E+00  0.000000E+00  0.146756E+08  0.168144E+08
  0.520915E-02  0.168023E+08  0.167994E+08  0.000000E+00  0.000000E+00  0.146264E+08  0.167881E+08
  0.526546E-02  0.167759E+08  0.167729E+08  0.000000E+00  0.000000E+00  0.145769E+08  0.167616E+08
  0.532239E-02  0.167493E+08  0.167463E+08  0.000000E+00  0.000000E+00  0.145270E+08  0.167348E+08
  0.537993E-02  0.167224E+08  0.167193E+08  0.000000E+00  0.000000E+00  0.144767E+08  0.167078E+08
  0.543809E-02  0.166952E+08  0.166921E+08  0.000000E+00  0.000000E+00  0.144260E+08  0.166805E+08
  0.549688E-02  0.166678E+08  0.166646E+08  0.000000E+00  0.000000E+00  0.143749E+08  0.166529E+08
  0.555630E-02  0.166402E+08  0.166369E+08  0.000000E+00  0.000000E+00  0.143234E+08  0.166251E+08
  0.561637E-02  0.166122E+08  0.166089E+08  0.000000E+00  0.000000E+00  0.142715E+08  0.165970E+08
  0.567709E-02  0.165840E+08  0.165806E+08  0.000000E+00  0.000000E+00  0.142193E+08  0.165686E+08
  0.573846E-02  0.165555E+08  0.165521E+08  0.000000E+00  0.000000E+00  0.141666E+08  0.165400E+08
  0.580050E-02  0.165268E+08  0.165232E+08  0.000000E+00  0.000000E+00  0.141136E+08  0.165111E+08
  0.586320E-02  0.164978E+08  0.164941E+08  0.000000E+00  0.000000E+00  0.140601E+08  0.164819E+08
  0.592659E-02  0.164685E+08  0.164648E+08  0.000000E+00  0.000000E+00  0.140063E+08  0.164524E+08
  0.599066E-02  0.164389E+08  0.164351E+08  0.000000E+00  0.000000E+00  0.139521E+08  0.164227E+08
  0.605542E-02  0.164090E+08  0.164052E+08  0.000000E+00  0.000000E+00  0.138975E+08  0.163926E+08
  0.612089E-02  0.163789E+08  0.163750E+08  0.000000E+00  0.000000E+00  0.138425E+08  0.163623E+08
  0.618706E-02  0.163485E+08  0.163445E+08  0.000000E+00  0.000000E+00  0.137871E+08  0.163317E+08
  0.625394E-02  0.163177E+08  0.163137E+08  0.000000E+00  0.000000E+00  0.137313E+08  0.163009E+08
  0.632155E-02  0.162868E+08  0.162826E+08  0.000000E+00  0.000000E+00  0.136751E+08  0.162697E+08
  0.638989E-02  0.162555E+08  0.162512E+08  0.000000E+00  0.000000E+00  0.136185E+08  0.162382E+08
  0.645897E-02  0.162239E+08  0.162196E+08  0.000000E+00  0.000000E+00  0.135616E+08  0.162065E+08
  0.652880E-02  0.161920E+08  0.161876E+08  0.000000E+00  0.000000E+00  0.135043E+08  0.161745E+08
  0.659938E-02  0.161599E+08  0.161554E+08  0.000000E+00  0.000000E+00  0.134466E+08  0.161421E+08
  0.667072E-02  0.161274E+08  0.161228E+08  0.000000E+00  0.000000E+00  0.133885E+08  0.161095E+08
  0.674284E-02  0.160947E+08  0.160900E+08  0.000000E+00  0.000000E+00  0.133300E+08  0.160766E+08
  0.681573E-02  0.160616E+08  0.160569E+08  0.000000E+00  0.000000E+00  0.132711E+08  0.160434E+08
  0.688942E-02  0.160283E+08  0.160234E+08  0.000000E+00  0.000000E+00  0.132119E+08  0.160099E+08
  0.696390E-02  0.159947E+08  0.159897E+08  0.000000E+00  0.000000E+00  0.131523E+08  0.159760E+08
  0.703918E-02  0.159607E+08  0.159556E+08  0.000000E+00  0.000000E+00  0.130923E+08  0.159419E+08
  0.711528E-02  0.159265E+08  0.159213E+08  0.000000E+00  0.000000E+00  0.130320E+08  0.159075E+08
  0.719220E-02  0.158919E+08  0.158866E+08  0.000000E+00  0.000000E+00  0.129713E+08  0.158727E+08
  0.726995E-02  0.158570E+08  0.158516E+08  0.000000E+00  0.000000E+00  0.129102E+08  0.158377E+08
  0.734855E-02  0.158219E+08  0.158164E+08  0.000000E+00  0.000000E+00  0.128488E+08  0.158023E+08
  0.742799E-02  0.157864E+08  0.157808E+08  0.000000E+00  0.000000E+00  0.127869E+08  0.157667E+08
  0.750829E-02  0.157506E+08  0.157448E+08  0.000000E+00  0.000000E+00  0.127248E+08  0.157307E+08
  0.758946E-02  0.157145E+08  0.157086E+08  0.000000E+00  0.000000E+00  0.126623E+08  0.156944E+08
  0.767151E-02  0.156780E+08  0.156721E+08  0.000000E+00  0.000000E+00  0.125994E+08  0.156578E+08
  0.775444E-02  0.156413E+08  0.156352E+08  0.000000E+00  0.000000E+00  0.125362E+08  0.156208E+08
  0.783828E-02  0.156042E+08  0.155980E+08  0.000000E+00  0.000000E+00  0.124726E+08  0.155836E+08
  0.792301E-02  0.155668E+08  0.155605E+08  0.000000E+00  0.000000E+00  0.124087E+08  0.155460E+08
  0.800867E-02  0.155291E+08  0.155227E+08  0.000000E+00  0.000000E+00  0.123444E+08  0.155081E+08
  0.809524E-02  0.154911E+08  0.154845E+08  0.000000E+00  0.000000E+00  0.122798E+08  0.154699E+08
  0.818276E-02  0.154527E+08  0.154460E+08  0.000000E+00  0.000000E+00  0.122149E+08  0.154313E+08
  0.827122E-02  0.154140E+08  0.154072E+08  0.000000E+00  0.000000E+00  0.121496E+08  0.153925E+08
  0.836064E-02  0.153750E+08  0.153681E+08  0.000000E+00  0.000000E+00  0.120840E+08  0.153533E+08
  0.845102E-02  0.153357E+08  0.153286E+08  0.000000E+00  0.000000E+00  0.120181E+08  0.153137E+08
  0.854239E-02  0.152960E+08  0.152888E+08  0.000000E+00  0.000000E+00  0.119519E+08  0.152739E+08
  0.863473E-02  0.152560E+08  0.152486E+08  0.000000E+00  0.000000E+00  0.118853E+08  0.152337E+08
  0.872808E-02  0.152156E+08  0.152081E+08  0.000000E+00  0.000000E+00  0.118184E+08  0.151931E+08
  0.882244E-02  0.151750E+08  0.151673E+08  0.000000E+00  0.000000E+00  0.117512E+08  0.151523E+08
  0.891782E-02  0.151339E+08  0.151261E+08  0.000000E+00  0.000000E+00  0.116838E+08  0.151111E+08
  0.901422E-02  0.150926E+08  0.150846E+08  0.000000E+00  0.000000E+00  0.116160E+08  0.150695E+08
  0.911167E-02  0.150509E+08  0.150427E+08  0.000000E+00  0.000000E+00  0.115478E+08  0.150276E+08
  0.921018E-02  0.150088E+08  0.150005E+08  0.000000E+00  0.000000E+00  0.114795E+08  0.149854E+08
  0.930975E-02  0.149664E+08  0.149580E+08  0.000000E+00  0.000000E+00  0.114108E+08  0.149428E+08
  0.941039E-02  0.149237E+08  0.149151E+08  0.000000E+00  0.000000E+00  0.113418E+08  0.148999E+08
  0.951212E-02  0.148806E+08  0.148718E+08  0.000000E+00  0.000000E+00  0.112725E+08  0.148566E+08
  0.961496E-02  0.148372E+08  0.148282E+08  0.000000E+00  0.000000E+00  0.112030E+08  0.148130E+08
  0.971890E-02  0.147934E+08  0.147843E+08  0.000000E+00  0.000000E+00  0.111332E+08  0.147690E+08
  0.982397E-02  0.147493E+08  0.147400E+08  0.000000E+00  0.000000E+00  0.110631E+08  0.147247E+08
  0.993017E-02  0.147048E+08  0.146953E+08  0.000000E+00  0.000000E+00  0.109927E+08  0.146800E+08
  0.100375E-01  0.146599E+08  0.146503E+08  0.000000E+00  0.000000E+00  0.109221E+08  0.146350E+08
  0.101460E-01  0.146147E+08  0.146049E+08  0.000000E+00  0.000000E+00  0.108512E+08  0.145896E+08
  0.102557E-01  0.145692E+08  0.145591E+08  0.000000E+00  0.000000E+00  0.107801E+08  0.145438E+08
  0.103666E-01  0.145233E+08  0.145130E+08  0.000000E+00  0.000000E+00  0.107087E+08  0.144977E+08
  0.104787E-01  0.144770E+08  0.144665E+08  0.000000E+00  0.000000E+00  0.106371E+08  0.144512E+08
  0.105919E-01  0.144303E+08  0.144197E+08  0.000000E+00  0.000000E+00  0.105652E+08  0.144044E+08
  0.107065E-01  0.143833E+08  0.143725E+08  0.000000E+00  0.000000E+00  0.104932E+08  0.143572E+08
  0.108222E-01  0.143360E+08  0.143249E+08  0.000000E+00  0.000000E+00  0.104208E+08  0.143097E+08
  0.109392E-01  0.142882E+08  0.142770E+08  0.000000E+00  0.000000E+00  0.103483E+08  0.142617E+08
  0.110575E-01  0.142401E+08  0.142286E+08  0.000000E+00  0.000000E+00  0.102755E+08  0.142134E+08
  0.111770E-01  0.141916E+08  0.141800E+08  0.000000E+00  0.000000E+00  0.102026E+08  0.141648E+08
  0.112978E-01  0.141428E+08  0.141309E+08  0.000000E+00  0.000000E+00  0.101294E+08  0.141157E+08
  0.114200E-01  0.140936E+08  0.140814E+08  0.000000E+00  0.000000E+00  0.100560E+08  0.140663E+08
  0.115434E-01  0.140440E+08  0.140316E+08  0.000000E+00  0.000000E+00  0.998243E+07  0.140165E+08
  0.116682E-01  0.139940E+08  0.139814E+08  0.000000E+00  0.000000E+00  0.990867E+07  0.139664E+08
  0.117944E-01  0.139436E+08  0.139308E+08  0.000000E+00  0.000000E+00  0.983472E+07  0.139159E+08
  0.119219E-01  0.138929E+08  0.138799E+08  0.000000E+00  0.000000E+00  0.976060E+07  0.138650E+08
  0.120507E-01  0.138418E+08  0.138285E+08  0.000000E+00  0.000000E+00  0.968630E+07  0.138137E+08
  0.121810E-01  0.137903E+08  0.137768E+08  0.000000E+00  0.000000E+00  0.961184E+07  0.137620E+08
  0.123127E-01  0.137385E+08  0.137247E+08  0.000000E+00  0.000000E+00  0.953721E+07  0.137100E+08
  0.124458E-01  0.136862E+08  0.136722E+08  0.000000E+00  0.000000E+00  0.946243E+07  0.136575E+08
  0.125804E-01  0.136336E+08  0.136193E+08  0.000000E+00  0.000000E+00  0.938751E+07  0.136047E+08
  0.127164E-01  0.135806E+08  0.135660E+08  0.000000E+00  0.000000E+00  0.931244E+07  0.135515E+08
  0.128538E-01  0.135272E+08  0.135124E+08  0.000000E+00  0.000000E+00  0.923724E+07  0.134980E+08
  0.129928E-01  0.134734E+08  0.134583E+08  0.000000E+00  0.000000E+00  0.916191E+07  0.134440E+08
  0.131333E-01  0.134192E+08  0.134039E+08  0.000000E+00  0.000000E+00  0.908646E+07  0.133897E+08
  0.132752E-01  0.133647E+08  0.133490E+08  0.000000E+00  0.000000E+00  0.901089E+07  0.133349E+08
  0.134188E-01  0.133097E+08  0.132938E+08  0.000000E+00  0.000000E+00  0.893521E+07  0.132798E+08
  0.135638E-01  0.132544E+08  0.132382E+08  0.000000E+00  0.000000E+00  0.885944E+07  0.132243E+08
  0.137105E-01  0.131986E+08  0.131822E+08  0.000000E+00  0.000000E+00  0.878356E+07  0.131684E+08
  0.138587E-01  0.131425E+08  0.131258E+08  0.000000E+00  0.000000E+00  0.870760E+07  0.131121E+08
  0.140085E-01  0.130860E+08  0.130689E+08  0.000000E+00  0.000000E+00  0.863156E+07  0.130554E+08
  0.141599E-01  0.130291E+08  0.130117E+08  0.000000E+00  0.000000E+00  0.855545E+07  0.129983E+08
  0.143130E-01  0.129718E+08  0.129541E+08  0.000000E+00  0.000000E+00  0.847927E+07  0.129408E+08
  0.144678E-01  0.129141E+08  0.128961E+08  0.000000E+00  0.000000E+00  0.840303E+07  0.128830E+08
  0.146242E-01  0.128560E+08  0.128377E+08  0.000000E+00  0.000000E+00  0.832674E+07  0.128247E+08
  0.147823E-01  0.127975E+08  0.127789E+08  0.000000E+00  0.000000E+00  0.825040E+07  0.127661E+08
  0.149421E-01  0.127386E+08  0.127197E+08  0.000000E+00  0.000000E+00  0.817403E+07  0.127070E+08
  0.151036E-01  0.126794E+08  0.126601E+08  0.000000E+00  0.000000E+00  0.809763E+07  0.126476E+08
  0.152669E-01  0.126197E+08  0.126001E+08  0.000000E+00  0.000000E+00  0.802121E+07  0.125878E+08
  0.154319E-01  0.125596E+08  0.125397E+08  0.000000E+00  0.000000E+00  0.794478E+07  0.125276E+08
  0.155988E-01  0.124991E+08  0.124789E+08  0.000000E+00  0.000000E+00  0.786834E+07  0.124669E+08
  0.157674E-01  0.124383E+08  0.124177E+08  0.000000E+00  0.000000E+00  0.779190E+07  0.124059E+08
  0.159378E-01  0.123770E+08  0.123561E+08  0.000000E+00  0.000000E+00  0.771547E+07  0.123445E+08
  0.161101E-01  0.123154E+08  0.122941E+08  0.000000E+00  0.000000E+00  0.763906E+07  0.122827E+08
  0.162843E-01  0.122533E+08  0.122317E+08  0.000000E+00  0.000000E+00  0.756267E+07  0.122205E+08
  0.164603E-01  0.121909E+08  0.121689E+08  0.000000E+00  0.000000E+00  0.748632E+07  0.121580E+08
  0.166383E-01  0.121281E+08  0.121057E+08  0.000000E+00  0.000000E+00  0.741001E+07  0.120950E+08
  0.168182E-01  0.120649E+08  0.120422E+08  0.000000E+00  0.000000E+00  0.733375E+07  0.120316E+08
  0.170000E-01  0.120012E+08  0.119782E+08  0.000000E+00  0.000000E+00  0.725756E+07  0.119679E+08
  0.171838E-01  0.119372E+08  0.119138E+08  0.000000E+00  0.000000E+00  0.718142E+07  0.119038E+08
  0.173695E-01  0.118729E+08  0.118491E+08  0.000000E+00  0.000000E+00  0.710537E+07  0.118392E+08
  0.175573E-01  0.118081E+08  0.117839E+08  0.000000E+00  0.000000E+00  0.702940E+07  0.117743E+08
  0.177471E-01  0.117429E+08  0.117184E+08  0.000000E+00  0.000000E+00  0.695352E+07  0.117091E+08
  0.179390E-01  0.116774E+08  0.116524E+08  0.000000E+00  0.000000E+00  0.687774E+07  0.116434E+08
  0.181329E-01  0.116115E+08  0.115861E+08  0.000000E+00  0.000000E+00  0.680207E+07  0.115773E+08
  0.183289E-01  0.115452E+08  0.115194E+08  0.000000E+00  0.000000E+00  0.672653E+07  0.115109E+08
  0.185271E-01  0.114785E+08  0.114524E+08  0.000000E+00  0.000000E+00  0.665110E+07  0.114441E+08
  0.187274E-01  0.114114E+08  0.113849E+08  0.000000E+00  0.000000E+00  0.657582E+07  0.113770E+08
  0.189298E-01  0.113440E+08  0.113171E+08  0.000000E+00  0.000000E+00  0.650068E+07  0.113094E+08
  0.191345E-01  0.112762E+08  0.112489E+08  0.000000E+00  0.000000E+00  0.642570E+07  0.112416E+08
  0.193413E-01  0.112081E+08  0.111804E+08  0.000000E+00  0.000000E+00  0.635087E+07  0.111733E+08
  0.195504E-01  0.111396E+08  0.111115E+08  0.000000E+00  0.000000E+00  0.627622E+07  0.111047E+08
  0.197618E-01  0.110707E+08  0.110422E+08  0.000000E+00  0.000000E+00  0.620176E+07  0.110357E+08
  0.199754E-01  0.110015E+08  0.109726E+08  0.000000E+00  0.000000E+00  0.612748E+07  0.109664E+08
  0.201914E-01  0.109319E+08  0.109026E+08  0.000000E+00  0.000000E+00  0.605340E+07  0.108967E+08
  0.204097E-01  0.108620E+08  0.108323E+08  0.000000E+00  0.000000E+00  0.597953E+07  0.108267E+08
  0.206303E-01  0.107917E+08  0.107616E+08  0.000000E+00  0.000000E+00  0.590588E+07  0.107564E+08
  0.208533E-01  0.107212E+08  0.106906E+08  0.000000E+00  0.000000E+00  0.583246E+07  0.106857E+08
  0.210788E-01  0.106502E+08  0.106193E+08  0.000000E+00  0.000000E+00  0.575927E+07  0.106147E+08
  0.213066E-01  0.105790E+08  0.105476E+08  0.000000E+00  0.000000E+00  0.568634E+07  0.105434E+08
  0.215370E-01  0.105075E+08  0.104756E+08  0.000000E+00  0.000000E+00  0.561366E+07  0.104718E+08
  0.217698E-01  0.104356E+08  0.104034E+08  0.000000E+00  0.000000E+00  0.554124E+07  0.103999E+08
  0.220052E-01  0.103634E+08  0.103308E+08  0.000000E+00  0.000000E+00  0.546911E+07  0.103277E+08
  0.222430E-01  0.102910E+08  0.102579E+08  0.000000E+00  0.000000E+00  0.539726E+07  0.102551E+08
  0.224835E-01  0.102182E+08  0.101847E+08  0.000000E+00  0.000000E+00  0.532570E+07  0.101823E+08
  0.227266E-01  0.101452E+08  0.101113E+08  0.000000E+00  0.000000E+00  0.525446E+07  0.101092E+08
  0.229723E-01  0.100719E+08  0.100376E+08  0.000000E+00  0.000000E+00  0.518352E+07  0.100359E+08
  0.232206E-01  0.999833E+07  0.996360E+07  0.000000E+00  0.000000E+00  0.511292E+07  0.996229E+07
  0.234716E-01  0.992451E+07  0.988937E+07  0.000000E+00  0.000000E+00  0.504265E+07  0.988843E+07
  0.237254E-01  0.985045E+07  0.981489E+07  0.000000E+00  0.000000E+00  0.497273E+07  0.981433E+07
  0.239819E-01  0.977615E+07  0.974019E+07  0.000000E+00  0.000000E+00  0.490316E+07  0.974000E+07
  0.242411E-01  0.970163E+07  0.966526E+07  0.000000E+00  0.000000E+00  0.483396E+07  0.966544E+07
  0.245032E-01  0.962689E+07  0.959012E+07  0.000000E+00  0.000000E+00  0.476514E+07  0.959068E+07
  0.247681E-01  0.955195E+07  0.951478E+07  0.000000E+00  0.000000E+00  0.469671E+07  0.951572E+07
  0.250359E-01  0.947682E+07  0.943926E+07  0.000000E+00  0.000000E+00  0.462867E+07  0.944058E+07
  0.253065E-01  0.940151E+07  0.936356E+07  0.000000E+00  0.000000E+00  0.456104E+07  0.936525E+07
  0.255801E-01  0.932604E+07  0.928769E+07  0.000000E+00  0.000000E+00  0.449383E+07  0.928977E+07
  0.258566E-01  0.925040E+07  0.921168E+07  0.000000E+00  0.000000E+00  0.442704E+07  0.921414E+07
  0.261362E-01  0.917464E+07  0.913554E+07  0.000000E+00  0.000000E+00  0.436070E+07  0.913837E+07
  0.264187E-01  0.909874E+07  0.905927E+07  0.000000E+00  0.000000E+00  0.429480E+07  0.906248E+07
  0.267043E-01  0.902273E+07  0.898290E+07  0.000000E+00  0.000000E+00  0.422935E+07  0.898648E+07
  0.269930E-01  0.894663E+07  0.890644E+07  0.000000E+00  0.000000E+00  0.416438E+07  0.891039E+07
  0.272848E-01  0.887044E+07  0.882990E+07  0.000000E+00  0.000000E+00  0.409988E+07  0.883423E+07
  0.275798E-01  0.879419E+07  0.875331E+07  0.000000E+00  0.000000E+00  0.403587E+07  0.875800E+07
  0.278779E-01  0.871789E+07  0.867668E+07  0.000000E+00  0.000000E+00  0.397236E+07  0.868173E+07
  0.281793E-01  0.864156E+07  0.860002E+07  0.000000E+00  0.000000E+00  0.390935E+07  0.860543E+07
  0.284840E-01  0.856521E+07  0.852335E+07  0.000000E+00  0.000000E+00  0.384686E+07  0.852912E+07
  0.287919E-01  0.848886E+07  0.844670E+07  0.000000E+00  0.000000E+00  0.378489E+07  0.845281E+07
  0.291032E-01  0.841254E+07  0.837008E+07  0.000000E+00  0.000000E+00  0.372346E+07  0.837654E+07
  0.294178E-01  0.833625E+07  0.829351E+07  0.000000E+00  0.000000E+00  0.366257E+07  0.830031E+07
  0.297358E-01  0.826002E+07  0.821701E+07  0.000000E+00  0.000000E+00  0.360223E+07  0.822414E+07
  0.300573E-01  0.818388E+07  0.814061E+07  0.000000E+00  0.000000E+00  0.354246E+07  0.814805E+07
  0.303822E-01  0.810783E+07  0.806431E+07  0.000000E+00  0.000000E+00  0.348326E+07  0.807207E+07
  0.307107E-01  0.803190E+07  0.798814E+07  0.000000E+00  0.000000E+00  0.342464E+07  0.799621E+07
  0.310427E-01  0.795611E+07  0.791213E+07  0.000000E+00  0.000000E+00  0.336660E+07  0.792050E+07
  0.313783E-01  0.788048E+07  0.783630E+07  0.000000E+00  0.000000E+00  0.330917E+07  0.784495E+07
  0.317175E-01  0.780503E+07  0.776066E+07  0.000000E+00  0.000000E+00  0.325234E+07  0.776959E+07
  0.320604E-01  0.772979E+07  0.768524E+07  0.000000E+00  0.000000E+00  0.319612E+07  0.769445E+07
  0.324070E-01  0.765478E+07  0.761007E+07  0.000000E+00  0.000000E+00  0.314053E+07  0.761953E+07
  0.327573E-01  0.758001E+07  0.753516E+07  0.000000E+00  0.000000E+00  0.308557E+07  0.754487E+07
  0.331114E-01  0.750552E+07  0.746054E+07  0.000000E+00  0.000000E+00  0.303124E+07  0.747049E+07
  0.334694E-01  0.743133E+07  0.738624E+07  0.000000E+00  0.000000E+00  0.297755E+07  0.739640E+07
  0.338312E-01  0.735746E+07  0.731227E+07  0.000000E+00  0.000000E+00  0.292452E+07  0.732265E+07
  0.341970E-01  0.728393E+07  0.723867E+07  0.000000E+00  0.000000E+00  0.287214E+07  0.724924E+07
  0.345667E-01  0.721076E+07  0.716546E+07  0.000000E+00  0.000000E+00  0.282042E+07  0.717620E+07
  0.349404E-01  0.713799E+07  0.709265E+07  0.000000E+00  0.000000E+00  0.276936E+07  0.710356E+07
  0.353181E-01  0.706563E+07  0.702028E+07  0.000000E+00  0.000000E+00  0.271898E+07  0.703134E+07
  0.356999E-01  0.699372E+07  0.694837E+07  0.000000E+00  0.000000E+00  0.266928E+07  0.695956E+07
  0.360858E-01  0.692226E+07  0.687695E+07  0.000000E+00  0.000000E+00  0.262026E+07  0.688825E+07
  0.364760E-01  0.685129E+07  0.680604E+07  0.000000E+00  0.000000E+00  0.257192E+07  0.681744E+07
  0.368703E-01  0.678084E+07  0.673565E+07  0.000000E+00  0.000000E+00  0.252428E+07  0.674714E+07
  0.372689E-01  0.671092E+07  0.666583E+07  0.000000E+00  0.000000E+00  0.247733E+07  0.667737E+07
  0.376718E-01  0.664154E+07  0.659658E+07  0.000000E+00  0.000000E+00  0.243109E+07  0.660816E+07
  0.380790E-01  0.657275E+07  0.652792E+07  0.000000E+00  0.000000E+00  0.238554E+07  0.653954E+07
  0.384907E-01  0.650456E+07  0.645990E+07  0.000000E+00  0.000000E+00  0.234070E+07  0.647152E+07
  0.389068E-01  0.643700E+07  0.639253E+07  0.000000E+00  0.000000E+00  0.229657E+07  0.640414E+07
  0.393274E-01  0.637009E+07  0.632584E+07  0.000000E+00  0.000000E+00  0.225315E+07  0.633741E+07
  0.397526E-01  0.630386E+07  0.625985E+07  0.000000E+00  0.000000E+00  0.221044E+07  0.627137E+07
  0.401823E-01  0.623833E+07  0.619458E+07  0.000000E+00  0.000000E+00  0.216843E+07  0.620602E+07
  0.406167E-01  0.617350E+07  0.613005E+07  0.000000E+00  0.000000E+00  0.212714E+07  0.614139E+07
  0.410558E-01  0.610940E+07  0.606627E+07  0.000000E+00  0.000000E+00  0.208655E+07  0.607749E+07
  0.414997E-01  0.604605E+07  0.600325E+07  0.000000E+00  0.000000E+00  0.204666E+07  0.601433E+07
  0.419483E-01  0.598346E+07  0.594102E+07  0.000000E+00  0.000000E+00  0.200747E+07  0.595194E+07
  0.424018E-01  0.592164E+07  0.587959E+07  0.000000E+00  0.000000E+00  0.196898E+07  0.589033E+07
  0.428602E-01  0.586061E+07  0.581898E+07  0.000000E+00  0.000000E+00  0.193119E+07  0.582951E+07
  0.433235E-01  0.580038E+07  0.575919E+07  0.000000E+00  0.000000E+00  0.189409E+07  0.576949E+07
  0.437919E-01  0.574097E+07  0.570024E+07  0.000000E+00  0.000000E+00  0.185768E+07  0.571030E+07
  0.442653E-01  0.568239E+07  0.564215E+07  0.000000E+00  0.000000E+00  0.182196E+07  0.565194E+07
  0.447439E-01  0.562465E+07  0.558492E+07  0.000000E+00  0.000000E+00  0.178693E+07  0.559442E+07
  0.452276E-01  0.556777E+07  0.552857E+07  0.000000E+00  0.000000E+00  0.175257E+07  0.553776E+07
  0.457165E-01  0.551174E+07  0.547310E+07  0.000000E+00  0.000000E+00  0.171887E+07  0.548196E+07
  0.462107E-01  0.545657E+07  0.541851E+07  0.000000E+00  0.000000E+00  0.168583E+07  0.542702E+07
  0.467103E-01  0.540227E+07  0.536480E+07  0.000000E+00  0.000000E+00  0.165345E+07  0.537295E+07
  0.472153E-01  0.534883E+07  0.531198E+07  0.000000E+00  0.000000E+00  0.162170E+07  0.531974E+07
  0.477257E-01  0.529625E+07  0.526004E+07  0.000000E+00  0.000000E+00  0.159059E+07  0.526740E+07
  0.482417E-01  0.524453E+07  0.520898E+07  0.000000E+00  0.000000E+00  0.156010E+07  0.521591E+07
  0.487632E-01  0.519367E+07  0.515879E+07  0.000000E+00  0.000000E+00  0.153023E+07  0.516528E+07
  0.492904E-01  0.514366E+07  0.510947E+07  0.000000E+00  0.000000E+00  0.150097E+07  0.511550E+07
  0.498232E-01  0.509448E+07  0.506100E+07  0.000000E+00  0.000000E+00  0.147230E+07  0.506657E+07
  0.503618E-01  0.504614E+07  0.501337E+07  0.000000E+00  0.000000E+00  0.144422E+07  0.501846E+07
  0.509063E-01  0.499860E+07  0.496657E+07  0.000000E+00  0.000000E+00  0.141670E+07  0.497116E+07
  0.514566E-01  0.495186E+07  0.492058E+07  0.000000E+00  0.000000E+00  0.138973E+07  0.492466E+07
  0.520129E-01  0.490590E+07  0.487536E+07  0.000000E+00  0.000000E+00  0.136331E+07  0.487894E+07
  0.525752E-01  0.486068E+07  0.483091E+07  0.000000E+00  0.000000E+00  0.133741E+07  0.483396E+07
  0.531436E-01  0.481620E+07  0.478719E+07  0.000000E+00  0.000000E+00  0.131204E+07  0.478972E+07
  0.537181E-01  0.477242E+07  0.474418E+07  0.000000E+00  0.000000E+00  0.128716E+07  0.474617E+07
  0.542988E-01  0.472931E+07  0.470185E+07  0.000000E+00  0.000000E+00  0.126278E+07  0.470330E+07
  0.548858E-01  0.468686E+07  0.466018E+07  0.000000E+00  0.000000E+00  0.123886E+07  0.466109E+07
  0.554792E-01  0.464503E+07  0.461912E+07  0.000000E+00  0.000000E+00  0.121540E+07  0.461949E+07
  0.560790E-01  0.460379E+07  0.457865E+07  0.000000E+00  0.000000E+00  0.119238E+07  0.457849E+07
  0.566852E-01  0.456310E+07  0.453873E+07  0.000000E+00  0.000000E+00  0.116978E+07  0.453803E+07
  0.572980E-01  0.452293E+07  0.449931E+07  0.000000E+00  0.000000E+00  0.114760E+07  0.449808E+07
  0.579175E-01  0.448322E+07  0.446035E+07  0.000000E+00  0.000000E+00  0.112582E+07  0.445860E+07
  0.585436E-01  0.444393E+07  0.442180E+07  0.000000E+00  0.000000E+00  0.110442E+07  0.441954E+07
  0.594337E-01  0.438942E+07  0.436831E+07  0.000000E+00  0.000000E+00  0.107500E+07  0.436534E+07
  0.603239E-01  0.433633E+07  0.431619E+07  0.000000E+00  0.000000E+00  0.104666E+07  0.431256E+07
  0.612140E-01  0.428451E+07  0.426529E+07  0.000000E+00  0.000000E+00  0.101934E+07  0.426104E+07
  0.621041E-01  0.423380E+07  0.421544E+07  0.000000E+00  0.000000E+00  0.992982E+06  0.421062E+07
  0.629943E-01  0.418405E+07  0.416650E+07  0.000000E+00  0.000000E+00  0.967505E+06  0.416114E+07
  0.638844E-01  0.413512E+07  0.411832E+07  0.000000E+00  0.000000E+00  0.942835E+06  0.411248E+07
  0.647746E-01  0.408687E+07  0.407076E+07  0.000000E+00  0.000000E+00  0.918920E+06  0.406449E+07
  0.656647E-01  0.403919E+07  0.402371E+07  0.000000E+00  0.000000E+00  0.895716E+06  0.401706E+07
  0.665548E-01  0.399198E+07  0.397707E+07  0.000000E+00  0.000000E+00  0.873181E+06  0.397009E+07
  0.674450E-01  0.394516E+07  0.393076E+07  0.000000E+00  0.000000E+00  0.851264E+06  0.392350E+07
  0.683351E-01  0.389864E+07  0.388468E+07  0.000000E+00  0.000000E+00  0.829930E+06  0.387721E+07
  0.692252E-01  0.385236E+07  0.383879E+07  0.000000E+00  0.000000E+00  0.809151E+06  0.383115E+07
  0.701154E-01  0.380625E+07  0.379301E+07  0.000000E+00  0.000000E+00  0.788900E+06  0.378525E+07
  0.710055E-01  0.376027E+07  0.374730E+07  0.000000E+00  0.000000E+00  0.769143E+06  0.373948E+07
  0.718957E-01  0.371438E+07  0.370163E+07  0.000000E+00  0.000000E+00  0.749858E+06  0.369379E+07
  0.727858E-01  0.366857E+07  0.365597E+07  0.000000E+00  0.000000E+00  0.731032E+06  0.364817E+07
  0.736759E-01  0.362280E+07  0.361031E+07  0.000000E+00  0.000000E+00  0.712648E+06  0.360260E+07
  0.745661E-01  0.357709E+07  0.356466E+07  0.000000E+00  0.000000E+00  0.694688E+06  0.355706E+07
  0.754562E-01  0.353142E+07  0.351900E+07  0.000000E+00  0.000000E+00  0.677142E+06  0.351157E+07
  0.763463E-01  0.348581E+07  0.347337E+07  0.000000E+00  0.000000E+00  0.660001E+06  0.346614E+07
  0.772365E-01  0.344028E+07  0.342778E+07  0.000000E+00  0.000000E+00  0.643256E+06  0.342078E+07
  0.781266E-01  0.339485E+07  0.338224E+07  0.000000E+00  0.000000E+00  0.626898E+06  0.337552E+07
  0.790168E-01  0.334955E+07  0.333681E+07  0.000000E+00  0.000000E+00  0.610923E+06  0.333038E+07
  0.799069E-01  0.330441E+07  0.329150E+07  0.000000E+00  0.000000E+00  0.595327E+06  0.328540E+07
  0.807970E-01  0.325947E+07  0.324638E+07  0.000000E+00  0.000000E+00  0.580107E+06  0.324062E+07
  0.816872E-01  0.321478E+07  0.320149E+07  0.000000E+00  0.000000E+00  0.565259E+06  0.319609E+07
  0.825773E-01  0.317038E+07  0.315687E+07  0.000000E+00  0.000000E+00  0.550781E+06  0.315185E+07
  0.834674E-01  0.312634E+07  0.311259E+07  0.000000E+00  0.000000E+00  0.536672E+06  0.310795E+07
  0.843576E-01  0.308268E+07  0.306870E+07  0.000000E+00  0.000000E+00  0.522927E+06  0.306445E+07
  0.852477E-01  0.303948E+07  0.302524E+07  0.000000E+00  0.000000E+00  0.509549E+06  0.302139E+07
  0.861379E-01  0.299677E+07  0.298229E+07  0.000000E+00  0.000000E+00  0.496537E+06  0.297884E+07
  0.870280E-01  0.295462E+07  0.293990E+07  0.000000E+00  0.000000E+00  0.483887E+06  0.293683E+07
  0.879181E-01  0.291309E+07  0.289813E+07  0.000000E+00  0.000000E+00  0.471599E+06  0.289544E+07
  0.888083E-01  0.287221E+07  0.285702E+07  0.000000E+00  0.000000E+00  0.459668E+06  0.285471E+07
  0.896984E-01  0.283204E+07  0.281664E+07  0.000000E+00  0.000000E+00  0.448093E+06  0.281469E+07
  0.905886E-01  0.279262E+07  0.277701E+07  0.000000E+00  0.000000E+00  0.436871E+06  0.277542E+07
  0.914787E-01  0.275399E+07  0.273820E+07  0.000000E+00  0.000000E+00  0.426001E+06  0.273693E+07
  0.923688E-01  0.271620E+07  0.270024E+07  0.000000E+00  0.000000E+00  0.415478E+06  0.269929E+07
  0.932590E-01  0.267928E+07  0.266318E+07  0.000000E+00  0.000000E+00  0.405297E+06  0.266251E+07
  0.941491E-01  0.264327E+07  0.262706E+07  0.000000E+00  0.000000E+00  0.395453E+06  0.262665E+07
  0.950392E-01  0.260821E+07  0.259189E+07  0.000000E+00  0.000000E+00  0.385943E+06  0.259173E+07
  0.959294E-01  0.257410E+07  0.255772E+07  0.000000E+00  0.000000E+00  0.376760E+06  0.255777E+07
  0.968195E-01  0.254098E+07  0.252456E+07  0.000000E+00  0.000000E+00  0.367901E+06  0.252480E+07
  0.977097E-01  0.250886E+07  0.249242E+07  0.000000E+00  0.000000E+00  0.359357E+06  0.249282E+07
  0.985998E-01  0.247775E+07  0.246132E+07  0.000000E+00  0.000000E+00  0.351119E+06  0.246185E+07
  0.994899E-01  0.244765E+07  0.243127E+07  0.000000E+00  0.000000E+00  0.343180E+06  0.243190E+07
  0.100380E+00  0.241857E+07  0.240225E+07  0.000000E+00  0.000000E+00  0.335532E+06  0.240297E+07
  0.101270E+00  0.239050E+07  0.237429E+07  0.000000E+00  0.000000E+00  0.328169E+06  0.237505E+07
  0.102160E+00  0.236344E+07  0.234735E+07  0.000000E+00  0.000000E+00  0.321082E+06  0.234813E+07
  0.103050E+00  0.233737E+07  0.232143E+07  0.000000E+00  0.000000E+00  0.314259E+06  0.232220E+07
  0.103941E+00  0.231228E+07  0.229652E+07  0.000000E+00  0.000000E+00  0.307692E+06  0.229726E+07
  0.104831E+00  0.228815E+07  0.227259E+07  0.000000E+00  0.000000E+00  0.301370E+06  0.227327E+07
  0.105721E+00  0.226495E+07  0.224961E+07  0.000000E+00  0.000000E+00  0.295287E+06  0.225021E+07
  0.106611E+00  0.224265E+07  0.222756E+07  0.000000E+00  0.000000E+00  0.289430E+06  0.222806E+07
  0.107501E+00  0.222122E+07  0.220640E+07  0.000000E+00  0.000000E+00  0.283789E+06  0.220677E+07
  0.108391E+00  0.220063E+07  0.218608E+07  0.000000E+00  0.000000E+00  0.278352E+06  0.218631E+07
  0.109281E+00  0.218083E+07  0.216658E+07  0.000000E+00  0.000000E+00  0.273111E+06  0.216665E+07
  0.110172E+00  0.216179E+07  0.214786E+07  0.000000E+00  0.000000E+00  0.268058E+06  0.214775E+07
  0.111062E+00  0.214347E+07  0.212986E+07  0.000000E+00  0.000000E+00  0.263181E+06  0.212956E+07
  0.111952E+00  0.212582E+07  0.211255E+07  0.000000E+00  0.000000E+00  0.258470E+06  0.211205E+07
  0.112842E+00  0.210880E+07  0.209587E+07  0.000000E+00  0.000000E+00  0.253914E+06  0.209515E+07
  0.113732E+00  0.209235E+07  0.207977E+07  0.000000E+00  0.000000E+00  0.249504E+06  0.207883E+07
  0.114622E+00  0.207643E+07  0.206421E+07  0.000000E+00  0.000000E+00  0.245231E+06  0.206304E+07
  0.115512E+00  0.206099E+07  0.204912E+07  0.000000E+00  0.000000E+00  0.241086E+06  0.204773E+07
  0.116403E+00  0.204600E+07  0.203448E+07  0.000000E+00  0.000000E+00  0.237062E+06  0.203286E+07
  0.117293E+00  0.203139E+07  0.202023E+07  0.000000E+00  0.000000E+00  0.233148E+06  0.201838E+07
  0.118183E+00  0.201713E+07  0.200632E+07  0.000000E+00  0.000000E+00  0.229339E+06  0.200423E+07
  0.119073E+00  0.200316E+07  0.199269E+07  0.000000E+00  0.000000E+00  0.225624E+06  0.199038E+07
  0.119963E+00  0.198943E+07  0.197930E+07  0.000000E+00  0.000000E+00  0.221997E+06  0.197677E+07
  0.120853E+00  0.197591E+07  0.196610E+07  0.000000E+00  0.000000E+00  0.218450E+06  0.196336E+07
  0.121743E+00  0.196255E+07  0.195305E+07  0.000000E+00  0.000000E+00  0.214977E+06  0.195011E+07
  0.122634E+00  0.194931E+07  0.194011E+07  0.000000E+00  0.000000E+00  0.211574E+06  0.193698E+07
  0.123524E+00  0.193616E+07  0.192725E+07  0.000000E+00  0.000000E+00  0.208235E+06  0.192393E+07
  0.124414E+00  0.192306E+07  0.191442E+07  0.000000E+00  0.000000E+00  0.204953E+06  0.191094E+07
  0.125304E+00  0.190998E+07  0.190160E+07  0.000000E+00  0.000000E+00  0.201725E+06  0.189796E+07
  0.126194E+00  0.189690E+07  0.188875E+07  0.000000E+00  0.000000E+00  0.198545E+06  0.188497E+07
  0.127084E+00  0.188378E+07  0.187586E+07  0.000000E+00  0.000000E+00  0.195412E+06  0.187195E+07
  0.127974E+00  0.187060E+07  0.186288E+07  0.000000E+00  0.000000E+00  0.192322E+06  0.185887E+07
  0.128864E+00  0.185735E+07  0.184981E+07  0.000000E+00  0.000000E+00  0.189271E+06  0.184571E+07
  0.129755E+00  0.184400E+07  0.183663E+07  0.000000E+00  0.000000E+00  0.186257E+06  0.183245E+07
  0.130645E+00  0.183054E+07  0.182331E+07  0.000000E+00  0.000000E+00  0.183279E+06  0.181907E+07
  0.131535E+00  0.181695E+07  0.180986E+07  0.000000E+00  0.000000E+00  0.180333E+06  0.180558E+07
  0.132425E+00  0.180324E+07  0.179625E+07  0.000000E+00  0.000000E+00  0.177418E+06  0.179195E+07
  0.133315E+00  0.178939E+07  0.178249E+07  0.000000E+00  0.000000E+00  0.174535E+06  0.177818E+07
  0.134205E+00  0.177540E+07  0.176857E+07  0.000000E+00  0.000000E+00  0.171682E+06  0.176428E+07
  0.135095E+00  0.176127E+07  0.175450E+07  0.000000E+00  0.000000E+00  0.168859E+06  0.175022E+07
  0.135986E+00  0.174700E+07  0.174026E+07  0.000000E+00  0.000000E+00  0.166063E+06  0.173603E+07
  0.136876E+00  0.173260E+07  0.172588E+07  0.000000E+00  0.000000E+00  0.163297E+06  0.172170E+07
  0.137766E+00  0.171807E+07  0.171136E+07  0.000000E+00  0.000000E+00  0.160560E+06  0.170725E+07
  0.138656E+00  0.170342E+07  0.169670E+07  0.000000E+00  0.000000E+00  0.157853E+06  0.169268E+07
  0.139546E+00  0.168867E+07  0.168193E+07  0.000000E+00  0.000000E+00  0.155177E+06  0.167800E+07
  0.140436E+00  0.167383E+07  0.166705E+07  0.000000E+00  0.000000E+00  0.152532E+06  0.166323E+07
  0.141326E+00  0.165892E+07  0.165210E+07  0.000000E+00  0.000000E+00  0.149920E+06  0.164839E+07
  0.142217E+00  0.164395E+07  0.163707E+07  0.000000E+00  0.000000E+00  0.147340E+06  0.163349E+07
  0.143107E+00  0.162895E+07  0.162201E+07  0.000000E+00  0.000000E+00  0.144794E+06  0.161856E+07
  0.143997E+00  0.161393E+07  0.160692E+07  0.000000E+00  0.000000E+00  0.142285E+06  0.160361E+07
  0.144887E+00  0.159892E+07  0.159183E+07  0.000000E+00  0.000000E+00  0.139813E+06  0.158866E+07
  0.145777E+00  0.158394E+07  0.157676E+07  0.000000E+00  0.000000E+00  0.137379E+06  0.157374E+07
  0.146667E+00  0.156900E+07  0.156173E+07  0.000000E+00  0.000000E+00  0.134983E+06  0.155887E+07
  0.147557E+00  0.155412E+07  0.154677E+07  0.000000E+00  0.000000E+00  0.132628E+06  0.154406E+07
  0.148448E+00  0.153934E+07  0.153190E+07  0.000000E+00  0.000000E+00  0.130314E+06  0.152934E+07
  0.149338E+00  0.152467E+07  0.151713E+07  0.000000E+00  0.000000E+00  0.128043E+06  0.151473E+07
  0.150228E+00  0.151013E+07  0.150251E+07  0.000000E+00  0.000000E+00  0.125815E+06  0.150026E+07
  0.151118E+00  0.149574E+07  0.148803E+07  0.000000E+00  0.000000E+00  0.123631E+06  0.148594E+07
  0.152008E+00  0.148153E+07  0.147374E+07  0.000000E+00  0.000000E+00  0.121491E+06  0.147178E+07
  0.152898E+00  0.146751E+07  0.145964E+07  0.000000E+00  0.000000E+00  0.119398E+06  0.145782E+07
  0.153788E+00  0.145369E+07  0.144575E+07  0.000000E+00  0.000000E+00  0.117351E+06  0.144407E+07
  0.154678E+00  0.144011E+07  0.143210E+07  0.000000E+00  0.000000E+00  0.115351E+06  0.143055E+07
  0.155569E+00  0.142676E+07  0.141869E+07  0.000000E+00  0.000000E+00  0.113398E+06  0.141727E+07
  0.156459E+00  0.141368E+07  0.140555E+07  0.000000E+00  0.000000E+00  0.111492E+06  0.140424E+07
  0.157349E+00  0.140086E+07  0.139270E+07  0.000000E+00  0.000000E+00  0.109634E+06  0.139149E+07
  0.158239E+00  0.138834E+07  0.138013E+07  0.000000E+00  0.000000E+00  0.107823E+06  0.137903E+07
  0.159129E+00  0.137610E+07  0.136787E+07  0.000000E+00  0.000000E+00  0.106060E+06  0.136686E+07
  0.160019E+00  0.136417E+07  0.135593E+07  0.000000E+00  0.000000E+00  0.104344E+06  0.135499E+07
  0.160909E+00  0.135256E+07  0.134430E+07  0.000000E+00  0.000000E+00  0.102675E+06  0.134343E+07
  0.161800E+00  0.134125E+07  0.133300E+07  0.000000E+00  0.000000E+00  0.101053E+06  0.133219E+07
  0.162690E+00  0.133027E+07  0.132203E+07  0.000000E+00  0.000000E+00  0.994756E+05  0.132127E+07
  0.163580E+00  0.131961E+07  0.131140E+07  0.000000E+00  0.000000E+00  0.979435E+05  0.131067E+07
  0.164470E+00  0.130927E+07  0.130109E+07  0.000000E+00  0.000000E+00  0.964551E+05  0.130039E+07
  0.165360E+00  0.129924E+07  0.129110E+07  0.000000E+00  0.000000E+00  0.950097E+05  0.129042E+07
  0.166250E+00  0.128953E+07  0.128145E+07  0.000000E+00  0.000000E+00  0.936062E+05  0.128077E+07
  0.167140E+00  0.128013E+07  0.127211E+07  0.000000E+00  0.000000E+00  0.922434E+05  0.127143E+07
  0.168031E+00  0.127104E+07  0.126308E+07  0.000000E+00  0.000000E+00  0.909199E+05  0.126240E+07
  0.168921E+00  0.126224E+07  0.125436E+07  0.000000E+00  0.000000E+00  0.896343E+05  0.125366E+07
  0.169811E+00  0.125372E+07  0.124593E+07  0.000000E+00  0.000000E+00  0.883856E+05  0.124520E+07
  0.170701E+00  0.124548E+07  0.123779E+07  0.000000E+00  0.000000E+00  0.871724E+05  0.123702E+07
  0.171591E+00  0.123751E+07  0.122992E+07  0.000000E+00  0.000000E+00  0.859934E+05  0.122911E+07
  0.172481E+00  0.122980E+07  0.122232E+07  0.000000E+00  0.000000E+00  0.848466E+05  0.122145E+07
  0.173371E+00  0.122233E+07  0.121496E+07  0.000000E+00  0.000000E+00  0.837306E+05  0.121404E+07
  0.174262E+00  0.121508E+07  0.120783E+07  0.000000E+00  0.000000E+00  0.826441E+05  0.120685E+07
  0.175152E+00  0.120805E+07  0.120092E+07  0.000000E+00  0.000000E+00  0.815857E+05  0.119988E+07
  0.176042E+00  0.120122E+07  0.119422E+07  0.000000E+00  0.000000E+00  0.805539E+05  0.119310E+07
  0.176932E+00  0.119457E+07  0.118770E+07  0.000000E+00  0.000000E+00  0.795470E+05  0.118651E+07
  0.177822E+00  0.118810E+07  0.118135E+07  0.000000E+00  0.000000E+00  0.785634E+05  0.118009E+07
  0.178712E+00  0.118177E+07  0.117516E+07  0.000000E+00  0.000000E+00  0.776017E+05  0.117381E+07
  0.179602E+00  0.117558E+07  0.116910E+07  0.000000E+00  0.000000E+00  0.766604E+05  0.116767E+07
  0.180492E+00  0.116951E+07  0.116316E+07  0.000000E+00  0.000000E+00  0.757381E+05  0.116166E+07
  0.181383E+00  0.116354E+07  0.115732E+07  0.000000E+00  0.000000E+00  0.748336E+05  0.115574E+07
  0.182273E+00  0.115766E+07  0.115157E+07  0.000000E+00  0.000000E+00  0.739455E+05  0.114991E+07
  0.183163E+00  0.115185E+07  0.114589E+07  0.000000E+00  0.000000E+00  0.730726E+05  0.114416E+07
  0.184053E+00  0.114610E+07  0.114027E+07  0.000000E+00  0.000000E+00  0.722136E+05  0.113846E+07
  0.184943E+00  0.114040E+07  0.113468E+07  0.000000E+00  0.000000E+00  0.713672E+05  0.113280E+07
  0.185833E+00  0.113472E+07  0.112912E+07  0.000000E+00  0.000000E+00  0.705327E+05  0.112717E+07
  0.186723E+00  0.112906E+07  0.112358E+07  0.000000E+00  0.000000E+00  0.697090E+05  0.112156E+07
  0.187614E+00  0.112341E+07  0.111804E+07  0.000000E+00  0.000000E+00  0.688953E+05  0.111596E+07
  0.188504E+00  0.111775E+07  0.111248E+07  0.000000E+00  0.000000E+00  0.680905E+05  0.111035E+07
  0.189394E+00  0.111208E+07  0.110691E+07  0.000000E+00  0.000000E+00  0.672940E+05  0.110472E+07
  0.190284E+00  0.110639E+07  0.110130E+07  0.000000E+00  0.000000E+00  0.665054E+05  0.109907E+07
  0.191174E+00  0.110066E+07  0.109566E+07  0.000000E+00  0.000000E+00  0.657239E+05  0.109339E+07
  0.192064E+00  0.109489E+07  0.108997E+07  0.000000E+00  0.000000E+00  0.649490E+05  0.108766E+07
  0.192954E+00  0.108908E+07  0.108423E+07  0.000000E+00  0.000000E+00  0.641801E+05  0.108189E+07
  0.193845E+00  0.108322E+07  0.107844E+07  0.000000E+00  0.000000E+00  0.634169E+05  0.107607E+07
  0.194735E+00  0.107730E+07  0.107258E+07  0.000000E+00  0.000000E+00  0.626592E+05  0.107020E+07
  0.195625E+00  0.107132E+07  0.106665E+07  0.000000E+00  0.000000E+00  0.619067E+05  0.106426E+07
  0.196515E+00  0.106529E+07  0.106066E+07  0.000000E+00  0.000000E+00  0.611592E+05  0.105827E+07
  0.197405E+00  0.105919E+07  0.105460E+07  0.000000E+00  0.000000E+00  0.604166E+05  0.105221E+07
  0.198295E+00  0.105303E+07  0.104848E+07  0.000000E+00  0.000000E+00  0.596788E+05  0.104609E+07
  0.199185E+00  0.104681E+07  0.104228E+07  0.000000E+00  0.000000E+00  0.589458E+05  0.103991E+07
  0.200076E+00  0.104053E+07  0.103602E+07  0.000000E+00  0.000000E+00  0.582175E+05  0.103366E+07
  0.200966E+00  0.103419E+07  0.102970E+07  0.000000E+00  0.000000E+00  0.574943E+05  0.102736E+07
  0.201856E+00  0.102780E+07  0.102332E+07  0.000000E+00  0.000000E+00  0.567762E+05  0.102101E+07
  0.202746E+00  0.102136E+07  0.101688E+07  0.000000E+00  0.000000E+00  0.560633E+05  0.101460E+07
  0.203636E+00  0.101487E+07  0.101039E+07  0.000000E+00  0.000000E+00  0.553557E+05  0.100815E+07
  0.204526E+00  0.100835E+07  0.100386E+07  0.000000E+00  0.000000E+00  0.546539E+05  0.100167E+07
  0.205416E+00  0.100179E+07  0.997297E+06  0.000000E+00  0.000000E+00  0.539582E+05  0.995144E+06
  0.206306E+00  0.995209E+06  0.990702E+06  0.000000E+00  0.000000E+00  0.532688E+05  0.988597E+06
  0.207197E+00  0.988609E+06  0.984086E+06  0.000000E+00  0.000000E+00  0.525860E+05  0.982032E+06
  0.208087E+00  0.981997E+06  0.977456E+06  0.000000E+00  0.000000E+00  0.519101E+05  0.975455E+06
  0.208977E+00  0.975382E+06  0.970820E+06  0.000000E+00  0.000000E+00  0.512414E+05  0.968874E+06
  0.209867E+00  0.968771E+06  0.964186E+06  0.000000E+00  0.000000E+00  0.505802E+05  0.962296E+06
  0.210757E+00  0.962172E+06  0.957562E+06  0.000000E+00  0.000000E+00  0.499267E+05  0.955731E+06
  0.211647E+00  0.955594E+06  0.950958E+06  0.000000E+00  0.000000E+00  0.492814E+05  0.949186E+06
  0.212537E+00  0.949043E+06  0.944381E+06  0.000000E+00  0.000000E+00  0.486446E+05  0.942668E+06
  0.213428E+00  0.942528E+06  0.937840E+06  0.000000E+00  0.000000E+00  0.480165E+05  0.936186E+06
  0.214318E+00  0.936056E+06  0.931342E+06  0.000000E+00  0.000000E+00  0.473975E+05  0.929747E+06
  0.215208E+00  0.929635E+06  0.924896E+06  0.000000E+00  0.000000E+00  0.467877E+05  0.923359E+06
  0.216098E+00  0.923273E+06  0.918510E+06  0.000000E+00  0.000000E+00  0.461872E+05  0.917029E+06
  0.216988E+00  0.916976E+06  0.912190E+06  0.000000E+00  0.000000E+00  0.455964E+05  0.910764E+06
  0.217878E+00  0.910752E+06  0.905945E+06  0.000000E+00  0.000000E+00  0.450155E+05  0.904573E+06
  0.218768E+00  0.904607E+06  0.899781E+06  0.000000E+00  0.000000E+00  0.444448E+05  0.898460E+06
  0.219659E+00  0.898548E+06  0.893705E+06  0.000000E+00  0.000000E+00  0.438844E+05  0.892433E+06
  0.222455E+00  0.880131E+06  0.875252E+06  0.000000E+00  0.000000E+00  0.421913E+05  0.874115E+06
  0.225287E+00  0.862535E+06  0.857651E+06  0.000000E+00  0.000000E+00  0.405827E+05  0.856619E+06
  0.228155E+00  0.845884E+06  0.841031E+06  0.000000E+00  0.000000E+00  0.390611E+05  0.840068E+06
  0.231059E+00  0.830242E+06  0.825458E+06  0.000000E+00  0.000000E+00  0.376260E+05  0.824526E+06
  0.234001E+00  0.815613E+06  0.810932E+06  0.000000E+00  0.000000E+00  0.362743E+05  0.809996E+06
  0.236980E+00  0.801944E+06  0.797398E+06  0.000000E+00  0.000000E+00  0.350002E+05  0.796425E+06
  0.239997E+00  0.789127E+06  0.784741E+06  0.000000E+00  0.000000E+00  0.337963E+05  0.783706E+06
  0.243052E+00  0.777000E+06  0.772791E+06  0.000000E+00  0.000000E+00  0.326525E+05  0.771675E+06
  0.246146E+00  0.765367E+06  0.761341E+06  0.000000E+00  0.000000E+00  0.315586E+05  0.760136E+06
  0.249280E+00  0.754014E+06  0.750168E+06  0.000000E+00  0.000000E+00  0.305043E+05  0.748876E+06
  0.252453E+00  0.742735E+06  0.739054E+06  0.000000E+00  0.000000E+00  0.294799E+05  0.737687E+06
  0.255667E+00  0.731346E+06  0.727810E+06  0.000000E+00  0.000000E+00  0.284775E+05  0.726386E+06
  0.258922E+00  0.719697E+06  0.716280E+06  0.000000E+00  0.000000E+00  0.274912E+05  0.714822E+06
  0.262218E+00  0.707687E+06  0.704357E+06  0.000000E+00  0.000000E+00  0.265170E+05  0.702895E+06
  0.265557E+00  0.695271E+06  0.691999E+06  0.000000E+00  0.000000E+00  0.255536E+05  0.690560E+06
  0.268937E+00  0.682476E+06  0.679235E+06  0.000000E+00  0.000000E+00  0.246024E+05  0.677844E+06
  0.272361E+00  0.669386E+06  0.666153E+06  0.000000E+00  0.000000E+00  0.236666E+05  0.664832E+06
  0.275828E+00  0.656128E+06  0.652888E+06  0.000000E+00  0.000000E+00  0.227507E+05  0.651650E+06
  0.279340E+00  0.642859E+06  0.639606E+06  0.000000E+00  0.000000E+00  0.218598E+05  0.638457E+06
  0.282896E+00  0.629754E+06  0.626489E+06  0.000000E+00  0.000000E+00  0.209992E+05  0.625426E+06
  0.286497E+00  0.616986E+06  0.613719E+06  0.000000E+00  0.000000E+00  0.201741E+05  0.612733E+06
  0.290145E+00  0.604699E+06  0.601447E+06  0.000000E+00  0.000000E+00  0.193875E+05  0.600521E+06
  0.293838E+00  0.592992E+06  0.589773E+06  0.000000E+00  0.000000E+00  0.186415E+05  0.588888E+06
  0.297579E+00  0.581910E+06  0.578746E+06  0.000000E+00  0.000000E+00  0.179357E+05  0.577879E+06
  0.301367E+00  0.571447E+06  0.568356E+06  0.000000E+00  0.000000E+00  0.172683E+05  0.567489E+06
  0.305204E+00  0.561541E+06  0.558539E+06  0.000000E+00  0.000000E+00  0.166361E+05  0.557655E+06
  0.309089E+00  0.552081E+06  0.549177E+06  0.000000E+00  0.000000E+00  0.160343E+05  0.548266E+06
  0.313024E+00  0.542927E+06  0.540123E+06  0.000000E+00  0.000000E+00  0.154577E+05  0.539181E+06
  0.317009E+00  0.533933E+06  0.531226E+06  0.000000E+00  0.000000E+00  0.149015E+05  0.530255E+06
  0.321045E+00  0.524966E+06  0.522345E+06  0.000000E+00  0.000000E+00  0.143612E+05  0.521354E+06
  0.325132E+00  0.515915E+06  0.513366E+06  0.000000E+00  0.000000E+00  0.138336E+05  0.512368E+06
  0.329271E+00  0.506714E+06  0.504220E+06  0.000000E+00  0.000000E+00  0.133166E+05  0.503230E+06
  0.333463E+00  0.497352E+06  0.494898E+06  0.000000E+00  0.000000E+00  0.128100E+05  0.493930E+06
  0.337708E+00  0.487865E+06  0.485437E+06  0.000000E+00  0.000000E+00  0.123145E+05  0.484503E+06
  0.342007E+00  0.478320E+06  0.475911E+06  0.000000E+00  0.000000E+00  0.106265E+05  0.475011E+06
  0.346361E+00  0.468832E+06  0.466437E+06  0.000000E+00  0.000000E+00  0.101980E+05  0.465582E+06
  0.350771E+00  0.459508E+06  0.457130E+06  0.000000E+00  0.000000E+00  0.978582E+04  0.456316E+06
  0.355236E+00  0.450448E+06  0.448093E+06  0.000000E+00  0.000000E+00  0.939157E+04  0.447315E+06
  0.359758E+00  0.441721E+06  0.439398E+06  0.000000E+00  0.000000E+00  0.901600E+04  0.438645E+06
  0.364338E+00  0.433363E+06  0.431082E+06  0.000000E+00  0.000000E+00  0.865910E+04  0.430343E+06
  0.368977E+00  0.425365E+06  0.423135E+06  0.000000E+00  0.000000E+00  0.831996E+04  0.422402E+06
  0.373674E+00  0.417678E+06  0.415505E+06  0.000000E+00  0.000000E+00  0.799691E+04  0.414769E+06
  0.378431E+00  0.410224E+06  0.408110E+06  0.000000E+00  0.000000E+00  0.768786E+04  0.407369E+06
  0.383249E+00  0.402920E+06  0.400865E+06  0.000000E+00  0.000000E+00  0.739077E+04  0.400118E+06
  0.388128E+00  0.395682E+06  0.393680E+06  0.000000E+00  0.000000E+00  0.710370E+04  0.392932E+06
  0.393069E+00  0.388449E+06  0.386492E+06  0.000000E+00  0.000000E+00  0.682527E+04  0.385750E+06
  0.398073E+00  0.381193E+06  0.379274E+06  0.000000E+00  0.000000E+00  0.655481E+04  0.378543E+06
  0.403140E+00  0.373919E+06  0.372031E+06  0.000000E+00  0.000000E+00  0.629223E+04  0.371319E+06
  0.408273E+00  0.366662E+06  0.364798E+06  0.000000E+00  0.000000E+00  0.603787E+04  0.364109E+06
  0.413470E+00  0.359477E+06  0.357638E+06  0.000000E+00  0.000000E+00  0.579248E+04  0.356972E+06
  0.418734E+00  0.352427E+06  0.350612E+06  0.000000E+00  0.000000E+00  0.555673E+04  0.349968E+06
  0.424065E+00  0.345559E+06  0.343771E+06  0.000000E+00  0.000000E+00  0.533106E+04  0.343146E+06
  0.429463E+00  0.338907E+06  0.337151E+06  0.000000E+00  0.000000E+00  0.511560E+04  0.336539E+06
  0.434931E+00  0.332473E+06  0.330753E+06  0.000000E+00  0.000000E+00  0.491001E+04  0.330150E+06
  0.440467E+00  0.326235E+06  0.324553E+06  0.000000E+00  0.000000E+00  0.471356E+04  0.323956E+06
  0.446075E+00  0.320154E+06  0.318512E+06  0.000000E+00  0.000000E+00  0.452538E+04  0.317918E+06
  0.451754E+00  0.314184E+06  0.312580E+06  0.000000E+00  0.000000E+00  0.434451E+04  0.311990E+06
  0.457505E+00  0.308283E+06  0.306714E+06  0.000000E+00  0.000000E+00  0.417014E+04  0.306130E+06
  0.463329E+00  0.302427E+06  0.300890E+06  0.000000E+00  0.000000E+00  0.400174E+04  0.300316E+06
  0.469227E+00  0.296611E+06  0.295101E+06  0.000000E+00  0.000000E+00  0.383907E+04  0.294539E+06
  0.475201E+00  0.290847E+06  0.289363E+06  0.000000E+00  0.000000E+00  0.368212E+04  0.288815E+06
  0.481251E+00  0.285164E+06  0.283704E+06  0.000000E+00  0.000000E+00  0.353107E+04  0.283170E+06
  0.487377E+00  0.279589E+06  0.278153E+06  0.000000E+00  0.000000E+00  0.338605E+04  0.277632E+06
  0.493582E+00  0.274145E+06  0.272735E+06  0.000000E+00  0.000000E+00  0.324714E+04  0.272226E+06
  0.499865E+00  0.268841E+06  0.267458E+06  0.000000E+00  0.000000E+00  0.311422E+04  0.266959E+06
  0.506229E+00  0.263671E+06  0.262317E+06  0.000000E+00  0.000000E+00  0.298699E+04  0.261825E+06
  0.512673E+00  0.258620E+06  0.257294E+06  0.000000E+00  0.000000E+00  0.286507E+04  0.256809E+06
  0.519200E+00  0.253662E+06  0.252365E+06  0.000000E+00  0.000000E+00  0.274800E+04  0.251886E+06
  0.525810E+00  0.248780E+06  0.247509E+06  0.000000E+00  0.000000E+00  0.263542E+04  0.247038E+06
  0.532504E+00  0.243961E+06  0.242715E+06  0.000000E+00  0.000000E+00  0.252704E+04  0.242252E+06
  0.539283E+00  0.239204E+06  0.237982E+06  0.000000E+00  0.000000E+00  0.242272E+04  0.237528E+06
  0.546148E+00  0.234519E+06  0.233319E+06  0.000000E+00  0.000000E+00  0.232242E+04  0.232875E+06
  0.553101E+00  0.229916E+06  0.228738E+06  0.000000E+00  0.000000E+00  0.222611E+04  0.228304E+06
  0.560142E+00  0.225408E+06  0.224253E+06  0.000000E+00  0.000000E+00  0.213377E+04  0.223828E+06
  0.567273E+00  0.220999E+06  0.219866E+06  0.000000E+00  0.000000E+00  0.204528E+04  0.219449E+06
  0.574495E+00  0.216686E+06  0.215576E+06  0.000000E+00  0.000000E+00  0.196049E+04  0.215166E+06
  0.581809E+00  0.212461E+06  0.211373E+06  0.000000E+00  0.000000E+00  0.187919E+04  0.210970E+06
  0.589215E+00  0.208314E+06  0.207248E+06  0.000000E+00  0.000000E+00  0.180117E+04  0.206852E+06
  0.596716E+00  0.204235E+06  0.203191E+06  0.000000E+00  0.000000E+00  0.172622E+04  0.202802E+06
  0.604313E+00  0.200222E+06  0.199198E+06  0.000000E+00  0.000000E+00  0.165422E+04  0.198816E+06
  0.612006E+00  0.196275E+06  0.195271E+06  0.000000E+00  0.000000E+00  0.158508E+04  0.194897E+06
  0.619797E+00  0.192399E+06  0.191415E+06  0.000000E+00  0.000000E+00  0.151873E+04  0.191048E+06
  0.627688E+00  0.188598E+06  0.187633E+06  0.000000E+00  0.000000E+00  0.145510E+04  0.187274E+06
  0.635678E+00  0.184875E+06  0.183928E+06  0.000000E+00  0.000000E+00  0.139410E+04  0.183576E+06
  0.643771E+00  0.181226E+06  0.180298E+06  0.000000E+00  0.000000E+00  0.133564E+04  0.179953E+06
  0.651967E+00  0.177648E+06  0.176739E+06  0.000000E+00  0.000000E+00  0.127958E+04  0.176400E+06
  0.660267E+00  0.174136E+06  0.173245E+06  0.000000E+00  0.000000E+00  0.122580E+04  0.172912E+06
  0.709335E+00  0.155413E+06  0.154618E+06  0.000000E+00  0.000000E+00  0.959987E+03  0.154321E+06
  0.762050E+00  0.138622E+06  0.137913E+06  0.000000E+00  0.000000E+00  0.750706E+03  0.137646E+06
  0.818683E+00  0.123564E+06  0.122932E+06  0.000000E+00  0.000000E+00  0.586179E+03  0.122694E+06
  0.879525E+00  0.110072E+06  0.109509E+06  0.000000E+00  0.000000E+00  0.457063E+03  0.109297E+06
  0.944888E+00  0.979958E+05  0.974947E+05  0.000000E+00  0.000000E+00  0.355910E+03  0.973052E+05
  0.101511E+01  0.871953E+05  0.867494E+05  0.000000E+00  0.000000E+00  0.276795E+03  0.865805E+05
  0.109055E+01  0.775417E+05  0.771453E+05  0.000000E+00  0.000000E+00  0.215004E+03  0.769948E+05
  0.117159E+01  0.689194E+05  0.685671E+05  0.000000E+00  0.000000E+00  0.166814E+03  0.684332E+05
  0.125866E+01  0.612248E+05  0.609118E+05  0.000000E+00  0.000000E+00  0.129284E+03  0.607927E+05
  0.135220E+01  0.543616E+05  0.540837E+05  0.000000E+00  0.000000E+00  0.100092E+03  0.539779E+05
  0.145269E+01  0.482445E+05  0.479979E+05  0.000000E+00  0.000000E+00  0.774153E+02  0.479039E+05
  0.156065E+01  0.427939E+05  0.425752E+05  0.000000E+00  0.000000E+00  0.814653E+02  0.424919E+05
  0.167663E+01  0.379429E+05  0.377490E+05  0.000000E+00  0.000000E+00  0.630454E+02  0.376750E+05
  0.180123E+01  0.336271E+05  0.334552E+05  0.000000E+00  0.000000E+00  0.487415E+02  0.333896E+05
  0.193510E+01  0.297893E+05  0.296371E+05  0.000000E+00  0.000000E+00  0.376468E+02  0.295790E+05
  0.207891E+01  0.263787E+05  0.262439E+05  0.000000E+00  0.000000E+00  0.290511E+02  0.261924E+05
