  0.745045E-04  0.205471E+08  0.205471E+08  0.266252E+08  0.266242E+08  0.205474E+08  0.205471E+08
  0.103979E-03  0.205487E+08  0.205487E+08  0.259149E+08  0.259129E+08  0.205480E+08  0.205487E+08
  0.145115E-03  0.205517E+08  0.205517E+08  0.245806E+08  0.245769E+08  0.205490E+08  0.205517E+08
  0.202524E-03  0.205575E+08  0.205575E+08  0.221596E+08  0.221533E+08  0.205508E+08  0.205575E+08
  0.282645E-03  0.205683E+08  0.205683E+08  0.180585E+08  0.180493E+08  0.205538E+08  0.205682E+08
  0.394464E-03  0.205874E+08  0.205874E+08  0.120092E+08  0.119996E+08  0.205579E+08  0.205872E+08
  0.550518E-03  0.206180E+08  0.206179E+08  0.532347E+07  0.532072E+07  0.205595E+08  0.206176E+08
  0.768310E-03  0.206573E+08  0.206573E+08  0.146264E+07  0.146706E+07  0.205435E+08  0.206566E+08
  0.107226E-02  0.206830E+08  0.206828E+08  0.838436E+06  0.833848E+06  0.204655E+08  0.206816E+08
  0.149646E-02  0.206419E+08  0.206417E+08  0.185875E+06  0.176493E+06  0.202369E+08  0.206393E+08
  0.208848E-02  0.204727E+08  0.204722E+08  0.000000E+00  0.000000E+00  0.197550E+08  0.204681E+08
  0.291471E-02  0.201283E+08  0.201273E+08  0.000000E+00  0.000000E+00  0.189439E+08  0.201207E+08
  0.406781E-02  0.195658E+08  0.195640E+08  0.000000E+00  0.000000E+00  0.177665E+08  0.195542E+08
  0.420569E-02  0.194958E+08  0.194939E+08  0.000000E+00  0.000000E+00  0.176275E+08  0.194838E+08
  0.434824E-02  0.194232E+08  0.194211E+08  0.000000E+00  0.000000E+00  0.174845E+08  0.194107E+08
  0.449563E-02  0.193478E+08  0.193456E+08  0.000000E+00  0.000000E+00  0.173374E+08  0.193348E+08
  0.464801E-02  0.192697E+08  0.192673E+08  0.000000E+00  0.000000E+00  0.171862E+08  0.192562E+08
  0.480555E-02  0.191887E+08  0.191862E+08  0.000000E+00  0.000000E+00  0.170309E+08  0.191748E+08
  0.496843E-02  0.191049E+08  0.191022E+08  0.000000E+00  0.000000E+00  0.168714E+08  0.190905E+08
  0.513684E-02  0.190182E+08  0.190154E+08  0.000000E+00  0.000000E+00  0.167077E+08  0.190032E+08
  0.531095E-02  0.189285E+08  0.189255E+08  0.000000E+00  0.000000E+00  0.165399E+08  0.189130E+08
  0.549097E-02  0.188358E+08  0.188326E+08  0.000000E+00  0.000000E+00  0.163679E+08  0.188198E+08
  0.567709E-02  0.187401E+08  0.187367E+08  0.000000E+00  0.000000E+00  0.161918E+08  0.187236E+08
  0.586951E-02  0.186413E+08  0.186377E+08  0.000000E+00  0.000000E+00  0.160116E+08  0.186242E+08
  0.606846E-02  0.185393E+08  0.185355E+08  0.000000E+00  0.000000E+00  0.158272E+08  0.185217E+08
  0.627415E-02  0.184342E+08  0.184301E+08  0.000000E+00  0.000000E+00  0.156383E+08  0.184160E+08
  0.648681E-02  0.183258E+08  0.183214E+08  0.000000E+00  0.000000E+00  0.154457E+08  0.183070E+08
  0.670669E-02  0.182141E+08  0.182095E+08  0.000000E+00  0.000000E+00  0.152490E+08  0.181948E+08
  0.693401E-02  0.180992E+08  0.180942E+08  0.000000E+00  0.000000E+00  0.150481E+08  0.180792E+08
  0.716904E-02  0.179808E+08  0.179755E+08  0.000000E+00  0.000000E+00  0.148429E+08  0.179603E+08
  0.741203E-02  0.178596E+08  0.178540E+08  0.000000E+00  0.000000E+00  0.146166E+08  0.178384E+08
  0.766327E-02  0.177343E+08  0.177284E+08  0.000000E+00  0.000000E+00  0.144003E+08  0.177125E+08
  0.792301E-02  0.176055E+08  0.175991E+08  0.000000E+00  0.000000E+00  0.141795E+08  0.175830E+08
  0.819156E-02  0.174730E+08  0.174663E+08  0.000000E+00  0.000000E+00  0.139544E+08  0.174499E+08
  0.846922E-02  0.173369E+08  0.173298E+08  0.000000E+00  0.000000E+00  0.137252E+08  0.173131E+08
  0.875628E-02  0.171972E+08  0.171896E+08  0.000000E+00  0.000000E+00  0.134922E+08  0.171727E+08
  0.905308E-02  0.170536E+08  0.170456E+08  0.000000E+00  0.000000E+00  0.132557E+08  0.170285E+08
  0.935993E-02  0.169063E+08  0.168977E+08  0.000000E+00  0.000000E+00  0.130161E+08  0.168805E+08
  0.967719E-02  0.167548E+08  0.167457E+08  0.000000E+00  0.000000E+00  0.127734E+08  0.167284E+08
  0.100052E-01  0.165997E+08  0.165900E+08  0.000000E+00  0.000000E+00  0.125284E+08  0.165726E+08
  0.103443E-01  0.164407E+08  0.164304E+08  0.000000E+00  0.000000E+00  0.122809E+08  0.164129E+08
  0.106949E-01  0.162777E+08  0.162668E+08  0.000000E+00  0.000000E+00  0.120308E+08  0.162493E+08
  0.110575E-01  0.161106E+08  0.160991E+08  0.000000E+00  0.000000E+00  0.117782E+08  0.160817E+08
  0.114322E-01  0.159396E+08  0.159274E+08  0.000000E+00  0.000000E+00  0.115231E+08  0.159099E+08
  0.118197E-01  0.157645E+08  0.157516E+08  0.000000E+00  0.000000E+00  0.112655E+08  0.157343E+08
  0.122204E-01  0.155852E+08  0.155716E+08  0.000000E+00  0.000000E+00  0.110055E+08  0.155543E+08
  0.126346E-01  0.154017E+08  0.153873E+08  0.000000E+00  0.000000E+00  0.107434E+08  0.153703E+08
  0.130628E-01  0.152141E+08  0.151988E+08  0.000000E+00  0.000000E+00  0.104793E+08  0.151820E+08
  0.135056E-01  0.150221E+08  0.150060E+08  0.000000E+00  0.000000E+00  0.102136E+08  0.149894E+08
  0.139634E-01  0.148259E+08  0.148088E+08  0.000000E+00  0.000000E+00  0.994651E+07  0.147926E+08
  0.144367E-01  0.146253E+08  0.146074E+08  0.000000E+00  0.000000E+00  0.967844E+07  0.145915E+08
  0.149260E-01  0.144205E+08  0.144016E+08  0.000000E+00  0.000000E+00  0.940969E+07  0.143861E+08
  0.154319E-01  0.142113E+08  0.141914E+08  0.000000E+00  0.000000E+00  0.914058E+07  0.141764E+08
  0.159550E-01  0.139979E+08  0.139769E+08  0.000000E+00  0.000000E+00  0.887137E+07  0.139624E+08
  0.164958E-01  0.137801E+08  0.137580E+08  0.000000E+00  0.000000E+00  0.860215E+07  0.137442E+08
  0.170549E-01  0.135581E+08  0.135349E+08  0.000000E+00  0.000000E+00  0.833243E+07  0.135217E+08
  0.176330E-01  0.133318E+08  0.133074E+08  0.000000E+00  0.000000E+00  0.806349E+07  0.132950E+08
  0.182307E-01  0.131014E+08  0.130758E+08  0.000000E+00  0.000000E+00  0.779506E+07  0.130641E+08
  0.188486E-01  0.128669E+08  0.128400E+08  0.000000E+00  0.000000E+00  0.752760E+07  0.128292E+08
  0.194875E-01  0.126283E+08  0.126003E+08  0.000000E+00  0.000000E+00  0.726160E+07  0.125903E+08
  0.201480E-01  0.123859E+08  0.123566E+08  0.000000E+00  0.000000E+00  0.699741E+07  0.123475E+08
  0.208309E-01  0.121397E+08  0.121091E+08  0.000000E+00  0.000000E+00  0.673530E+07  0.121010E+08
  0.215370E-01  0.118900E+08  0.118581E+08  0.000000E+00  0.000000E+00  0.647550E+07  0.118511E+08
  0.222670E-01  0.116369E+08  0.116037E+08  0.000000E+00  0.000000E+00  0.621830E+07  0.115977E+08
  0.230217E-01  0.113807E+08  0.113462E+08  0.000000E+00  0.000000E+00  0.596401E+07  0.113414E+08
  0.238020E-01  0.111217E+08  0.110859E+08  0.000000E+00  0.000000E+00  0.571303E+07  0.110822E+08
  0.246088E-01  0.108601E+08  0.108231E+08  0.000000E+00  0.000000E+00  0.546584E+07  0.108205E+08
  0.254429E-01  0.105964E+08  0.105582E+08  0.000000E+00  0.000000E+00  0.522284E+07  0.105568E+08
  0.263053E-01  0.103310E+08  0.102916E+08  0.000000E+00  0.000000E+00  0.498433E+07  0.102913E+08
  0.271970E-01  0.100642E+08  0.100237E+08  0.000000E+00  0.000000E+00  0.475057E+07  0.100246E+08
  0.281188E-01  0.979675E+07  0.975517E+07  0.000000E+00  0.000000E+00  0.452198E+07  0.975720E+07
  0.290719E-01  0.952904E+07  0.948652E+07  0.000000E+00  0.000000E+00  0.429900E+07  0.948963E+07
  0.300573E-01  0.926174E+07  0.921837E+07  0.000000E+00  0.000000E+00  0.408202E+07  0.922252E+07
  0.310761E-01  0.899551E+07  0.895141E+07  0.000000E+00  0.000000E+00  0.387131E+07  0.895653E+07
  0.321294E-01  0.873107E+07  0.868638E+07  0.000000E+00  0.000000E+00  0.366716E+07  0.869237E+07
  0.332184E-01  0.846917E+07  0.842404E+07  0.000000E+00  0.000000E+00  0.346988E+07  0.843081E+07
  0.343444E-01  0.821060E+07  0.816522E+07  0.000000E+00  0.000000E+00  0.327983E+07  0.817263E+07
  0.355085E-01  0.795618E+07  0.791073E+07  0.000000E+00  0.000000E+00  0.309721E+07  0.791865E+07
  0.367120E-01  0.770674E+07  0.766142E+07  0.000000E+00  0.000000E+00  0.292215E+07  0.766970E+07
  0.379564E-01  0.746230E+07  0.741733E+07  0.000000E+00  0.000000E+00  0.275456E+07  0.742580E+07
  0.392429E-01  0.722336E+07  0.717897E+07  0.000000E+00  0.000000E+00  0.259448E+07  0.718744E+07
  0.405731E-01  0.699173E+07  0.694815E+07  0.000000E+00  0.000000E+00  0.244238E+07  0.695643E+07
  0.419483E-01  0.676829E+07  0.672576E+07  0.000000E+00  0.000000E+00  0.229826E+07  0.673365E+07
  0.433702E-01  0.655377E+07  0.651254E+07  0.000000E+00  0.000000E+00  0.216217E+07  0.651983E+07
  0.448402E-01  0.634870E+07  0.630899E+07  0.000000E+00  0.000000E+00  0.203398E+07  0.631547E+07
  0.463601E-01  0.615331E+07  0.611534E+07  0.000000E+00  0.000000E+00  0.191341E+07  0.612082E+07
  0.479314E-01  0.596756E+07  0.593154E+07  0.000000E+00  0.000000E+00  0.180019E+07  0.593583E+07
  0.495561E-01  0.579114E+07  0.575724E+07  0.000000E+00  0.000000E+00  0.169391E+07  0.576018E+07
  0.512358E-01  0.562348E+07  0.559183E+07  0.000000E+00  0.000000E+00  0.159409E+07  0.559329E+07
  0.529724E-01  0.546382E+07  0.543453E+07  0.000000E+00  0.000000E+00  0.150027E+07  0.543441E+07
  0.547679E-01  0.531132E+07  0.528443E+07  0.000000E+00  0.000000E+00  0.141196E+07  0.528268E+07
  0.566243E-01  0.516504E+07  0.514054E+07  0.000000E+00  0.000000E+00  0.132867E+07  0.513716E+07
  0.585436E-01  0.502400E+07  0.500183E+07  0.000000E+00  0.000000E+00  0.124998E+07  0.499687E+07
  0.613030E-01  0.484026E+07  0.482109E+07  0.000000E+00  0.000000E+00  0.114903E+07  0.481412E+07
  0.640624E-01  0.466593E+07  0.464924E+07  0.000000E+00  0.000000E+00  0.105809E+07  0.464069E+07
  0.668219E-01  0.450005E+07  0.448528E+07  0.000000E+00  0.000000E+00  0.975882E+06  0.447563E+07
  0.695813E-01  0.433829E+07  0.432484E+07  0.000000E+00  0.000000E+00  0.900636E+06  0.431462E+07
  0.723407E-01  0.417789E+07  0.416520E+07  0.000000E+00  0.000000E+00  0.831140E+06  0.415491E+07
  0.751002E-01  0.401750E+07  0.400506E+07  0.000000E+00  0.000000E+00  0.766599E+06  0.399516E+07
  0.778596E-01  0.385715E+07  0.384456E+07  0.000000E+00  0.000000E+00  0.706595E+06  0.383542E+07
  0.806190E-01  0.369798E+07  0.368491E+07  0.000000E+00  0.000000E+00  0.650935E+06  0.367682E+07
  0.833784E-01  0.354173E+07  0.352798E+07  0.000000E+00  0.000000E+00  0.599542E+06  0.352113E+07
  0.861379E-01  0.339028E+07  0.337577E+07  0.000000E+00  0.000000E+00  0.552360E+06  0.337022E+07
  0.888973E-01  0.324535E+07  0.323011E+07  0.000000E+00  0.000000E+00  0.509292E+06  0.322581E+07
  0.916567E-01  0.310835E+07  0.309250E+07  0.000000E+00  0.000000E+00  0.470198E+06  0.308933E+07
  0.944161E-01  0.298039E+07  0.296411E+07  0.000000E+00  0.000000E+00  0.434894E+06  0.296189E+07
  0.971756E-01  0.286230E+07  0.284583E+07  0.000000E+00  0.000000E+00  0.403170E+06  0.284431E+07
  0.999350E-01  0.275464E+07  0.273826E+07  0.000000E+00  0.000000E+00  0.374801E+06  0.273717E+07
  0.102694E+00  0.265767E+07  0.264163E+07  0.000000E+00  0.000000E+00  0.349528E+06  0.264070E+07
  0.105454E+00  0.257119E+07  0.255576E+07  0.000000E+00  0.000000E+00  0.327067E+06  0.255472E+07
  0.108213E+00  0.249461E+07  0.247998E+07  0.000000E+00  0.000000E+00  0.307109E+06  0.247861E+07
  0.110973E+00  0.242688E+07  0.241321E+07  0.000000E+00  0.000000E+00  0.289322E+06  0.241134E+07
  0.113732E+00  0.236666E+07  0.235406E+07  0.000000E+00  0.000000E+00  0.273374E+06  0.235156E+07
  0.116492E+00  0.231241E+07  0.230091E+07  0.000000E+00  0.000000E+00  0.258947E+06  0.229774E+07
  0.119251E+00  0.226253E+07  0.225210E+07  0.000000E+00  0.000000E+00  0.245747E+06  0.224825E+07
  0.122010E+00  0.221544E+07  0.220601E+07  0.000000E+00  0.000000E+00  0.233518E+06  0.220153E+07
  0.124770E+00  0.216969E+07  0.216114E+07  0.000000E+00  0.000000E+00  0.222040E+06  0.215614E+07
  0.127529E+00  0.212403E+07  0.211620E+07  0.000000E+00  0.000000E+00  0.211138E+06  0.211081E+07
  0.130289E+00  0.207751E+07  0.207022E+07  0.000000E+00  0.000000E+00  0.200684E+06  0.206460E+07
  0.133048E+00  0.202954E+07  0.202260E+07  0.000000E+00  0.000000E+00  0.190597E+06  0.201692E+07
  0.135808E+00  0.197992E+07  0.197317E+07  0.000000E+00  0.000000E+00  0.180840E+06  0.196758E+07
  0.138567E+00  0.192882E+07  0.192209E+07  0.000000E+00  0.000000E+00  0.171411E+06  0.191674E+07
  0.141326E+00  0.187669E+07  0.186985E+07  0.000000E+00  0.000000E+00  0.162334E+06  0.186486E+07
  0.144086E+00  0.182412E+07  0.181708E+07  0.000000E+00  0.000000E+00  0.153640E+06  0.181254E+07
  0.146845E+00  0.177178E+07  0.176449E+07  0.000000E+00  0.000000E+00  0.145364E+06  0.176044E+07
  0.149605E+00  0.172031E+07  0.171273E+07  0.000000E+00  0.000000E+00  0.137533E+06  0.170920E+07
  0.152364E+00  0.167031E+07  0.166247E+07  0.000000E+00  0.000000E+00  0.130168E+06  0.165943E+07
  0.155124E+00  0.162235E+07  0.161429E+07  0.000000E+00  0.000000E+00  0.123285E+06  0.161169E+07
  0.157883E+00  0.157696E+07  0.156875E+07  0.000000E+00  0.000000E+00  0.116894E+06  0.156652E+07
  0.160642E+00  0.153460E+07  0.152634E+07  0.000000E+00  0.000000E+00  0.110999E+06  0.152439E+07
  0.163402E+00  0.149562E+07  0.148739E+07  0.000000E+00  0.000000E+00  0.105595E+06  0.148562E+07
  0.166161E+00  0.146018E+07  0.145207E+07  0.000000E+00  0.000000E+00  0.100661E+06  0.145039E+07
  0.168921E+00  0.142821E+07  0.142032E+07  0.000000E+00  0.000000E+00  0.961652E+05  0.141863E+07
  0.171680E+00  0.139944E+07  0.139185E+07  0.000000E+00  0.000000E+00  0.920629E+05  0.139006E+07
  0.174440E+00  0.137357E+07  0.136633E+07  0.000000E+00  0.000000E+00  0.883106E+05  0.136438E+07
  0.177199E+00  0.134979E+07  0.134294E+07  0.000000E+00  0.000000E+00  0.848372E+05  0.134079E+07
  0.179958E+00  0.132769E+07  0.132125E+07  0.000000E+00  0.000000E+00  0.816001E+05  0.131887E+07
  0.182718E+00  0.130675E+07  0.130071E+07  0.000000E+00  0.000000E+00  0.785557E+05  0.129810E+07
  0.185477E+00  0.128650E+07  0.128085E+07  0.000000E+00  0.000000E+00  0.756658E+05  0.127802E+07
  0.188237E+00  0.126654E+07  0.126122E+07  0.000000E+00  0.000000E+00  0.728988E+05  0.125822E+07
  0.190996E+00  0.124651E+07  0.124149E+07  0.000000E+00  0.000000E+00  0.702296E+05  0.123835E+07
  0.193756E+00  0.122615E+07  0.122136E+07  0.000000E+00  0.000000E+00  0.676368E+05  0.121813E+07
  0.196515E+00  0.120524E+07  0.120061E+07  0.000000E+00  0.000000E+00  0.651078E+05  0.119736E+07
  0.199274E+00  0.118368E+07  0.117915E+07  0.000000E+00  0.000000E+00  0.626333E+05  0.117594E+07
  0.202034E+00  0.116148E+07  0.115699E+07  0.000000E+00  0.000000E+00  0.602133E+05  0.115387E+07
  0.204793E+00  0.113874E+07  0.113424E+07  0.000000E+00  0.000000E+00  0.578503E+05  0.113126E+07
  0.207553E+00  0.111567E+07  0.111113E+07  0.000000E+00  0.000000E+00  0.555534E+05  0.110831E+07
  0.210312E+00  0.109251E+07  0.108790E+07  0.000000E+00  0.000000E+00  0.533310E+05  0.108527E+07
  0.213072E+00  0.106953E+07  0.106485E+07  0.000000E+00  0.000000E+00  0.511941E+05  0.106241E+07
  0.215831E+00  0.104700E+07  0.104224E+07  0.000000E+00  0.000000E+00  0.491506E+05  0.104000E+07
  0.218590E+00  0.102515E+07  0.102032E+07  0.000000E+00  0.000000E+00  0.472077E+05  0.101826E+07
  0.227333E+00  0.962531E+06  0.957656E+06  0.000000E+00  0.000000E+00  0.417561E+05  0.955996E+06
  0.236425E+00  0.910265E+06  0.905684E+06  0.000000E+00  0.000000E+00  0.371855E+05  0.904074E+06
  0.245881E+00  0.867224E+06  0.863176E+06  0.000000E+00  0.000000E+00  0.333474E+05  0.861362E+06
  0.255715E+00  0.827349E+06  0.823810E+06  0.000000E+00  0.000000E+00  0.299330E+05  0.821794E+06
  0.265942E+00  0.785053E+06  0.781781E+06  0.000000E+00  0.000000E+00  0.267102E+05  0.779785E+06
  0.276578E+00  0.739332E+06  0.736083E+06  0.000000E+00  0.000000E+00  0.236444E+05  0.734336E+06
  0.287640E+00  0.693848E+06  0.690577E+06  0.000000E+00  0.000000E+00  0.208475E+05  0.689116E+06
  0.299144E+00  0.653635E+06  0.650493E+06  0.000000E+00  0.000000E+00  0.184442E+05  0.649161E+06
  0.311108E+00  0.619461E+06  0.616604E+06  0.000000E+00  0.000000E+00  0.164096E+05  0.615232E+06
  0.323551E+00  0.587828E+06  0.585249E+06  0.000000E+00  0.000000E+00  0.146124E+05  0.583829E+06
  0.336491E+00  0.555202E+06  0.552763E+06  0.000000E+00  0.000000E+00  0.129449E+05  0.551419E+06
  0.349949E+00  0.521957E+06  0.519570E+06  0.000000E+00  0.000000E+00  0.114096E+05  0.518381E+06
  0.363945E+00  0.491256E+06  0.488966E+06  0.000000E+00  0.000000E+00  0.100639E+05  0.487880E+06
  0.378501E+00  0.464143E+06  0.462027E+06  0.000000E+00  0.000000E+00  0.890769E+04  0.460957E+06
  0.393639E+00  0.438673E+06  0.436718E+06  0.000000E+00  0.000000E+00  0.788372E+04  0.435665E+06
  0.409383E+00  0.413191E+06  0.411329E+06  0.000000E+00  0.000000E+00  0.695082E+04  0.410352E+06
  0.425756E+00  0.388665E+06  0.386883E+06  0.000000E+00  0.000000E+00  0.611765E+04  0.385987E+06
  0.442784E+00  0.366335E+06  0.364667E+06  0.000000E+00  0.000000E+00  0.539322E+04  0.363810E+06
  0.460493E+00  0.345463E+06  0.343908E+06  0.000000E+00  0.000000E+00  0.475516E+04  0.343083E+06
  0.478910E+00  0.325170E+06  0.323698E+06  0.000000E+00  0.000000E+00  0.418330E+04  0.322927E+06
  0.498064E+00  0.305934E+06  0.304541E+06  0.000000E+00  0.000000E+00  0.367705E+04  0.303821E+06
  0.517984E+00  0.288098E+06  0.286794E+06  0.000000E+00  0.000000E+00  0.323399E+04  0.286107E+06
  0.538701E+00  0.271150E+06  0.269923E+06  0.000000E+00  0.000000E+00  0.284160E+04  0.269275E+06
  0.560246E+00  0.255006E+06  0.253849E+06  0.000000E+00  0.000000E+00  0.249412E+04  0.253242E+06
  0.582653E+00  0.239888E+06  0.238801E+06  0.000000E+00  0.000000E+00  0.218899E+04  0.238227E+06
  0.605956E+00  0.225613E+06  0.224592E+06  0.000000E+00  0.000000E+00  0.192010E+04  0.224051E+06
  0.630191E+00  0.212089E+06  0.211128E+06  0.000000E+00  0.000000E+00  0.168285E+04  0.210619E+06
  0.655395E+00  0.199376E+06  0.198473E+06  0.000000E+00  0.000000E+00  0.147449E+04  0.197994E+06
  0.818490E+00  0.139880E+06  0.139247E+06  0.000000E+00  0.000000E+00  0.690406E+03  0.138908E+06
  0.102217E+01  0.975607E+05  0.971191E+05  0.000000E+00  0.000000E+00  0.318643E+03  0.968817E+05
  0.127654E+01  0.676823E+05  0.673760E+05  0.000000E+00  0.000000E+00  0.145246E+03  0.672108E+05
  0.159420E+01  0.467273E+05  0.465159E+05  0.000000E+00  0.000000E+00  0.889933E+02  0.464018E+05
  0.199092E+01  0.321225E+05  0.319771E+05  0.000000E+00  0.000000E+00  0.400955E+02  0.318985E+05
  0.248635E+01  0.219957E+05  0.218962E+05  0.000000E+00  0.000000E+00  0.178994E+02  0.218423E+05
