  0.745045E-04  0.200132E+08  0.200132E+08  0.259644E+08  0.259634E+08  0.200125E+08  0.200132E+08
  0.832603E-04  0.200132E+08  0.200132E+08  0.257880E+08  0.257867E+08  0.200122E+08  0.200132E+08
  0.930449E-04  0.200131E+08  0.200131E+08  0.255692E+08  0.255676E+08  0.200118E+08  0.200131E+08
  0.103979E-03  0.200130E+08  0.200130E+08  0.252984E+08  0.252964E+08  0.200113E+08  0.200130E+08
  0.116199E-03  0.200129E+08  0.200129E+08  0.249638E+08  0.249614E+08  0.200107E+08  0.200129E+08
  0.129855E-03  0.200128E+08  0.200128E+08  0.245516E+08  0.245487E+08  0.200099E+08  0.200128E+08
  0.145115E-03  0.200127E+08  0.200127E+08  0.240456E+08  0.240420E+08  0.200089E+08  0.200126E+08
  0.162169E-03  0.200125E+08  0.200125E+08  0.234271E+08  0.234228E+08  0.200077E+08  0.200125E+08
  0.181227E-03  0.200122E+08  0.200122E+08  0.226751E+08  0.226699E+08  0.200062E+08  0.200122E+08
  0.202524E-03  0.200119E+08  0.200119E+08  0.217670E+08  0.217609E+08  0.200042E+08  0.200119E+08
  0.226325E-03  0.200116E+08  0.200115E+08  0.206798E+08  0.206727E+08  0.200018E+08  0.200115E+08
  0.252922E-03  0.200110E+08  0.200110E+08  0.193922E+08  0.193841E+08  0.199988E+08  0.200110E+08
  0.282645E-03  0.200104E+08  0.200104E+08  0.178881E+08  0.178791E+08  0.199950E+08  0.200103E+08
  0.315862E-03  0.200095E+08  0.200095E+08  0.161615E+08  0.161517E+08  0.199903E+08  0.200094E+08
  0.352982E-03  0.200084E+08  0.200084E+08  0.142232E+08  0.142132E+08  0.199843E+08  0.200083E+08
  0.394464E-03  0.200069E+08  0.200069E+08  0.121090E+08  0.120993E+08  0.199767E+08  0.200068E+08
  0.440821E-03  0.200050E+08  0.200049E+08  0.988737E+07  0.987885E+07  0.199672E+08  0.200047E+08
  0.492625E-03  0.200023E+08  0.200023E+08  0.766471E+07  0.765837E+07  0.199551E+08  0.200020E+08
  0.550518E-03  0.199987E+08  0.199987E+08  0.558221E+07  0.557894E+07  0.199399E+08  0.199984E+08
  0.615215E-03  0.199939E+08  0.199938E+08  0.379843E+07  0.379865E+07  0.199206E+08  0.199934E+08
  0.687514E-03  0.199872E+08  0.199872E+08  0.245217E+07  0.245538E+07  0.198961E+08  0.199867E+08
  0.768310E-03  0.199782E+08  0.199782E+08  0.160828E+07  0.161280E+07  0.198650E+08  0.199775E+08
  0.858601E-03  0.199660E+08  0.199659E+08  0.120635E+07  0.120967E+07  0.198256E+08  0.199651E+08
  0.959503E-03  0.199495E+08  0.199494E+08  0.105419E+07  0.105430E+07  0.197757E+08  0.199484E+08
  0.107226E-02  0.199276E+08  0.199275E+08  0.910737E+06  0.908007E+06  0.197130E+08  0.199262E+08
  0.119827E-02  0.198988E+08  0.198986E+08  0.646993E+06  0.644592E+06  0.196345E+08  0.198971E+08
  0.133909E-02  0.198615E+08  0.198613E+08  0.352919E+06  0.353734E+06  0.195380E+08  0.198595E+08
  0.149646E-02  0.198143E+08  0.198141E+08  0.209646E+06  0.211884E+06  0.194192E+08  0.198118E+08
  0.167233E-02  0.197557E+08  0.197553E+08  0.203549E+06  0.202971E+06  0.192754E+08  0.197526E+08
  0.186886E-02  0.196840E+08  0.196836E+08  0.145074E+06  0.143524E+06  0.191036E+08  0.196803E+08
  0.208848E-02  0.195977E+08  0.195972E+08  0.551836E+05  0.565502E+05  0.189012E+08  0.195933E+08
  0.233392E-02  0.194953E+08  0.194947E+08  0.594085E+05  0.588093E+05  0.186658E+08  0.194900E+08
  0.260820E-02  0.193750E+08  0.193742E+08  0.307068E+05  0.288200E+05  0.183954E+08  0.193687E+08
  0.291471E-02  0.192351E+08  0.192342E+08  0.183562E+05  0.152097E+05  0.180889E+08  0.192278E+08
  0.325725E-02  0.190738E+08  0.190726E+08  0.118193E+05  0.752180E+04  0.177451E+08  0.190653E+08
  0.364004E-02  0.188893E+08  0.188879E+08  0.404055E+04  0.474463E+04  0.173633E+08  0.188795E+08
  0.406781E-02  0.186798E+08  0.186780E+08 -0.444603E+04 -0.457437E+04  0.169420E+08  0.186686E+08
  0.454586E-02  0.184434E+08  0.184411E+08 -0.203761E+04 -0.239278E+04  0.164795E+08  0.184307E+08
  0.508008E-02  0.181783E+08  0.181755E+08  0.000000E+00  0.000000E+00  0.159734E+08  0.181640E+08
  0.513684E-02  0.181501E+08  0.181473E+08  0.000000E+00  0.000000E+00  0.159203E+08  0.181357E+08
  0.519423E-02  0.181216E+08  0.181188E+08  0.000000E+00  0.000000E+00  0.158668E+08  0.181070E+08
  0.525227E-02  0.180929E+08  0.180899E+08  0.000000E+00  0.000000E+00  0.158128E+08  0.180781E+08
  0.531095E-02  0.180638E+08  0.180608E+08  0.000000E+00  0.000000E+00  0.157583E+08  0.180488E+08
  0.537029E-02  0.180344E+08  0.180313E+08  0.000000E+00  0.000000E+00  0.157034E+08  0.180193E+08
  0.543030E-02  0.180047E+08  0.180015E+08  0.000000E+00  0.000000E+00  0.156480E+08  0.179894E+08
  0.549097E-02  0.179746E+08  0.179715E+08  0.000000E+00  0.000000E+00  0.155921E+08  0.179592E+08
  0.555232E-02  0.179443E+08  0.179410E+08  0.000000E+00  0.000000E+00  0.155358E+08  0.179287E+08
  0.561436E-02  0.179136E+08  0.179103E+08  0.000000E+00  0.000000E+00  0.154790E+08  0.178978E+08
  0.567709E-02  0.178827E+08  0.178793E+08  0.000000E+00  0.000000E+00  0.154218E+08  0.178667E+08
  0.574052E-02  0.178514E+08  0.178479E+08  0.000000E+00  0.000000E+00  0.153641E+08  0.178352E+08
  0.580466E-02  0.178197E+08  0.178162E+08  0.000000E+00  0.000000E+00  0.153059E+08  0.178034E+08
  0.586951E-02  0.177878E+08  0.177841E+08  0.000000E+00  0.000000E+00  0.152473E+08  0.177713E+08
  0.593509E-02  0.177555E+08  0.177518E+08  0.000000E+00  0.000000E+00  0.151882E+08  0.177388E+08
  0.600141E-02  0.177229E+08  0.177191E+08  0.000000E+00  0.000000E+00  0.151286E+08  0.177060E+08
  0.606846E-02  0.176899E+08  0.176861E+08  0.000000E+00  0.000000E+00  0.150686E+08  0.176729E+08
  0.613626E-02  0.176566E+08  0.176527E+08  0.000000E+00  0.000000E+00  0.150081E+08  0.176394E+08
  0.620482E-02  0.176230E+08  0.176190E+08  0.000000E+00  0.000000E+00  0.149472E+08  0.176056E+08
  0.627415E-02  0.175891E+08  0.175850E+08  0.000000E+00  0.000000E+00  0.148858E+08  0.175715E+08
  0.634425E-02  0.175548E+08  0.175506E+08  0.000000E+00  0.000000E+00  0.148240E+08  0.175370E+08
  0.641514E-02  0.175201E+08  0.175159E+08  0.000000E+00  0.000000E+00  0.147616E+08  0.175021E+08
  0.648681E-02  0.174852E+08  0.174808E+08  0.000000E+00  0.000000E+00  0.146989E+08  0.174670E+08
  0.655929E-02  0.174498E+08  0.174454E+08  0.000000E+00  0.000000E+00  0.146357E+08  0.174315E+08
  0.663258E-02  0.174142E+08  0.174096E+08  0.000000E+00  0.000000E+00  0.145720E+08  0.173956E+08
  0.670669E-02  0.173781E+08  0.173735E+08  0.000000E+00  0.000000E+00  0.145078E+08  0.173594E+08
  0.678162E-02  0.173418E+08  0.173370E+08  0.000000E+00  0.000000E+00  0.144433E+08  0.173228E+08
  0.685739E-02  0.173051E+08  0.173002E+08  0.000000E+00  0.000000E+00  0.143782E+08  0.172859E+08
  0.693401E-02  0.172680E+08  0.172630E+08  0.000000E+00  0.000000E+00  0.143127E+08  0.172486E+08
  0.701148E-02  0.172305E+08  0.172255E+08  0.000000E+00  0.000000E+00  0.142468E+08  0.172110E+08
  0.708982E-02  0.171928E+08  0.171876E+08  0.000000E+00  0.000000E+00  0.141804E+08  0.171730E+08
  0.716904E-02  0.171546E+08  0.171493E+08  0.000000E+00  0.000000E+00  0.141136E+08  0.171347E+08
  0.724914E-02  0.171161E+08  0.171107E+08  0.000000E+00  0.000000E+00  0.140464E+08  0.170960E+08
  0.733013E-02  0.170772E+08  0.170717E+08  0.000000E+00  0.000000E+00  0.139786E+08  0.170569E+08
  0.741203E-02  0.170380E+08  0.170324E+08  0.000000E+00  0.000000E+00  0.139105E+08  0.170175E+08
  0.749485E-02  0.169984E+08  0.169927E+08  0.000000E+00  0.000000E+00  0.138419E+08  0.169777E+08
  0.757859E-02  0.169584E+08  0.169526E+08  0.000000E+00  0.000000E+00  0.137729E+08  0.169375E+08
  0.766327E-02  0.169181E+08  0.169121E+08  0.000000E+00  0.000000E+00  0.137034E+08  0.168970E+08
  0.774889E-02  0.168774E+08  0.168713E+08  0.000000E+00  0.000000E+00  0.136336E+08  0.168560E+08
  0.783547E-02  0.168363E+08  0.168301E+08  0.000000E+00  0.000000E+00  0.135633E+08  0.168147E+08
  0.792301E-02  0.167948E+08  0.167885E+08  0.000000E+00  0.000000E+00  0.134925E+08  0.167731E+08
  0.801154E-02  0.167530E+08  0.167465E+08  0.000000E+00  0.000000E+00  0.134214E+08  0.167310E+08
  0.810105E-02  0.167107E+08  0.167041E+08  0.000000E+00  0.000000E+00  0.133498E+08  0.166886E+08
  0.819156E-02  0.166681E+08  0.166614E+08  0.000000E+00  0.000000E+00  0.132779E+08  0.166458E+08
  0.828309E-02  0.166252E+08  0.166183E+08  0.000000E+00  0.000000E+00  0.132055E+08  0.166026E+08
  0.837564E-02  0.165818E+08  0.165748E+08  0.000000E+00  0.000000E+00  0.131328E+08  0.165590E+08
  0.846922E-02  0.165380E+08  0.165309E+08  0.000000E+00  0.000000E+00  0.130596E+08  0.165151E+08
  0.856385E-02  0.164939E+08  0.164866E+08  0.000000E+00  0.000000E+00  0.129861E+08  0.164707E+08
  0.865953E-02  0.164493E+08  0.164419E+08  0.000000E+00  0.000000E+00  0.129122E+08  0.164260E+08
  0.875628E-02  0.164044E+08  0.163968E+08  0.000000E+00  0.000000E+00  0.128379E+08  0.163808E+08
  0.885412E-02  0.163591E+08  0.163514E+08  0.000000E+00  0.000000E+00  0.127633E+08  0.163353E+08
  0.895305E-02  0.163134E+08  0.163055E+08  0.000000E+00  0.000000E+00  0.126883E+08  0.162894E+08
  0.905308E-02  0.162673E+08  0.162592E+08  0.000000E+00  0.000000E+00  0.126130E+08  0.162431E+08
  0.915423E-02  0.162208E+08  0.162125E+08  0.000000E+00  0.000000E+00  0.125373E+08  0.161964E+08
  0.925651E-02  0.161739E+08  0.161655E+08  0.000000E+00  0.000000E+00  0.124613E+08  0.161492E+08
  0.935993E-02  0.161265E+08  0.161180E+08  0.000000E+00  0.000000E+00  0.123849E+08  0.161017E+08
  0.946451E-02  0.160788E+08  0.160701E+08  0.000000E+00  0.000000E+00  0.123083E+08  0.160538E+08
  0.957026E-02  0.160307E+08  0.160218E+08  0.000000E+00  0.000000E+00  0.122313E+08  0.160055E+08
  0.967719E-02  0.159822E+08  0.159731E+08  0.000000E+00  0.000000E+00  0.121540E+08  0.159567E+08
  0.978531E-02  0.159332E+08  0.159240E+08  0.000000E+00  0.000000E+00  0.120764E+08  0.159076E+08
  0.989465E-02  0.158839E+08  0.158744E+08  0.000000E+00  0.000000E+00  0.119984E+08  0.158580E+08
  0.100052E-01  0.158341E+08  0.158245E+08  0.000000E+00  0.000000E+00  0.119202E+08  0.158081E+08
  0.101170E-01  0.157840E+08  0.157741E+08  0.000000E+00  0.000000E+00  0.118416E+08  0.157577E+08
  0.102300E-01  0.157334E+08  0.157233E+08  0.000000E+00  0.000000E+00  0.117628E+08  0.157069E+08
  0.103443E-01  0.156824E+08  0.156721E+08  0.000000E+00  0.000000E+00  0.116836E+08  0.156557E+08
  0.104599E-01  0.156309E+08  0.156205E+08  0.000000E+00  0.000000E+00  0.116041E+08  0.156040E+08
  0.105768E-01  0.155791E+08  0.155685E+08  0.000000E+00  0.000000E+00  0.115243E+08  0.155520E+08
  0.106949E-01  0.155268E+08  0.155160E+08  0.000000E+00  0.000000E+00  0.114442E+08  0.154995E+08
  0.108144E-01  0.154741E+08  0.154631E+08  0.000000E+00  0.000000E+00  0.113638E+08  0.154466E+08
  0.109353E-01  0.154210E+08  0.154097E+08  0.000000E+00  0.000000E+00  0.112831E+08  0.153933E+08
  0.110575E-01  0.153675E+08  0.153560E+08  0.000000E+00  0.000000E+00  0.112021E+08  0.153395E+08
  0.111810E-01  0.153135E+08  0.153018E+08  0.000000E+00  0.000000E+00  0.111208E+08  0.152853E+08
  0.113059E-01  0.152591E+08  0.152471E+08  0.000000E+00  0.000000E+00  0.110392E+08  0.152307E+08
  0.114322E-01  0.152042E+08  0.151921E+08  0.000000E+00  0.000000E+00  0.109573E+08  0.151757E+08
  0.115600E-01  0.151490E+08  0.151366E+08  0.000000E+00  0.000000E+00  0.108752E+08  0.151202E+08
  0.116891E-01  0.150933E+08  0.150806E+08  0.000000E+00  0.000000E+00  0.107928E+08  0.150643E+08
  0.118197E-01  0.150371E+08  0.150242E+08  0.000000E+00  0.000000E+00  0.107102E+08  0.150080E+08
  0.119518E-01  0.149805E+08  0.149674E+08  0.000000E+00  0.000000E+00  0.106273E+08  0.149512E+08
  0.120853E-01  0.149235E+08  0.149101E+08  0.000000E+00  0.000000E+00  0.105442E+08  0.148939E+08
  0.122204E-01  0.148661E+08  0.148524E+08  0.000000E+00  0.000000E+00  0.104610E+08  0.148363E+08
  0.123569E-01  0.148082E+08  0.147943E+08  0.000000E+00  0.000000E+00  0.103775E+08  0.147782E+08
  0.124950E-01  0.147498E+08  0.147357E+08  0.000000E+00  0.000000E+00  0.102938E+08  0.147196E+08
  0.126346E-01  0.146910E+08  0.146766E+08  0.000000E+00  0.000000E+00  0.102100E+08  0.146606E+08
  0.127758E-01  0.146318E+08  0.146171E+08  0.000000E+00  0.000000E+00  0.101260E+08  0.146012E+08
  0.129185E-01  0.145721E+08  0.145571E+08  0.000000E+00  0.000000E+00  0.100419E+08  0.145413E+08
  0.130628E-01  0.145119E+08  0.144967E+08  0.000000E+00  0.000000E+00  0.995762E+07  0.144810E+08
  0.132088E-01  0.144514E+08  0.144358E+08  0.000000E+00  0.000000E+00  0.987324E+07  0.144202E+08
  0.133564E-01  0.143903E+08  0.143745E+08  0.000000E+00  0.000000E+00  0.978874E+07  0.143590E+08
  0.135056E-01  0.143288E+08  0.143127E+08  0.000000E+00  0.000000E+00  0.970413E+07  0.142973E+08
  0.136565E-01  0.142669E+08  0.142505E+08  0.000000E+00  0.000000E+00  0.961941E+07  0.142352E+08
  0.138091E-01  0.142045E+08  0.141878E+08  0.000000E+00  0.000000E+00  0.953459E+07  0.141726E+08
  0.139634E-01  0.141417E+08  0.141247E+08  0.000000E+00  0.000000E+00  0.944966E+07  0.141096E+08
  0.141194E-01  0.140784E+08  0.140610E+08  0.000000E+00  0.000000E+00  0.936464E+07  0.140461E+08
  0.142772E-01  0.140146E+08  0.139970E+08  0.000000E+00  0.000000E+00  0.927953E+07  0.139821E+08
  0.144367E-01  0.139504E+08  0.139324E+08  0.000000E+00  0.000000E+00  0.919432E+07  0.139177E+08
  0.145980E-01  0.138857E+08  0.138674E+08  0.000000E+00  0.000000E+00  0.910902E+07  0.138529E+08
  0.147611E-01  0.138206E+08  0.138020E+08  0.000000E+00  0.000000E+00  0.902364E+07  0.137876E+08
  0.149260E-01  0.137550E+08  0.137361E+08  0.000000E+00  0.000000E+00  0.893819E+07  0.137218E+08
  0.150928E-01  0.136890E+08  0.136697E+08  0.000000E+00  0.000000E+00  0.885267E+07  0.136556E+08
  0.152614E-01  0.136225E+08  0.136029E+08  0.000000E+00  0.000000E+00  0.876710E+07  0.135889E+08
  0.154319E-01  0.135555E+08  0.135356E+08  0.000000E+00  0.000000E+00  0.868147E+07  0.135218E+08
  0.156043E-01  0.134881E+08  0.134678E+08  0.000000E+00  0.000000E+00  0.859581E+07  0.134542E+08
  0.157787E-01  0.134202E+08  0.133996E+08  0.000000E+00  0.000000E+00  0.851013E+07  0.133862E+08
  0.159550E-01  0.133519E+08  0.133309E+08  0.000000E+00  0.000000E+00  0.842444E+07  0.133177E+08
  0.161333E-01  0.132831E+08  0.132618E+08  0.000000E+00  0.000000E+00  0.833875E+07  0.132488E+08
  0.163135E-01  0.132139E+08  0.131922E+08  0.000000E+00  0.000000E+00  0.825307E+07  0.131794E+08
  0.164958E-01  0.131442E+08  0.131221E+08  0.000000E+00  0.000000E+00  0.816742E+07  0.131095E+08
  0.166801E-01  0.130741E+08  0.130516E+08  0.000000E+00  0.000000E+00  0.808180E+07  0.130392E+08
  0.168665E-01  0.130035E+08  0.129806E+08  0.000000E+00  0.000000E+00  0.799623E+07  0.129685E+08
  0.170549E-01  0.129324E+08  0.129092E+08  0.000000E+00  0.000000E+00  0.791072E+07  0.128973E+08
  0.172455E-01  0.128609E+08  0.128373E+08  0.000000E+00  0.000000E+00  0.782527E+07  0.128257E+08
  0.174382E-01  0.127890E+08  0.127650E+08  0.000000E+00  0.000000E+00  0.773990E+07  0.127536E+08
  0.176330E-01  0.127166E+08  0.126922E+08  0.000000E+00  0.000000E+00  0.765462E+07  0.126810E+08
  0.178300E-01  0.126438E+08  0.126190E+08  0.000000E+00  0.000000E+00  0.756943E+07  0.126081E+08
  0.180292E-01  0.125705E+08  0.125453E+08  0.000000E+00  0.000000E+00  0.748435E+07  0.125347E+08
  0.182307E-01  0.124968E+08  0.124712E+08  0.000000E+00  0.000000E+00  0.739939E+07  0.124608E+08
  0.184344E-01  0.124226E+08  0.123967E+08  0.000000E+00  0.000000E+00  0.731455E+07  0.123865E+08
  0.186403E-01  0.123480E+08  0.123217E+08  0.000000E+00  0.000000E+00  0.722987E+07  0.123118E+08
  0.188486E-01  0.122730E+08  0.122463E+08  0.000000E+00  0.000000E+00  0.714533E+07  0.122367E+08
  0.190592E-01  0.121976E+08  0.121704E+08  0.000000E+00  0.000000E+00  0.706096E+07  0.121611E+08
  0.192721E-01  0.121217E+08  0.120941E+08  0.000000E+00  0.000000E+00  0.697677E+07  0.120852E+08
  0.194875E-01  0.120455E+08  0.120174E+08  0.000000E+00  0.000000E+00  0.689277E+07  0.120088E+08
  0.197052E-01  0.119688E+08  0.119403E+08  0.000000E+00  0.000000E+00  0.680896E+07  0.119320E+08
  0.199254E-01  0.118917E+08  0.118628E+08  0.000000E+00  0.000000E+00  0.672535E+07  0.118548E+08
  0.201480E-01  0.118142E+08  0.117849E+08  0.000000E+00  0.000000E+00  0.664197E+07  0.117772E+08
  0.203731E-01  0.117363E+08  0.117066E+08  0.000000E+00  0.000000E+00  0.655881E+07  0.116992E+08
  0.206007E-01  0.116580E+08  0.116279E+08  0.000000E+00  0.000000E+00  0.647588E+07  0.116208E+08
  0.208309E-01  0.115793E+08  0.115488E+08  0.000000E+00  0.000000E+00  0.639321E+07  0.115420E+08
  0.210637E-01  0.115003E+08  0.114693E+08  0.000000E+00  0.000000E+00  0.631080E+07  0.114629E+08
  0.212990E-01  0.114209E+08  0.113894E+08  0.000000E+00  0.000000E+00  0.622867E+07  0.113834E+08
  0.215370E-01  0.113411E+08  0.113092E+08  0.000000E+00  0.000000E+00  0.614682E+07  0.113035E+08
  0.217776E-01  0.112609E+08  0.112286E+08  0.000000E+00  0.000000E+00  0.606528E+07  0.112233E+08
  0.220209E-01  0.111804E+08  0.111477E+08  0.000000E+00  0.000000E+00  0.598406E+07  0.111427E+08
  0.222670E-01  0.110996E+08  0.110664E+08  0.000000E+00  0.000000E+00  0.590316E+07  0.110618E+08
  0.225158E-01  0.110184E+08  0.109848E+08  0.000000E+00  0.000000E+00  0.582260E+07  0.109806E+08
  0.227673E-01  0.109369E+08  0.109029E+08  0.000000E+00  0.000000E+00  0.574238E+07  0.108990E+08
  0.230217E-01  0.108551E+08  0.108207E+08  0.000000E+00  0.000000E+00  0.566252E+07  0.108172E+08
  0.232789E-01  0.107730E+08  0.107381E+08  0.000000E+00  0.000000E+00  0.558302E+07  0.107350E+08
  0.235390E-01  0.106906E+08  0.106553E+08  0.000000E+00  0.000000E+00  0.550389E+07  0.106526E+08
  0.238020E-01  0.106079E+08  0.105722E+08  0.000000E+00  0.000000E+00  0.542513E+07  0.105699E+08
  0.240680E-01  0.105250E+08  0.104888E+08  0.000000E+00  0.000000E+00  0.534677E+07  0.104869E+08
  0.243369E-01  0.104418E+08  0.104052E+08  0.000000E+00  0.000000E+00  0.526882E+07  0.104036E+08
  0.246088E-01  0.103583E+08  0.103213E+08  0.000000E+00  0.000000E+00  0.519129E+07  0.103202E+08
  0.248838E-01  0.102747E+08  0.102373E+08  0.000000E+00  0.000000E+00  0.511421E+07  0.102365E+08
  0.251618E-01  0.101908E+08  0.101530E+08  0.000000E+00  0.000000E+00  0.503759E+07  0.101526E+08
  0.254429E-01  0.101067E+08  0.100685E+08  0.000000E+00  0.000000E+00  0.496145E+07  0.100685E+08
  0.257272E-01  0.100224E+08  0.998382E+07  0.000000E+00  0.000000E+00  0.488580E+07  0.998420E+07
  0.260147E-01  0.993798E+07  0.989898E+07  0.000000E+00  0.000000E+00  0.481067E+07  0.989976E+07
  0.263053E-01  0.985339E+07  0.981400E+07  0.000000E+00  0.000000E+00  0.473606E+07  0.981517E+07
  0.265992E-01  0.976866E+07  0.972890E+07  0.000000E+00  0.000000E+00  0.466199E+07  0.973045E+07
  0.268964E-01  0.968381E+07  0.964368E+07  0.000000E+00  0.000000E+00  0.458845E+07  0.964562E+07
  0.271970E-01  0.959886E+07  0.955837E+07  0.000000E+00  0.000000E+00  0.451546E+07  0.956069E+07
  0.275008E-01  0.951384E+07  0.947298E+07  0.000000E+00  0.000000E+00  0.444302E+07  0.947568E+07
  0.278081E-01  0.942874E+07  0.938754E+07  0.000000E+00  0.000000E+00  0.437115E+07  0.939062E+07
  0.281188E-01  0.934361E+07  0.930207E+07  0.000000E+00  0.000000E+00  0.429985E+07  0.930553E+07
  0.284330E-01  0.925846E+07  0.921659E+07  0.000000E+00  0.000000E+00  0.422913E+07  0.922041E+07
  0.287507E-01  0.917330E+07  0.913112E+07  0.000000E+00  0.000000E+00  0.415901E+07  0.913530E+07
  0.290719E-01  0.908817E+07  0.904568E+07  0.000000E+00  0.000000E+00  0.408948E+07  0.905022E+07
  0.293967E-01  0.900308E+07  0.896029E+07  0.000000E+00  0.000000E+00  0.402058E+07  0.896519E+07
  0.297252E-01  0.891806E+07  0.887499E+07  0.000000E+00  0.000000E+00  0.395230E+07  0.888022E+07
  0.300573E-01  0.883312E+07  0.878978E+07  0.000000E+00  0.000000E+00  0.388467E+07  0.879536E+07
  0.303931E-01  0.874830E+07  0.870470E+07  0.000000E+00  0.000000E+00  0.381770E+07  0.871061E+07
  0.307327E-01  0.866362E+07  0.861978E+07  0.000000E+00  0.000000E+00  0.375142E+07  0.862600E+07
  0.310761E-01  0.857910E+07  0.853503E+07  0.000000E+00  0.000000E+00  0.368583E+07  0.854157E+07
  0.314233E-01  0.849476E+07  0.845049E+07  0.000000E+00  0.000000E+00  0.362094E+07  0.845732E+07
  0.317744E-01  0.841064E+07  0.836617E+07  0.000000E+00  0.000000E+00  0.355677E+07  0.837330E+07
  0.321294E-01  0.832677E+07  0.828211E+07  0.000000E+00  0.000000E+00  0.349331E+07  0.828952E+07
  0.324884E-01  0.824316E+07  0.819834E+07  0.000000E+00  0.000000E+00  0.343057E+07  0.820602E+07
  0.328514E-01  0.815984E+07  0.811488E+07  0.000000E+00  0.000000E+00  0.336855E+07  0.812281E+07
  0.332184E-01  0.807684E+07  0.803176E+07  0.000000E+00  0.000000E+00  0.330726E+07  0.803993E+07
  0.335896E-01  0.799420E+07  0.794901E+07  0.000000E+00  0.000000E+00  0.324671E+07  0.795741E+07
  0.339649E-01  0.791193E+07  0.786665E+07  0.000000E+00  0.000000E+00  0.318692E+07  0.787527E+07
  0.343444E-01  0.783007E+07  0.778472E+07  0.000000E+00  0.000000E+00  0.312790E+07  0.779354E+07
  0.347281E-01  0.774864E+07  0.770325E+07  0.000000E+00  0.000000E+00  0.306965E+07  0.771225E+07
  0.351161E-01  0.766768E+07  0.762226E+07  0.000000E+00  0.000000E+00  0.301219E+07  0.763143E+07
  0.355085E-01  0.758720E+07  0.754179E+07  0.000000E+00  0.000000E+00  0.295551E+07  0.755111E+07
  0.359052E-01  0.750725E+07  0.746185E+07  0.000000E+00  0.000000E+00  0.289962E+07  0.747131E+07
  0.363064E-01  0.742784E+07  0.738249E+07  0.000000E+00  0.000000E+00  0.284452E+07  0.739206E+07
  0.367120E-01  0.734902E+07  0.730373E+07  0.000000E+00  0.000000E+00  0.279021E+07  0.731340E+07
  0.371222E-01  0.727079E+07  0.722560E+07  0.000000E+00  0.000000E+00  0.273672E+07  0.723535E+07
  0.375370E-01  0.719320E+07  0.714813E+07  0.000000E+00  0.000000E+00  0.268405E+07  0.715793E+07
  0.379564E-01  0.711628E+07  0.707134E+07  0.000000E+00  0.000000E+00  0.263220E+07  0.708118E+07
  0.383805E-01  0.704003E+07  0.699526E+07  0.000000E+00  0.000000E+00  0.258118E+07  0.700512E+07
  0.388093E-01  0.696449E+07  0.691991E+07  0.000000E+00  0.000000E+00  0.253098E+07  0.692977E+07
  0.392429E-01  0.688969E+07  0.684533E+07  0.000000E+00  0.000000E+00  0.248160E+07  0.685516E+07
  0.396814E-01  0.681565E+07  0.677153E+07  0.000000E+00  0.000000E+00  0.243303E+07  0.678132E+07
  0.401248E-01  0.674240E+07  0.669855E+07  0.000000E+00  0.000000E+00  0.238528E+07  0.670827E+07
  0.405731E-01  0.666997E+07  0.662642E+07  0.000000E+00  0.000000E+00  0.233835E+07  0.663605E+07
  0.410264E-01  0.659838E+07  0.655516E+07  0.000000E+00  0.000000E+00  0.229225E+07  0.656467E+07
  0.414848E-01  0.652766E+07  0.648478E+07  0.000000E+00  0.000000E+00  0.224698E+07  0.649416E+07
  0.419483E-01  0.645782E+07  0.641532E+07  0.000000E+00  0.000000E+00  0.220253E+07  0.642454E+07
  0.424170E-01  0.638888E+07  0.634679E+07  0.000000E+00  0.000000E+00  0.215890E+07  0.635582E+07
  0.428909E-01  0.632086E+07  0.627920E+07  0.000000E+00  0.000000E+00  0.211609E+07  0.628802E+07
  0.433702E-01  0.625377E+07  0.621256E+07  0.000000E+00  0.000000E+00  0.207410E+07  0.622116E+07
  0.438547E-01  0.618762E+07  0.614690E+07  0.000000E+00  0.000000E+00  0.203291E+07  0.615525E+07
  0.443447E-01  0.612244E+07  0.608222E+07  0.000000E+00  0.000000E+00  0.199252E+07  0.609030E+07
  0.448402E-01  0.605822E+07  0.601854E+07  0.000000E+00  0.000000E+00  0.195293E+07  0.602632E+07
  0.453412E-01  0.599499E+07  0.595586E+07  0.000000E+00  0.000000E+00  0.191412E+07  0.596332E+07
  0.458478E-01  0.593274E+07  0.589420E+07  0.000000E+00  0.000000E+00  0.187608E+07  0.590132E+07
  0.463601E-01  0.587149E+07  0.583355E+07  0.000000E+00  0.000000E+00  0.183881E+07  0.584031E+07
  0.468780E-01  0.581124E+07  0.577392E+07  0.000000E+00  0.000000E+00  0.180230E+07  0.578030E+07
  0.474018E-01  0.575198E+07  0.571531E+07  0.000000E+00  0.000000E+00  0.176656E+07  0.572129E+07
  0.479314E-01  0.569371E+07  0.565772E+07  0.000000E+00  0.000000E+00  0.173155E+07  0.566327E+07
  0.484670E-01  0.563643E+07  0.560112E+07  0.000000E+00  0.000000E+00  0.169726E+07  0.560624E+07
  0.490085E-01  0.558012E+07  0.554552E+07  0.000000E+00  0.000000E+00  0.166366E+07  0.555018E+07
  0.495561E-01  0.552478E+07  0.549090E+07  0.000000E+00  0.000000E+00  0.163076E+07  0.549509E+07
  0.501098E-01  0.547039E+07  0.543725E+07  0.000000E+00  0.000000E+00  0.159855E+07  0.544096E+07
  0.506696E-01  0.541695E+07  0.538456E+07  0.000000E+00  0.000000E+00  0.156702E+07  0.538777E+07
  0.512358E-01  0.536443E+07  0.533281E+07  0.000000E+00  0.000000E+00  0.153617E+07  0.533551E+07
  0.518082E-01  0.531283E+07  0.528198E+07  0.000000E+00  0.000000E+00  0.150596E+07  0.528416E+07
  0.523871E-01  0.526212E+07  0.523205E+07  0.000000E+00  0.000000E+00  0.147637E+07  0.523370E+07
  0.529724E-01  0.521226E+07  0.518299E+07  0.000000E+00  0.000000E+00  0.144738E+07  0.518410E+07
  0.535643E-01  0.516324E+07  0.513476E+07  0.000000E+00  0.000000E+00  0.141898E+07  0.513533E+07
  0.541628E-01  0.511500E+07  0.508733E+07  0.000000E+00  0.000000E+00  0.139116E+07  0.508735E+07
  0.547679E-01  0.506752E+07  0.504065E+07  0.000000E+00  0.000000E+00  0.136389E+07  0.504011E+07
  0.553799E-01  0.502075E+07  0.499468E+07  0.000000E+00  0.000000E+00  0.133717E+07  0.499359E+07
  0.559986E-01  0.497465E+07  0.494938E+07  0.000000E+00  0.000000E+00  0.131096E+07  0.494774E+07
  0.566243E-01  0.492918E+07  0.490471E+07  0.000000E+00  0.000000E+00  0.128526E+07  0.490252E+07
  0.572570E-01  0.488431E+07  0.486062E+07  0.000000E+00  0.000000E+00  0.126005E+07  0.485789E+07
  0.578967E-01  0.483998E+07  0.481707E+07  0.000000E+00  0.000000E+00  0.123529E+07  0.481380E+07
  0.585436E-01  0.479615E+07  0.477400E+07  0.000000E+00  0.000000E+00  0.121097E+07  0.477022E+07
  0.594634E-01  0.473540E+07  0.471430E+07  0.000000E+00  0.000000E+00  0.117757E+07  0.470980E+07
  0.603832E-01  0.467630E+07  0.465620E+07  0.000000E+00  0.000000E+00  0.114548E+07  0.465102E+07
  0.613030E-01  0.461864E+07  0.459948E+07  0.000000E+00  0.000000E+00  0.111458E+07  0.459367E+07
  0.622228E-01  0.456222E+07  0.454395E+07  0.000000E+00  0.000000E+00  0.108475E+07  0.453756E+07
  0.631426E-01  0.450687E+07  0.448943E+07  0.000000E+00  0.000000E+00  0.105595E+07  0.448250E+07
  0.640624E-01  0.445244E+07  0.443576E+07  0.000000E+00  0.000000E+00  0.102811E+07  0.442836E+07
  0.649823E-01  0.439878E+07  0.438281E+07  0.000000E+00  0.000000E+00  0.100114E+07  0.437497E+07
  0.659021E-01  0.434576E+07  0.433042E+07  0.000000E+00  0.000000E+00  0.974994E+06  0.432222E+07
  0.668219E-01  0.429326E+07  0.427849E+07  0.000000E+00  0.000000E+00  0.949607E+06  0.426998E+07
  0.677417E-01  0.424116E+07  0.422690E+07  0.000000E+00  0.000000E+00  0.924938E+06  0.421813E+07
  0.686615E-01  0.418939E+07  0.417557E+07  0.000000E+00  0.000000E+00  0.900950E+06  0.416660E+07
  0.695813E-01  0.413786E+07  0.412442E+07  0.000000E+00  0.000000E+00  0.877603E+06  0.411530E+07
  0.705011E-01  0.408651E+07  0.407338E+07  0.000000E+00  0.000000E+00  0.854848E+06  0.406418E+07
  0.714209E-01  0.403528E+07  0.402241E+07  0.000000E+00  0.000000E+00  0.832658E+06  0.401318E+07
  0.723407E-01  0.398416E+07  0.397148E+07  0.000000E+00  0.000000E+00  0.811024E+06  0.396227E+07
  0.732605E-01  0.393310E+07  0.392056E+07  0.000000E+00  0.000000E+00  0.789927E+06  0.391142E+07
  0.741803E-01  0.388211E+07  0.386965E+07  0.000000E+00  0.000000E+00  0.769333E+06  0.386063E+07
  0.751002E-01  0.383117E+07  0.381874E+07  0.000000E+00  0.000000E+00  0.749226E+06  0.380989E+07
  0.760200E-01  0.378029E+07  0.376785E+07  0.000000E+00  0.000000E+00  0.729600E+06  0.375921E+07
  0.769398E-01  0.372949E+07  0.371699E+07  0.000000E+00  0.000000E+00  0.710445E+06  0.370860E+07
  0.778596E-01  0.367879E+07  0.366620E+07  0.000000E+00  0.000000E+00  0.691749E+06  0.365808E+07
  0.787794E-01  0.362822E+07  0.361550E+07  0.000000E+00  0.000000E+00  0.673503E+06  0.360770E+07
  0.796992E-01  0.357784E+07  0.356496E+07  0.000000E+00  0.000000E+00  0.655702E+06  0.355750E+07
  0.806190E-01  0.352768E+07  0.351461E+07  0.000000E+00  0.000000E+00  0.638346E+06  0.350751E+07
  0.815388E-01  0.347779E+07  0.346452E+07  0.000000E+00  0.000000E+00  0.621434E+06  0.345780E+07
  0.824586E-01  0.342823E+07  0.341473E+07  0.000000E+00  0.000000E+00  0.604956E+06  0.340842E+07
  0.833784E-01  0.337906E+07  0.336532E+07  0.000000E+00  0.000000E+00  0.588902E+06  0.335941E+07
  0.842982E-01  0.333033E+07  0.331635E+07  0.000000E+00  0.000000E+00  0.573277E+06  0.331086E+07
  0.852180E-01  0.328212E+07  0.326788E+07  0.000000E+00  0.000000E+00  0.558088E+06  0.326282E+07
  0.861379E-01  0.323450E+07  0.322000E+07  0.000000E+00  0.000000E+00  0.543331E+06  0.321536E+07
  0.870577E-01  0.318751E+07  0.317276E+07  0.000000E+00  0.000000E+00  0.528998E+06  0.316854E+07
  0.879775E-01  0.314123E+07  0.312624E+07  0.000000E+00  0.000000E+00  0.515085E+06  0.312242E+07
  0.888973E-01  0.309570E+07  0.308047E+07  0.000000E+00  0.000000E+00  0.501592E+06  0.307706E+07
  0.898171E-01  0.305099E+07  0.303554E+07  0.000000E+00  0.000000E+00  0.488518E+06  0.303251E+07
  0.907369E-01  0.300715E+07  0.299149E+07  0.000000E+00  0.000000E+00  0.475859E+06  0.298883E+07
  0.916567E-01  0.296423E+07  0.294839E+07  0.000000E+00  0.000000E+00  0.463609E+06  0.294608E+07
  0.925765E-01  0.292229E+07  0.290628E+07  0.000000E+00  0.000000E+00  0.451763E+06  0.290430E+07
  0.934963E-01  0.288137E+07  0.286522E+07  0.000000E+00  0.000000E+00  0.440322E+06  0.286354E+07
  0.944161E-01  0.284150E+07  0.282523E+07  0.000000E+00  0.000000E+00  0.429278E+06  0.282384E+07
  0.953360E-01  0.280272E+07  0.278636E+07  0.000000E+00  0.000000E+00  0.418620E+06  0.278522E+07
  0.962558E-01  0.276506E+07  0.274863E+07  0.000000E+00  0.000000E+00  0.408339E+06  0.274772E+07
  0.971756E-01  0.272853E+07  0.271208E+07  0.000000E+00  0.000000E+00  0.398433E+06  0.271136E+07
  0.980954E-01  0.269317E+07  0.267672E+07  0.000000E+00  0.000000E+00  0.388897E+06  0.267616E+07
  0.990152E-01  0.265898E+07  0.264255E+07  0.000000E+00  0.000000E+00  0.379719E+06  0.264212E+07
  0.999350E-01  0.262595E+07  0.260957E+07  0.000000E+00  0.000000E+00  0.370885E+06  0.260926E+07
  0.100855E+00  0.259409E+07  0.257780E+07  0.000000E+00  0.000000E+00  0.362386E+06  0.257756E+07
  0.101775E+00  0.256339E+07  0.254722E+07  0.000000E+00  0.000000E+00  0.354214E+06  0.254702E+07
  0.102694E+00  0.253384E+07  0.251782E+07  0.000000E+00  0.000000E+00  0.346358E+06  0.251763E+07
  0.103614E+00  0.250544E+07  0.248958E+07  0.000000E+00  0.000000E+00  0.338808E+06  0.248938E+07
  0.104534E+00  0.247814E+07  0.246249E+07  0.000000E+00  0.000000E+00  0.331550E+06  0.246225E+07
  0.105454E+00  0.245193E+07  0.243650E+07  0.000000E+00  0.000000E+00  0.324572E+06  0.243619E+07
  0.106374E+00  0.242677E+07  0.241159E+07  0.000000E+00  0.000000E+00  0.317865E+06  0.241118E+07
  0.107293E+00  0.240262E+07  0.238771E+07  0.000000E+00  0.000000E+00  0.311414E+06  0.238718E+07
  0.108213E+00  0.237944E+07  0.236481E+07  0.000000E+00  0.000000E+00  0.305205E+06  0.236415E+07
  0.109133E+00  0.235719E+07  0.234287E+07  0.000000E+00  0.000000E+00  0.299226E+06  0.234205E+07
  0.110053E+00  0.233582E+07  0.232182E+07  0.000000E+00  0.000000E+00  0.293469E+06  0.232083E+07
  0.110973E+00  0.231528E+07  0.230163E+07  0.000000E+00  0.000000E+00  0.287922E+06  0.230044E+07
  0.111893E+00  0.229553E+07  0.228222E+07  0.000000E+00  0.000000E+00  0.282569E+06  0.228083E+07
  0.112812E+00  0.227649E+07  0.226353E+07  0.000000E+00  0.000000E+00  0.277399E+06  0.226193E+07
  0.113732E+00  0.225812E+07  0.224553E+07  0.000000E+00  0.000000E+00  0.272400E+06  0.224371E+07
  0.114652E+00  0.224037E+07  0.222814E+07  0.000000E+00  0.000000E+00  0.267562E+06  0.222609E+07
  0.115572E+00  0.222318E+07  0.221132E+07  0.000000E+00  0.000000E+00  0.262875E+06  0.220903E+07
  0.116492E+00  0.220648E+07  0.219499E+07  0.000000E+00  0.000000E+00  0.258329E+06  0.219248E+07
  0.117411E+00  0.219024E+07  0.217911E+07  0.000000E+00  0.000000E+00  0.253910E+06  0.217636E+07
  0.118331E+00  0.217438E+07  0.216361E+07  0.000000E+00  0.000000E+00  0.249612E+06  0.216062E+07
  0.119251E+00  0.215884E+07  0.214843E+07  0.000000E+00  0.000000E+00  0.245425E+06  0.214522E+07
  0.120171E+00  0.214359E+07  0.213352E+07  0.000000E+00  0.000000E+00  0.241339E+06  0.213009E+07
  0.121091E+00  0.212856E+07  0.211882E+07  0.000000E+00  0.000000E+00  0.237345E+06  0.211517E+07
  0.122010E+00  0.211370E+07  0.210428E+07  0.000000E+00  0.000000E+00  0.233436E+06  0.210044E+07
  0.122930E+00  0.209897E+07  0.208986E+07  0.000000E+00  0.000000E+00  0.229607E+06  0.208582E+07
  0.123850E+00  0.208432E+07  0.207550E+07  0.000000E+00  0.000000E+00  0.225852E+06  0.207129E+07
  0.124770E+00  0.206973E+07  0.206118E+07  0.000000E+00  0.000000E+00  0.222162E+06  0.205680E+07
  0.125690E+00  0.205514E+07  0.204685E+07  0.000000E+00  0.000000E+00  0.218532E+06  0.204232E+07
  0.126609E+00  0.204053E+07  0.203248E+07  0.000000E+00  0.000000E+00  0.214958E+06  0.202782E+07
  0.127529E+00  0.202588E+07  0.201805E+07  0.000000E+00  0.000000E+00  0.211437E+06  0.201327E+07
  0.128449E+00  0.201114E+07  0.200351E+07  0.000000E+00  0.000000E+00  0.207965E+06  0.199864E+07
  0.129369E+00  0.199631E+07  0.198886E+07  0.000000E+00  0.000000E+00  0.204538E+06  0.198390E+07
  0.130289E+00  0.198135E+07  0.197406E+07  0.000000E+00  0.000000E+00  0.201153E+06  0.196905E+07
  0.131209E+00  0.196627E+07  0.195911E+07  0.000000E+00  0.000000E+00  0.197808E+06  0.195405E+07
  0.132128E+00  0.195103E+07  0.194400E+07  0.000000E+00  0.000000E+00  0.194503E+06  0.193891E+07
  0.133048E+00  0.193564E+07  0.192871E+07  0.000000E+00  0.000000E+00  0.191233E+06  0.192362E+07
  0.133968E+00  0.192009E+07  0.191324E+07  0.000000E+00  0.000000E+00  0.187997E+06  0.190816E+07
  0.134888E+00  0.190438E+07  0.189759E+07  0.000000E+00  0.000000E+00  0.184797E+06  0.189253E+07
  0.135808E+00  0.188851E+07  0.188175E+07  0.000000E+00  0.000000E+00  0.181632E+06  0.187674E+07
  0.136727E+00  0.187248E+07  0.186575E+07  0.000000E+00  0.000000E+00  0.178502E+06  0.186080E+07
  0.137647E+00  0.185630E+07  0.184958E+07  0.000000E+00  0.000000E+00  0.175406E+06  0.184470E+07
  0.138567E+00  0.183999E+07  0.183326E+07  0.000000E+00  0.000000E+00  0.172343E+06  0.182848E+07
  0.139487E+00  0.182356E+07  0.181681E+07  0.000000E+00  0.000000E+00  0.169317E+06  0.181213E+07
  0.140407E+00  0.180703E+07  0.180024E+07  0.000000E+00  0.000000E+00  0.166329E+06  0.179568E+07
  0.141326E+00  0.179041E+07  0.178358E+07  0.000000E+00  0.000000E+00  0.163379E+06  0.177914E+07
  0.142246E+00  0.177373E+07  0.176684E+07  0.000000E+00  0.000000E+00  0.160467E+06  0.176253E+07
  0.143166E+00  0.175700E+07  0.175004E+07  0.000000E+00  0.000000E+00  0.157595E+06  0.174588E+07
  0.144086E+00  0.174026E+07  0.173323E+07  0.000000E+00  0.000000E+00  0.154766E+06  0.172922E+07
  0.145006E+00  0.172353E+07  0.171641E+07  0.000000E+00  0.000000E+00  0.151980E+06  0.171256E+07
  0.145925E+00  0.170683E+07  0.169963E+07  0.000000E+00  0.000000E+00  0.149238E+06  0.169593E+07
  0.146845E+00  0.169019E+07  0.168290E+07  0.000000E+00  0.000000E+00  0.146542E+06  0.167937E+07
  0.147765E+00  0.167363E+07  0.166625E+07  0.000000E+00  0.000000E+00  0.143895E+06  0.166288E+07
  0.148685E+00  0.165718E+07  0.164970E+07  0.000000E+00  0.000000E+00  0.141296E+06  0.164650E+07
  0.149605E+00  0.164086E+07  0.163329E+07  0.000000E+00  0.000000E+00  0.138747E+06  0.163026E+07
  0.150525E+00  0.162471E+07  0.161705E+07  0.000000E+00  0.000000E+00  0.136248E+06  0.161417E+07
  0.151444E+00  0.160873E+07  0.160098E+07  0.000000E+00  0.000000E+00  0.133801E+06  0.159827E+07
  0.152364E+00  0.159296E+07  0.158513E+07  0.000000E+00  0.000000E+00  0.131407E+06  0.158257E+07
  0.153284E+00  0.157742E+07  0.156951E+07  0.000000E+00  0.000000E+00  0.129067E+06  0.156710E+07
  0.154204E+00  0.156213E+07  0.155414E+07  0.000000E+00  0.000000E+00  0.126782E+06  0.155188E+07
  0.155124E+00  0.154711E+07  0.153906E+07  0.000000E+00  0.000000E+00  0.124550E+06  0.153693E+07
  0.156043E+00  0.153237E+07  0.152427E+07  0.000000E+00  0.000000E+00  0.122374E+06  0.152227E+07
  0.156963E+00  0.151795E+07  0.150979E+07  0.000000E+00  0.000000E+00  0.120254E+06  0.150791E+07
  0.157883E+00  0.150384E+07  0.149564E+07  0.000000E+00  0.000000E+00  0.118189E+06  0.149388E+07
  0.158803E+00  0.149007E+07  0.148184E+07  0.000000E+00  0.000000E+00  0.116179E+06  0.148017E+07
  0.159723E+00  0.147665E+07  0.146840E+07  0.000000E+00  0.000000E+00  0.114225E+06  0.146682E+07
  0.160642E+00  0.146358E+07  0.145532E+07  0.000000E+00  0.000000E+00  0.112326E+06  0.145382E+07
  0.161562E+00  0.145087E+07  0.144261E+07  0.000000E+00  0.000000E+00  0.110481E+06  0.144118E+07
  0.162482E+00  0.143853E+07  0.143028E+07  0.000000E+00  0.000000E+00  0.108689E+06  0.142890E+07
  0.163402E+00  0.142656E+07  0.141833E+07  0.000000E+00  0.000000E+00  0.106949E+06  0.141700E+07
  0.164322E+00  0.141496E+07  0.140676E+07  0.000000E+00  0.000000E+00  0.105261E+06  0.140546E+07
  0.165241E+00  0.140372E+07  0.139556E+07  0.000000E+00  0.000000E+00  0.103624E+06  0.139429E+07
  0.166161E+00  0.139284E+07  0.138474E+07  0.000000E+00  0.000000E+00  0.102035E+06  0.138349E+07
  0.167081E+00  0.138232E+07  0.137429E+07  0.000000E+00  0.000000E+00  0.100494E+06  0.137303E+07
  0.168001E+00  0.137216E+07  0.136419E+07  0.000000E+00  0.000000E+00  0.989986E+05  0.136293E+07
  0.168921E+00  0.136233E+07  0.135445E+07  0.000000E+00  0.000000E+00  0.975478E+05  0.135317E+07
  0.169840E+00  0.135283E+07  0.134504E+07  0.000000E+00  0.000000E+00  0.961399E+05  0.134374E+07
  0.170760E+00  0.134366E+07  0.133596E+07  0.000000E+00  0.000000E+00  0.947733E+05  0.133463E+07
  0.171680E+00  0.133479E+07  0.132720E+07  0.000000E+00  0.000000E+00  0.934460E+05  0.132582E+07
  0.172600E+00  0.132621E+07  0.131873E+07  0.000000E+00  0.000000E+00  0.921566E+05  0.131730E+07
  0.173520E+00  0.131791E+07  0.131055E+07  0.000000E+00  0.000000E+00  0.909032E+05  0.130906E+07
  0.174440E+00  0.130986E+07  0.130263E+07  0.000000E+00  0.000000E+00  0.896839E+05  0.130108E+07
  0.175359E+00  0.130207E+07  0.129496E+07  0.000000E+00  0.000000E+00  0.884964E+05  0.129335E+07
  0.176279E+00  0.129449E+07  0.128752E+07  0.000000E+00  0.000000E+00  0.873391E+05  0.128583E+07
  0.177199E+00  0.128713E+07  0.128029E+07  0.000000E+00  0.000000E+00  0.862109E+05  0.127853E+07
  0.178119E+00  0.127995E+07  0.127324E+07  0.000000E+00  0.000000E+00  0.851098E+05  0.127141E+07
  0.179039E+00  0.127294E+07  0.126637E+07  0.000000E+00  0.000000E+00  0.840337E+05  0.126446E+07
  0.179958E+00  0.126609E+07  0.125965E+07  0.000000E+00  0.000000E+00  0.829805E+05  0.125766E+07
  0.180878E+00  0.125936E+07  0.125306E+07  0.000000E+00  0.000000E+00  0.819488E+05  0.125099E+07
  0.181798E+00  0.125275E+07  0.124658E+07  0.000000E+00  0.000000E+00  0.809373E+05  0.124443E+07
  0.182718E+00  0.124622E+07  0.124020E+07  0.000000E+00  0.000000E+00  0.799444E+05  0.123797E+07
  0.183638E+00  0.123978E+07  0.123388E+07  0.000000E+00  0.000000E+00  0.789684E+05  0.123158E+07
  0.184557E+00  0.123339E+07  0.122762E+07  0.000000E+00  0.000000E+00  0.780080E+05  0.122524E+07
  0.185477E+00  0.122705E+07  0.122140E+07  0.000000E+00  0.000000E+00  0.770620E+05  0.121895E+07
  0.186397E+00  0.122073E+07  0.121520E+07  0.000000E+00  0.000000E+00  0.761290E+05  0.121268E+07
  0.187317E+00  0.121442E+07  0.120900E+07  0.000000E+00  0.000000E+00  0.752080E+05  0.120643E+07
  0.188237E+00  0.120811E+07  0.120280E+07  0.000000E+00  0.000000E+00  0.742976E+05  0.120017E+07
  0.189156E+00  0.120179E+07  0.119658E+07  0.000000E+00  0.000000E+00  0.733974E+05  0.119390E+07
  0.190076E+00  0.119544E+07  0.119033E+07  0.000000E+00  0.000000E+00  0.725069E+05  0.118760E+07
  0.190996E+00  0.118906E+07  0.118404E+07  0.000000E+00  0.000000E+00  0.716251E+05  0.118127E+07
  0.191916E+00  0.118264E+07  0.117770E+07  0.000000E+00  0.000000E+00  0.707509E+05  0.117489E+07
  0.192836E+00  0.117617E+07  0.117131E+07  0.000000E+00  0.000000E+00  0.698837E+05  0.116847E+07
  0.193756E+00  0.116964E+07  0.116484E+07  0.000000E+00  0.000000E+00  0.690234E+05  0.116198E+07
  0.194675E+00  0.116304E+07  0.115831E+07  0.000000E+00  0.000000E+00  0.681697E+05  0.115544E+07
  0.195595E+00  0.115638E+07  0.115171E+07  0.000000E+00  0.000000E+00  0.673222E+05  0.114882E+07
  0.196515E+00  0.114966E+07  0.114503E+07  0.000000E+00  0.000000E+00  0.664806E+05  0.114214E+07
  0.197435E+00  0.114286E+07  0.113827E+07  0.000000E+00  0.000000E+00  0.656447E+05  0.113538E+07
  0.198355E+00  0.113599E+07  0.113143E+07  0.000000E+00  0.000000E+00  0.648145E+05  0.112856E+07
  0.199274E+00  0.112905E+07  0.112452E+07  0.000000E+00  0.000000E+00  0.639900E+05  0.112166E+07
  0.200194E+00  0.112204E+07  0.111753E+07  0.000000E+00  0.000000E+00  0.631710E+05  0.111469E+07
  0.201114E+00  0.111496E+07  0.111047E+07  0.000000E+00  0.000000E+00  0.623578E+05  0.110766E+07
  0.202034E+00  0.110783E+07  0.110334E+07  0.000000E+00  0.000000E+00  0.615507E+05  0.110056E+07
  0.202954E+00  0.110064E+07  0.109615E+07  0.000000E+00  0.000000E+00  0.607501E+05  0.109341E+07
  0.203873E+00  0.109340E+07  0.108891E+07  0.000000E+00  0.000000E+00  0.599560E+05  0.108621E+07
  0.204793E+00  0.108612E+07  0.108162E+07  0.000000E+00  0.000000E+00  0.591683E+05  0.107897E+07
  0.205713E+00  0.107880E+07  0.107430E+07  0.000000E+00  0.000000E+00  0.583877E+05  0.107169E+07
  0.206633E+00  0.107146E+07  0.106694E+07  0.000000E+00  0.000000E+00  0.576147E+05  0.106439E+07
  0.207553E+00  0.106409E+07  0.105956E+07  0.000000E+00  0.000000E+00  0.568497E+05  0.105707E+07
  0.208472E+00  0.105672E+07  0.105217E+07  0.000000E+00  0.000000E+00  0.560929E+05  0.104973E+07
  0.209392E+00  0.104935E+07  0.104477E+07  0.000000E+00  0.000000E+00  0.553446E+05  0.104240E+07
  0.210312E+00  0.104199E+07  0.103738E+07  0.000000E+00  0.000000E+00  0.546051E+05  0.103507E+07
  0.211232E+00  0.103464E+07  0.103001E+07  0.000000E+00  0.000000E+00  0.538751E+05  0.102777E+07
  0.212152E+00  0.102732E+07  0.102267E+07  0.000000E+00  0.000000E+00  0.531547E+05  0.102049E+07
  0.213072E+00  0.102005E+07  0.101536E+07  0.000000E+00  0.000000E+00  0.524441E+05  0.101325E+07
  0.213991E+00  0.101281E+07  0.100810E+07  0.000000E+00  0.000000E+00  0.517440E+05  0.100605E+07
  0.214911E+00  0.100563E+07  0.100090E+07  0.000000E+00  0.000000E+00  0.510547E+05  0.998908E+06
  0.215831E+00  0.998522E+06  0.993760E+06  0.000000E+00  0.000000E+00  0.503764E+05  0.991831E+06
  0.216751E+00  0.991481E+06  0.986696E+06  0.000000E+00  0.000000E+00  0.497092E+05  0.984827E+06
  0.217671E+00  0.984522E+06  0.979714E+06  0.000000E+00  0.000000E+00  0.490532E+05  0.977904E+06
  0.218590E+00  0.977652E+06  0.972824E+06  0.000000E+00  0.000000E+00  0.484089E+05  0.971071E+06
  0.219510E+00  0.970879E+06  0.966033E+06  0.000000E+00  0.000000E+00  0.477766E+05  0.964333E+06
  0.222398E+00  0.950313E+06  0.945429E+06  0.000000E+00  0.000000E+00  0.458700E+05  0.943878E+06
  0.225325E+00  0.930688E+06  0.925799E+06  0.000000E+00  0.000000E+00  0.440609E+05  0.924365E+06
  0.228289E+00  0.912150E+06  0.907294E+06  0.000000E+00  0.000000E+00  0.423532E+05  0.905937E+06
  0.231293E+00  0.894772E+06  0.889989E+06  0.000000E+00  0.000000E+00  0.407454E+05  0.888670E+06
  0.234337E+00  0.878557E+06  0.873885E+06  0.000000E+00  0.000000E+00  0.392345E+05  0.872565E+06
  0.237420E+00  0.863436E+06  0.858907E+06  0.000000E+00  0.000000E+00  0.378126E+05  0.857551E+06
  0.240544E+00  0.849269E+06  0.844910E+06  0.000000E+00  0.000000E+00  0.364708E+05  0.843491E+06
  0.243709E+00  0.835861E+06  0.831686E+06  0.000000E+00  0.000000E+00  0.351967E+05  0.830188E+06
  0.246915E+00  0.822970E+06  0.818984E+06  0.000000E+00  0.000000E+00  0.339784E+05  0.817399E+06
  0.250164E+00  0.810344E+06  0.806541E+06  0.000000E+00  0.000000E+00  0.328030E+05  0.804873E+06
  0.253456E+00  0.797741E+06  0.794105E+06  0.000000E+00  0.000000E+00  0.316600E+05  0.792368E+06
  0.256791E+00  0.784957E+06  0.781461E+06  0.000000E+00  0.000000E+00  0.305403E+05  0.779679E+06
  0.260170E+00  0.771828E+06  0.768444E+06  0.000000E+00  0.000000E+00  0.294377E+05  0.766643E+06
  0.263593E+00  0.758258E+06  0.754952E+06  0.000000E+00  0.000000E+00  0.283486E+05  0.753163E+06
  0.267061E+00  0.744227E+06  0.740968E+06  0.000000E+00  0.000000E+00  0.272726E+05  0.739221E+06
  0.270575E+00  0.729796E+06  0.726558E+06  0.000000E+00  0.000000E+00  0.262124E+05  0.724877E+06
  0.274135E+00  0.715092E+06  0.711853E+06  0.000000E+00  0.000000E+00  0.251723E+05  0.710258E+06
  0.277742E+00  0.700284E+06  0.697033E+06  0.000000E+00  0.000000E+00  0.241586E+05  0.695535E+06
  0.281397E+00  0.685572E+06  0.682307E+06  0.000000E+00  0.000000E+00  0.231773E+05  0.680907E+06
  0.285099E+00  0.671164E+06  0.667893E+06  0.000000E+00  0.000000E+00  0.222348E+05  0.666583E+06
  0.288850E+00  0.657251E+06  0.653988E+06  0.000000E+00  0.000000E+00  0.213359E+05  0.652753E+06
  0.292651E+00  0.643970E+06  0.640735E+06  0.000000E+00  0.000000E+00  0.204833E+05  0.639555E+06
  0.296502E+00  0.631397E+06  0.628211E+06  0.000000E+00  0.000000E+00  0.196777E+05  0.627063E+06
  0.300403E+00  0.619543E+06  0.616428E+06  0.000000E+00  0.000000E+00  0.189175E+05  0.615290E+06
  0.304355E+00  0.608354E+06  0.605328E+06  0.000000E+00  0.000000E+00  0.181991E+05  0.604180E+06
  0.308360E+00  0.597710E+06  0.594784E+06  0.000000E+00  0.000000E+00  0.175172E+05  0.593614E+06
  0.312417E+00  0.587448E+06  0.584627E+06  0.000000E+00  0.000000E+00  0.168659E+05  0.583429E+06
  0.316528E+00  0.577398E+06  0.574677E+06  0.000000E+00  0.000000E+00  0.162389E+05  0.573453E+06
  0.320693E+00  0.567397E+06  0.564766E+06  0.000000E+00  0.000000E+00  0.156311E+05  0.563526E+06
  0.324912E+00  0.557311E+06  0.554756E+06  0.000000E+00  0.000000E+00  0.150384E+05  0.553511E+06
  0.329187E+00  0.547051E+06  0.544554E+06  0.000000E+00  0.000000E+00  0.130006E+05  0.543311E+06
  0.333519E+00  0.536612E+06  0.534156E+06  0.000000E+00  0.000000E+00  0.124790E+05  0.532941E+06
  0.337907E+00  0.526031E+06  0.523602E+06  0.000000E+00  0.000000E+00  0.119700E+05  0.522428E+06
  0.342353E+00  0.515397E+06  0.512986E+06  0.000000E+00  0.000000E+00  0.114754E+05  0.511860E+06
  0.346858E+00  0.504831E+06  0.502435E+06  0.000000E+00  0.000000E+00  0.109975E+05  0.501359E+06
  0.351422E+00  0.494468E+06  0.492090E+06  0.000000E+00  0.000000E+00  0.105388E+05  0.491061E+06
  0.356046E+00  0.484423E+06  0.482070E+06  0.000000E+00  0.000000E+00  0.101010E+05  0.481080E+06
  0.360730E+00  0.474770E+06  0.472452E+06  0.000000E+00  0.000000E+00  0.968488E+04  0.471491E+06
  0.365477E+00  0.465543E+06  0.463271E+06  0.000000E+00  0.000000E+00  0.929017E+04  0.462327E+06
  0.370286E+00  0.456721E+06  0.454504E+06  0.000000E+00  0.000000E+00  0.891559E+04  0.453566E+06
  0.375158E+00  0.448232E+06  0.446075E+06  0.000000E+00  0.000000E+00  0.855896E+04  0.445138E+06
  0.380094E+00  0.439982E+06  0.437888E+06  0.000000E+00  0.000000E+00  0.821777E+04  0.436947E+06
  0.385095E+00  0.431872E+06  0.429835E+06  0.000000E+00  0.000000E+00  0.788962E+04  0.428894E+06
  0.390162E+00  0.423807E+06  0.421822E+06  0.000000E+00  0.000000E+00  0.757239E+04  0.420886E+06
  0.395296E+00  0.415730E+06  0.413789E+06  0.000000E+00  0.000000E+00  0.726475E+04  0.412865E+06
  0.400497E+00  0.407627E+06  0.405721E+06  0.000000E+00  0.000000E+00  0.696622E+04  0.404816E+06
  0.405766E+00  0.399518E+06  0.397641E+06  0.000000E+00  0.000000E+00  0.667694E+04  0.396761E+06
  0.411105E+00  0.391460E+06  0.389608E+06  0.000000E+00  0.000000E+00  0.639760E+04  0.388756E+06
  0.416515E+00  0.383526E+06  0.381698E+06  0.000000E+00  0.000000E+00  0.612909E+04  0.380874E+06
  0.421995E+00  0.375781E+06  0.373980E+06  0.000000E+00  0.000000E+00  0.587204E+04  0.373179E+06
  0.427547E+00  0.368271E+06  0.366501E+06  0.000000E+00  0.000000E+00  0.562679E+04  0.365720E+06
  0.433173E+00  0.361016E+06  0.359282E+06  0.000000E+00  0.000000E+00  0.539314E+04  0.358514E+06
  0.438873E+00  0.353996E+06  0.352301E+06  0.000000E+00  0.000000E+00  0.517034E+04  0.351543E+06
  0.444647E+00  0.347171E+06  0.345517E+06  0.000000E+00  0.000000E+00  0.495740E+04  0.344766E+06
  0.450498E+00  0.340488E+06  0.338874E+06  0.000000E+00  0.000000E+00  0.475319E+04  0.338130E+06
  0.456425E+00  0.333893E+06  0.332316E+06  0.000000E+00  0.000000E+00  0.455667E+04  0.331581E+06
  0.462431E+00  0.327355E+06  0.325811E+06  0.000000E+00  0.000000E+00  0.436715E+04  0.325088E+06
  0.468515E+00  0.320862E+06  0.319347E+06  0.000000E+00  0.000000E+00  0.418427E+04  0.318639E+06
  0.474680E+00  0.314427E+06  0.312939E+06  0.000000E+00  0.000000E+00  0.400799E+04  0.312248E+06
  0.480926E+00  0.308083E+06  0.306620E+06  0.000000E+00  0.000000E+00  0.383851E+04  0.305946E+06
  0.487253E+00  0.301860E+06  0.300422E+06  0.000000E+00  0.000000E+00  0.367600E+04  0.299765E+06
  0.493665E+00  0.295789E+06  0.294378E+06  0.000000E+00  0.000000E+00  0.352053E+04  0.293735E+06
  0.500160E+00  0.289879E+06  0.288496E+06  0.000000E+00  0.000000E+00  0.337199E+04  0.287866E+06
  0.506741E+00  0.284122E+06  0.282769E+06  0.000000E+00  0.000000E+00  0.323000E+04  0.282149E+06
  0.513409E+00  0.278500E+06  0.277176E+06  0.000000E+00  0.000000E+00  0.309410E+04  0.276566E+06
  0.520164E+00  0.272982E+06  0.271688E+06  0.000000E+00  0.000000E+00  0.296374E+04  0.271086E+06
  0.527008E+00  0.267549E+06  0.266282E+06  0.000000E+00  0.000000E+00  0.283852E+04  0.265691E+06
  0.533942E+00  0.262188E+06  0.260946E+06  0.000000E+00  0.000000E+00  0.271810E+04  0.260367E+06
  0.540968E+00  0.256901E+06  0.255683E+06  0.000000E+00  0.000000E+00  0.260237E+04  0.255116E+06
  0.548086E+00  0.251699E+06  0.250504E+06  0.000000E+00  0.000000E+00  0.249127E+04  0.249949E+06
  0.555297E+00  0.246597E+06  0.245424E+06  0.000000E+00  0.000000E+00  0.238477E+04  0.244882E+06
  0.562604E+00  0.241606E+06  0.240457E+06  0.000000E+00  0.000000E+00  0.228283E+04  0.239925E+06
  0.570006E+00  0.236728E+06  0.235602E+06  0.000000E+00  0.000000E+00  0.218528E+04  0.235081E+06
  0.577506E+00  0.231959E+06  0.230857E+06  0.000000E+00  0.000000E+00  0.209192E+04  0.230345E+06
  0.585105E+00  0.227285E+06  0.226206E+06  0.000000E+00  0.000000E+00  0.200248E+04  0.225703E+06
  0.592803E+00  0.222696E+06  0.221640E+06  0.000000E+00  0.000000E+00  0.191672E+04  0.221146E+06
  0.600603E+00  0.218183E+06  0.217149E+06  0.000000E+00  0.000000E+00  0.183444E+04  0.216665E+06
  0.608506E+00  0.213747E+06  0.212733E+06  0.000000E+00  0.000000E+00  0.175550E+04  0.212259E+06
  0.616512E+00  0.209389E+06  0.208395E+06  0.000000E+00  0.000000E+00  0.167982E+04  0.207931E+06
  0.624624E+00  0.205117E+06  0.204143E+06  0.000000E+00  0.000000E+00  0.160732E+04  0.203688E+06
  0.632843E+00  0.200932E+06  0.199977E+06  0.000000E+00  0.000000E+00  0.153790E+04  0.199532E+06
  0.641170E+00  0.196835E+06  0.195900E+06  0.000000E+00  0.000000E+00  0.147146E+04  0.195464E+06
  0.649606E+00  0.192821E+06  0.191906E+06  0.000000E+00  0.000000E+00  0.140784E+04  0.191478E+06
  0.658153E+00  0.188885E+06  0.187989E+06  0.000000E+00  0.000000E+00  0.134689E+04  0.187569E+06
  0.708756E+00  0.167943E+06  0.167146E+06  0.000000E+00  0.000000E+00  0.104689E+04  0.166772E+06
  0.763250E+00  0.149227E+06  0.148519E+06  0.000000E+00  0.000000E+00  0.812423E+03  0.148186E+06
  0.821934E+00  0.132505E+06  0.131877E+06  0.000000E+00  0.000000E+00  0.629467E+03  0.131580E+06
  0.885130E+00  0.117578E+06  0.117020E+06  0.000000E+00  0.000000E+00  0.486970E+03  0.116756E+06
  0.953184E+00  0.104267E+06  0.103772E+06  0.000000E+00  0.000000E+00  0.376190E+03  0.103538E+06
  0.102647E+01  0.924068E+05  0.919685E+05  0.000000E+00  0.000000E+00  0.290214E+03  0.917605E+05
  0.110539E+01  0.818468E+05  0.814586E+05  0.000000E+00  0.000000E+00  0.223591E+03  0.812742E+05
  0.119038E+01  0.724551E+05  0.721116E+05  0.000000E+00  0.000000E+00  0.172054E+03  0.719481E+05
  0.128191E+01  0.641038E+05  0.637999E+05  0.000000E+00  0.000000E+00  0.132232E+03  0.636551E+05
  0.138047E+01  0.566843E+05  0.564155E+05  0.000000E+00  0.000000E+00  0.101512E+03  0.562874E+05
  0.148661E+01  0.500980E+05  0.498605E+05  0.000000E+00  0.000000E+00  0.778441E+02  0.497472E+05
  0.160091E+01  0.442533E+05  0.440435E+05  0.000000E+00  0.000000E+00  0.811069E+02  0.439435E+05
  0.172400E+01  0.390732E+05  0.388880E+05  0.000000E+00  0.000000E+00  0.622360E+02  0.387996E+05
  0.185655E+01  0.344834E+05  0.343199E+05  0.000000E+00  0.000000E+00  0.477039E+02  0.342419E+05
  0.199929E+01  0.304191E+05  0.302749E+05  0.000000E+00  0.000000E+00  0.365275E+02  0.302060E+05
  0.215301E+01  0.268221E+05  0.266949E+05  0.000000E+00  0.000000E+00  0.279421E+02  0.266341E+05
