5.492340335516700950e-02
5.610658273176635097e-02
5.780517406646570877e-02
6.013281295709542451e-02
6.313033852170588101e-02
6.670072399392264206e-02
7.058226496897500313e-02
7.440560179204425140e-02
7.782070739911017832e-02
8.061198529030397242e-02
8.273038496996015789e-02
8.424831298655825751e-02
8.529129007369923299e-02
8.598727217724363991e-02
8.644263497479925951e-02
8.673672032581986047e-02
8.692505349240625678e-02
8.704501098255452984e-02
8.712115332513656329e-02
8.716937814955276476e-02
