3.399490538221702773e-02
3.399490873130989882e-02
3.399491403923691341e-02
3.399492245166529925e-02
3.399493578429168411e-02
3.399495691464509556e-02
3.399499040290309554e-02
3.399504347546488531e-02
3.399512758289918724e-02
3.399526086685081966e-02
3.399547206411217964e-02
3.399580667982542159e-02
3.399633673539563528e-02
3.399717612781311127e-02
3.399850474712996090e-02
3.400060613738195570e-02
3.400392578540502309e-02
3.400916004052123576e-02
3.401738855830602204e-02
3.403026371534309535e-02
