2.262559046144717746e-03
2.264089093656263679e-03
2.265223591112011572e-03
2.266022057832794891e-03
2.266563622006260385e-03
2.266921789011314917e-03
2.267154728729785674e-03
2.267304577958059383e-03
2.267400298642134170e-03
2.267461168197132566e-03
2.267499764792645957e-03
2.267524193907147646e-03
2.267539638134079705e-03
2.267549394953754377e-03
2.267555555943785023e-03
2.267559445199603032e-03
2.267561899924505544e-03
2.267563449058024490e-03
2.267564426617370895e-03
2.267565043464266506e-03
