1.868691841886661875e-02
1.880014914029855960e-02
1.897613192378513544e-02
1.924668944288095845e-02
1.965587070270299538e-02
2.025986016462493974e-02
2.112094831604557563e-02
2.229131292635969097e-02
2.378575057820403807e-02
2.555250103822062288e-02
2.746309673551943636e-02
2.934022395835176808e-02
3.101659513628666348e-02
3.238851149538075208e-02
3.343164472767996137e-02
3.418045484388872179e-02
3.469573387016906124e-02
3.503996234319382147e-02
3.526535656284761344e-02
3.541099810151342175e-02
