2.245992937050625502e-03
2.247041576103610966e-03
2.248467760494215865e-03
2.250281433742387302e-03
2.252400668196880094e-03
2.254645258517732828e-03
2.256788328960020705e-03
2.258641080381134508e-03
2.260110262427372004e-03
2.261197484303956694e-03
2.261961585704038488e-03
2.262479328677047784e-03
2.262821513973772326e-03
2.263043962645853828e-03
2.263187022602619267e-03
2.263278389877343161e-03
2.263336484351259094e-03
2.263373318600434177e-03
2.263396631181135554e-03
2.263411369095383492e-03
