5.117690579150029409e-03
5.644582439187779445e-03
6.109281738385088575e-03
6.487188264446778346e-03
6.773762342061616024e-03
6.979307815113932646e-03
7.120742272761769118e-03
7.215245291396971128e-03
7.277138401950709531e-03
7.317139186440961042e-03
7.342768224512030879e-03
7.359097677009763562e-03
7.369464853387870835e-03
7.376031787892124714e-03
7.380185524529177081e-03
7.382810461872693804e-03
7.384468323740467528e-03
7.385515016981853906e-03
7.386175696000988646e-03
7.386592659935484716e-03
