2.564284637505379657e-03
2.564379069127961912e-03
2.564519447969774036e-03
2.564721300966338064e-03
2.564998083205811356e-03
2.565353874433903576e-03
2.565775106856087520e-03
2.566227852623458733e-03
2.566666594196439881e-03
2.567051105052400688e-03
2.567359507650851004e-03
2.567589752380027100e-03
2.567752609253194738e-03
2.567863450639303741e-03
2.567936927071320583e-03
2.567984786833490442e-03
2.568015605376209546e-03
2.568035304174722498e-03
2.568047835884825283e-03
2.568055784128928532e-03
