1.983497821680242287e-02
1.994708063520658423e-02
2.012262984506418134e-02
2.039569509726222099e-02
2.081612850358898273e-02
2.145368022962893320e-02
2.239938344177411916e-02
2.375964218430305988e-02
2.563730725152511478e-02
2.809665161678338852e-02
3.111800514884223781e-02
3.456142507152988597e-02
3.816874536447021488e-02
4.162355955031554755e-02
4.464998339407585254e-02
4.709263277578069895e-02
4.893210060072586409e-02
5.024400814946990146e-02
5.114290557243799523e-02
5.174173260756177728e-02
