2.565867009226010902e-03
2.566303889904035691e-03
2.566712264973153735e-03
2.567058635138259794e-03
2.567329004794991799e-03
2.567526689137646784e-03
2.567664422306663915e-03
2.567757191448407847e-03
2.567818259225409291e-03
2.567857854283784116e-03
2.567883275269226655e-03
2.567899493097308000e-03
2.567909797809868680e-03
2.567916328540701971e-03
2.567920460720971802e-03
2.567923072571734813e-03
2.567924722381977228e-03
2.567925764076926711e-03
2.567926421634896157e-03
2.567926836642592334e-03
