2.031553186532926783e-02
2.042350521723082166e-02
2.059258791904866256e-02
2.085558864850597938e-02
2.126049506174845088e-02
2.187437379404669896e-02
2.278450430740079635e-02
2.409215456139339115e-02
2.589324428270337042e-02
2.824300823885114373e-02
3.111144593076824866e-02
3.435080144274513247e-02
3.770477670127266728e-02
4.087434909606556255e-02
4.361356887411615979e-02
4.579736569941161156e-02
4.742525231969123289e-02
4.857726423146253164e-02
4.936219591476649626e-02
4.988308707928838098e-02
