2.132804038794905779e-02
2.185646355112956171e-02
2.259324083571364120e-02
2.356353127411652329e-02
2.475086424417970513e-02
2.608114737895380134e-02
2.743266676521911862e-02
2.867561321250670578e-02
2.971750953494184389e-02
3.052441528772439558e-02
3.111144593076824866e-02
3.151918005279202850e-02
3.179328183248330414e-02
3.197350449275660617e-02
3.209027205388254728e-02
3.216520573810064537e-02
3.221299767785677781e-02
3.224335901758181716e-02
3.226259872747975349e-02
3.227477139046098370e-02
