4.052995544838854103e-02
4.052995594208085722e-02
4.052995672452710391e-02
4.052995796461764111e-02
4.052995993001440311e-02
4.052996304492629404e-02
4.052996798164539005e-02
4.052997580561059493e-02
4.052998820523785045e-02
4.053000785601450912e-02
4.053003899710687363e-02
4.053008834415464112e-02
4.053016653321592222e-02
4.053029040246167169e-02
4.053048659131393283e-02
4.053079720188554336e-02
4.053128866476508885e-02
4.053206552370578614e-02
4.053329162145894587e-02
4.053522204848581528e-02
