  0.745045E-04  0.198012E+08  0.198012E+08  0.257037E+08  0.257027E+08  0.198004E+08  0.198012E+08
  0.829624E-04  0.198009E+08  0.198009E+08  0.255384E+08  0.255371E+08  0.197998E+08  0.198009E+08
  0.923803E-04  0.198005E+08  0.198005E+08  0.253347E+08  0.253332E+08  0.197991E+08  0.198005E+08
  0.102867E-03  0.198000E+08  0.198000E+08  0.250843E+08  0.250824E+08  0.197982E+08  0.198000E+08
  0.114545E-03  0.197995E+08  0.197995E+08  0.247769E+08  0.247746E+08  0.197971E+08  0.197994E+08
  0.127548E-03  0.197987E+08  0.197987E+08  0.244006E+08  0.243978E+08  0.197958E+08  0.197987E+08
  0.142028E-03  0.197978E+08  0.197978E+08  0.239412E+08  0.239378E+08  0.197941E+08  0.197978E+08
  0.158151E-03  0.197967E+08  0.197967E+08  0.233826E+08  0.233786E+08  0.197921E+08  0.197967E+08
  0.176104E-03  0.197954E+08  0.197954E+08  0.227066E+08  0.227018E+08  0.197895E+08  0.197953E+08
  0.196096E-03  0.197937E+08  0.197937E+08  0.218933E+08  0.218876E+08  0.197864E+08  0.197936E+08
  0.218356E-03  0.197916E+08  0.197916E+08  0.209221E+08  0.209155E+08  0.197825E+08  0.197915E+08
  0.243144E-03  0.197890E+08  0.197890E+08  0.197730E+08  0.197654E+08  0.197777E+08  0.197889E+08
  0.270746E-03  0.197858E+08  0.197858E+08  0.184292E+08  0.184207E+08  0.197717E+08  0.197857E+08
  0.301482E-03  0.197819E+08  0.197819E+08  0.168806E+08  0.168713E+08  0.197644E+08  0.197818E+08
  0.335706E-03  0.197771E+08  0.197771E+08  0.151289E+08  0.151190E+08  0.197553E+08  0.197770E+08
  0.373816E-03  0.197712E+08  0.197712E+08  0.131936E+08  0.131837E+08  0.197442E+08  0.197711E+08
  0.416252E-03  0.197640E+08  0.197640E+08  0.111193E+08  0.111101E+08  0.197305E+08  0.197638E+08
  0.463505E-03  0.197553E+08  0.197553E+08  0.898139E+07  0.897368E+07  0.197138E+08  0.197550E+08
  0.516122E-03  0.197447E+08  0.197446E+08  0.688825E+07  0.688296E+07  0.196932E+08  0.197443E+08
  0.574713E-03  0.197318E+08  0.197318E+08  0.497446E+07  0.497230E+07  0.196682E+08  0.197314E+08
  0.639955E-03  0.197163E+08  0.197163E+08  0.338070E+07  0.338185E+07  0.196377E+08  0.197158E+08
  0.712603E-03  0.196978E+08  0.196977E+08  0.221707E+07  0.222076E+07  0.196007E+08  0.196972E+08
  0.793498E-03  0.196757E+08  0.196756E+08  0.151552E+07  0.151994E+07  0.195560E+08  0.196749E+08
  0.883577E-03  0.196494E+08  0.196493E+08  0.119245E+07  0.119524E+07  0.195021E+08  0.196484E+08
  0.983881E-03  0.196182E+08  0.196181E+08  0.105774E+07  0.105732E+07  0.194374E+08  0.196171E+08
  0.109557E-02  0.195816E+08  0.195815E+08  0.901265E+06  0.898405E+06  0.193600E+08  0.195802E+08
  0.121994E-02  0.195386E+08  0.195384E+08  0.632331E+06  0.630177E+06  0.192682E+08  0.195368E+08
  0.135843E-02  0.194882E+08  0.194880E+08  0.351584E+06  0.352572E+06  0.191590E+08  0.194861E+08
  0.151264E-02  0.194294E+08  0.194291E+08  0.218822E+06  0.221002E+06  0.190302E+08  0.194268E+08
  0.168436E-02  0.193609E+08  0.193606E+08  0.210942E+06  0.210394E+06  0.188791E+08  0.193579E+08
  0.187557E-02  0.192816E+08  0.192812E+08  0.154692E+06  0.153089E+06  0.187032E+08  0.192779E+08
  0.208848E-02  0.191899E+08  0.191894E+08  0.633739E+05  0.645967E+05  0.185000E+08  0.191855E+08
  0.232557E-02  0.190844E+08  0.190838E+08  0.615427E+05  0.613528E+05  0.182674E+08  0.190792E+08
  0.258957E-02  0.189634E+08  0.189627E+08  0.407570E+05  0.386935E+05  0.180035E+08  0.189573E+08
  0.288354E-02  0.188253E+08  0.188243E+08  0.174098E+05  0.150186E+05  0.177071E+08  0.188181E+08
  0.321088E-02  0.186682E+08  0.186671E+08  0.205891E+05  0.152988E+05  0.173772E+08  0.186600E+08
  0.357538E-02  0.184906E+08  0.184892E+08  0.270589E+04  0.316682E+04  0.170131E+08  0.184811E+08
  0.398126E-02  0.182906E+08  0.182889E+08 -0.339307E+03 -0.494736E+03  0.166136E+08  0.182798E+08
  0.443322E-02  0.180666E+08  0.180645E+08  0.255772E+04  0.143085E+04  0.161773E+08  0.180544E+08
  0.493648E-02  0.178169E+08  0.178143E+08  0.000000E+00  0.000000E+00  0.157021E+08  0.178032E+08
  0.498985E-02  0.177904E+08  0.177878E+08  0.000000E+00  0.000000E+00  0.156523E+08  0.177766E+08
  0.504379E-02  0.177637E+08  0.177610E+08  0.000000E+00  0.000000E+00  0.156022E+08  0.177497E+08
  0.509832E-02  0.177367E+08  0.177339E+08  0.000000E+00  0.000000E+00  0.155516E+08  0.177225E+08
  0.515344E-02  0.177094E+08  0.177066E+08  0.000000E+00  0.000000E+00  0.155006E+08  0.176951E+08
  0.520915E-02  0.176818E+08  0.176790E+08  0.000000E+00  0.000000E+00  0.154492E+08  0.176674E+08
  0.526546E-02  0.176540E+08  0.176511E+08  0.000000E+00  0.000000E+00  0.153974E+08  0.176394E+08
  0.532239E-02  0.176259E+08  0.176229E+08  0.000000E+00  0.000000E+00  0.153452E+08  0.176111E+08
  0.537993E-02  0.175974E+08  0.175944E+08  0.000000E+00  0.000000E+00  0.152925E+08  0.175825E+08
  0.543809E-02  0.175687E+08  0.175656E+08  0.000000E+00  0.000000E+00  0.152395E+08  0.175536E+08
  0.549688E-02  0.175398E+08  0.175366E+08  0.000000E+00  0.000000E+00  0.151860E+08  0.175245E+08
  0.555630E-02  0.175105E+08  0.175072E+08  0.000000E+00  0.000000E+00  0.151321E+08  0.174950E+08
  0.561637E-02  0.174809E+08  0.174776E+08  0.000000E+00  0.000000E+00  0.150777E+08  0.174653E+08
  0.567709E-02  0.174510E+08  0.174477E+08  0.000000E+00  0.000000E+00  0.150230E+08  0.174353E+08
  0.573846E-02  0.174209E+08  0.174175E+08  0.000000E+00  0.000000E+00  0.149678E+08  0.174049E+08
  0.580050E-02  0.173904E+08  0.173869E+08  0.000000E+00  0.000000E+00  0.149122E+08  0.173743E+08
  0.586320E-02  0.173597E+08  0.173561E+08  0.000000E+00  0.000000E+00  0.148562E+08  0.173434E+08
  0.592659E-02  0.173286E+08  0.173250E+08  0.000000E+00  0.000000E+00  0.147997E+08  0.173122E+08
  0.599066E-02  0.172972E+08  0.172935E+08  0.000000E+00  0.000000E+00  0.147429E+08  0.172806E+08
  0.605542E-02  0.172656E+08  0.172618E+08  0.000000E+00  0.000000E+00  0.146856E+08  0.172488E+08
  0.612089E-02  0.172336E+08  0.172298E+08  0.000000E+00  0.000000E+00  0.146279E+08  0.172167E+08
  0.618706E-02  0.172014E+08  0.171974E+08  0.000000E+00  0.000000E+00  0.145697E+08  0.171842E+08
  0.625394E-02  0.171688E+08  0.171648E+08  0.000000E+00  0.000000E+00  0.145112E+08  0.171515E+08
  0.632155E-02  0.171359E+08  0.171318E+08  0.000000E+00  0.000000E+00  0.144522E+08  0.171184E+08
  0.638989E-02  0.171027E+08  0.170985E+08  0.000000E+00  0.000000E+00  0.143928E+08  0.170850E+08
  0.645897E-02  0.170692E+08  0.170649E+08  0.000000E+00  0.000000E+00  0.143330E+08  0.170513E+08
  0.652880E-02  0.170354E+08  0.170310E+08  0.000000E+00  0.000000E+00  0.142728E+08  0.170173E+08
  0.659938E-02  0.170012E+08  0.169968E+08  0.000000E+00  0.000000E+00  0.142122E+08  0.169830E+08
  0.667072E-02  0.169668E+08  0.169622E+08  0.000000E+00  0.000000E+00  0.141511E+08  0.169484E+08
  0.674284E-02  0.169320E+08  0.169274E+08  0.000000E+00  0.000000E+00  0.140897E+08  0.169134E+08
  0.681573E-02  0.168969E+08  0.168922E+08  0.000000E+00  0.000000E+00  0.140278E+08  0.168781E+08
  0.688942E-02  0.168615E+08  0.168566E+08  0.000000E+00  0.000000E+00  0.139656E+08  0.168425E+08
  0.696390E-02  0.168257E+08  0.168208E+08  0.000000E+00  0.000000E+00  0.139029E+08  0.168066E+08
  0.703918E-02  0.167896E+08  0.167846E+08  0.000000E+00  0.000000E+00  0.138399E+08  0.167703E+08
  0.711528E-02  0.167532E+08  0.167481E+08  0.000000E+00  0.000000E+00  0.137764E+08  0.167338E+08
  0.719220E-02  0.167165E+08  0.167113E+08  0.000000E+00  0.000000E+00  0.137125E+08  0.166968E+08
  0.726995E-02  0.166795E+08  0.166741E+08  0.000000E+00  0.000000E+00  0.136483E+08  0.166596E+08
  0.734855E-02  0.166421E+08  0.166367E+08  0.000000E+00  0.000000E+00  0.135836E+08  0.166220E+08
  0.742799E-02  0.166044E+08  0.165988E+08  0.000000E+00  0.000000E+00  0.135186E+08  0.165841E+08
  0.750829E-02  0.165663E+08  0.165607E+08  0.000000E+00  0.000000E+00  0.134532E+08  0.165459E+08
  0.758946E-02  0.165279E+08  0.165221E+08  0.000000E+00  0.000000E+00  0.133874E+08  0.165073E+08
  0.767151E-02  0.164892E+08  0.164833E+08  0.000000E+00  0.000000E+00  0.133212E+08  0.164684E+08
  0.775444E-02  0.164501E+08  0.164441E+08  0.000000E+00  0.000000E+00  0.132547E+08  0.164291E+08
  0.783828E-02  0.164107E+08  0.164046E+08  0.000000E+00  0.000000E+00  0.131877E+08  0.163895E+08
  0.792301E-02  0.163709E+08  0.163647E+08  0.000000E+00  0.000000E+00  0.131204E+08  0.163496E+08
  0.800867E-02  0.163309E+08  0.163245E+08  0.000000E+00  0.000000E+00  0.130528E+08  0.163093E+08
  0.809524E-02  0.162904E+08  0.162839E+08  0.000000E+00  0.000000E+00  0.129847E+08  0.162686E+08
  0.818276E-02  0.162496E+08  0.162430E+08  0.000000E+00  0.000000E+00  0.129163E+08  0.162277E+08
  0.827122E-02  0.162085E+08  0.162018E+08  0.000000E+00  0.000000E+00  0.128476E+08  0.161863E+08
  0.836064E-02  0.161670E+08  0.161601E+08  0.000000E+00  0.000000E+00  0.127785E+08  0.161447E+08
  0.845102E-02  0.161252E+08  0.161182E+08  0.000000E+00  0.000000E+00  0.127090E+08  0.161026E+08
  0.854239E-02  0.160830E+08  0.160758E+08  0.000000E+00  0.000000E+00  0.126392E+08  0.160602E+08
  0.863473E-02  0.160404E+08  0.160331E+08  0.000000E+00  0.000000E+00  0.125691E+08  0.160175E+08
  0.872808E-02  0.159975E+08  0.159901E+08  0.000000E+00  0.000000E+00  0.124986E+08  0.159744E+08
  0.882244E-02  0.159543E+08  0.159467E+08  0.000000E+00  0.000000E+00  0.124278E+08  0.159309E+08
  0.891782E-02  0.159106E+08  0.159029E+08  0.000000E+00  0.000000E+00  0.123566E+08  0.158871E+08
  0.901422E-02  0.158667E+08  0.158588E+08  0.000000E+00  0.000000E+00  0.122851E+08  0.158430E+08
  0.911167E-02  0.158223E+08  0.158143E+08  0.000000E+00  0.000000E+00  0.122133E+08  0.157984E+08
  0.921018E-02  0.157776E+08  0.157694E+08  0.000000E+00  0.000000E+00  0.121412E+08  0.157535E+08
  0.930975E-02  0.157326E+08  0.157242E+08  0.000000E+00  0.000000E+00  0.120688E+08  0.157083E+08
  0.941039E-02  0.156871E+08  0.156786E+08  0.000000E+00  0.000000E+00  0.119960E+08  0.156626E+08
  0.951212E-02  0.156413E+08  0.156327E+08  0.000000E+00  0.000000E+00  0.119230E+08  0.156166E+08
  0.961496E-02  0.155952E+08  0.155863E+08  0.000000E+00  0.000000E+00  0.118496E+08  0.155703E+08
  0.971890E-02  0.155486E+08  0.155396E+08  0.000000E+00  0.000000E+00  0.117760E+08  0.155235E+08
  0.982397E-02  0.155017E+08  0.154925E+08  0.000000E+00  0.000000E+00  0.117020E+08  0.154764E+08
  0.993017E-02  0.154544E+08  0.154451E+08  0.000000E+00  0.000000E+00  0.116278E+08  0.154289E+08
  0.100375E-01  0.154068E+08  0.153972E+08  0.000000E+00  0.000000E+00  0.115533E+08  0.153811E+08
  0.101460E-01  0.153587E+08  0.153490E+08  0.000000E+00  0.000000E+00  0.114785E+08  0.153328E+08
  0.102557E-01  0.153103E+08  0.153004E+08  0.000000E+00  0.000000E+00  0.114034E+08  0.152842E+08
  0.103666E-01  0.152615E+08  0.152514E+08  0.000000E+00  0.000000E+00  0.113281E+08  0.152352E+08
  0.104787E-01  0.152123E+08  0.152020E+08  0.000000E+00  0.000000E+00  0.112525E+08  0.151859E+08
  0.105919E-01  0.151628E+08  0.151523E+08  0.000000E+00  0.000000E+00  0.111766E+08  0.151361E+08
  0.107065E-01  0.151128E+08  0.151022E+08  0.000000E+00  0.000000E+00  0.111005E+08  0.150860E+08
  0.108222E-01  0.150625E+08  0.150516E+08  0.000000E+00  0.000000E+00  0.110242E+08  0.150355E+08
  0.109392E-01  0.150118E+08  0.150007E+08  0.000000E+00  0.000000E+00  0.109476E+08  0.149846E+08
  0.110575E-01  0.149607E+08  0.149494E+08  0.000000E+00  0.000000E+00  0.108708E+08  0.149333E+08
  0.111770E-01  0.149092E+08  0.148977E+08  0.000000E+00  0.000000E+00  0.107937E+08  0.148816E+08
  0.112978E-01  0.148573E+08  0.148456E+08  0.000000E+00  0.000000E+00  0.107165E+08  0.148295E+08
  0.114200E-01  0.148051E+08  0.147931E+08  0.000000E+00  0.000000E+00  0.106390E+08  0.147771E+08
  0.115434E-01  0.147524E+08  0.147403E+08  0.000000E+00  0.000000E+00  0.105613E+08  0.147242E+08
  0.116682E-01  0.146994E+08  0.146870E+08  0.000000E+00  0.000000E+00  0.104834E+08  0.146710E+08
  0.117944E-01  0.146459E+08  0.146333E+08  0.000000E+00  0.000000E+00  0.104053E+08  0.146173E+08
  0.119219E-01  0.145921E+08  0.145792E+08  0.000000E+00  0.000000E+00  0.103270E+08  0.145633E+08
  0.120507E-01  0.145378E+08  0.145248E+08  0.000000E+00  0.000000E+00  0.102485E+08  0.145089E+08
  0.121810E-01  0.144832E+08  0.144699E+08  0.000000E+00  0.000000E+00  0.101698E+08  0.144541E+08
  0.123127E-01  0.144282E+08  0.144146E+08  0.000000E+00  0.000000E+00  0.100910E+08  0.143988E+08
  0.124458E-01  0.143727E+08  0.143589E+08  0.000000E+00  0.000000E+00  0.100120E+08  0.143432E+08
  0.125804E-01  0.143169E+08  0.143028E+08  0.000000E+00  0.000000E+00  0.993282E+07  0.142872E+08
  0.127164E-01  0.142607E+08  0.142463E+08  0.000000E+00  0.000000E+00  0.985350E+07  0.142308E+08
  0.128538E-01  0.142040E+08  0.141894E+08  0.000000E+00  0.000000E+00  0.977404E+07  0.141740E+08
  0.129928E-01  0.141470E+08  0.141321E+08  0.000000E+00  0.000000E+00  0.969443E+07  0.141167E+08
  0.131333E-01  0.140895E+08  0.140744E+08  0.000000E+00  0.000000E+00  0.961470E+07  0.140591E+08
  0.132752E-01  0.140317E+08  0.140163E+08  0.000000E+00  0.000000E+00  0.953484E+07  0.140011E+08
  0.134188E-01  0.139734E+08  0.139578E+08  0.000000E+00  0.000000E+00  0.945486E+07  0.139426E+08
  0.135638E-01  0.139148E+08  0.138988E+08  0.000000E+00  0.000000E+00  0.937477E+07  0.138838E+08
  0.137105E-01  0.138557E+08  0.138395E+08  0.000000E+00  0.000000E+00  0.929457E+07  0.138245E+08
  0.138587E-01  0.137962E+08  0.137797E+08  0.000000E+00  0.000000E+00  0.921428E+07  0.137649E+08
  0.140085E-01  0.137363E+08  0.137195E+08  0.000000E+00  0.000000E+00  0.913390E+07  0.137048E+08
  0.141599E-01  0.136760E+08  0.136589E+08  0.000000E+00  0.000000E+00  0.905344E+07  0.136443E+08
  0.143130E-01  0.136153E+08  0.135979E+08  0.000000E+00  0.000000E+00  0.897291E+07  0.135835E+08
  0.144678E-01  0.135542E+08  0.135365E+08  0.000000E+00  0.000000E+00  0.889231E+07  0.135222E+08
  0.146242E-01  0.134927E+08  0.134746E+08  0.000000E+00  0.000000E+00  0.881165E+07  0.134605E+08
  0.147823E-01  0.134307E+08  0.134124E+08  0.000000E+00  0.000000E+00  0.873095E+07  0.133984E+08
  0.149421E-01  0.133684E+08  0.133497E+08  0.000000E+00  0.000000E+00  0.865020E+07  0.133358E+08
  0.151036E-01  0.133056E+08  0.132866E+08  0.000000E+00  0.000000E+00  0.856942E+07  0.132729E+08
  0.152669E-01  0.132424E+08  0.132231E+08  0.000000E+00  0.000000E+00  0.848861E+07  0.132096E+08
  0.154319E-01  0.131788E+08  0.131592E+08  0.000000E+00  0.000000E+00  0.840778E+07  0.131458E+08
  0.155988E-01  0.131148E+08  0.130949E+08  0.000000E+00  0.000000E+00  0.832695E+07  0.130817E+08
  0.157674E-01  0.130504E+08  0.130302E+08  0.000000E+00  0.000000E+00  0.824611E+07  0.130171E+08
  0.159378E-01  0.129856E+08  0.129650E+08  0.000000E+00  0.000000E+00  0.816528E+07  0.129522E+08
  0.161101E-01  0.129204E+08  0.128994E+08  0.000000E+00  0.000000E+00  0.808447E+07  0.128868E+08
  0.162843E-01  0.128548E+08  0.128335E+08  0.000000E+00  0.000000E+00  0.800369E+07  0.128210E+08
  0.164603E-01  0.127887E+08  0.127671E+08  0.000000E+00  0.000000E+00  0.792293E+07  0.127548E+08
  0.166383E-01  0.127223E+08  0.127003E+08  0.000000E+00  0.000000E+00  0.784222E+07  0.126882E+08
  0.168182E-01  0.126554E+08  0.126331E+08  0.000000E+00  0.000000E+00  0.776156E+07  0.126213E+08
  0.170000E-01  0.125882E+08  0.125654E+08  0.000000E+00  0.000000E+00  0.768096E+07  0.125539E+08
  0.171838E-01  0.125205E+08  0.124974E+08  0.000000E+00  0.000000E+00  0.760043E+07  0.124861E+08
  0.173695E-01  0.124525E+08  0.124290E+08  0.000000E+00  0.000000E+00  0.751998E+07  0.124179E+08
  0.175573E-01  0.123840E+08  0.123602E+08  0.000000E+00  0.000000E+00  0.743961E+07  0.123493E+08
  0.177471E-01  0.123152E+08  0.122909E+08  0.000000E+00  0.000000E+00  0.735934E+07  0.122803E+08
  0.179390E-01  0.122459E+08  0.122213E+08  0.000000E+00  0.000000E+00  0.727917E+07  0.122109E+08
  0.181329E-01  0.121763E+08  0.121513E+08  0.000000E+00  0.000000E+00  0.719912E+07  0.121411E+08
  0.183289E-01  0.121062E+08  0.120809E+08  0.000000E+00  0.000000E+00  0.711919E+07  0.120710E+08
  0.185271E-01  0.120358E+08  0.120101E+08  0.000000E+00  0.000000E+00  0.703939E+07  0.120004E+08
  0.187274E-01  0.119650E+08  0.119389E+08  0.000000E+00  0.000000E+00  0.695973E+07  0.119295E+08
  0.189298E-01  0.118938E+08  0.118673E+08  0.000000E+00  0.000000E+00  0.688023E+07  0.118582E+08
  0.191345E-01  0.118222E+08  0.117953E+08  0.000000E+00  0.000000E+00  0.680089E+07  0.117865E+08
  0.193413E-01  0.117503E+08  0.117230E+08  0.000000E+00  0.000000E+00  0.672172E+07  0.117145E+08
  0.195504E-01  0.116780E+08  0.116502E+08  0.000000E+00  0.000000E+00  0.664272E+07  0.116421E+08
  0.197618E-01  0.116053E+08  0.115772E+08  0.000000E+00  0.000000E+00  0.656392E+07  0.115693E+08
  0.199754E-01  0.115322E+08  0.115037E+08  0.000000E+00  0.000000E+00  0.648532E+07  0.114961E+08
  0.201914E-01  0.114588E+08  0.114299E+08  0.000000E+00  0.000000E+00  0.640692E+07  0.114226E+08
  0.204097E-01  0.113851E+08  0.113557E+08  0.000000E+00  0.000000E+00  0.632875E+07  0.113488E+08
  0.206303E-01  0.113110E+08  0.112812E+08  0.000000E+00  0.000000E+00  0.625081E+07  0.112746E+08
  0.208533E-01  0.112365E+08  0.112063E+08  0.000000E+00  0.000000E+00  0.617310E+07  0.112000E+08
  0.210788E-01  0.111617E+08  0.111311E+08  0.000000E+00  0.000000E+00  0.609564E+07  0.111252E+08
  0.213066E-01  0.110866E+08  0.110556E+08  0.000000E+00  0.000000E+00  0.601845E+07  0.110500E+08
  0.215370E-01  0.110111E+08  0.109797E+08  0.000000E+00  0.000000E+00  0.594152E+07  0.109745E+08
  0.217698E-01  0.109354E+08  0.109036E+08  0.000000E+00  0.000000E+00  0.586488E+07  0.108986E+08
  0.220052E-01  0.108593E+08  0.108271E+08  0.000000E+00  0.000000E+00  0.578852E+07  0.108225E+08
  0.222430E-01  0.107829E+08  0.107503E+08  0.000000E+00  0.000000E+00  0.571247E+07  0.107460E+08
  0.224835E-01  0.107062E+08  0.106732E+08  0.000000E+00  0.000000E+00  0.563672E+07  0.106693E+08
  0.227266E-01  0.106293E+08  0.105958E+08  0.000000E+00  0.000000E+00  0.556130E+07  0.105923E+08
  0.229723E-01  0.105520E+08  0.105181E+08  0.000000E+00  0.000000E+00  0.548621E+07  0.105150E+08
  0.232206E-01  0.104745E+08  0.104402E+08  0.000000E+00  0.000000E+00  0.541147E+07  0.104374E+08
  0.234716E-01  0.103967E+08  0.103620E+08  0.000000E+00  0.000000E+00  0.533708E+07  0.103596E+08
  0.237254E-01  0.103187E+08  0.102836E+08  0.000000E+00  0.000000E+00  0.526305E+07  0.102816E+08
  0.239819E-01  0.102405E+08  0.102049E+08  0.000000E+00  0.000000E+00  0.518940E+07  0.102032E+08
  0.242411E-01  0.101620E+08  0.101260E+08  0.000000E+00  0.000000E+00  0.511614E+07  0.101247E+08
  0.245032E-01  0.100832E+08  0.100469E+08  0.000000E+00  0.000000E+00  0.504327E+07  0.100460E+08
  0.247681E-01  0.100043E+08  0.996759E+07  0.000000E+00  0.000000E+00  0.497081E+07  0.996704E+07
  0.250359E-01  0.992521E+07  0.988808E+07  0.000000E+00  0.000000E+00  0.489877E+07  0.988791E+07
  0.253065E-01  0.984591E+07  0.980839E+07  0.000000E+00  0.000000E+00  0.482715E+07  0.980860E+07
  0.255801E-01  0.976644E+07  0.972854E+07  0.000000E+00  0.000000E+00  0.475598E+07  0.972912E+07
  0.258566E-01  0.968681E+07  0.964853E+07  0.000000E+00  0.000000E+00  0.468526E+07  0.964949E+07
  0.261362E-01  0.960704E+07  0.956838E+07  0.000000E+00  0.000000E+00  0.461500E+07  0.956973E+07
  0.264187E-01  0.952715E+07  0.948812E+07  0.000000E+00  0.000000E+00  0.454521E+07  0.948984E+07
  0.267043E-01  0.944714E+07  0.940775E+07  0.000000E+00  0.000000E+00  0.447590E+07  0.940984E+07
  0.269930E-01  0.936704E+07  0.932728E+07  0.000000E+00  0.000000E+00  0.440708E+07  0.932975E+07
  0.272848E-01  0.928685E+07  0.924675E+07  0.000000E+00  0.000000E+00  0.433877E+07  0.924958E+07
  0.275798E-01  0.920659E+07  0.916615E+07  0.000000E+00  0.000000E+00  0.427097E+07  0.916936E+07
  0.278779E-01  0.912629E+07  0.908552E+07  0.000000E+00  0.000000E+00  0.420370E+07  0.908909E+07
  0.281793E-01  0.904596E+07  0.900486E+07  0.000000E+00  0.000000E+00  0.413695E+07  0.900879E+07
  0.284840E-01  0.896562E+07  0.892420E+07  0.000000E+00  0.000000E+00  0.407075E+07  0.892848E+07
  0.287919E-01  0.888528E+07  0.884355E+07  0.000000E+00  0.000000E+00  0.400511E+07  0.884819E+07
  0.291032E-01  0.880496E+07  0.876294E+07  0.000000E+00  0.000000E+00  0.394003E+07  0.876793E+07
  0.294178E-01  0.872469E+07  0.868238E+07  0.000000E+00  0.000000E+00  0.387552E+07  0.868771E+07
  0.297358E-01  0.864449E+07  0.860190E+07  0.000000E+00  0.000000E+00  0.381160E+07  0.860756E+07
  0.300573E-01  0.856436E+07  0.852151E+07  0.000000E+00  0.000000E+00  0.374827E+07  0.852751E+07
  0.303822E-01  0.848435E+07  0.844124E+07  0.000000E+00  0.000000E+00  0.368554E+07  0.844756E+07
  0.307107E-01  0.840446E+07  0.836111E+07  0.000000E+00  0.000000E+00  0.362342E+07  0.836774E+07
  0.310427E-01  0.832471E+07  0.828114E+07  0.000000E+00  0.000000E+00  0.356193E+07  0.828808E+07
  0.313783E-01  0.824514E+07  0.820136E+07  0.000000E+00  0.000000E+00  0.350106E+07  0.820859E+07
  0.317175E-01  0.816576E+07  0.812178E+07  0.000000E+00  0.000000E+00  0.344084E+07  0.812930E+07
  0.320604E-01  0.808659E+07  0.804243E+07  0.000000E+00  0.000000E+00  0.338126E+07  0.805023E+07
  0.324070E-01  0.800767E+07  0.796334E+07  0.000000E+00  0.000000E+00  0.332234E+07  0.797140E+07
  0.327573E-01  0.792900E+07  0.788453E+07  0.000000E+00  0.000000E+00  0.326408E+07  0.789284E+07
  0.331114E-01  0.785062E+07  0.780601E+07  0.000000E+00  0.000000E+00  0.320649E+07  0.781457E+07
  0.334694E-01  0.777255E+07  0.772783E+07  0.000000E+00  0.000000E+00  0.314959E+07  0.773662E+07
  0.338312E-01  0.769482E+07  0.765000E+07  0.000000E+00  0.000000E+00  0.309336E+07  0.765901E+07
  0.341970E-01  0.761745E+07  0.757254E+07  0.000000E+00  0.000000E+00  0.303783E+07  0.758176E+07
  0.345667E-01  0.754046E+07  0.749549E+07  0.000000E+00  0.000000E+00  0.298300E+07  0.750490E+07
  0.349404E-01  0.746387E+07  0.741887E+07  0.000000E+00  0.000000E+00  0.292887E+07  0.742845E+07
  0.353181E-01  0.738772E+07  0.734270E+07  0.000000E+00  0.000000E+00  0.287546E+07  0.735244E+07
  0.356999E-01  0.731204E+07  0.726701E+07  0.000000E+00  0.000000E+00  0.282275E+07  0.727690E+07
  0.360858E-01  0.723683E+07  0.719183E+07  0.000000E+00  0.000000E+00  0.277077E+07  0.720184E+07
  0.364760E-01  0.716214E+07  0.711717E+07  0.000000E+00  0.000000E+00  0.271952E+07  0.712730E+07
  0.368703E-01  0.708797E+07  0.704308E+07  0.000000E+00  0.000000E+00  0.266899E+07  0.705329E+07
  0.372689E-01  0.701437E+07  0.696956E+07  0.000000E+00  0.000000E+00  0.261921E+07  0.697985E+07
  0.376718E-01  0.694134E+07  0.689664E+07  0.000000E+00  0.000000E+00  0.257016E+07  0.690700E+07
  0.380790E-01  0.686892E+07  0.682435E+07  0.000000E+00  0.000000E+00  0.252185E+07  0.683474E+07
  0.384907E-01  0.679712E+07  0.675271E+07  0.000000E+00  0.000000E+00  0.247428E+07  0.676312E+07
  0.389068E-01  0.672598E+07  0.668175E+07  0.000000E+00  0.000000E+00  0.242747E+07  0.669217E+07
  0.393274E-01  0.665553E+07  0.661150E+07  0.000000E+00  0.000000E+00  0.238141E+07  0.662190E+07
  0.397526E-01  0.658578E+07  0.654198E+07  0.000000E+00  0.000000E+00  0.233610E+07  0.655234E+07
  0.401823E-01  0.651676E+07  0.647322E+07  0.000000E+00  0.000000E+00  0.229154E+07  0.648351E+07
  0.406167E-01  0.644849E+07  0.640522E+07  0.000000E+00  0.000000E+00  0.224773E+07  0.641543E+07
  0.410558E-01  0.638097E+07  0.633801E+07  0.000000E+00  0.000000E+00  0.220467E+07  0.634812E+07
  0.414997E-01  0.631424E+07  0.627160E+07  0.000000E+00  0.000000E+00  0.216235E+07  0.628159E+07
  0.419483E-01  0.624831E+07  0.620602E+07  0.000000E+00  0.000000E+00  0.212077E+07  0.621586E+07
  0.424018E-01  0.618318E+07  0.614127E+07  0.000000E+00  0.000000E+00  0.207994E+07  0.615095E+07
  0.428602E-01  0.611888E+07  0.607737E+07  0.000000E+00  0.000000E+00  0.203984E+07  0.608686E+07
  0.433235E-01  0.605543E+07  0.601434E+07  0.000000E+00  0.000000E+00  0.200047E+07  0.602362E+07
  0.437919E-01  0.599283E+07  0.595219E+07  0.000000E+00  0.000000E+00  0.196184E+07  0.596124E+07
  0.442653E-01  0.593110E+07  0.589094E+07  0.000000E+00  0.000000E+00  0.192394E+07  0.589974E+07
  0.447439E-01  0.587026E+07  0.583060E+07  0.000000E+00  0.000000E+00  0.188677E+07  0.583912E+07
  0.452276E-01  0.581031E+07  0.577117E+07  0.000000E+00  0.000000E+00  0.185031E+07  0.577940E+07
  0.457165E-01  0.575127E+07  0.571267E+07  0.000000E+00  0.000000E+00  0.181456E+07  0.572059E+07
  0.462107E-01  0.569313E+07  0.565510E+07  0.000000E+00  0.000000E+00  0.177951E+07  0.566268E+07
  0.467103E-01  0.563590E+07  0.559845E+07  0.000000E+00  0.000000E+00  0.174515E+07  0.560569E+07
  0.472153E-01  0.557959E+07  0.554275E+07  0.000000E+00  0.000000E+00  0.171147E+07  0.554961E+07
  0.477257E-01  0.552418E+07  0.548797E+07  0.000000E+00  0.000000E+00  0.167846E+07  0.549444E+07
  0.482417E-01  0.546968E+07  0.543411E+07  0.000000E+00  0.000000E+00  0.164613E+07  0.544018E+07
  0.487632E-01  0.541609E+07  0.538118E+07  0.000000E+00  0.000000E+00  0.161445E+07  0.538683E+07
  0.492904E-01  0.536339E+07  0.532917E+07  0.000000E+00  0.000000E+00  0.158341E+07  0.533437E+07
  0.498232E-01  0.531159E+07  0.527806E+07  0.000000E+00  0.000000E+00  0.155301E+07  0.528281E+07
  0.503618E-01  0.526067E+07  0.522784E+07  0.000000E+00  0.000000E+00  0.152323E+07  0.523213E+07
  0.509063E-01  0.521061E+07  0.517851E+07  0.000000E+00  0.000000E+00  0.149405E+07  0.518231E+07
  0.514566E-01  0.516139E+07  0.513003E+07  0.000000E+00  0.000000E+00  0.146546E+07  0.513334E+07
  0.520129E-01  0.511301E+07  0.508239E+07  0.000000E+00  0.000000E+00  0.143746E+07  0.508520E+07
  0.525752E-01  0.506543E+07  0.503556E+07  0.000000E+00  0.000000E+00  0.141002E+07  0.503786E+07
  0.531436E-01  0.501862E+07  0.498952E+07  0.000000E+00  0.000000E+00  0.138314E+07  0.499130E+07
  0.537181E-01  0.497258E+07  0.494424E+07  0.000000E+00  0.000000E+00  0.135679E+07  0.494550E+07
  0.542988E-01  0.492726E+07  0.489969E+07  0.000000E+00  0.000000E+00  0.133096E+07  0.490042E+07
  0.548858E-01  0.488264E+07  0.485585E+07  0.000000E+00  0.000000E+00  0.130564E+07  0.485604E+07
  0.554792E-01  0.483870E+07  0.481268E+07  0.000000E+00  0.000000E+00  0.128080E+07  0.481234E+07
  0.560790E-01  0.479539E+07  0.477014E+07  0.000000E+00  0.000000E+00  0.125644E+07  0.476927E+07
  0.566852E-01  0.475269E+07  0.472820E+07  0.000000E+00  0.000000E+00  0.123253E+07  0.472680E+07
  0.572980E-01  0.471055E+07  0.468682E+07  0.000000E+00  0.000000E+00  0.120907E+07  0.468490E+07
  0.579175E-01  0.466892E+07  0.464595E+07  0.000000E+00  0.000000E+00  0.118604E+07  0.464350E+07
  0.585436E-01  0.462777E+07  0.460554E+07  0.000000E+00  0.000000E+00  0.116343E+07  0.460258E+07
  0.591765E-01  0.458703E+07  0.456553E+07  0.000000E+00  0.000000E+00  0.114120E+07  0.456207E+07
  0.600666E-01  0.453109E+07  0.451058E+07  0.000000E+00  0.000000E+00  0.111094E+07  0.450645E+07
  0.609568E-01  0.447658E+07  0.445701E+07  0.000000E+00  0.000000E+00  0.108179E+07  0.445223E+07
  0.618469E-01  0.442332E+07  0.440464E+07  0.000000E+00  0.000000E+00  0.105369E+07  0.439927E+07
  0.627370E-01  0.437115E+07  0.435332E+07  0.000000E+00  0.000000E+00  0.102656E+07  0.434739E+07
  0.636272E-01  0.431994E+07  0.430289E+07  0.000000E+00  0.000000E+00  0.100031E+07  0.429646E+07
  0.645173E-01  0.426953E+07  0.425320E+07  0.000000E+00  0.000000E+00  0.974879E+06  0.424632E+07
  0.654074E-01  0.421979E+07  0.420413E+07  0.000000E+00  0.000000E+00  0.950224E+06  0.419684E+07
  0.662976E-01  0.417061E+07  0.415556E+07  0.000000E+00  0.000000E+00  0.926296E+06  0.414791E+07
  0.671877E-01  0.412189E+07  0.410738E+07  0.000000E+00  0.000000E+00  0.903042E+06  0.409943E+07
  0.680779E-01  0.407354E+07  0.405952E+07  0.000000E+00  0.000000E+00  0.880417E+06  0.405132E+07
  0.689680E-01  0.402549E+07  0.401190E+07  0.000000E+00  0.000000E+00  0.858392E+06  0.400350E+07
  0.698581E-01  0.397767E+07  0.396444E+07  0.000000E+00  0.000000E+00  0.836936E+06  0.395590E+07
  0.707483E-01  0.393001E+07  0.391710E+07  0.000000E+00  0.000000E+00  0.816014E+06  0.390846E+07
  0.716384E-01  0.388248E+07  0.386982E+07  0.000000E+00  0.000000E+00  0.795598E+06  0.386114E+07
  0.725285E-01  0.383504E+07  0.382258E+07  0.000000E+00  0.000000E+00  0.775671E+06  0.381390E+07
  0.734187E-01  0.378766E+07  0.377535E+07  0.000000E+00  0.000000E+00  0.756216E+06  0.376672E+07
  0.743088E-01  0.374034E+07  0.372812E+07  0.000000E+00  0.000000E+00  0.737211E+06  0.371959E+07
  0.751990E-01  0.369307E+07  0.368090E+07  0.000000E+00  0.000000E+00  0.718644E+06  0.367251E+07
  0.760891E-01  0.364585E+07  0.363368E+07  0.000000E+00  0.000000E+00  0.700506E+06  0.362547E+07
  0.769792E-01  0.359869E+07  0.358649E+07  0.000000E+00  0.000000E+00  0.682785E+06  0.357849E+07
  0.778694E-01  0.355162E+07  0.353935E+07  0.000000E+00  0.000000E+00  0.665470E+06  0.353160E+07
  0.787595E-01  0.350466E+07  0.349228E+07  0.000000E+00  0.000000E+00  0.648556E+06  0.348481E+07
  0.796497E-01  0.345783E+07  0.344531E+07  0.000000E+00  0.000000E+00  0.632040E+06  0.343815E+07
  0.805398E-01  0.341118E+07  0.339850E+07  0.000000E+00  0.000000E+00  0.615915E+06  0.339167E+07
  0.814299E-01  0.336475E+07  0.335188E+07  0.000000E+00  0.000000E+00  0.600178E+06  0.334540E+07
  0.823201E-01  0.331858E+07  0.330550E+07  0.000000E+00  0.000000E+00  0.584828E+06  0.329939E+07
  0.832102E-01  0.327272E+07  0.325943E+07  0.000000E+00  0.000000E+00  0.569859E+06  0.325369E+07
  0.841003E-01  0.322723E+07  0.321370E+07  0.000000E+00  0.000000E+00  0.555271E+06  0.320836E+07
  0.849905E-01  0.318216E+07  0.316839E+07  0.000000E+00  0.000000E+00  0.541063E+06  0.316344E+07
  0.858806E-01  0.313755E+07  0.312354E+07  0.000000E+00  0.000000E+00  0.527235E+06  0.311899E+07
  0.867708E-01  0.309347E+07  0.307922E+07  0.000000E+00  0.000000E+00  0.513784E+06  0.307507E+07
  0.876609E-01  0.304997E+07  0.303548E+07  0.000000E+00  0.000000E+00  0.500708E+06  0.303173E+07
  0.885510E-01  0.300711E+07  0.299239E+07  0.000000E+00  0.000000E+00  0.488005E+06  0.298902E+07
  0.894412E-01  0.296494E+07  0.294999E+07  0.000000E+00  0.000000E+00  0.475672E+06  0.294700E+07
  0.903313E-01  0.292350E+07  0.290833E+07  0.000000E+00  0.000000E+00  0.463708E+06  0.290571E+07
  0.912215E-01  0.288283E+07  0.286747E+07  0.000000E+00  0.000000E+00  0.452110E+06  0.286520E+07
  0.921116E-01  0.284299E+07  0.282745E+07  0.000000E+00  0.000000E+00  0.440874E+06  0.282551E+07
  0.930017E-01  0.280401E+07  0.278831E+07  0.000000E+00  0.000000E+00  0.429997E+06  0.278668E+07
  0.938919E-01  0.276594E+07  0.275010E+07  0.000000E+00  0.000000E+00  0.419473E+06  0.274876E+07
  0.947820E-01  0.272881E+07  0.271285E+07  0.000000E+00  0.000000E+00  0.409297E+06  0.271178E+07
  0.956721E-01  0.269266E+07  0.267660E+07  0.000000E+00  0.000000E+00  0.399467E+06  0.267578E+07
  0.965623E-01  0.265749E+07  0.264137E+07  0.000000E+00  0.000000E+00  0.389976E+06  0.264076E+07
  0.974524E-01  0.262334E+07  0.260718E+07  0.000000E+00  0.000000E+00  0.380819E+06  0.260676E+07
  0.983426E-01  0.259022E+07  0.257404E+07  0.000000E+00  0.000000E+00  0.371985E+06  0.257379E+07
  0.992327E-01  0.255814E+07  0.254197E+07  0.000000E+00  0.000000E+00  0.363467E+06  0.254186E+07
  0.100123E+00  0.252711E+07  0.251098E+07  0.000000E+00  0.000000E+00  0.355258E+06  0.251098E+07
  0.101013E+00  0.249712E+07  0.248106E+07  0.000000E+00  0.000000E+00  0.347352E+06  0.248114E+07
  0.101903E+00  0.246818E+07  0.245221E+07  0.000000E+00  0.000000E+00  0.339739E+06  0.245235E+07
  0.102793E+00  0.244027E+07  0.242443E+07  0.000000E+00  0.000000E+00  0.332410E+06  0.242459E+07
  0.103683E+00  0.241339E+07  0.239769E+07  0.000000E+00  0.000000E+00  0.325353E+06  0.239785E+07
  0.104574E+00  0.238751E+07  0.237199E+07  0.000000E+00  0.000000E+00  0.318560E+06  0.237212E+07
  0.105464E+00  0.236262E+07  0.234730E+07  0.000000E+00  0.000000E+00  0.312023E+06  0.234738E+07
  0.106354E+00  0.233869E+07  0.232359E+07  0.000000E+00  0.000000E+00  0.305730E+06  0.232359E+07
  0.107244E+00  0.231569E+07  0.230083E+07  0.000000E+00  0.000000E+00  0.299672E+06  0.230074E+07
  0.108134E+00  0.229359E+07  0.227898E+07  0.000000E+00  0.000000E+00  0.293834E+06  0.227878E+07
  0.109024E+00  0.227234E+07  0.225801E+07  0.000000E+00  0.000000E+00  0.288209E+06  0.225767E+07
  0.109914E+00  0.225192E+07  0.223788E+07  0.000000E+00  0.000000E+00  0.282788E+06  0.223739E+07
  0.110804E+00  0.223228E+07  0.221855E+07  0.000000E+00  0.000000E+00  0.277560E+06  0.221788E+07
  0.111695E+00  0.221338E+07  0.219997E+07  0.000000E+00  0.000000E+00  0.272514E+06  0.219912E+07
  0.112585E+00  0.219518E+07  0.218209E+07  0.000000E+00  0.000000E+00  0.267638E+06  0.218105E+07
  0.113475E+00  0.217762E+07  0.216487E+07  0.000000E+00  0.000000E+00  0.262924E+06  0.216362E+07
  0.114365E+00  0.216065E+07  0.214825E+07  0.000000E+00  0.000000E+00  0.258361E+06  0.214679E+07
  0.115255E+00  0.214424E+07  0.213218E+07  0.000000E+00  0.000000E+00  0.253940E+06  0.213050E+07
  0.116145E+00  0.212832E+07  0.211662E+07  0.000000E+00  0.000000E+00  0.249652E+06  0.211472E+07
  0.117035E+00  0.211287E+07  0.210151E+07  0.000000E+00  0.000000E+00  0.245488E+06  0.209939E+07
  0.117926E+00  0.209782E+07  0.208681E+07  0.000000E+00  0.000000E+00  0.241441E+06  0.208446E+07
  0.118816E+00  0.208312E+07  0.207246E+07  0.000000E+00  0.000000E+00  0.237501E+06  0.206989E+07
  0.119706E+00  0.206874E+07  0.205841E+07  0.000000E+00  0.000000E+00  0.233659E+06  0.205562E+07
  0.120596E+00  0.205461E+07  0.204461E+07  0.000000E+00  0.000000E+00  0.229907E+06  0.204160E+07
  0.121486E+00  0.204069E+07  0.203101E+07  0.000000E+00  0.000000E+00  0.226239E+06  0.202780E+07
  0.122376E+00  0.202694E+07  0.201757E+07  0.000000E+00  0.000000E+00  0.222649E+06  0.201416E+07
  0.123266E+00  0.201333E+07  0.200426E+07  0.000000E+00  0.000000E+00  0.219131E+06  0.200066E+07
  0.124157E+00  0.199981E+07  0.199102E+07  0.000000E+00  0.000000E+00  0.215679E+06  0.198725E+07
  0.125047E+00  0.198635E+07  0.197783E+07  0.000000E+00  0.000000E+00  0.212287E+06  0.197389E+07
  0.125937E+00  0.197291E+07  0.196465E+07  0.000000E+00  0.000000E+00  0.208950E+06  0.196056E+07
  0.126827E+00  0.195947E+07  0.195145E+07  0.000000E+00  0.000000E+00  0.205666E+06  0.194722E+07
  0.127717E+00  0.194601E+07  0.193820E+07  0.000000E+00  0.000000E+00  0.202429E+06  0.193385E+07
  0.128607E+00  0.193248E+07  0.192488E+07  0.000000E+00  0.000000E+00  0.199236E+06  0.192042E+07
  0.129497E+00  0.191888E+07  0.191146E+07  0.000000E+00  0.000000E+00  0.196085E+06  0.190691E+07
  0.130388E+00  0.190518E+07  0.189793E+07  0.000000E+00  0.000000E+00  0.192973E+06  0.189331E+07
  0.131278E+00  0.189138E+07  0.188428E+07  0.000000E+00  0.000000E+00  0.189896E+06  0.187959E+07
  0.132168E+00  0.187745E+07  0.187047E+07  0.000000E+00  0.000000E+00  0.186854E+06  0.186575E+07
  0.133058E+00  0.186339E+07  0.185652E+07  0.000000E+00  0.000000E+00  0.183845E+06  0.185178E+07
  0.133948E+00  0.184918E+07  0.184241E+07  0.000000E+00  0.000000E+00  0.180868E+06  0.183766E+07
  0.134838E+00  0.183484E+07  0.182814E+07  0.000000E+00  0.000000E+00  0.177922E+06  0.182340E+07
  0.135728E+00  0.182035E+07  0.181371E+07  0.000000E+00  0.000000E+00  0.175006E+06  0.180899E+07
  0.136618E+00  0.180571E+07  0.179911E+07  0.000000E+00  0.000000E+00  0.172119E+06  0.179443E+07
  0.137509E+00  0.179093E+07  0.178436E+07  0.000000E+00  0.000000E+00  0.169262E+06  0.177973E+07
  0.138399E+00  0.177602E+07  0.176946E+07  0.000000E+00  0.000000E+00  0.166436E+06  0.176490E+07
  0.139289E+00  0.176099E+07  0.175442E+07  0.000000E+00  0.000000E+00  0.163640E+06  0.174994E+07
  0.140179E+00  0.174585E+07  0.173926E+07  0.000000E+00  0.000000E+00  0.160875E+06  0.173488E+07
  0.141069E+00  0.173061E+07  0.172399E+07  0.000000E+00  0.000000E+00  0.158142E+06  0.171971E+07
  0.141959E+00  0.171529E+07  0.170863E+07  0.000000E+00  0.000000E+00  0.155442E+06  0.170447E+07
  0.142849E+00  0.169991E+07  0.169320E+07  0.000000E+00  0.000000E+00  0.152775E+06  0.168916E+07
  0.143740E+00  0.168449E+07  0.167771E+07  0.000000E+00  0.000000E+00  0.150144E+06  0.167380E+07
  0.144630E+00  0.166904E+07  0.166220E+07  0.000000E+00  0.000000E+00  0.147549E+06  0.165843E+07
  0.145520E+00  0.165360E+07  0.164668E+07  0.000000E+00  0.000000E+00  0.144992E+06  0.164305E+07
  0.146410E+00  0.163817E+07  0.163117E+07  0.000000E+00  0.000000E+00  0.142473E+06  0.162770E+07
  0.147300E+00  0.162278E+07  0.161570E+07  0.000000E+00  0.000000E+00  0.139994E+06  0.161238E+07
  0.148190E+00  0.160746E+07  0.160029E+07  0.000000E+00  0.000000E+00  0.137555E+06  0.159712E+07
  0.149080E+00  0.159221E+07  0.158496E+07  0.000000E+00  0.000000E+00  0.135160E+06  0.158194E+07
  0.149971E+00  0.157708E+07  0.156973E+07  0.000000E+00  0.000000E+00  0.132807E+06  0.156687E+07
  0.150861E+00  0.156207E+07  0.155464E+07  0.000000E+00  0.000000E+00  0.130498E+06  0.155193E+07
  0.151751E+00  0.154721E+07  0.153969E+07  0.000000E+00  0.000000E+00  0.128234E+06  0.153714E+07
  0.152641E+00  0.153253E+07  0.152492E+07  0.000000E+00  0.000000E+00  0.126015E+06  0.152252E+07
  0.153531E+00  0.151802E+07  0.151034E+07  0.000000E+00  0.000000E+00  0.123844E+06  0.150808E+07
  0.154421E+00  0.150373E+07  0.149597E+07  0.000000E+00  0.000000E+00  0.121720E+06  0.149385E+07
  0.155311E+00  0.148966E+07  0.148183E+07  0.000000E+00  0.000000E+00  0.119644E+06  0.147985E+07
  0.156202E+00  0.147583E+07  0.146794E+07  0.000000E+00  0.000000E+00  0.117615E+06  0.146609E+07
  0.157092E+00  0.146227E+07  0.145432E+07  0.000000E+00  0.000000E+00  0.115636E+06  0.145258E+07
  0.157982E+00  0.144897E+07  0.144098E+07  0.000000E+00  0.000000E+00  0.113705E+06  0.143935E+07
  0.158872E+00  0.143597E+07  0.142794E+07  0.000000E+00  0.000000E+00  0.111823E+06  0.142641E+07
  0.159762E+00  0.142326E+07  0.141520E+07  0.000000E+00  0.000000E+00  0.109990E+06  0.141377E+07
  0.160652E+00  0.141086E+07  0.140278E+07  0.000000E+00  0.000000E+00  0.108205E+06  0.140143E+07
  0.161542E+00  0.139877E+07  0.139068E+07  0.000000E+00  0.000000E+00  0.106468E+06  0.138941E+07
  0.162432E+00  0.138701E+07  0.137892E+07  0.000000E+00  0.000000E+00  0.104779E+06  0.137771E+07
  0.163323E+00  0.137557E+07  0.136749E+07  0.000000E+00  0.000000E+00  0.103138E+06  0.136633E+07
  0.164213E+00  0.136446E+07  0.135640E+07  0.000000E+00  0.000000E+00  0.101542E+06  0.135529E+07
  0.165103E+00  0.135368E+07  0.134564E+07  0.000000E+00  0.000000E+00  0.999919E+05  0.134457E+07
  0.165993E+00  0.134323E+07  0.133522E+07  0.000000E+00  0.000000E+00  0.984864E+05  0.133418E+07
  0.166883E+00  0.133310E+07  0.132514E+07  0.000000E+00  0.000000E+00  0.970243E+05  0.132411E+07
  0.167773E+00  0.132329E+07  0.131539E+07  0.000000E+00  0.000000E+00  0.956042E+05  0.131436E+07
  0.168663E+00  0.131379E+07  0.130595E+07  0.000000E+00  0.000000E+00  0.942250E+05  0.130492E+07
  0.169554E+00  0.130460E+07  0.129684E+07  0.000000E+00  0.000000E+00  0.928855E+05  0.129579E+07
  0.170444E+00  0.129571E+07  0.128803E+07  0.000000E+00  0.000000E+00  0.915845E+05  0.128696E+07
  0.171334E+00  0.128711E+07  0.127951E+07  0.000000E+00  0.000000E+00  0.903207E+05  0.127842E+07
  0.172224E+00  0.127878E+07  0.127128E+07  0.000000E+00  0.000000E+00  0.890922E+05  0.127015E+07
  0.173114E+00  0.127073E+07  0.126333E+07  0.000000E+00  0.000000E+00  0.878975E+05  0.126216E+07
  0.174004E+00  0.126293E+07  0.125564E+07  0.000000E+00  0.000000E+00  0.867353E+05  0.125441E+07
  0.174894E+00  0.125537E+07  0.124819E+07  0.000000E+00  0.000000E+00  0.856042E+05  0.124691E+07
  0.175785E+00  0.124804E+07  0.124098E+07  0.000000E+00  0.000000E+00  0.845029E+05  0.123964E+07
  0.176675E+00  0.124092E+07  0.123398E+07  0.000000E+00  0.000000E+00  0.834294E+05  0.123258E+07
  0.177565E+00  0.123400E+07  0.122718E+07  0.000000E+00  0.000000E+00  0.823822E+05  0.122571E+07
  0.178455E+00  0.122725E+07  0.122057E+07  0.000000E+00  0.000000E+00  0.813598E+05  0.121903E+07
  0.179345E+00  0.122068E+07  0.121412E+07  0.000000E+00  0.000000E+00  0.803606E+05  0.121250E+07
  0.180235E+00  0.121425E+07  0.120782E+07  0.000000E+00  0.000000E+00  0.793831E+05  0.120613E+07
  0.181125E+00  0.120796E+07  0.120166E+07  0.000000E+00  0.000000E+00  0.784261E+05  0.119989E+07
  0.182016E+00  0.120178E+07  0.119561E+07  0.000000E+00  0.000000E+00  0.774880E+05  0.119377E+07
  0.182906E+00  0.119570E+07  0.118966E+07  0.000000E+00  0.000000E+00  0.765676E+05  0.118774E+07
  0.183796E+00  0.118971E+07  0.118379E+07  0.000000E+00  0.000000E+00  0.756633E+05  0.118180E+07
  0.184686E+00  0.118378E+07  0.117799E+07  0.000000E+00  0.000000E+00  0.747739E+05  0.117592E+07
  0.185576E+00  0.117790E+07  0.117223E+07  0.000000E+00  0.000000E+00  0.738982E+05  0.117009E+07
  0.186466E+00  0.117207E+07  0.116651E+07  0.000000E+00  0.000000E+00  0.730354E+05  0.116431E+07
  0.187356E+00  0.116626E+07  0.116082E+07  0.000000E+00  0.000000E+00  0.721843E+05  0.115855E+07
  0.188246E+00  0.116047E+07  0.115513E+07  0.000000E+00  0.000000E+00  0.713437E+05  0.115280E+07
  0.189137E+00  0.115467E+07  0.114945E+07  0.000000E+00  0.000000E+00  0.705129E+05  0.114706E+07
  0.190027E+00  0.114887E+07  0.114374E+07  0.000000E+00  0.000000E+00  0.696912E+05  0.114130E+07
  0.190917E+00  0.114305E+07  0.113802E+07  0.000000E+00  0.000000E+00  0.688780E+05  0.113553E+07
  0.191807E+00  0.113721E+07  0.113226E+07  0.000000E+00  0.000000E+00  0.680725E+05  0.112973E+07
  0.192697E+00  0.113133E+07  0.112646E+07  0.000000E+00  0.000000E+00  0.672739E+05  0.112389E+07
  0.193587E+00  0.112541E+07  0.112061E+07  0.000000E+00  0.000000E+00  0.664819E+05  0.111801E+07
  0.194477E+00  0.111944E+07  0.111471E+07  0.000000E+00  0.000000E+00  0.656961E+05  0.111209E+07
  0.195368E+00  0.111341E+07  0.110875E+07  0.000000E+00  0.000000E+00  0.649160E+05  0.110611E+07
  0.196258E+00  0.110733E+07  0.110272E+07  0.000000E+00  0.000000E+00  0.641415E+05  0.110007E+07
  0.197148E+00  0.110119E+07  0.109663E+07  0.000000E+00  0.000000E+00  0.633723E+05  0.109397E+07
  0.198038E+00  0.109498E+07  0.109047E+07  0.000000E+00  0.000000E+00  0.626081E+05  0.108780E+07
  0.198928E+00  0.108872E+07  0.108424E+07  0.000000E+00  0.000000E+00  0.618488E+05  0.108157E+07
  0.199818E+00  0.108238E+07  0.107794E+07  0.000000E+00  0.000000E+00  0.610943E+05  0.107528E+07
  0.200708E+00  0.107599E+07  0.107157E+07  0.000000E+00  0.000000E+00  0.603449E+05  0.106893E+07
  0.201599E+00  0.106954E+07  0.106513E+07  0.000000E+00  0.000000E+00  0.596006E+05  0.106251E+07
  0.202489E+00  0.106303E+07  0.105864E+07  0.000000E+00  0.000000E+00  0.588612E+05  0.105604E+07
  0.203379E+00  0.105646E+07  0.105208E+07  0.000000E+00  0.000000E+00  0.581269E+05  0.104951E+07
  0.204269E+00  0.104984E+07  0.104546E+07  0.000000E+00  0.000000E+00  0.573980E+05  0.104293E+07
  0.205159E+00  0.104319E+07  0.103880E+07  0.000000E+00  0.000000E+00  0.566749E+05  0.103631E+07
  0.206049E+00  0.103649E+07  0.103210E+07  0.000000E+00  0.000000E+00  0.559578E+05  0.102965E+07
  0.206939E+00  0.102976E+07  0.102536E+07  0.000000E+00  0.000000E+00  0.552469E+05  0.102296E+07
  0.207830E+00  0.102301E+07  0.101860E+07  0.000000E+00  0.000000E+00  0.545425E+05  0.101624E+07
  0.208720E+00  0.101624E+07  0.101181E+07  0.000000E+00  0.000000E+00  0.538449E+05  0.100951E+07
  0.209610E+00  0.100946E+07  0.100501E+07  0.000000E+00  0.000000E+00  0.531544E+05  0.100276E+07
  0.210500E+00  0.100267E+07  0.998208E+06  0.000000E+00  0.000000E+00  0.524712E+05  0.996017E+06
  0.211390E+00  0.995898E+06  0.991409E+06  0.000000E+00  0.000000E+00  0.517958E+05  0.989275E+06
  0.212280E+00  0.989135E+06  0.984622E+06  0.000000E+00  0.000000E+00  0.511284E+05  0.982546E+06
  0.213170E+00  0.982393E+06  0.977855E+06  0.000000E+00  0.000000E+00  0.504694E+05  0.975839E+06
  0.214060E+00  0.975681E+06  0.971118E+06  0.000000E+00  0.000000E+00  0.498191E+05  0.969162E+06
  0.214951E+00  0.969007E+06  0.964418E+06  0.000000E+00  0.000000E+00  0.491778E+05  0.962521E+06
  0.215841E+00  0.962377E+06  0.957763E+06  0.000000E+00  0.000000E+00  0.485455E+05  0.955925E+06
  0.216731E+00  0.955801E+06  0.951162E+06  0.000000E+00  0.000000E+00  0.479226E+05  0.949382E+06
  0.217621E+00  0.949285E+06  0.944622E+06  0.000000E+00  0.000000E+00  0.473094E+05  0.942900E+06
  0.218511E+00  0.942836E+06  0.938152E+06  0.000000E+00  0.000000E+00  0.467063E+05  0.936485E+06
  0.219401E+00  0.936463E+06  0.931758E+06  0.000000E+00  0.000000E+00  0.461133E+05  0.930145E+06
  0.220291E+00  0.930172E+06  0.925448E+06  0.000000E+00  0.000000E+00  0.455305E+05  0.923887E+06
  0.221182E+00  0.923969E+06  0.919228E+06  0.000000E+00  0.000000E+00  0.449581E+05  0.917716E+06
  0.223997E+00  0.904986E+06  0.900211E+06  0.000000E+00  0.000000E+00  0.432176E+05  0.898837E+06
  0.226849E+00  0.886858E+06  0.882078E+06  0.000000E+00  0.000000E+00  0.415644E+05  0.880811E+06
  0.229737E+00  0.869708E+06  0.864960E+06  0.000000E+00  0.000000E+00  0.400010E+05  0.863764E+06
  0.232662E+00  0.853600E+06  0.848920E+06  0.000000E+00  0.000000E+00  0.385267E+05  0.847759E+06
  0.235623E+00  0.838538E+06  0.833960E+06  0.000000E+00  0.000000E+00  0.371383E+05  0.832798E+06
  0.238623E+00  0.824467E+06  0.820022E+06  0.000000E+00  0.000000E+00  0.358299E+05  0.818828E+06
  0.241661E+00  0.811272E+06  0.806985E+06  0.000000E+00  0.000000E+00  0.345933E+05  0.805732E+06
  0.244737E+00  0.798786E+06  0.794672E+06  0.000000E+00  0.000000E+00  0.334189E+05  0.793344E+06
  0.247853E+00  0.786803E+06  0.782869E+06  0.000000E+00  0.000000E+00  0.322953E+05  0.781457E+06
  0.251008E+00  0.775105E+06  0.771347E+06  0.000000E+00  0.000000E+00  0.312125E+05  0.769853E+06
  0.254204E+00  0.763480E+06  0.759884E+06  0.000000E+00  0.000000E+00  0.301603E+05  0.758319E+06
  0.257440E+00  0.751740E+06  0.748285E+06  0.000000E+00  0.000000E+00  0.291309E+05  0.746668E+06
  0.260717E+00  0.739729E+06  0.736390E+06  0.000000E+00  0.000000E+00  0.281179E+05  0.734744E+06
  0.264036E+00  0.727345E+06  0.724091E+06  0.000000E+00  0.000000E+00  0.271176E+05  0.722444E+06
  0.267398E+00  0.714543E+06  0.711345E+06  0.000000E+00  0.000000E+00  0.261287E+05  0.709725E+06
  0.270802E+00  0.701355E+06  0.698186E+06  0.000000E+00  0.000000E+00  0.251525E+05  0.696618E+06
  0.274249E+00  0.687866E+06  0.684705E+06  0.000000E+00  0.000000E+00  0.241923E+05  0.683210E+06
  0.277741E+00  0.674208E+06  0.671041E+06  0.000000E+00  0.000000E+00  0.232528E+05  0.669630E+06
  0.281277E+00  0.660542E+06  0.657362E+06  0.000000E+00  0.000000E+00  0.223393E+05  0.656043E+06
  0.284857E+00  0.647050E+06  0.643859E+06  0.000000E+00  0.000000E+00  0.214572E+05  0.642628E+06
  0.288484E+00  0.633910E+06  0.630717E+06  0.000000E+00  0.000000E+00  0.206115E+05  0.629565E+06
  0.292156E+00  0.621267E+06  0.618089E+06  0.000000E+00  0.000000E+00  0.198057E+05  0.616999E+06
  0.295876E+00  0.609222E+06  0.606077E+06  0.000000E+00  0.000000E+00  0.190413E+05  0.605029E+06
  0.299642E+00  0.597820E+06  0.594728E+06  0.000000E+00  0.000000E+00  0.183183E+05  0.593703E+06
  0.303457E+00  0.587055E+06  0.584036E+06  0.000000E+00  0.000000E+00  0.176348E+05  0.583013E+06
  0.307320E+00  0.576862E+06  0.573930E+06  0.000000E+00  0.000000E+00  0.169871E+05  0.572893E+06
  0.311232E+00  0.567125E+06  0.564288E+06  0.000000E+00  0.000000E+00  0.163707E+05  0.563228E+06
  0.315195E+00  0.557699E+06  0.554961E+06  0.000000E+00  0.000000E+00  0.157801E+05  0.553873E+06
  0.319207E+00  0.548438E+06  0.545794E+06  0.000000E+00  0.000000E+00  0.152103E+05  0.544681E+06
  0.323271E+00  0.539204E+06  0.536644E+06  0.000000E+00  0.000000E+00  0.146570E+05  0.535514E+06
  0.327386E+00  0.529883E+06  0.527393E+06  0.000000E+00  0.000000E+00  0.141167E+05  0.526259E+06
  0.331554E+00  0.520408E+06  0.517972E+06  0.000000E+00  0.000000E+00  0.135874E+05  0.516849E+06
  0.335775E+00  0.510771E+06  0.508374E+06  0.000000E+00  0.000000E+00  0.130688E+05  0.507275E+06
  0.340050E+00  0.501008E+06  0.498637E+06  0.000000E+00  0.000000E+00  0.125618E+05  0.497574E+06
  0.344379E+00  0.491189E+06  0.488835E+06  0.000000E+00  0.000000E+00  0.108241E+05  0.487808E+06
  0.348763E+00  0.481430E+06  0.479091E+06  0.000000E+00  0.000000E+00  0.103864E+05  0.478110E+06
  0.353203E+00  0.471843E+06  0.469520E+06  0.000000E+00  0.000000E+00  0.996554E+04  0.468583E+06
  0.357699E+00  0.462527E+06  0.460227E+06  0.000000E+00  0.000000E+00  0.956301E+04  0.459327E+06
  0.362253E+00  0.453554E+06  0.451286E+06  0.000000E+00  0.000000E+00  0.917958E+04  0.450413E+06
  0.366865E+00  0.444960E+06  0.442733E+06  0.000000E+00  0.000000E+00  0.881524E+04  0.441877E+06
  0.371535E+00  0.436735E+06  0.434558E+06  0.000000E+00  0.000000E+00  0.846905E+04  0.433709E+06
  0.376265E+00  0.428827E+06  0.426705E+06  0.000000E+00  0.000000E+00  0.813926E+04  0.425857E+06
  0.381055E+00  0.421158E+06  0.419095E+06  0.000000E+00  0.000000E+00  0.782380E+04  0.418244E+06
  0.385906E+00  0.413643E+06  0.411637E+06  0.000000E+00  0.000000E+00  0.752056E+04  0.410783E+06
  0.390819E+00  0.406196E+06  0.404242E+06  0.000000E+00  0.000000E+00  0.722759E+04  0.403389E+06
  0.395794E+00  0.398755E+06  0.396844E+06  0.000000E+00  0.000000E+00  0.694349E+04  0.395999E+06
  0.400833E+00  0.391292E+06  0.389419E+06  0.000000E+00  0.000000E+00  0.666760E+04  0.388587E+06
  0.405936E+00  0.383814E+06  0.381970E+06  0.000000E+00  0.000000E+00  0.639979E+04  0.381158E+06
  0.411103E+00  0.376352E+06  0.374533E+06  0.000000E+00  0.000000E+00  0.614044E+04  0.373746E+06
  0.416337E+00  0.368969E+06  0.367173E+06  0.000000E+00  0.000000E+00  0.589030E+04  0.366411E+06
  0.421637E+00  0.361724E+06  0.359951E+06  0.000000E+00  0.000000E+00  0.565001E+04  0.359214E+06
  0.427005E+00  0.354665E+06  0.352920E+06  0.000000E+00  0.000000E+00  0.542003E+04  0.352202E+06
  0.432441E+00  0.347829E+06  0.346115E+06  0.000000E+00  0.000000E+00  0.520046E+04  0.345412E+06
  0.437946E+00  0.341216E+06  0.339537E+06  0.000000E+00  0.000000E+00  0.499095E+04  0.338845E+06
  0.443521E+00  0.334802E+06  0.333161E+06  0.000000E+00  0.000000E+00  0.479077E+04  0.332476E+06
  0.449168E+00  0.328550E+06  0.326948E+06  0.000000E+00  0.000000E+00  0.459904E+04  0.326268E+06
  0.454886E+00  0.322412E+06  0.320846E+06  0.000000E+00  0.000000E+00  0.441476E+04  0.320173E+06
  0.460677E+00  0.316345E+06  0.314814E+06  0.000000E+00  0.000000E+00  0.423713E+04  0.314148E+06
  0.466542E+00  0.310327E+06  0.308826E+06  0.000000E+00  0.000000E+00  0.406562E+04  0.308172E+06
  0.472481E+00  0.304349E+06  0.302876E+06  0.000000E+00  0.000000E+00  0.389997E+04  0.302234E+06
  0.478496E+00  0.298427E+06  0.296979E+06  0.000000E+00  0.000000E+00  0.374019E+04  0.296353E+06
  0.484587E+00  0.292589E+06  0.291164E+06  0.000000E+00  0.000000E+00  0.358644E+04  0.290554E+06
  0.490756E+00  0.286861E+06  0.285460E+06  0.000000E+00  0.000000E+00  0.343884E+04  0.284865E+06
  0.497004E+00  0.281269E+06  0.279893E+06  0.000000E+00  0.000000E+00  0.329748E+04  0.279311E+06
  0.503331E+00  0.275819E+06  0.274470E+06  0.000000E+00  0.000000E+00  0.316221E+04  0.273899E+06
  0.509739E+00  0.270508E+06  0.269187E+06  0.000000E+00  0.000000E+00  0.303275E+04  0.268624E+06
  0.516228E+00  0.265317E+06  0.264024E+06  0.000000E+00  0.000000E+00  0.290869E+04  0.263469E+06
  0.522800E+00  0.260222E+06  0.258957E+06  0.000000E+00  0.000000E+00  0.278958E+04  0.258410E+06
  0.529456E+00  0.255207E+06  0.253967E+06  0.000000E+00  0.000000E+00  0.267506E+04  0.253429E+06
  0.536196E+00  0.250255E+06  0.249040E+06  0.000000E+00  0.000000E+00  0.256482E+04  0.248512E+06
  0.543022E+00  0.245370E+06  0.244178E+06  0.000000E+00  0.000000E+00  0.245875E+04  0.243660E+06
  0.549935E+00  0.240558E+06  0.239388E+06  0.000000E+00  0.000000E+00  0.235676E+04  0.238881E+06
  0.556936E+00  0.235831E+06  0.234683E+06  0.000000E+00  0.000000E+00  0.225884E+04  0.234187E+06
  0.564026E+00  0.231202E+06  0.230075E+06  0.000000E+00  0.000000E+00  0.216497E+04  0.229589E+06
  0.571206E+00  0.226673E+06  0.225568E+06  0.000000E+00  0.000000E+00  0.207502E+04  0.225092E+06
  0.578478E+00  0.222244E+06  0.221161E+06  0.000000E+00  0.000000E+00  0.198884E+04  0.220693E+06
  0.585843E+00  0.217904E+06  0.216843E+06  0.000000E+00  0.000000E+00  0.190621E+04  0.216384E+06
  0.593301E+00  0.213645E+06  0.212606E+06  0.000000E+00  0.000000E+00  0.182692E+04  0.212154E+06
  0.600854E+00  0.209456E+06  0.208437E+06  0.000000E+00  0.000000E+00  0.175076E+04  0.207994E+06
  0.608503E+00  0.205335E+06  0.204337E+06  0.000000E+00  0.000000E+00  0.167762E+04  0.203902E+06
  0.616250E+00  0.201282E+06  0.200303E+06  0.000000E+00  0.000000E+00  0.160737E+04  0.199877E+06
  0.624095E+00  0.197303E+06  0.196343E+06  0.000000E+00  0.000000E+00  0.153998E+04  0.195926E+06
  0.632040E+00  0.193401E+06  0.192459E+06  0.000000E+00  0.000000E+00  0.147535E+04  0.192050E+06
  0.640086E+00  0.189578E+06  0.188655E+06  0.000000E+00  0.000000E+00  0.141340E+04  0.188254E+06
  0.648235E+00  0.185831E+06  0.184927E+06  0.000000E+00  0.000000E+00  0.135403E+04  0.184533E+06
  0.656487E+00  0.182158E+06  0.181272E+06  0.000000E+00  0.000000E+00  0.129711E+04  0.180885E+06
  0.664845E+00  0.178552E+06  0.177684E+06  0.000000E+00  0.000000E+00  0.124251E+04  0.177304E+06
  0.714253E+00  0.159334E+06  0.158559E+06  0.000000E+00  0.000000E+00  0.972703E+03  0.158220E+06
  0.767334E+00  0.142100E+06  0.141409E+06  0.000000E+00  0.000000E+00  0.760383E+03  0.141106E+06
  0.824360E+00  0.126649E+06  0.126033E+06  0.000000E+00  0.000000E+00  0.593543E+03  0.125763E+06
  0.885623E+00  0.112808E+06  0.112259E+06  0.000000E+00  0.000000E+00  0.462666E+03  0.112017E+06
  0.951440E+00  0.100420E+06  0.999315E+05  0.000000E+00  0.000000E+00  0.360174E+03  0.997159E+05
  0.102215E+01  0.893421E+05  0.889078E+05  0.000000E+00  0.000000E+00  0.280039E+03  0.887157E+05
  0.109811E+01  0.794423E+05  0.790561E+05  0.000000E+00  0.000000E+00  0.217472E+03  0.788851E+05
  0.117972E+01  0.706013E+05  0.702581E+05  0.000000E+00  0.000000E+00  0.168691E+03  0.701059E+05
  0.126739E+01  0.627126E+05  0.624078E+05  0.000000E+00  0.000000E+00  0.130712E+03  0.622725E+05
  0.136158E+01  0.556772E+05  0.554065E+05  0.000000E+00  0.000000E+00  0.101179E+03  0.552863E+05
  0.146276E+01  0.494072E+05  0.491670E+05  0.000000E+00  0.000000E+00  0.782413E+02  0.490603E+05
  0.157147E+01  0.438229E+05  0.436099E+05  0.000000E+00  0.000000E+00  0.823469E+02  0.435153E+05
  0.168826E+01  0.388520E+05  0.386632E+05  0.000000E+00  0.000000E+00  0.637157E+02  0.385792E+05
  0.181372E+01  0.344300E+05  0.342627E+05  0.000000E+00  0.000000E+00  0.492513E+02  0.341882E+05
  0.194851E+01  0.304983E+05  0.303501E+05  0.000000E+00  0.000000E+00  0.380345E+02  0.302841E+05
  0.209332E+01  0.270045E+05  0.268732E+05  0.000000E+00  0.000000E+00  0.293460E+02  0.268148E+05
