  0.745045E-04  0.198024E+08  0.198024E+08  0.257047E+08  0.257037E+08  0.198015E+08  0.198024E+08
  0.829624E-04  0.198021E+08  0.198021E+08  0.255393E+08  0.255380E+08  0.198010E+08  0.198021E+08
  0.923803E-04  0.198017E+08  0.198017E+08  0.253355E+08  0.253339E+08  0.198003E+08  0.198017E+08
  0.102867E-03  0.198013E+08  0.198013E+08  0.250850E+08  0.250830E+08  0.197995E+08  0.198013E+08
  0.114545E-03  0.198008E+08  0.198008E+08  0.247774E+08  0.247750E+08  0.197984E+08  0.198008E+08
  0.127548E-03  0.198001E+08  0.198001E+08  0.244009E+08  0.243980E+08  0.197971E+08  0.198001E+08
  0.142028E-03  0.197993E+08  0.197993E+08  0.239412E+08  0.239377E+08  0.197955E+08  0.197992E+08
  0.158151E-03  0.197982E+08  0.197982E+08  0.233824E+08  0.233781E+08  0.197936E+08  0.197982E+08
  0.176104E-03  0.197970E+08  0.197970E+08  0.227060E+08  0.227010E+08  0.197911E+08  0.197969E+08
  0.196096E-03  0.197954E+08  0.197954E+08  0.218923E+08  0.218864E+08  0.197881E+08  0.197953E+08
  0.218356E-03  0.197935E+08  0.197934E+08  0.209207E+08  0.209138E+08  0.197843E+08  0.197934E+08
  0.243144E-03  0.197911E+08  0.197911E+08  0.197711E+08  0.197632E+08  0.197797E+08  0.197910E+08
  0.270746E-03  0.197881E+08  0.197881E+08  0.184268E+08  0.184179E+08  0.197739E+08  0.197880E+08
  0.301482E-03  0.197845E+08  0.197845E+08  0.168778E+08  0.168680E+08  0.197669E+08  0.197844E+08
  0.335706E-03  0.197800E+08  0.197800E+08  0.151256E+08  0.151153E+08  0.197582E+08  0.197799E+08
  0.373816E-03  0.197746E+08  0.197746E+08  0.131900E+08  0.131797E+08  0.197474E+08  0.197744E+08
  0.416252E-03  0.197679E+08  0.197679E+08  0.111156E+08  0.111060E+08  0.197343E+08  0.197677E+08
  0.463505E-03  0.197598E+08  0.197598E+08  0.897797E+07  0.896995E+07  0.197181E+08  0.197596E+08
  0.516122E-03  0.197500E+08  0.197499E+08  0.688544E+07  0.687994E+07  0.196983E+08  0.197496E+08
  0.574713E-03  0.197380E+08  0.197380E+08  0.497265E+07  0.497042E+07  0.196741E+08  0.197376E+08
  0.639955E-03  0.197237E+08  0.197236E+08  0.338017E+07  0.338139E+07  0.196446E+08  0.197232E+08
  0.712603E-03  0.197064E+08  0.197064E+08  0.221784E+07  0.222170E+07  0.196089E+08  0.197058E+08
  0.793498E-03  0.196858E+08  0.196858E+08  0.151724E+07  0.152185E+07  0.195656E+08  0.196851E+08
  0.883577E-03  0.196614E+08  0.196613E+08  0.119439E+07  0.119728E+07  0.195134E+08  0.196604E+08
  0.983881E-03  0.196324E+08  0.196323E+08  0.105909E+07  0.105862E+07  0.194506E+08  0.196312E+08
  0.109557E-02  0.195982E+08  0.195980E+08  0.901621E+06  0.898634E+06  0.193755E+08  0.195968E+08
  0.121994E-02  0.195580E+08  0.195578E+08  0.632143E+06  0.629911E+06  0.192864E+08  0.195563E+08
  0.135843E-02  0.195109E+08  0.195107E+08  0.351759E+06  0.352806E+06  0.191802E+08  0.195088E+08
  0.151264E-02  0.194559E+08  0.194556E+08  0.219599E+06  0.221866E+06  0.190548E+08  0.194533E+08
  0.168436E-02  0.193918E+08  0.193914E+08  0.211476E+06  0.210887E+06  0.189076E+08  0.193887E+08
  0.187557E-02  0.193173E+08  0.193169E+08  0.154597E+06  0.152937E+06  0.187362E+08  0.193136E+08
  0.208848E-02  0.192312E+08  0.192307E+08  0.635521E+05  0.648435E+05  0.185380E+08  0.192267E+08
  0.232557E-02  0.191319E+08  0.191312E+08  0.618645E+05  0.616760E+05  0.183110E+08  0.191266E+08
  0.258957E-02  0.190178E+08  0.190170E+08  0.405923E+05  0.385596E+05  0.180534E+08  0.190116E+08
  0.288354E-02  0.188874E+08  0.188864E+08  0.175151E+05  0.152800E+05  0.177639E+08  0.188802E+08
  0.321088E-02  0.187389E+08  0.187377E+08  0.203264E+05  0.151789E+05  0.174416E+08  0.187306E+08
  0.357538E-02  0.185706E+08  0.185692E+08  0.275448E+04  0.332669E+04  0.170856E+08  0.185611E+08
  0.398126E-02  0.183809E+08  0.183791E+08 -0.393452E+03 -0.578255E+03  0.166948E+08  0.183700E+08
  0.443322E-02  0.181679E+08  0.181657E+08  0.251881E+04  0.139651E+04  0.162675E+08  0.181556E+08
  0.493648E-02  0.179299E+08  0.179272E+08  0.000000E+00  0.000000E+00  0.158015E+08  0.179161E+08
  0.498985E-02  0.179047E+08  0.179019E+08  0.000000E+00  0.000000E+00  0.157527E+08  0.178907E+08
  0.504379E-02  0.178792E+08  0.178764E+08  0.000000E+00  0.000000E+00  0.157034E+08  0.178651E+08
  0.509832E-02  0.178534E+08  0.178505E+08  0.000000E+00  0.000000E+00  0.156538E+08  0.178391E+08
  0.515344E-02  0.178274E+08  0.178244E+08  0.000000E+00  0.000000E+00  0.156037E+08  0.178129E+08
  0.520915E-02  0.178010E+08  0.177981E+08  0.000000E+00  0.000000E+00  0.155533E+08  0.177865E+08
  0.526546E-02  0.177745E+08  0.177714E+08  0.000000E+00  0.000000E+00  0.155024E+08  0.177597E+08
  0.532239E-02  0.177476E+08  0.177445E+08  0.000000E+00  0.000000E+00  0.154511E+08  0.177327E+08
  0.537993E-02  0.177204E+08  0.177173E+08  0.000000E+00  0.000000E+00  0.153993E+08  0.177054E+08
  0.543809E-02  0.176930E+08  0.176898E+08  0.000000E+00  0.000000E+00  0.153472E+08  0.176778E+08
  0.549688E-02  0.176653E+08  0.176620E+08  0.000000E+00  0.000000E+00  0.152946E+08  0.176499E+08
  0.555630E-02  0.176373E+08  0.176339E+08  0.000000E+00  0.000000E+00  0.152416E+08  0.176217E+08
  0.561637E-02  0.176090E+08  0.176056E+08  0.000000E+00  0.000000E+00  0.151882E+08  0.175933E+08
  0.567709E-02  0.175805E+08  0.175769E+08  0.000000E+00  0.000000E+00  0.151344E+08  0.175645E+08
  0.573846E-02  0.175516E+08  0.175480E+08  0.000000E+00  0.000000E+00  0.150801E+08  0.175355E+08
  0.580050E-02  0.175224E+08  0.175188E+08  0.000000E+00  0.000000E+00  0.150254E+08  0.175062E+08
  0.586320E-02  0.174930E+08  0.174893E+08  0.000000E+00  0.000000E+00  0.149703E+08  0.174766E+08
  0.592659E-02  0.174633E+08  0.174595E+08  0.000000E+00  0.000000E+00  0.149148E+08  0.174467E+08
  0.599066E-02  0.174332E+08  0.174293E+08  0.000000E+00  0.000000E+00  0.148588E+08  0.174165E+08
  0.605542E-02  0.174029E+08  0.173989E+08  0.000000E+00  0.000000E+00  0.148024E+08  0.173860E+08
  0.612089E-02  0.173723E+08  0.173682E+08  0.000000E+00  0.000000E+00  0.147456E+08  0.173552E+08
  0.618706E-02  0.173413E+08  0.173372E+08  0.000000E+00  0.000000E+00  0.146883E+08  0.173240E+08
  0.625394E-02  0.173101E+08  0.173059E+08  0.000000E+00  0.000000E+00  0.146307E+08  0.172926E+08
  0.632155E-02  0.172786E+08  0.172743E+08  0.000000E+00  0.000000E+00  0.145726E+08  0.172609E+08
  0.638989E-02  0.172467E+08  0.172423E+08  0.000000E+00  0.000000E+00  0.145141E+08  0.172289E+08
  0.645897E-02  0.172146E+08  0.172101E+08  0.000000E+00  0.000000E+00  0.144551E+08  0.171965E+08
  0.652880E-02  0.171821E+08  0.171775E+08  0.000000E+00  0.000000E+00  0.143958E+08  0.171639E+08
  0.659938E-02  0.171493E+08  0.171446E+08  0.000000E+00  0.000000E+00  0.143360E+08  0.171309E+08
  0.667072E-02  0.171162E+08  0.171115E+08  0.000000E+00  0.000000E+00  0.142759E+08  0.170976E+08
  0.674284E-02  0.170828E+08  0.170780E+08  0.000000E+00  0.000000E+00  0.142153E+08  0.170640E+08
  0.681573E-02  0.170491E+08  0.170441E+08  0.000000E+00  0.000000E+00  0.141543E+08  0.170301E+08
  0.688942E-02  0.170150E+08  0.170100E+08  0.000000E+00  0.000000E+00  0.140928E+08  0.169959E+08
  0.696390E-02  0.169807E+08  0.169755E+08  0.000000E+00  0.000000E+00  0.140310E+08  0.169613E+08
  0.703918E-02  0.169460E+08  0.169407E+08  0.000000E+00  0.000000E+00  0.139688E+08  0.169265E+08
  0.711528E-02  0.169110E+08  0.169056E+08  0.000000E+00  0.000000E+00  0.139061E+08  0.168913E+08
  0.719220E-02  0.168756E+08  0.168701E+08  0.000000E+00  0.000000E+00  0.138431E+08  0.168557E+08
  0.726995E-02  0.168399E+08  0.168344E+08  0.000000E+00  0.000000E+00  0.137797E+08  0.168199E+08
  0.734855E-02  0.168039E+08  0.167982E+08  0.000000E+00  0.000000E+00  0.137158E+08  0.167837E+08
  0.742799E-02  0.167676E+08  0.167618E+08  0.000000E+00  0.000000E+00  0.136516E+08  0.167471E+08
  0.750829E-02  0.167309E+08  0.167250E+08  0.000000E+00  0.000000E+00  0.135869E+08  0.167103E+08
  0.758946E-02  0.166939E+08  0.166879E+08  0.000000E+00  0.000000E+00  0.135219E+08  0.166731E+08
  0.767151E-02  0.166566E+08  0.166504E+08  0.000000E+00  0.000000E+00  0.134565E+08  0.166355E+08
  0.775444E-02  0.166189E+08  0.166126E+08  0.000000E+00  0.000000E+00  0.133907E+08  0.165976E+08
  0.783828E-02  0.165809E+08  0.165745E+08  0.000000E+00  0.000000E+00  0.133245E+08  0.165594E+08
  0.792301E-02  0.165425E+08  0.165360E+08  0.000000E+00  0.000000E+00  0.132580E+08  0.165209E+08
  0.800867E-02  0.165038E+08  0.164971E+08  0.000000E+00  0.000000E+00  0.131910E+08  0.164820E+08
  0.809524E-02  0.164647E+08  0.164579E+08  0.000000E+00  0.000000E+00  0.131237E+08  0.164427E+08
  0.818276E-02  0.164253E+08  0.164184E+08  0.000000E+00  0.000000E+00  0.130560E+08  0.164031E+08
  0.827122E-02  0.163856E+08  0.163785E+08  0.000000E+00  0.000000E+00  0.129880E+08  0.163631E+08
  0.836064E-02  0.163455E+08  0.163383E+08  0.000000E+00  0.000000E+00  0.129196E+08  0.163228E+08
  0.845102E-02  0.163050E+08  0.162977E+08  0.000000E+00  0.000000E+00  0.128508E+08  0.162822E+08
  0.854239E-02  0.162642E+08  0.162567E+08  0.000000E+00  0.000000E+00  0.127817E+08  0.162412E+08
  0.863473E-02  0.162230E+08  0.162154E+08  0.000000E+00  0.000000E+00  0.127122E+08  0.161998E+08
  0.872808E-02  0.161815E+08  0.161737E+08  0.000000E+00  0.000000E+00  0.126424E+08  0.161580E+08
  0.882244E-02  0.161396E+08  0.161316E+08  0.000000E+00  0.000000E+00  0.125722E+08  0.161160E+08
  0.891782E-02  0.160973E+08  0.160892E+08  0.000000E+00  0.000000E+00  0.125016E+08  0.160735E+08
  0.901422E-02  0.160547E+08  0.160464E+08  0.000000E+00  0.000000E+00  0.124308E+08  0.160307E+08
  0.911167E-02  0.160117E+08  0.160033E+08  0.000000E+00  0.000000E+00  0.123596E+08  0.159875E+08
  0.921018E-02  0.159684E+08  0.159598E+08  0.000000E+00  0.000000E+00  0.122880E+08  0.159439E+08
  0.930975E-02  0.159246E+08  0.159159E+08  0.000000E+00  0.000000E+00  0.122162E+08  0.159000E+08
  0.941039E-02  0.158805E+08  0.158716E+08  0.000000E+00  0.000000E+00  0.121440E+08  0.158557E+08
  0.951212E-02  0.158361E+08  0.158270E+08  0.000000E+00  0.000000E+00  0.120714E+08  0.158110E+08
  0.961496E-02  0.157912E+08  0.157819E+08  0.000000E+00  0.000000E+00  0.119986E+08  0.157660E+08
  0.971890E-02  0.157460E+08  0.157365E+08  0.000000E+00  0.000000E+00  0.119255E+08  0.157205E+08
  0.982397E-02  0.157004E+08  0.156907E+08  0.000000E+00  0.000000E+00  0.118520E+08  0.156747E+08
  0.993017E-02  0.156544E+08  0.156446E+08  0.000000E+00  0.000000E+00  0.117783E+08  0.156285E+08
  0.100375E-01  0.156080E+08  0.155980E+08  0.000000E+00  0.000000E+00  0.117042E+08  0.155820E+08
  0.101460E-01  0.155613E+08  0.155511E+08  0.000000E+00  0.000000E+00  0.116299E+08  0.155350E+08
  0.102557E-01  0.155141E+08  0.155037E+08  0.000000E+00  0.000000E+00  0.115553E+08  0.154877E+08
  0.103666E-01  0.154666E+08  0.154560E+08  0.000000E+00  0.000000E+00  0.114804E+08  0.154399E+08
  0.104787E-01  0.154187E+08  0.154079E+08  0.000000E+00  0.000000E+00  0.114052E+08  0.153918E+08
  0.105919E-01  0.153704E+08  0.153594E+08  0.000000E+00  0.000000E+00  0.113297E+08  0.153433E+08
  0.107065E-01  0.153217E+08  0.153105E+08  0.000000E+00  0.000000E+00  0.112540E+08  0.152944E+08
  0.108222E-01  0.152726E+08  0.152612E+08  0.000000E+00  0.000000E+00  0.111780E+08  0.152451E+08
  0.109392E-01  0.152231E+08  0.152114E+08  0.000000E+00  0.000000E+00  0.111017E+08  0.151954E+08
  0.110575E-01  0.151732E+08  0.151613E+08  0.000000E+00  0.000000E+00  0.110252E+08  0.151453E+08
  0.111770E-01  0.151229E+08  0.151108E+08  0.000000E+00  0.000000E+00  0.109485E+08  0.150948E+08
  0.112978E-01  0.150722E+08  0.150599E+08  0.000000E+00  0.000000E+00  0.108715E+08  0.150439E+08
  0.114200E-01  0.150211E+08  0.150086E+08  0.000000E+00  0.000000E+00  0.107942E+08  0.149926E+08
  0.115434E-01  0.149696E+08  0.149568E+08  0.000000E+00  0.000000E+00  0.107168E+08  0.149409E+08
  0.116682E-01  0.149177E+08  0.149047E+08  0.000000E+00  0.000000E+00  0.106391E+08  0.148888E+08
  0.117944E-01  0.148654E+08  0.148521E+08  0.000000E+00  0.000000E+00  0.105612E+08  0.148363E+08
  0.119219E-01  0.148126E+08  0.147992E+08  0.000000E+00  0.000000E+00  0.104831E+08  0.147834E+08
  0.120507E-01  0.147595E+08  0.147458E+08  0.000000E+00  0.000000E+00  0.104048E+08  0.147300E+08
  0.121810E-01  0.147060E+08  0.146920E+08  0.000000E+00  0.000000E+00  0.103262E+08  0.146763E+08
  0.123127E-01  0.146520E+08  0.146377E+08  0.000000E+00  0.000000E+00  0.102475E+08  0.146221E+08
  0.124458E-01  0.145976E+08  0.145831E+08  0.000000E+00  0.000000E+00  0.101686E+08  0.145675E+08
  0.125804E-01  0.145428E+08  0.145280E+08  0.000000E+00  0.000000E+00  0.100896E+08  0.145126E+08
  0.127164E-01  0.144876E+08  0.144725E+08  0.000000E+00  0.000000E+00  0.100103E+08  0.144571E+08
  0.128538E-01  0.144319E+08  0.144166E+08  0.000000E+00  0.000000E+00  0.993088E+07  0.144013E+08
  0.129928E-01  0.143759E+08  0.143603E+08  0.000000E+00  0.000000E+00  0.985130E+07  0.143451E+08
  0.131333E-01  0.143194E+08  0.143035E+08  0.000000E+00  0.000000E+00  0.977156E+07  0.142884E+08
  0.132752E-01  0.142625E+08  0.142463E+08  0.000000E+00  0.000000E+00  0.969168E+07  0.142313E+08
  0.134188E-01  0.142052E+08  0.141887E+08  0.000000E+00  0.000000E+00  0.961166E+07  0.141738E+08
  0.135638E-01  0.141474E+08  0.141307E+08  0.000000E+00  0.000000E+00  0.953151E+07  0.141158E+08
  0.137105E-01  0.140892E+08  0.140722E+08  0.000000E+00  0.000000E+00  0.945123E+07  0.140574E+08
  0.138587E-01  0.140306E+08  0.140133E+08  0.000000E+00  0.000000E+00  0.937083E+07  0.139986E+08
  0.140085E-01  0.139715E+08  0.139539E+08  0.000000E+00  0.000000E+00  0.929032E+07  0.139394E+08
  0.141599E-01  0.139121E+08  0.138941E+08  0.000000E+00  0.000000E+00  0.920972E+07  0.138798E+08
  0.143130E-01  0.138522E+08  0.138339E+08  0.000000E+00  0.000000E+00  0.912901E+07  0.138197E+08
  0.144678E-01  0.137918E+08  0.137733E+08  0.000000E+00  0.000000E+00  0.904822E+07  0.137592E+08
  0.146242E-01  0.137311E+08  0.137122E+08  0.000000E+00  0.000000E+00  0.896734E+07  0.136982E+08
  0.147823E-01  0.136698E+08  0.136506E+08  0.000000E+00  0.000000E+00  0.888640E+07  0.136368E+08
  0.149421E-01  0.136082E+08  0.135887E+08  0.000000E+00  0.000000E+00  0.880539E+07  0.135750E+08
  0.151036E-01  0.135461E+08  0.135263E+08  0.000000E+00  0.000000E+00  0.872433E+07  0.135128E+08
  0.152669E-01  0.134836E+08  0.134634E+08  0.000000E+00  0.000000E+00  0.864322E+07  0.134501E+08
  0.154319E-01  0.134207E+08  0.134001E+08  0.000000E+00  0.000000E+00  0.856207E+07  0.133870E+08
  0.155988E-01  0.133573E+08  0.133364E+08  0.000000E+00  0.000000E+00  0.848089E+07  0.133234E+08
  0.157674E-01  0.132935E+08  0.132722E+08  0.000000E+00  0.000000E+00  0.839968E+07  0.132595E+08
  0.159378E-01  0.132292E+08  0.132076E+08  0.000000E+00  0.000000E+00  0.831846E+07  0.131951E+08
  0.161101E-01  0.131646E+08  0.131426E+08  0.000000E+00  0.000000E+00  0.823724E+07  0.131302E+08
  0.162843E-01  0.130994E+08  0.130771E+08  0.000000E+00  0.000000E+00  0.815602E+07  0.130649E+08
  0.164603E-01  0.130339E+08  0.130112E+08  0.000000E+00  0.000000E+00  0.807481E+07  0.129992E+08
  0.166383E-01  0.129679E+08  0.129449E+08  0.000000E+00  0.000000E+00  0.799362E+07  0.129331E+08
  0.168182E-01  0.129015E+08  0.128781E+08  0.000000E+00  0.000000E+00  0.791246E+07  0.128665E+08
  0.170000E-01  0.128347E+08  0.128108E+08  0.000000E+00  0.000000E+00  0.783134E+07  0.127996E+08
  0.171838E-01  0.127674E+08  0.127432E+08  0.000000E+00  0.000000E+00  0.775027E+07  0.127321E+08
  0.173695E-01  0.126997E+08  0.126751E+08  0.000000E+00  0.000000E+00  0.766925E+07  0.126643E+08
  0.175573E-01  0.126315E+08  0.126066E+08  0.000000E+00  0.000000E+00  0.758830E+07  0.125960E+08
  0.177471E-01  0.125630E+08  0.125376E+08  0.000000E+00  0.000000E+00  0.750742E+07  0.125273E+08
  0.179390E-01  0.124940E+08  0.124683E+08  0.000000E+00  0.000000E+00  0.742663E+07  0.124582E+08
  0.181329E-01  0.124246E+08  0.123985E+08  0.000000E+00  0.000000E+00  0.734593E+07  0.123887E+08
  0.183289E-01  0.123548E+08  0.123283E+08  0.000000E+00  0.000000E+00  0.726534E+07  0.123187E+08
  0.185271E-01  0.122845E+08  0.122576E+08  0.000000E+00  0.000000E+00  0.718486E+07  0.122484E+08
  0.187274E-01  0.122139E+08  0.121866E+08  0.000000E+00  0.000000E+00  0.710450E+07  0.121776E+08
  0.189298E-01  0.121428E+08  0.121151E+08  0.000000E+00  0.000000E+00  0.702427E+07  0.121064E+08
  0.191345E-01  0.120714E+08  0.120432E+08  0.000000E+00  0.000000E+00  0.694418E+07  0.120348E+08
  0.193413E-01  0.119995E+08  0.119709E+08  0.000000E+00  0.000000E+00  0.686425E+07  0.119628E+08
  0.195504E-01  0.119272E+08  0.118982E+08  0.000000E+00  0.000000E+00  0.678448E+07  0.118904E+08
  0.197618E-01  0.118545E+08  0.118251E+08  0.000000E+00  0.000000E+00  0.670488E+07  0.118176E+08
  0.199754E-01  0.117815E+08  0.117517E+08  0.000000E+00  0.000000E+00  0.662546E+07  0.117445E+08
  0.201914E-01  0.117080E+08  0.116778E+08  0.000000E+00  0.000000E+00  0.654623E+07  0.116709E+08
  0.204097E-01  0.116342E+08  0.116035E+08  0.000000E+00  0.000000E+00  0.646721E+07  0.115970E+08
  0.206303E-01  0.115600E+08  0.115289E+08  0.000000E+00  0.000000E+00  0.638840E+07  0.115227E+08
  0.208533E-01  0.114854E+08  0.114539E+08  0.000000E+00  0.000000E+00  0.630981E+07  0.114480E+08
  0.210788E-01  0.114104E+08  0.113785E+08  0.000000E+00  0.000000E+00  0.623145E+07  0.113730E+08
  0.213066E-01  0.113351E+08  0.113028E+08  0.000000E+00  0.000000E+00  0.615334E+07  0.112976E+08
  0.215370E-01  0.112595E+08  0.112267E+08  0.000000E+00  0.000000E+00  0.607549E+07  0.112218E+08
  0.217698E-01  0.111834E+08  0.111503E+08  0.000000E+00  0.000000E+00  0.599790E+07  0.111458E+08
  0.220052E-01  0.111071E+08  0.110735E+08  0.000000E+00  0.000000E+00  0.592059E+07  0.110693E+08
  0.222430E-01  0.110304E+08  0.109964E+08  0.000000E+00  0.000000E+00  0.584356E+07  0.109926E+08
  0.224835E-01  0.109534E+08  0.109190E+08  0.000000E+00  0.000000E+00  0.576684E+07  0.109155E+08
  0.227266E-01  0.108761E+08  0.108412E+08  0.000000E+00  0.000000E+00  0.569042E+07  0.108382E+08
  0.229723E-01  0.107985E+08  0.107632E+08  0.000000E+00  0.000000E+00  0.561433E+07  0.107605E+08
  0.232206E-01  0.107206E+08  0.106848E+08  0.000000E+00  0.000000E+00  0.553857E+07  0.106825E+08
  0.234716E-01  0.106424E+08  0.106062E+08  0.000000E+00  0.000000E+00  0.546315E+07  0.106043E+08
  0.237254E-01  0.105639E+08  0.105273E+08  0.000000E+00  0.000000E+00  0.538809E+07  0.105258E+08
  0.239819E-01  0.104852E+08  0.104482E+08  0.000000E+00  0.000000E+00  0.531339E+07  0.104470E+08
  0.242411E-01  0.104062E+08  0.103688E+08  0.000000E+00  0.000000E+00  0.523907E+07  0.103680E+08
  0.245032E-01  0.103269E+08  0.102891E+08  0.000000E+00  0.000000E+00  0.516514E+07  0.102887E+08
  0.247681E-01  0.102475E+08  0.102093E+08  0.000000E+00  0.000000E+00  0.509161E+07  0.102092E+08
  0.250359E-01  0.101678E+08  0.101292E+08  0.000000E+00  0.000000E+00  0.501849E+07  0.101295E+08
  0.253065E-01  0.100879E+08  0.100489E+08  0.000000E+00  0.000000E+00  0.494579E+07  0.100496E+08
  0.255801E-01  0.100079E+08  0.996847E+07  0.000000E+00  0.000000E+00  0.487353E+07  0.996953E+07
  0.258566E-01  0.992761E+07  0.988784E+07  0.000000E+00  0.000000E+00  0.480171E+07  0.988928E+07
  0.261362E-01  0.984721E+07  0.980706E+07  0.000000E+00  0.000000E+00  0.473035E+07  0.980888E+07
  0.264187E-01  0.976666E+07  0.972614E+07  0.000000E+00  0.000000E+00  0.465946E+07  0.972833E+07
  0.267043E-01  0.968598E+07  0.964510E+07  0.000000E+00  0.000000E+00  0.458904E+07  0.964766E+07
  0.269930E-01  0.960519E+07  0.956395E+07  0.000000E+00  0.000000E+00  0.451912E+07  0.956688E+07
  0.272848E-01  0.952430E+07  0.948272E+07  0.000000E+00  0.000000E+00  0.444970E+07  0.948601E+07
  0.275798E-01  0.944334E+07  0.940141E+07  0.000000E+00  0.000000E+00  0.438078E+07  0.940507E+07
  0.278779E-01  0.936231E+07  0.932005E+07  0.000000E+00  0.000000E+00  0.431240E+07  0.932408E+07
  0.281793E-01  0.928124E+07  0.923866E+07  0.000000E+00  0.000000E+00  0.424454E+07  0.924304E+07
  0.284840E-01  0.920015E+07  0.915726E+07  0.000000E+00  0.000000E+00  0.417723E+07  0.916199E+07
  0.287919E-01  0.911906E+07  0.907587E+07  0.000000E+00  0.000000E+00  0.411048E+07  0.908094E+07
  0.291032E-01  0.903798E+07  0.899450E+07  0.000000E+00  0.000000E+00  0.404429E+07  0.899991E+07
  0.294178E-01  0.895695E+07  0.891318E+07  0.000000E+00  0.000000E+00  0.397868E+07  0.891893E+07
  0.297358E-01  0.887597E+07  0.883194E+07  0.000000E+00  0.000000E+00  0.391366E+07  0.883801E+07
  0.300573E-01  0.879507E+07  0.875078E+07  0.000000E+00  0.000000E+00  0.384923E+07  0.875717E+07
  0.303822E-01  0.871427E+07  0.866974E+07  0.000000E+00  0.000000E+00  0.378541E+07  0.867644E+07
  0.307107E-01  0.863360E+07  0.858884E+07  0.000000E+00  0.000000E+00  0.372221E+07  0.859585E+07
  0.310427E-01  0.855307E+07  0.850810E+07  0.000000E+00  0.000000E+00  0.365964E+07  0.851540E+07
  0.313783E-01  0.847272E+07  0.842755E+07  0.000000E+00  0.000000E+00  0.359770E+07  0.843513E+07
  0.317175E-01  0.839256E+07  0.834721E+07  0.000000E+00  0.000000E+00  0.353641E+07  0.835506E+07
  0.320604E-01  0.831261E+07  0.826710E+07  0.000000E+00  0.000000E+00  0.347577E+07  0.827522E+07
  0.324070E-01  0.823292E+07  0.818726E+07  0.000000E+00  0.000000E+00  0.341580E+07  0.819562E+07
  0.327573E-01  0.815348E+07  0.810770E+07  0.000000E+00  0.000000E+00  0.335650E+07  0.811629E+07
  0.331114E-01  0.807435E+07  0.802845E+07  0.000000E+00  0.000000E+00  0.329788E+07  0.803727E+07
  0.334694E-01  0.799553E+07  0.794953E+07  0.000000E+00  0.000000E+00  0.323995E+07  0.795857E+07
  0.338312E-01  0.791706E+07  0.787098E+07  0.000000E+00  0.000000E+00  0.318272E+07  0.788021E+07
  0.341970E-01  0.783895E+07  0.779282E+07  0.000000E+00  0.000000E+00  0.312619E+07  0.780224E+07
  0.345667E-01  0.776124E+07  0.771508E+07  0.000000E+00  0.000000E+00  0.307036E+07  0.772466E+07
  0.349404E-01  0.768395E+07  0.763778E+07  0.000000E+00  0.000000E+00  0.301525E+07  0.764751E+07
  0.353181E-01  0.760711E+07  0.756094E+07  0.000000E+00  0.000000E+00  0.296087E+07  0.757081E+07
  0.356999E-01  0.753075E+07  0.748461E+07  0.000000E+00  0.000000E+00  0.290721E+07  0.749459E+07
  0.360858E-01  0.745488E+07  0.740879E+07  0.000000E+00  0.000000E+00  0.285428E+07  0.741888E+07
  0.364760E-01  0.737954E+07  0.733352E+07  0.000000E+00  0.000000E+00  0.280209E+07  0.734369E+07
  0.368703E-01  0.730475E+07  0.725883E+07  0.000000E+00  0.000000E+00  0.275065E+07  0.726906E+07
  0.372689E-01  0.723053E+07  0.718473E+07  0.000000E+00  0.000000E+00  0.269995E+07  0.719501E+07
  0.376718E-01  0.715691E+07  0.711125E+07  0.000000E+00  0.000000E+00  0.265001E+07  0.712156E+07
  0.380790E-01  0.708391E+07  0.703842E+07  0.000000E+00  0.000000E+00  0.260082E+07  0.704874E+07
  0.384907E-01  0.701156E+07  0.696626E+07  0.000000E+00  0.000000E+00  0.255239E+07  0.697657E+07
  0.389068E-01  0.693990E+07  0.689482E+07  0.000000E+00  0.000000E+00  0.250472E+07  0.690509E+07
  0.393274E-01  0.686894E+07  0.682410E+07  0.000000E+00  0.000000E+00  0.245781E+07  0.683432E+07
  0.397526E-01  0.679870E+07  0.675413E+07  0.000000E+00  0.000000E+00  0.241167E+07  0.676428E+07
  0.401823E-01  0.672921E+07  0.668493E+07  0.000000E+00  0.000000E+00  0.236630E+07  0.669498E+07
  0.406167E-01  0.666049E+07  0.661652E+07  0.000000E+00  0.000000E+00  0.232168E+07  0.662646E+07
  0.410558E-01  0.659254E+07  0.654892E+07  0.000000E+00  0.000000E+00  0.227781E+07  0.655871E+07
  0.414997E-01  0.652539E+07  0.648214E+07  0.000000E+00  0.000000E+00  0.223471E+07  0.649177E+07
  0.419483E-01  0.645905E+07  0.641619E+07  0.000000E+00  0.000000E+00  0.219235E+07  0.642564E+07
  0.424018E-01  0.639354E+07  0.635110E+07  0.000000E+00  0.000000E+00  0.215075E+07  0.636035E+07
  0.428602E-01  0.632888E+07  0.628688E+07  0.000000E+00  0.000000E+00  0.210990E+07  0.629590E+07
  0.433235E-01  0.626507E+07  0.622354E+07  0.000000E+00  0.000000E+00  0.206979E+07  0.623232E+07
  0.437919E-01  0.620214E+07  0.616110E+07  0.000000E+00  0.000000E+00  0.203043E+07  0.616961E+07
  0.442653E-01  0.614010E+07  0.609958E+07  0.000000E+00  0.000000E+00  0.199180E+07  0.610780E+07
  0.447439E-01  0.607895E+07  0.603897E+07  0.000000E+00  0.000000E+00  0.195391E+07  0.604688E+07
  0.452276E-01  0.601871E+07  0.597929E+07  0.000000E+00  0.000000E+00  0.191674E+07  0.598687E+07
  0.457165E-01  0.595938E+07  0.592054E+07  0.000000E+00  0.000000E+00  0.188028E+07  0.592777E+07
  0.462107E-01  0.590096E+07  0.586273E+07  0.000000E+00  0.000000E+00  0.184453E+07  0.586959E+07
  0.467103E-01  0.584345E+07  0.580584E+07  0.000000E+00  0.000000E+00  0.180948E+07  0.581232E+07
  0.472153E-01  0.578686E+07  0.574990E+07  0.000000E+00  0.000000E+00  0.177511E+07  0.575596E+07
  0.477257E-01  0.573117E+07  0.569487E+07  0.000000E+00  0.000000E+00  0.174142E+07  0.570051E+07
  0.482417E-01  0.567638E+07  0.564077E+07  0.000000E+00  0.000000E+00  0.170840E+07  0.564597E+07
  0.487632E-01  0.562250E+07  0.558758E+07  0.000000E+00  0.000000E+00  0.167604E+07  0.559233E+07
  0.492904E-01  0.556950E+07  0.553530E+07  0.000000E+00  0.000000E+00  0.164432E+07  0.553957E+07
  0.498232E-01  0.551738E+07  0.548390E+07  0.000000E+00  0.000000E+00  0.161324E+07  0.548769E+07
  0.503618E-01  0.546612E+07  0.543338E+07  0.000000E+00  0.000000E+00  0.158278E+07  0.543668E+07
  0.509063E-01  0.541570E+07  0.538372E+07  0.000000E+00  0.000000E+00  0.155292E+07  0.538650E+07
  0.514566E-01  0.536610E+07  0.533488E+07  0.000000E+00  0.000000E+00  0.152365E+07  0.533715E+07
  0.520129E-01  0.531730E+07  0.528684E+07  0.000000E+00  0.000000E+00  0.149496E+07  0.528859E+07
  0.525752E-01  0.526926E+07  0.523959E+07  0.000000E+00  0.000000E+00  0.146682E+07  0.524080E+07
  0.531436E-01  0.522197E+07  0.519308E+07  0.000000E+00  0.000000E+00  0.143924E+07  0.519375E+07
  0.537181E-01  0.517539E+07  0.514728E+07  0.000000E+00  0.000000E+00  0.141219E+07  0.514742E+07
  0.542988E-01  0.512951E+07  0.510218E+07  0.000000E+00  0.000000E+00  0.138566E+07  0.510178E+07
  0.548858E-01  0.508428E+07  0.505773E+07  0.000000E+00  0.000000E+00  0.135962E+07  0.505679E+07
  0.554792E-01  0.503966E+07  0.501390E+07  0.000000E+00  0.000000E+00  0.133405E+07  0.501242E+07
  0.560790E-01  0.499564E+07  0.497065E+07  0.000000E+00  0.000000E+00  0.130896E+07  0.496863E+07
  0.566852E-01  0.495215E+07  0.492792E+07  0.000000E+00  0.000000E+00  0.128431E+07  0.492537E+07
  0.572980E-01  0.490915E+07  0.488568E+07  0.000000E+00  0.000000E+00  0.126010E+07  0.488261E+07
  0.579175E-01  0.486659E+07  0.484387E+07  0.000000E+00  0.000000E+00  0.123631E+07  0.484028E+07
  0.588076E-01  0.480690E+07  0.478521E+07  0.000000E+00  0.000000E+00  0.120324E+07  0.478092E+07
  0.596977E-01  0.474875E+07  0.472805E+07  0.000000E+00  0.000000E+00  0.117140E+07  0.472308E+07
  0.605879E-01  0.469196E+07  0.467220E+07  0.000000E+00  0.000000E+00  0.114069E+07  0.466661E+07
  0.614780E-01  0.463638E+07  0.461750E+07  0.000000E+00  0.000000E+00  0.111106E+07  0.461132E+07
  0.623681E-01  0.458183E+07  0.456377E+07  0.000000E+00  0.000000E+00  0.108242E+07  0.455707E+07
  0.632583E-01  0.452816E+07  0.451086E+07  0.000000E+00  0.000000E+00  0.105469E+07  0.450368E+07
  0.641484E-01  0.447523E+07  0.445862E+07  0.000000E+00  0.000000E+00  0.102781E+07  0.445101E+07
  0.650386E-01  0.442290E+07  0.440693E+07  0.000000E+00  0.000000E+00  0.100172E+07  0.439894E+07
  0.659287E-01  0.437106E+07  0.435567E+07  0.000000E+00  0.000000E+00  0.976387E+06  0.434737E+07
  0.668188E-01  0.431963E+07  0.430475E+07  0.000000E+00  0.000000E+00  0.951749E+06  0.429618E+07
  0.677090E-01  0.426852E+07  0.425408E+07  0.000000E+00  0.000000E+00  0.927763E+06  0.424531E+07
  0.685991E-01  0.421765E+07  0.420359E+07  0.000000E+00  0.000000E+00  0.904400E+06  0.419467E+07
  0.694892E-01  0.416696E+07  0.415322E+07  0.000000E+00  0.000000E+00  0.881631E+06  0.414421E+07
  0.703794E-01  0.411640E+07  0.410293E+07  0.000000E+00  0.000000E+00  0.859421E+06  0.409386E+07
  0.712695E-01  0.406594E+07  0.405266E+07  0.000000E+00  0.000000E+00  0.837742E+06  0.404361E+07
  0.721597E-01  0.401554E+07  0.400241E+07  0.000000E+00  0.000000E+00  0.816578E+06  0.399342E+07
  0.730498E-01  0.396519E+07  0.395216E+07  0.000000E+00  0.000000E+00  0.795914E+06  0.394327E+07
  0.739399E-01  0.391489E+07  0.390191E+07  0.000000E+00  0.000000E+00  0.775730E+06  0.389317E+07
  0.748301E-01  0.386465E+07  0.385167E+07  0.000000E+00  0.000000E+00  0.756013E+06  0.384312E+07
  0.757202E-01  0.381448E+07  0.380146E+07  0.000000E+00  0.000000E+00  0.736755E+06  0.379314E+07
  0.766104E-01  0.376441E+07  0.375130E+07  0.000000E+00  0.000000E+00  0.717947E+06  0.374325E+07
  0.775005E-01  0.371445E+07  0.370122E+07  0.000000E+00  0.000000E+00  0.699577E+06  0.369347E+07
  0.783906E-01  0.366464E+07  0.365127E+07  0.000000E+00  0.000000E+00  0.681642E+06  0.364384E+07
  0.792808E-01  0.361502E+07  0.360148E+07  0.000000E+00  0.000000E+00  0.664138E+06  0.359440E+07
  0.801709E-01  0.356565E+07  0.355191E+07  0.000000E+00  0.000000E+00  0.647062E+06  0.354520E+07
  0.810610E-01  0.351657E+07  0.350261E+07  0.000000E+00  0.000000E+00  0.630408E+06  0.349629E+07
  0.819512E-01  0.346784E+07  0.345364E+07  0.000000E+00  0.000000E+00  0.614177E+06  0.344772E+07
  0.828413E-01  0.341951E+07  0.340507E+07  0.000000E+00  0.000000E+00  0.598365E+06  0.339956E+07
  0.837315E-01  0.337164E+07  0.335696E+07  0.000000E+00  0.000000E+00  0.582970E+06  0.335186E+07
  0.846216E-01  0.332430E+07  0.330937E+07  0.000000E+00  0.000000E+00  0.567990E+06  0.330468E+07
  0.855117E-01  0.327754E+07  0.326235E+07  0.000000E+00  0.000000E+00  0.553428E+06  0.325809E+07
  0.864019E-01  0.323142E+07  0.321599E+07  0.000000E+00  0.000000E+00  0.539279E+06  0.321213E+07
  0.872920E-01  0.318600E+07  0.317033E+07  0.000000E+00  0.000000E+00  0.525541E+06  0.316688E+07
  0.881821E-01  0.314135E+07  0.312545E+07  0.000000E+00  0.000000E+00  0.512211E+06  0.312238E+07
  0.890723E-01  0.309750E+07  0.308139E+07  0.000000E+00  0.000000E+00  0.499285E+06  0.307869E+07
  0.899624E-01  0.305451E+07  0.303820E+07  0.000000E+00  0.000000E+00  0.486761E+06  0.303586E+07
  0.908526E-01  0.301242E+07  0.299594E+07  0.000000E+00  0.000000E+00  0.474636E+06  0.299394E+07
  0.917427E-01  0.297128E+07  0.295464E+07  0.000000E+00  0.000000E+00  0.462905E+06  0.295296E+07
  0.926328E-01  0.293113E+07  0.291436E+07  0.000000E+00  0.000000E+00  0.451562E+06  0.291297E+07
  0.935230E-01  0.289202E+07  0.287514E+07  0.000000E+00  0.000000E+00  0.440602E+06  0.287402E+07
  0.944131E-01  0.285396E+07  0.283700E+07  0.000000E+00  0.000000E+00  0.430018E+06  0.283612E+07
  0.953033E-01  0.281699E+07  0.279998E+07  0.000000E+00  0.000000E+00  0.419804E+06  0.279931E+07
  0.961934E-01  0.278111E+07  0.276408E+07  0.000000E+00  0.000000E+00  0.409955E+06  0.276359E+07
  0.970835E-01  0.274635E+07  0.272933E+07  0.000000E+00  0.000000E+00  0.400462E+06  0.272899E+07
  0.979737E-01  0.271272E+07  0.269574E+07  0.000000E+00  0.000000E+00  0.391313E+06  0.269552E+07
  0.988638E-01  0.268022E+07  0.266330E+07  0.000000E+00  0.000000E+00  0.382500E+06  0.266318E+07
  0.997539E-01  0.264884E+07  0.263202E+07  0.000000E+00  0.000000E+00  0.374014E+06  0.263196E+07
  0.100644E+00  0.261859E+07  0.260189E+07  0.000000E+00  0.000000E+00  0.365846E+06  0.260186E+07
  0.101534E+00  0.258944E+07  0.257289E+07  0.000000E+00  0.000000E+00  0.357986E+06  0.257287E+07
  0.102424E+00  0.256138E+07  0.254501E+07  0.000000E+00  0.000000E+00  0.350422E+06  0.254497E+07
  0.103314E+00  0.253439E+07  0.251822E+07  0.000000E+00  0.000000E+00  0.343142E+06  0.251814E+07
  0.104205E+00  0.250845E+07  0.249251E+07  0.000000E+00  0.000000E+00  0.336136E+06  0.249234E+07
  0.105095E+00  0.248352E+07  0.246783E+07  0.000000E+00  0.000000E+00  0.329392E+06  0.246757E+07
  0.105985E+00  0.245956E+07  0.244414E+07  0.000000E+00  0.000000E+00  0.322900E+06  0.244376E+07
  0.106875E+00  0.243654E+07  0.242141E+07  0.000000E+00  0.000000E+00  0.316646E+06  0.242089E+07
  0.107765E+00  0.241441E+07  0.239959E+07  0.000000E+00  0.000000E+00  0.310617E+06  0.239891E+07
  0.108655E+00  0.239313E+07  0.237864E+07  0.000000E+00  0.000000E+00  0.304803E+06  0.237778E+07
  0.109545E+00  0.237266E+07  0.235850E+07  0.000000E+00  0.000000E+00  0.299194E+06  0.235745E+07
  0.110436E+00  0.235294E+07  0.233913E+07  0.000000E+00  0.000000E+00  0.293778E+06  0.233787E+07
  0.111326E+00  0.233392E+07  0.232048E+07  0.000000E+00  0.000000E+00  0.288543E+06  0.231900E+07
  0.112216E+00  0.231556E+07  0.230247E+07  0.000000E+00  0.000000E+00  0.283477E+06  0.230078E+07
  0.113106E+00  0.229779E+07  0.228507E+07  0.000000E+00  0.000000E+00  0.278569E+06  0.228314E+07
  0.113996E+00  0.228056E+07  0.226821E+07  0.000000E+00  0.000000E+00  0.273809E+06  0.226605E+07
  0.114886E+00  0.226382E+07  0.225184E+07  0.000000E+00  0.000000E+00  0.269188E+06  0.224944E+07
  0.115776E+00  0.224752E+07  0.223590E+07  0.000000E+00  0.000000E+00  0.264696E+06  0.223327E+07
  0.116667E+00  0.223160E+07  0.222035E+07  0.000000E+00  0.000000E+00  0.260323E+06  0.221748E+07
  0.117557E+00  0.221601E+07  0.220512E+07  0.000000E+00  0.000000E+00  0.256061E+06  0.220202E+07
  0.118447E+00  0.220070E+07  0.219015E+07  0.000000E+00  0.000000E+00  0.251901E+06  0.218684E+07
  0.119337E+00  0.218562E+07  0.217541E+07  0.000000E+00  0.000000E+00  0.247834E+06  0.217187E+07
  0.120227E+00  0.217072E+07  0.216083E+07  0.000000E+00  0.000000E+00  0.243852E+06  0.215709E+07
  0.121117E+00  0.215595E+07  0.214638E+07  0.000000E+00  0.000000E+00  0.239950E+06  0.214244E+07
  0.122007E+00  0.214128E+07  0.213200E+07  0.000000E+00  0.000000E+00  0.236121E+06  0.212788E+07
  0.122898E+00  0.212667E+07  0.211767E+07  0.000000E+00  0.000000E+00  0.232361E+06  0.211338E+07
  0.123788E+00  0.211208E+07  0.210334E+07  0.000000E+00  0.000000E+00  0.228661E+06  0.209890E+07
  0.124678E+00  0.209747E+07  0.208899E+07  0.000000E+00  0.000000E+00  0.225018E+06  0.208440E+07
  0.125568E+00  0.208283E+07  0.207457E+07  0.000000E+00  0.000000E+00  0.221428E+06  0.206986E+07
  0.126458E+00  0.206812E+07  0.206007E+07  0.000000E+00  0.000000E+00  0.217888E+06  0.205525E+07
  0.127348E+00  0.205332E+07  0.204545E+07  0.000000E+00  0.000000E+00  0.214393E+06  0.204055E+07
  0.128238E+00  0.203841E+07  0.203071E+07  0.000000E+00  0.000000E+00  0.210941E+06  0.202574E+07
  0.129128E+00  0.202337E+07  0.201583E+07  0.000000E+00  0.000000E+00  0.207529E+06  0.201080E+07
  0.130019E+00  0.200820E+07  0.200078E+07  0.000000E+00  0.000000E+00  0.204156E+06  0.199572E+07
  0.130909E+00  0.199288E+07  0.198557E+07  0.000000E+00  0.000000E+00  0.200820E+06  0.198050E+07
  0.131799E+00  0.197741E+07  0.197019E+07  0.000000E+00  0.000000E+00  0.197519E+06  0.196511E+07
  0.132689E+00  0.196178E+07  0.195463E+07  0.000000E+00  0.000000E+00  0.194253E+06  0.194958E+07
  0.133579E+00  0.194600E+07  0.193890E+07  0.000000E+00  0.000000E+00  0.191023E+06  0.193388E+07
  0.134469E+00  0.193006E+07  0.192300E+07  0.000000E+00  0.000000E+00  0.187826E+06  0.191803E+07
  0.135359E+00  0.191398E+07  0.190693E+07  0.000000E+00  0.000000E+00  0.184662E+06  0.190203E+07
  0.136250E+00  0.189776E+07  0.189071E+07  0.000000E+00  0.000000E+00  0.181533E+06  0.188589E+07
  0.137140E+00  0.188141E+07  0.187435E+07  0.000000E+00  0.000000E+00  0.178439E+06  0.186963E+07
  0.138030E+00  0.186496E+07  0.185787E+07  0.000000E+00  0.000000E+00  0.175381E+06  0.185325E+07
  0.138920E+00  0.184841E+07  0.184128E+07  0.000000E+00  0.000000E+00  0.172360E+06  0.183678E+07
  0.139810E+00  0.183179E+07  0.182461E+07  0.000000E+00  0.000000E+00  0.169377E+06  0.182024E+07
  0.140700E+00  0.181511E+07  0.180787E+07  0.000000E+00  0.000000E+00  0.166433E+06  0.180363E+07
  0.141590E+00  0.179839E+07  0.179108E+07  0.000000E+00  0.000000E+00  0.163530E+06  0.178700E+07
  0.142481E+00  0.178167E+07  0.177429E+07  0.000000E+00  0.000000E+00  0.160668E+06  0.177035E+07
  0.143371E+00  0.176497E+07  0.175750E+07  0.000000E+00  0.000000E+00  0.157850E+06  0.175372E+07
  0.144261E+00  0.174830E+07  0.174075E+07  0.000000E+00  0.000000E+00  0.155076E+06  0.173713E+07
  0.145151E+00  0.173170E+07  0.172405E+07  0.000000E+00  0.000000E+00  0.152349E+06  0.172060E+07
  0.146041E+00  0.171518E+07  0.170744E+07  0.000000E+00  0.000000E+00  0.149668E+06  0.170416E+07
  0.146931E+00  0.169878E+07  0.169094E+07  0.000000E+00  0.000000E+00  0.147036E+06  0.168782E+07
  0.147821E+00  0.168251E+07  0.167458E+07  0.000000E+00  0.000000E+00  0.144454E+06  0.167162E+07
  0.148712E+00  0.166640E+07  0.165838E+07  0.000000E+00  0.000000E+00  0.141922E+06  0.165559E+07
  0.149602E+00  0.165047E+07  0.164237E+07  0.000000E+00  0.000000E+00  0.139442E+06  0.163973E+07
  0.150492E+00  0.163475E+07  0.162656E+07  0.000000E+00  0.000000E+00  0.137015E+06  0.162408E+07
  0.151382E+00  0.161926E+07  0.161099E+07  0.000000E+00  0.000000E+00  0.134640E+06  0.160866E+07
  0.152272E+00  0.160401E+07  0.159567E+07  0.000000E+00  0.000000E+00  0.132320E+06  0.159348E+07
  0.153162E+00  0.158903E+07  0.158062E+07  0.000000E+00  0.000000E+00  0.130054E+06  0.157857E+07
  0.154052E+00  0.157432E+07  0.156586E+07  0.000000E+00  0.000000E+00  0.127844E+06  0.156393E+07
  0.154942E+00  0.155992E+07  0.155141E+07  0.000000E+00  0.000000E+00  0.125687E+06  0.154960E+07
  0.155833E+00  0.154583E+07  0.153728E+07  0.000000E+00  0.000000E+00  0.123586E+06  0.153558E+07
  0.156723E+00  0.153207E+07  0.152349E+07  0.000000E+00  0.000000E+00  0.121540E+06  0.152189E+07
  0.157613E+00  0.151864E+07  0.151004E+07  0.000000E+00  0.000000E+00  0.119549E+06  0.150853E+07
  0.158503E+00  0.150556E+07  0.149695E+07  0.000000E+00  0.000000E+00  0.117612E+06  0.149552E+07
  0.159393E+00  0.149284E+07  0.148422E+07  0.000000E+00  0.000000E+00  0.115729E+06  0.148286E+07
  0.160283E+00  0.148047E+07  0.147186E+07  0.000000E+00  0.000000E+00  0.113899E+06  0.147056E+07
  0.161173E+00  0.146846E+07  0.145988E+07  0.000000E+00  0.000000E+00  0.112121E+06  0.145861E+07
  0.162064E+00  0.145681E+07  0.144826E+07  0.000000E+00  0.000000E+00  0.110395E+06  0.144703E+07
  0.162954E+00  0.144552E+07  0.143701E+07  0.000000E+00  0.000000E+00  0.108719E+06  0.143581E+07
  0.163844E+00  0.143458E+07  0.142613E+07  0.000000E+00  0.000000E+00  0.107091E+06  0.142494E+07
  0.164734E+00  0.142400E+07  0.141561E+07  0.000000E+00  0.000000E+00  0.105511E+06  0.141442E+07
  0.165624E+00  0.141375E+07  0.140544E+07  0.000000E+00  0.000000E+00  0.103977E+06  0.140424E+07
  0.166514E+00  0.140385E+07  0.139561E+07  0.000000E+00  0.000000E+00  0.102488E+06  0.139440E+07
  0.167404E+00  0.139427E+07  0.138612E+07  0.000000E+00  0.000000E+00  0.101041E+06  0.138489E+07
  0.168295E+00  0.138500E+07  0.137695E+07  0.000000E+00  0.000000E+00  0.996358E+05  0.137568E+07
  0.169185E+00  0.137603E+07  0.136809E+07  0.000000E+00  0.000000E+00  0.982703E+05  0.136678E+07
  0.170075E+00  0.136736E+07  0.135953E+07  0.000000E+00  0.000000E+00  0.969430E+05  0.135817E+07
  0.170965E+00  0.135895E+07  0.135124E+07  0.000000E+00  0.000000E+00  0.956519E+05  0.134983E+07
  0.171855E+00  0.135081E+07  0.134322E+07  0.000000E+00  0.000000E+00  0.943951E+05  0.134175E+07
  0.172745E+00  0.134291E+07  0.133545E+07  0.000000E+00  0.000000E+00  0.931707E+05  0.133391E+07
  0.173635E+00  0.133524E+07  0.132791E+07  0.000000E+00  0.000000E+00  0.919773E+05  0.132630E+07
  0.174526E+00  0.132777E+07  0.132058E+07  0.000000E+00  0.000000E+00  0.908132E+05  0.131889E+07
  0.175416E+00  0.132050E+07  0.131344E+07  0.000000E+00  0.000000E+00  0.896766E+05  0.131168E+07
  0.176306E+00  0.131339E+07  0.130648E+07  0.000000E+00  0.000000E+00  0.885654E+05  0.130463E+07
  0.177196E+00  0.130645E+07  0.129967E+07  0.000000E+00  0.000000E+00  0.874782E+05  0.129774E+07
  0.178086E+00  0.129963E+07  0.129299E+07  0.000000E+00  0.000000E+00  0.864131E+05  0.129099E+07
  0.178976E+00  0.129294E+07  0.128644E+07  0.000000E+00  0.000000E+00  0.853687E+05  0.128435E+07
  0.179866E+00  0.128635E+07  0.127998E+07  0.000000E+00  0.000000E+00  0.843435E+05  0.127781E+07
  0.180756E+00  0.127983E+07  0.127360E+07  0.000000E+00  0.000000E+00  0.833359E+05  0.127136E+07
  0.181647E+00  0.127339E+07  0.126729E+07  0.000000E+00  0.000000E+00  0.823446E+05  0.126496E+07
  0.182537E+00  0.126699E+07  0.126101E+07  0.000000E+00  0.000000E+00  0.813684E+05  0.125862E+07
  0.183427E+00  0.126062E+07  0.125477E+07  0.000000E+00  0.000000E+00  0.804057E+05  0.125231E+07
  0.184317E+00  0.125428E+07  0.124855E+07  0.000000E+00  0.000000E+00  0.794554E+05  0.124601E+07
  0.185207E+00  0.124794E+07  0.124232E+07  0.000000E+00  0.000000E+00  0.785168E+05  0.123973E+07
  0.186097E+00  0.124159E+07  0.123608E+07  0.000000E+00  0.000000E+00  0.775889E+05  0.123343E+07
  0.186987E+00  0.123523E+07  0.122982E+07  0.000000E+00  0.000000E+00  0.766705E+05  0.122712E+07
  0.187878E+00  0.122884E+07  0.122352E+07  0.000000E+00  0.000000E+00  0.757610E+05  0.122077E+07
  0.188768E+00  0.122241E+07  0.121718E+07  0.000000E+00  0.000000E+00  0.748596E+05  0.121439E+07
  0.189658E+00  0.121593E+07  0.121078E+07  0.000000E+00  0.000000E+00  0.739661E+05  0.120796E+07
  0.190548E+00  0.120940E+07  0.120433E+07  0.000000E+00  0.000000E+00  0.730798E+05  0.120148E+07
  0.191438E+00  0.120282E+07  0.119781E+07  0.000000E+00  0.000000E+00  0.722000E+05  0.119494E+07
  0.192328E+00  0.119617E+07  0.119123E+07  0.000000E+00  0.000000E+00  0.713265E+05  0.118834E+07
  0.193218E+00  0.118945E+07  0.118456E+07  0.000000E+00  0.000000E+00  0.704590E+05  0.118167E+07
  0.194109E+00  0.118267E+07  0.117783E+07  0.000000E+00  0.000000E+00  0.695974E+05  0.117493E+07
  0.194999E+00  0.117582E+07  0.117101E+07  0.000000E+00  0.000000E+00  0.687417E+05  0.116812E+07
  0.195889E+00  0.116889E+07  0.116412E+07  0.000000E+00  0.000000E+00  0.678916E+05  0.116124E+07
  0.196779E+00  0.116190E+07  0.115716E+07  0.000000E+00  0.000000E+00  0.670472E+05  0.115429E+07
  0.197669E+00  0.115485E+07  0.115012E+07  0.000000E+00  0.000000E+00  0.662084E+05  0.114728E+07
  0.198559E+00  0.114772E+07  0.114301E+07  0.000000E+00  0.000000E+00  0.653754E+05  0.114020E+07
  0.199449E+00  0.114054E+07  0.113584E+07  0.000000E+00  0.000000E+00  0.645486E+05  0.113306E+07
  0.200340E+00  0.113331E+07  0.112861E+07  0.000000E+00  0.000000E+00  0.637280E+05  0.112587E+07
  0.201230E+00  0.112603E+07  0.112132E+07  0.000000E+00  0.000000E+00  0.629140E+05  0.111862E+07
  0.202120E+00  0.111870E+07  0.111399E+07  0.000000E+00  0.000000E+00  0.621065E+05  0.111134E+07
  0.203010E+00  0.111134E+07  0.110662E+07  0.000000E+00  0.000000E+00  0.613062E+05  0.110402E+07
  0.203900E+00  0.110396E+07  0.109922E+07  0.000000E+00  0.000000E+00  0.605134E+05  0.109667E+07
  0.204790E+00  0.109655E+07  0.109180E+07  0.000000E+00  0.000000E+00  0.597286E+05  0.108931E+07
  0.205680E+00  0.108914E+07  0.108436E+07  0.000000E+00  0.000000E+00  0.589520E+05  0.108193E+07
  0.206570E+00  0.108172E+07  0.107693E+07  0.000000E+00  0.000000E+00  0.581839E+05  0.107456E+07
  0.207461E+00  0.107432E+07  0.106950E+07  0.000000E+00  0.000000E+00  0.574248E+05  0.106719E+07
  0.208351E+00  0.106693E+07  0.106208E+07  0.000000E+00  0.000000E+00  0.566749E+05  0.105984E+07
  0.209241E+00  0.105957E+07  0.105469E+07  0.000000E+00  0.000000E+00  0.559347E+05  0.105252E+07
  0.210131E+00  0.105225E+07  0.104734E+07  0.000000E+00  0.000000E+00  0.552045E+05  0.104523E+07
  0.211021E+00  0.104497E+07  0.104003E+07  0.000000E+00  0.000000E+00  0.544847E+05  0.103798E+07
  0.211911E+00  0.103774E+07  0.103278E+07  0.000000E+00  0.000000E+00  0.537755E+05  0.103080E+07
  0.212801E+00  0.103058E+07  0.102559E+07  0.000000E+00  0.000000E+00  0.530773E+05  0.102367E+07
  0.213692E+00  0.102349E+07  0.101848E+07  0.000000E+00  0.000000E+00  0.523904E+05  0.101661E+07
  0.214582E+00  0.101647E+07  0.101144E+07  0.000000E+00  0.000000E+00  0.517148E+05  0.100964E+07
  0.215472E+00  0.100954E+07  0.100449E+07  0.000000E+00  0.000000E+00  0.510508E+05  0.100274E+07
  0.216362E+00  0.100271E+07  0.997636E+06  0.000000E+00  0.000000E+00  0.503987E+05  0.995945E+06
  0.219116E+00  0.982226E+06  0.977112E+06  0.000000E+00  0.000000E+00  0.484579E+05  0.975572E+06
  0.221906E+00  0.962626E+06  0.957503E+06  0.000000E+00  0.000000E+00  0.466118E+05  0.956082E+06
  0.224731E+00  0.944054E+06  0.938958E+06  0.000000E+00  0.000000E+00  0.448645E+05  0.937620E+06
  0.227592E+00  0.926592E+06  0.921563E+06  0.000000E+00  0.000000E+00  0.432159E+05  0.920267E+06
  0.230489E+00  0.910253E+06  0.905329E+06  0.000000E+00  0.000000E+00  0.416626E+05  0.904038E+06
  0.233423E+00  0.894984E+06  0.890198E+06  0.000000E+00  0.000000E+00  0.401985E+05  0.888877E+06
  0.236395E+00  0.880673E+06  0.876052E+06  0.000000E+00  0.000000E+00  0.388151E+05  0.874672E+06
  0.239405E+00  0.867150E+06  0.862711E+06  0.000000E+00  0.000000E+00  0.375018E+05  0.861254E+06
  0.242452E+00  0.854202E+06  0.849954E+06  0.000000E+00  0.000000E+00  0.362468E+05  0.848408E+06
  0.245539E+00  0.841593E+06  0.837534E+06  0.000000E+00  0.000000E+00  0.350380E+05  0.835901E+06
  0.248665E+00  0.829091E+06  0.825207E+06  0.000000E+00  0.000000E+00  0.338648E+05  0.823497E+06
  0.251830E+00  0.816485E+06  0.812756E+06  0.000000E+00  0.000000E+00  0.327174E+05  0.810986E+06
  0.255036E+00  0.803606E+06  0.800003E+06  0.000000E+00  0.000000E+00  0.315890E+05  0.798201E+06
  0.258283E+00  0.790334E+06  0.786827E+06  0.000000E+00  0.000000E+00  0.304748E+05  0.785020E+06
  0.261571E+00  0.776613E+06  0.773170E+06  0.000000E+00  0.000000E+00  0.293731E+05  0.771388E+06
  0.264901E+00  0.762459E+06  0.759050E+06  0.000000E+00  0.000000E+00  0.282847E+05  0.757321E+06
  0.268273E+00  0.747958E+06  0.744560E+06  0.000000E+00  0.000000E+00  0.272131E+05  0.742906E+06
  0.271689E+00  0.733249E+06  0.729845E+06  0.000000E+00  0.000000E+00  0.261636E+05  0.728282E+06
  0.275147E+00  0.718506E+06  0.715088E+06  0.000000E+00  0.000000E+00  0.251420E+05  0.713623E+06
  0.278650E+00  0.703920E+06  0.700490E+06  0.000000E+00  0.000000E+00  0.241543E+05  0.699121E+06
  0.282198E+00  0.689685E+06  0.686250E+06  0.000000E+00  0.000000E+00  0.232062E+05  0.684969E+06
  0.285790E+00  0.675968E+06  0.672546E+06  0.000000E+00  0.000000E+00  0.223020E+05  0.671334E+06
  0.289428E+00  0.662887E+06  0.659498E+06  0.000000E+00  0.000000E+00  0.214438E+05  0.658336E+06
  0.293113E+00  0.650502E+06  0.647167E+06  0.000000E+00  0.000000E+00  0.206319E+05  0.646031E+06
  0.296845E+00  0.638808E+06  0.635548E+06  0.000000E+00  0.000000E+00  0.198642E+05  0.634417E+06
  0.300624E+00  0.627744E+06  0.624576E+06  0.000000E+00  0.000000E+00  0.191371E+05  0.623432E+06
  0.304451E+00  0.617193E+06  0.614128E+06  0.000000E+00  0.000000E+00  0.184454E+05  0.612960E+06
  0.308326E+00  0.607002E+06  0.604043E+06  0.000000E+00  0.000000E+00  0.177833E+05  0.602844E+06
  0.312252E+00  0.597004E+06  0.594146E+06  0.000000E+00  0.000000E+00  0.171449E+05  0.592920E+06
  0.316227E+00  0.587046E+06  0.584280E+06  0.000000E+00  0.000000E+00  0.165251E+05  0.583036E+06
  0.320253E+00  0.577004E+06  0.574316E+06  0.000000E+00  0.000000E+00  0.159201E+05  0.573065E+06
  0.324330E+00  0.566797E+06  0.564169E+06  0.000000E+00  0.000000E+00  0.153273E+05  0.562928E+06
  0.328458E+00  0.556402E+06  0.553816E+06  0.000000E+00  0.000000E+00  0.147461E+05  0.552600E+06
  0.332640E+00  0.545856E+06  0.543299E+06  0.000000E+00  0.000000E+00  0.141775E+05  0.542122E+06
  0.336875E+00  0.535234E+06  0.532696E+06  0.000000E+00  0.000000E+00  0.122363E+05  0.531557E+06
  0.341163E+00  0.524658E+06  0.522136E+06  0.000000E+00  0.000000E+00  0.117438E+05  0.521047E+06
  0.345506E+00  0.514251E+06  0.511745E+06  0.000000E+00  0.000000E+00  0.112696E+05  0.510705E+06
  0.349905E+00  0.504128E+06  0.501644E+06  0.000000E+00  0.000000E+00  0.108158E+05  0.500646E+06
  0.354359E+00  0.494373E+06  0.491922E+06  0.000000E+00  0.000000E+00  0.103835E+05  0.490955E+06
  0.358871E+00  0.485028E+06  0.482620E+06  0.000000E+00  0.000000E+00  0.997255E+04  0.481672E+06
  0.363439E+00  0.476089E+06  0.473735E+06  0.000000E+00  0.000000E+00  0.958215E+04  0.472796E+06
  0.368066E+00  0.467507E+06  0.465212E+06  0.000000E+00  0.000000E+00  0.921045E+04  0.464274E+06
  0.372752E+00  0.459196E+06  0.456964E+06  0.000000E+00  0.000000E+00  0.885504E+04  0.456023E+06
  0.377497E+00  0.451058E+06  0.448888E+06  0.000000E+00  0.000000E+00  0.851349E+04  0.447943E+06
  0.382303E+00  0.443002E+06  0.440888E+06  0.000000E+00  0.000000E+00  0.818361E+04  0.439944E+06
  0.387170E+00  0.434952E+06  0.432888E+06  0.000000E+00  0.000000E+00  0.786369E+04  0.431951E+06
  0.392099E+00  0.426873E+06  0.424849E+06  0.000000E+00  0.000000E+00  0.755284E+04  0.423927E+06
  0.397090E+00  0.418769E+06  0.416777E+06  0.000000E+00  0.000000E+00  0.725093E+04  0.415877E+06
  0.402145E+00  0.410676E+06  0.408710E+06  0.000000E+00  0.000000E+00  0.695837E+04  0.407837E+06
  0.407265E+00  0.402654E+06  0.400712E+06  0.000000E+00  0.000000E+00  0.667593E+04  0.399867E+06
  0.412450E+00  0.394774E+06  0.392858E+06  0.000000E+00  0.000000E+00  0.640448E+04  0.392039E+06
  0.417700E+00  0.387096E+06  0.385209E+06  0.000000E+00  0.000000E+00  0.614458E+04  0.384412E+06
  0.423018E+00  0.379657E+06  0.377802E+06  0.000000E+00  0.000000E+00  0.589640E+04  0.377023E+06
  0.428403E+00  0.372465E+06  0.370647E+06  0.000000E+00  0.000000E+00  0.565963E+04  0.369880E+06
  0.433857E+00  0.365496E+06  0.363719E+06  0.000000E+00  0.000000E+00  0.543347E+04  0.362960E+06
  0.439380E+00  0.358707E+06  0.356972E+06  0.000000E+00  0.000000E+00  0.521687E+04  0.356219E+06
  0.444974E+00  0.352047E+06  0.350352E+06  0.000000E+00  0.000000E+00  0.500875E+04  0.349606E+06
  0.450639E+00  0.345465E+06  0.343808E+06  0.000000E+00  0.000000E+00  0.480812E+04  0.343069E+06
  0.456376E+00  0.338932E+06  0.337308E+06  0.000000E+00  0.000000E+00  0.461433E+04  0.336581E+06
  0.462185E+00  0.332440E+06  0.330846E+06  0.000000E+00  0.000000E+00  0.442710E+04  0.330134E+06
  0.468069E+00  0.326002E+06  0.324435E+06  0.000000E+00  0.000000E+00  0.424638E+04  0.323739E+06
  0.474028E+00  0.319650E+06  0.318107E+06  0.000000E+00  0.000000E+00  0.407239E+04  0.317429E+06
  0.480063E+00  0.313415E+06  0.311898E+06  0.000000E+00  0.000000E+00  0.390532E+04  0.311237E+06
  0.486174E+00  0.307325E+06  0.305835E+06  0.000000E+00  0.000000E+00  0.374525E+04  0.305188E+06
  0.492364E+00  0.301394E+06  0.299932E+06  0.000000E+00  0.000000E+00  0.359210E+04  0.299298E+06
  0.498632E+00  0.295614E+06  0.294182E+06  0.000000E+00  0.000000E+00  0.344553E+04  0.293558E+06
  0.504979E+00  0.289967E+06  0.288567E+06  0.000000E+00  0.000000E+00  0.330509E+04  0.287951E+06
  0.511408E+00  0.284429E+06  0.283058E+06  0.000000E+00  0.000000E+00  0.317026E+04  0.282451E+06
  0.517919E+00  0.278974E+06  0.277631E+06  0.000000E+00  0.000000E+00  0.304058E+04  0.277033E+06
  0.524512E+00  0.273589E+06  0.272273E+06  0.000000E+00  0.000000E+00  0.291575E+04  0.271686E+06
  0.531189E+00  0.268271E+06  0.266980E+06  0.000000E+00  0.000000E+00  0.279556E+04  0.266405E+06
  0.537952E+00  0.263031E+06  0.261763E+06  0.000000E+00  0.000000E+00  0.267997E+04  0.261200E+06
  0.544800E+00  0.257882E+06  0.256637E+06  0.000000E+00  0.000000E+00  0.256896E+04  0.256086E+06
  0.551736E+00  0.252838E+06  0.251616E+06  0.000000E+00  0.000000E+00  0.246251E+04  0.251077E+06
  0.558760E+00  0.247904E+06  0.246706E+06  0.000000E+00  0.000000E+00  0.236051E+04  0.246177E+06
  0.565873E+00  0.243079E+06  0.241905E+06  0.000000E+00  0.000000E+00  0.226277E+04  0.241385E+06
  0.573077E+00  0.238353E+06  0.237203E+06  0.000000E+00  0.000000E+00  0.216907E+04  0.236692E+06
  0.580373E+00  0.233714E+06  0.232587E+06  0.000000E+00  0.000000E+00  0.207913E+04  0.232085E+06
  0.587761E+00  0.229152E+06  0.228048E+06  0.000000E+00  0.000000E+00  0.199275E+04  0.227555E+06
  0.595244E+00  0.224661E+06  0.223579E+06  0.000000E+00  0.000000E+00  0.190974E+04  0.223095E+06
  0.602821E+00  0.220245E+06  0.219183E+06  0.000000E+00  0.000000E+00  0.183002E+04  0.218709E+06
  0.610496E+00  0.215906E+06  0.214865E+06  0.000000E+00  0.000000E+00  0.175350E+04  0.214400E+06
  0.618268E+00  0.211652E+06  0.210630E+06  0.000000E+00  0.000000E+00  0.168013E+04  0.210175E+06
  0.626139E+00  0.207483E+06  0.206481E+06  0.000000E+00  0.000000E+00  0.160978E+04  0.206035E+06
  0.634110E+00  0.203398E+06  0.202417E+06  0.000000E+00  0.000000E+00  0.154236E+04  0.201979E+06
  0.642182E+00  0.199393E+06  0.198431E+06  0.000000E+00  0.000000E+00  0.147770E+04  0.198001E+06
  0.650358E+00  0.195462E+06  0.194519E+06  0.000000E+00  0.000000E+00  0.141569E+04  0.194097E+06
  0.698690E+00  0.174496E+06  0.173654E+06  0.000000E+00  0.000000E+00  0.110904E+04  0.173277E+06
  0.750614E+00  0.155684E+06  0.154934E+06  0.000000E+00  0.000000E+00  0.867529E+03  0.154596E+06
  0.806397E+00  0.138809E+06  0.138140E+06  0.000000E+00  0.000000E+00  0.677605E+03  0.137838E+06
  0.866325E+00  0.123684E+06  0.123088E+06  0.000000E+00  0.000000E+00  0.528507E+03  0.122818E+06
  0.930708E+00  0.110140E+06  0.109609E+06  0.000000E+00  0.000000E+00  0.411664E+03  0.109369E+06
  0.999874E+00  0.980235E+05  0.975511E+05  0.000000E+00  0.000000E+00  0.320247E+03  0.973369E+05
  0.107418E+01  0.871898E+05  0.867696E+05  0.000000E+00  0.000000E+00  0.248825E+03  0.865789E+05
  0.115401E+01  0.775109E+05  0.771374E+05  0.000000E+00  0.000000E+00  0.193107E+03  0.769676E+05
  0.123977E+01  0.688708E+05  0.685390E+05  0.000000E+00  0.000000E+00  0.149701E+03  0.683880E+05
  0.133191E+01  0.611621E+05  0.608674E+05  0.000000E+00  0.000000E+00  0.115929E+03  0.607331E+05
  0.143089E+01  0.542895E+05  0.540279E+05  0.000000E+00  0.000000E+00  0.896860E+02  0.539087E+05
  0.153723E+01  0.481662E+05  0.479341E+05  0.000000E+00  0.000000E+00  0.943650E+02  0.478284E+05
  0.165147E+01  0.427137E+05  0.425079E+05  0.000000E+00  0.000000E+00  0.730465E+02  0.424141E+05
  0.177420E+01  0.378615E+05  0.376791E+05  0.000000E+00  0.000000E+00  0.564871E+02  0.375959E+05
  0.190606E+01  0.335460E+05  0.333844E+05  0.000000E+00  0.000000E+00  0.436396E+02  0.333106E+05
  0.204771E+01  0.297099E+05  0.295668E+05  0.000000E+00  0.000000E+00  0.336833E+02  0.295014E+05
