  0.745045E-04  0.214830E+08  0.214830E+08  0.278168E+08  0.278157E+08  0.214819E+08  0.214830E+08
  0.829624E-04  0.214826E+08  0.214826E+08  0.276211E+08  0.276197E+08  0.214812E+08  0.214826E+08
  0.923803E-04  0.214821E+08  0.214821E+08  0.273802E+08  0.273784E+08  0.214804E+08  0.214821E+08
  0.102867E-03  0.214815E+08  0.214815E+08  0.270842E+08  0.270820E+08  0.214793E+08  0.214815E+08
  0.114545E-03  0.214808E+08  0.214808E+08  0.267211E+08  0.267184E+08  0.214779E+08  0.214808E+08
  0.127548E-03  0.214798E+08  0.214798E+08  0.262771E+08  0.262739E+08  0.214762E+08  0.214798E+08
  0.142028E-03  0.214787E+08  0.214787E+08  0.257359E+08  0.257320E+08  0.214741E+08  0.214787E+08
  0.158151E-03  0.214773E+08  0.214773E+08  0.250790E+08  0.250743E+08  0.214716E+08  0.214772E+08
  0.176104E-03  0.214755E+08  0.214755E+08  0.242858E+08  0.242802E+08  0.214684E+08  0.214755E+08
  0.196096E-03  0.214734E+08  0.214734E+08  0.233341E+08  0.233276E+08  0.214644E+08  0.214733E+08
  0.218356E-03  0.214707E+08  0.214707E+08  0.222015E+08  0.221940E+08  0.214596E+08  0.214706E+08
  0.243144E-03  0.214674E+08  0.214674E+08  0.208673E+08  0.208587E+08  0.214536E+08  0.214673E+08
  0.270746E-03  0.214634E+08  0.214634E+08  0.193155E+08  0.193060E+08  0.214462E+08  0.214633E+08
  0.301482E-03  0.214584E+08  0.214584E+08  0.175396E+08  0.175292E+08  0.214370E+08  0.214583E+08
  0.335706E-03  0.214523E+08  0.214523E+08  0.155481E+08  0.155374E+08  0.214257E+08  0.214521E+08
  0.373816E-03  0.214449E+08  0.214449E+08  0.133725E+08  0.133621E+08  0.214119E+08  0.214446E+08
  0.416252E-03  0.214358E+08  0.214358E+08  0.110742E+08  0.110648E+08  0.213949E+08  0.214355E+08
  0.463505E-03  0.214247E+08  0.214247E+08  0.874990E+07  0.874249E+07  0.213740E+08  0.214243E+08
  0.516122E-03  0.214113E+08  0.214113E+08  0.653066E+07  0.652621E+07  0.213486E+08  0.214108E+08
  0.574713E-03  0.213951E+08  0.213951E+08  0.456967E+07  0.456877E+07  0.213176E+08  0.213946E+08
  0.639955E-03  0.213756E+08  0.213756E+08  0.301290E+07  0.301538E+07  0.212799E+08  0.213750E+08
  0.712603E-03  0.213524E+08  0.213523E+08  0.195296E+07  0.195754E+07  0.212342E+08  0.213515E+08
  0.793498E-03  0.213247E+08  0.213246E+08  0.137771E+07  0.138209E+07  0.211792E+08  0.213236E+08
  0.883577E-03  0.212918E+08  0.212917E+08  0.114423E+07  0.114597E+07  0.211129E+08  0.212906E+08
  0.983881E-03  0.212531E+08  0.212529E+08  0.101998E+07  0.101822E+07  0.210336E+08  0.212515E+08
  0.109557E-02  0.212075E+08  0.212074E+08  0.808933E+06  0.805676E+06  0.209389E+08  0.212056E+08
  0.121994E-02  0.211541E+08  0.211539E+08  0.495588E+06  0.494490E+06  0.208270E+08  0.211518E+08
  0.135843E-02  0.210918E+08  0.210915E+08  0.246158E+06  0.248265E+06  0.206942E+08  0.210890E+08
  0.151264E-02  0.210192E+08  0.210189E+08  0.181366E+06  0.182884E+06  0.205380E+08  0.210157E+08
  0.168436E-02  0.209349E+08  0.209345E+08  0.177971E+06  0.176277E+06  0.203557E+08  0.209308E+08
  0.187557E-02  0.208374E+08  0.208370E+08  0.879485E+05  0.873212E+05  0.201443E+08  0.208325E+08
  0.208848E-02  0.207251E+08  0.207246E+08  0.284116E+05  0.299653E+05  0.199012E+08  0.207193E+08
  0.232557E-02  0.205963E+08  0.205955E+08  0.437619E+05  0.420220E+05  0.196243E+08  0.205893E+08
  0.258957E-02  0.204489E+08  0.204481E+08  0.369653E+04  0.186540E+04  0.193119E+08  0.204409E+08
  0.288354E-02  0.202813E+08  0.202803E+08  0.102976E+05  0.536830E+04  0.189629E+08  0.202719E+08
  0.321088E-02  0.200915E+08  0.200902E+08 -0.573458E+04 -0.929689E+04  0.185765E+08  0.200807E+08
  0.357538E-02  0.198776E+08  0.198760E+08 -0.426260E+04 -0.375063E+04  0.181518E+08  0.198653E+08
  0.398126E-02  0.196378E+08  0.196358E+08 -0.125818E+05 -0.129555E+05  0.176876E+08  0.196238E+08
  0.443322E-02  0.193702E+08  0.193678E+08 -0.102636E+05 -0.104873E+05  0.171823E+08  0.193545E+08
  0.493648E-02  0.190732E+08  0.190702E+08  0.000000E+00  0.000000E+00  0.166336E+08  0.190556E+08
  0.498985E-02  0.190418E+08  0.190387E+08  0.000000E+00  0.000000E+00  0.165763E+08  0.190241E+08
  0.504379E-02  0.190101E+08  0.190070E+08  0.000000E+00  0.000000E+00  0.165185E+08  0.189922E+08
  0.509832E-02  0.189781E+08  0.189749E+08  0.000000E+00  0.000000E+00  0.164603E+08  0.189600E+08
  0.515344E-02  0.189458E+08  0.189425E+08  0.000000E+00  0.000000E+00  0.164016E+08  0.189274E+08
  0.520915E-02  0.189131E+08  0.189098E+08  0.000000E+00  0.000000E+00  0.163425E+08  0.188946E+08
  0.526546E-02  0.188801E+08  0.188767E+08  0.000000E+00  0.000000E+00  0.162829E+08  0.188614E+08
  0.532239E-02  0.188468E+08  0.188434E+08  0.000000E+00  0.000000E+00  0.162228E+08  0.188279E+08
  0.537993E-02  0.188132E+08  0.188097E+08  0.000000E+00  0.000000E+00  0.161623E+08  0.187941E+08
  0.543809E-02  0.187793E+08  0.187757E+08  0.000000E+00  0.000000E+00  0.161014E+08  0.187600E+08
  0.549688E-02  0.187450E+08  0.187413E+08  0.000000E+00  0.000000E+00  0.160400E+08  0.187255E+08
  0.555630E-02  0.187104E+08  0.187066E+08  0.000000E+00  0.000000E+00  0.159781E+08  0.186907E+08
  0.561637E-02  0.186755E+08  0.186716E+08  0.000000E+00  0.000000E+00  0.159158E+08  0.186556E+08
  0.567709E-02  0.186402E+08  0.186363E+08  0.000000E+00  0.000000E+00  0.158530E+08  0.186201E+08
  0.573846E-02  0.186046E+08  0.186006E+08  0.000000E+00  0.000000E+00  0.157898E+08  0.185843E+08
  0.580050E-02  0.185687E+08  0.185646E+08  0.000000E+00  0.000000E+00  0.157261E+08  0.185482E+08
  0.586320E-02  0.185325E+08  0.185283E+08  0.000000E+00  0.000000E+00  0.156620E+08  0.185117E+08
  0.592659E-02  0.184958E+08  0.184916E+08  0.000000E+00  0.000000E+00  0.155974E+08  0.184749E+08
  0.599066E-02  0.184589E+08  0.184546E+08  0.000000E+00  0.000000E+00  0.155324E+08  0.184377E+08
  0.605542E-02  0.184216E+08  0.184172E+08  0.000000E+00  0.000000E+00  0.154669E+08  0.184002E+08
  0.612089E-02  0.183840E+08  0.183795E+08  0.000000E+00  0.000000E+00  0.154010E+08  0.183624E+08
  0.618706E-02  0.183460E+08  0.183414E+08  0.000000E+00  0.000000E+00  0.153346E+08  0.183242E+08
  0.625394E-02  0.183077E+08  0.183030E+08  0.000000E+00  0.000000E+00  0.152678E+08  0.182857E+08
  0.632155E-02  0.182690E+08  0.182642E+08  0.000000E+00  0.000000E+00  0.152006E+08  0.182468E+08
  0.638989E-02  0.182300E+08  0.182251E+08  0.000000E+00  0.000000E+00  0.151329E+08  0.182075E+08
  0.645897E-02  0.181907E+08  0.181857E+08  0.000000E+00  0.000000E+00  0.150648E+08  0.181680E+08
  0.652880E-02  0.181509E+08  0.181458E+08  0.000000E+00  0.000000E+00  0.149962E+08  0.181280E+08
  0.659938E-02  0.181109E+08  0.181057E+08  0.000000E+00  0.000000E+00  0.149273E+08  0.180877E+08
  0.667072E-02  0.180704E+08  0.180651E+08  0.000000E+00  0.000000E+00  0.148578E+08  0.180471E+08
  0.674284E-02  0.180296E+08  0.180242E+08  0.000000E+00  0.000000E+00  0.147880E+08  0.180061E+08
  0.681573E-02  0.179885E+08  0.179830E+08  0.000000E+00  0.000000E+00  0.147178E+08  0.179647E+08
  0.688942E-02  0.179470E+08  0.179414E+08  0.000000E+00  0.000000E+00  0.146471E+08  0.179230E+08
  0.696390E-02  0.179051E+08  0.178994E+08  0.000000E+00  0.000000E+00  0.145760E+08  0.178809E+08
  0.703918E-02  0.178629E+08  0.178570E+08  0.000000E+00  0.000000E+00  0.145045E+08  0.178384E+08
  0.711528E-02  0.178203E+08  0.178143E+08  0.000000E+00  0.000000E+00  0.144326E+08  0.177956E+08
  0.719220E-02  0.177773E+08  0.177712E+08  0.000000E+00  0.000000E+00  0.143602E+08  0.177524E+08
  0.726995E-02  0.177340E+08  0.177278E+08  0.000000E+00  0.000000E+00  0.142875E+08  0.177088E+08
  0.734855E-02  0.176903E+08  0.176839E+08  0.000000E+00  0.000000E+00  0.142144E+08  0.176649E+08
  0.742799E-02  0.176462E+08  0.176397E+08  0.000000E+00  0.000000E+00  0.141409E+08  0.176206E+08
  0.750829E-02  0.176017E+08  0.175951E+08  0.000000E+00  0.000000E+00  0.140670E+08  0.175759E+08
  0.758946E-02  0.175569E+08  0.175502E+08  0.000000E+00  0.000000E+00  0.139927E+08  0.175309E+08
  0.767151E-02  0.175117E+08  0.175049E+08  0.000000E+00  0.000000E+00  0.139180E+08  0.174854E+08
  0.775444E-02  0.174661E+08  0.174591E+08  0.000000E+00  0.000000E+00  0.138429E+08  0.174396E+08
  0.783828E-02  0.174202E+08  0.174130E+08  0.000000E+00  0.000000E+00  0.137674E+08  0.173934E+08
  0.792301E-02  0.173738E+08  0.173666E+08  0.000000E+00  0.000000E+00  0.136916E+08  0.173469E+08
  0.800867E-02  0.173271E+08  0.173197E+08  0.000000E+00  0.000000E+00  0.136154E+08  0.172999E+08
  0.809524E-02  0.172800E+08  0.172724E+08  0.000000E+00  0.000000E+00  0.135389E+08  0.172526E+08
  0.818276E-02  0.172325E+08  0.172248E+08  0.000000E+00  0.000000E+00  0.134620E+08  0.172049E+08
  0.827122E-02  0.171847E+08  0.171768E+08  0.000000E+00  0.000000E+00  0.133847E+08  0.171568E+08
  0.836064E-02  0.171364E+08  0.171284E+08  0.000000E+00  0.000000E+00  0.133071E+08  0.171083E+08
  0.845102E-02  0.170877E+08  0.170795E+08  0.000000E+00  0.000000E+00  0.132291E+08  0.170594E+08
  0.854239E-02  0.170387E+08  0.170303E+08  0.000000E+00  0.000000E+00  0.131508E+08  0.170101E+08
  0.863473E-02  0.169893E+08  0.169807E+08  0.000000E+00  0.000000E+00  0.130721E+08  0.169604E+08
  0.872808E-02  0.169394E+08  0.169307E+08  0.000000E+00  0.000000E+00  0.129931E+08  0.169104E+08
  0.882244E-02  0.168892E+08  0.168803E+08  0.000000E+00  0.000000E+00  0.129138E+08  0.168599E+08
  0.891782E-02  0.168386E+08  0.168295E+08  0.000000E+00  0.000000E+00  0.128342E+08  0.168090E+08
  0.901422E-02  0.167875E+08  0.167783E+08  0.000000E+00  0.000000E+00  0.127542E+08  0.167578E+08
  0.911167E-02  0.167361E+08  0.167267E+08  0.000000E+00  0.000000E+00  0.126740E+08  0.167061E+08
  0.921018E-02  0.166843E+08  0.166747E+08  0.000000E+00  0.000000E+00  0.125934E+08  0.166541E+08
  0.930975E-02  0.166321E+08  0.166223E+08  0.000000E+00  0.000000E+00  0.125125E+08  0.166016E+08
  0.941039E-02  0.165794E+08  0.165695E+08  0.000000E+00  0.000000E+00  0.124313E+08  0.165488E+08
  0.951212E-02  0.165264E+08  0.165163E+08  0.000000E+00  0.000000E+00  0.123499E+08  0.164955E+08
  0.961496E-02  0.164729E+08  0.164626E+08  0.000000E+00  0.000000E+00  0.122681E+08  0.164418E+08
  0.971890E-02  0.164191E+08  0.164086E+08  0.000000E+00  0.000000E+00  0.121861E+08  0.163877E+08
  0.982397E-02  0.163648E+08  0.163541E+08  0.000000E+00  0.000000E+00  0.121037E+08  0.163332E+08
  0.993017E-02  0.163102E+08  0.162992E+08  0.000000E+00  0.000000E+00  0.120212E+08  0.162783E+08
  0.100375E-01  0.162551E+08  0.162439E+08  0.000000E+00  0.000000E+00  0.119383E+08  0.162230E+08
  0.101460E-01  0.161996E+08  0.161882E+08  0.000000E+00  0.000000E+00  0.118552E+08  0.161673E+08
  0.102557E-01  0.161436E+08  0.161321E+08  0.000000E+00  0.000000E+00  0.117719E+08  0.161111E+08
  0.103666E-01  0.160873E+08  0.160755E+08  0.000000E+00  0.000000E+00  0.116883E+08  0.160546E+08
  0.104787E-01  0.160306E+08  0.160186E+08  0.000000E+00  0.000000E+00  0.116044E+08  0.159976E+08
  0.105919E-01  0.159734E+08  0.159612E+08  0.000000E+00  0.000000E+00  0.115204E+08  0.159402E+08
  0.107065E-01  0.159158E+08  0.159033E+08  0.000000E+00  0.000000E+00  0.114361E+08  0.158824E+08
  0.108222E-01  0.158578E+08  0.158451E+08  0.000000E+00  0.000000E+00  0.113515E+08  0.158241E+08
  0.109392E-01  0.157993E+08  0.157864E+08  0.000000E+00  0.000000E+00  0.112668E+08  0.157655E+08
  0.110575E-01  0.157405E+08  0.157273E+08  0.000000E+00  0.000000E+00  0.111819E+08  0.157064E+08
  0.111770E-01  0.156812E+08  0.156678E+08  0.000000E+00  0.000000E+00  0.110967E+08  0.156469E+08
  0.112978E-01  0.156215E+08  0.156078E+08  0.000000E+00  0.000000E+00  0.110114E+08  0.155869E+08
  0.114200E-01  0.155613E+08  0.155474E+08  0.000000E+00  0.000000E+00  0.109259E+08  0.155266E+08
  0.115434E-01  0.155007E+08  0.154866E+08  0.000000E+00  0.000000E+00  0.108402E+08  0.154658E+08
  0.116682E-01  0.154397E+08  0.154253E+08  0.000000E+00  0.000000E+00  0.107544E+08  0.154045E+08
  0.117944E-01  0.153783E+08  0.153636E+08  0.000000E+00  0.000000E+00  0.106683E+08  0.153429E+08
  0.119219E-01  0.153164E+08  0.153015E+08  0.000000E+00  0.000000E+00  0.105821E+08  0.152808E+08
  0.120507E-01  0.152541E+08  0.152389E+08  0.000000E+00  0.000000E+00  0.104958E+08  0.152183E+08
  0.121810E-01  0.151914E+08  0.151759E+08  0.000000E+00  0.000000E+00  0.104093E+08  0.151553E+08
  0.123127E-01  0.151282E+08  0.151124E+08  0.000000E+00  0.000000E+00  0.103227E+08  0.150920E+08
  0.124458E-01  0.150646E+08  0.150485E+08  0.000000E+00  0.000000E+00  0.102360E+08  0.150281E+08
  0.125804E-01  0.150006E+08  0.149842E+08  0.000000E+00  0.000000E+00  0.101491E+08  0.149639E+08
  0.127164E-01  0.149361E+08  0.149194E+08  0.000000E+00  0.000000E+00  0.100622E+08  0.148992E+08
  0.128538E-01  0.148712E+08  0.148542E+08  0.000000E+00  0.000000E+00  0.997511E+07  0.148341E+08
  0.129928E-01  0.148058E+08  0.147885E+08  0.000000E+00  0.000000E+00  0.988795E+07  0.147685E+08
  0.131333E-01  0.147400E+08  0.147224E+08  0.000000E+00  0.000000E+00  0.980070E+07  0.147025E+08
  0.132752E-01  0.146738E+08  0.146559E+08  0.000000E+00  0.000000E+00  0.971337E+07  0.146361E+08
  0.134188E-01  0.146071E+08  0.145889E+08  0.000000E+00  0.000000E+00  0.962597E+07  0.145692E+08
  0.135638E-01  0.145400E+08  0.145214E+08  0.000000E+00  0.000000E+00  0.953851E+07  0.145019E+08
  0.137105E-01  0.144724E+08  0.144536E+08  0.000000E+00  0.000000E+00  0.945099E+07  0.144341E+08
  0.138587E-01  0.144044E+08  0.143852E+08  0.000000E+00  0.000000E+00  0.936343E+07  0.143659E+08
  0.140085E-01  0.143359E+08  0.143164E+08  0.000000E+00  0.000000E+00  0.927583E+07  0.142972E+08
  0.141599E-01  0.142670E+08  0.142472E+08  0.000000E+00  0.000000E+00  0.918821E+07  0.142282E+08
  0.143130E-01  0.141977E+08  0.141775E+08  0.000000E+00  0.000000E+00  0.910056E+07  0.141586E+08
  0.144678E-01  0.141279E+08  0.141074E+08  0.000000E+00  0.000000E+00  0.901290E+07  0.140887E+08
  0.146242E-01  0.140577E+08  0.140368E+08  0.000000E+00  0.000000E+00  0.892525E+07  0.140183E+08
  0.147823E-01  0.139870E+08  0.139658E+08  0.000000E+00  0.000000E+00  0.883760E+07  0.139474E+08
  0.149421E-01  0.139159E+08  0.138943E+08  0.000000E+00  0.000000E+00  0.874996E+07  0.138761E+08
  0.151036E-01  0.138444E+08  0.138224E+08  0.000000E+00  0.000000E+00  0.866236E+07  0.138044E+08
  0.152669E-01  0.137724E+08  0.137501E+08  0.000000E+00  0.000000E+00  0.857478E+07  0.137323E+08
  0.154319E-01  0.137000E+08  0.136773E+08  0.000000E+00  0.000000E+00  0.848725E+07  0.136597E+08
  0.155988E-01  0.136271E+08  0.136040E+08  0.000000E+00  0.000000E+00  0.839978E+07  0.135866E+08
  0.157674E-01  0.135538E+08  0.135303E+08  0.000000E+00  0.000000E+00  0.831236E+07  0.135131E+08
  0.159378E-01  0.134800E+08  0.134562E+08  0.000000E+00  0.000000E+00  0.822502E+07  0.134392E+08
  0.161101E-01  0.134059E+08  0.133816E+08  0.000000E+00  0.000000E+00  0.813776E+07  0.133649E+08
  0.162843E-01  0.133312E+08  0.133066E+08  0.000000E+00  0.000000E+00  0.805059E+07  0.132901E+08
  0.164603E-01  0.132562E+08  0.132312E+08  0.000000E+00  0.000000E+00  0.796352E+07  0.132149E+08
  0.166383E-01  0.131807E+08  0.131553E+08  0.000000E+00  0.000000E+00  0.787656E+07  0.131393E+08
  0.168182E-01  0.131048E+08  0.130790E+08  0.000000E+00  0.000000E+00  0.778972E+07  0.130632E+08
  0.170000E-01  0.130285E+08  0.130022E+08  0.000000E+00  0.000000E+00  0.770302E+07  0.129868E+08
  0.171838E-01  0.129517E+08  0.129251E+08  0.000000E+00  0.000000E+00  0.761645E+07  0.129099E+08
  0.173695E-01  0.128745E+08  0.128475E+08  0.000000E+00  0.000000E+00  0.753003E+07  0.128325E+08
  0.175573E-01  0.127969E+08  0.127694E+08  0.000000E+00  0.000000E+00  0.744377E+07  0.127548E+08
  0.177471E-01  0.127189E+08  0.126910E+08  0.000000E+00  0.000000E+00  0.735768E+07  0.126767E+08
  0.179390E-01  0.126405E+08  0.126121E+08  0.000000E+00  0.000000E+00  0.727177E+07  0.125981E+08
  0.181329E-01  0.125616E+08  0.125329E+08  0.000000E+00  0.000000E+00  0.718605E+07  0.125191E+08
  0.183289E-01  0.124824E+08  0.124532E+08  0.000000E+00  0.000000E+00  0.710052E+07  0.124398E+08
  0.185271E-01  0.124027E+08  0.123731E+08  0.000000E+00  0.000000E+00  0.701522E+07  0.123600E+08
  0.187274E-01  0.123227E+08  0.122926E+08  0.000000E+00  0.000000E+00  0.693013E+07  0.122798E+08
  0.189298E-01  0.122422E+08  0.122117E+08  0.000000E+00  0.000000E+00  0.684527E+07  0.121993E+08
  0.191345E-01  0.121614E+08  0.121305E+08  0.000000E+00  0.000000E+00  0.676065E+07  0.121184E+08
  0.193413E-01  0.120802E+08  0.120488E+08  0.000000E+00  0.000000E+00  0.667629E+07  0.120370E+08
  0.195504E-01  0.119986E+08  0.119668E+08  0.000000E+00  0.000000E+00  0.659218E+07  0.119554E+08
  0.197618E-01  0.119166E+08  0.118844E+08  0.000000E+00  0.000000E+00  0.650836E+07  0.118733E+08
  0.199754E-01  0.118343E+08  0.118016E+08  0.000000E+00  0.000000E+00  0.642481E+07  0.117909E+08
  0.201914E-01  0.117516E+08  0.117184E+08  0.000000E+00  0.000000E+00  0.634157E+07  0.117081E+08
  0.204097E-01  0.116686E+08  0.116350E+08  0.000000E+00  0.000000E+00  0.625862E+07  0.116250E+08
  0.206303E-01  0.115852E+08  0.115511E+08  0.000000E+00  0.000000E+00  0.617600E+07  0.115415E+08
  0.208533E-01  0.115014E+08  0.114669E+08  0.000000E+00  0.000000E+00  0.609370E+07  0.114578E+08
  0.210788E-01  0.114174E+08  0.113824E+08  0.000000E+00  0.000000E+00  0.601175E+07  0.113736E+08
  0.213066E-01  0.113330E+08  0.112976E+08  0.000000E+00  0.000000E+00  0.593014E+07  0.112892E+08
  0.215370E-01  0.112483E+08  0.112125E+08  0.000000E+00  0.000000E+00  0.584890E+07  0.112045E+08
  0.217698E-01  0.111633E+08  0.111270E+08  0.000000E+00  0.000000E+00  0.576802E+07  0.111194E+08
  0.220052E-01  0.110781E+08  0.110413E+08  0.000000E+00  0.000000E+00  0.568754E+07  0.110341E+08
  0.222430E-01  0.109925E+08  0.109553E+08  0.000000E+00  0.000000E+00  0.560745E+07  0.109485E+08
  0.224835E-01  0.109067E+08  0.108690E+08  0.000000E+00  0.000000E+00  0.552776E+07  0.108626E+08
  0.227266E-01  0.108206E+08  0.107824E+08  0.000000E+00  0.000000E+00  0.544850E+07  0.107765E+08
  0.229723E-01  0.107342E+08  0.106957E+08  0.000000E+00  0.000000E+00  0.536966E+07  0.106901E+08
  0.232206E-01  0.106476E+08  0.106086E+08  0.000000E+00  0.000000E+00  0.529127E+07  0.106035E+08
  0.234716E-01  0.105608E+08  0.105214E+08  0.000000E+00  0.000000E+00  0.521333E+07  0.105167E+08
  0.237254E-01  0.104738E+08  0.104339E+08  0.000000E+00  0.000000E+00  0.513586E+07  0.104297E+08
  0.239819E-01  0.103866E+08  0.103463E+08  0.000000E+00  0.000000E+00  0.505886E+07  0.103424E+08
  0.242411E-01  0.102992E+08  0.102584E+08  0.000000E+00  0.000000E+00  0.498235E+07  0.102550E+08
  0.245032E-01  0.102116E+08  0.101704E+08  0.000000E+00  0.000000E+00  0.490634E+07  0.101675E+08
  0.247681E-01  0.101239E+08  0.100823E+08  0.000000E+00  0.000000E+00  0.483084E+07  0.100798E+08
  0.250359E-01  0.100360E+08  0.999400E+07  0.000000E+00  0.000000E+00  0.475586E+07  0.999192E+07
  0.253065E-01  0.994801E+07  0.990561E+07  0.000000E+00  0.000000E+00  0.468141E+07  0.990395E+07
  0.255801E-01  0.985992E+07  0.981711E+07  0.000000E+00  0.000000E+00  0.460751E+07  0.981589E+07
  0.258566E-01  0.977173E+07  0.972854E+07  0.000000E+00  0.000000E+00  0.453416E+07  0.972774E+07
  0.261362E-01  0.968348E+07  0.963990E+07  0.000000E+00  0.000000E+00  0.446138E+07  0.963953E+07
  0.264187E-01  0.959518E+07  0.955122E+07  0.000000E+00  0.000000E+00  0.438918E+07  0.955128E+07
  0.267043E-01  0.950685E+07  0.946252E+07  0.000000E+00  0.000000E+00  0.431757E+07  0.946300E+07
  0.269930E-01  0.941850E+07  0.937381E+07  0.000000E+00  0.000000E+00  0.424655E+07  0.937471E+07
  0.272848E-01  0.933017E+07  0.928512E+07  0.000000E+00  0.000000E+00  0.417615E+07  0.928644E+07
  0.275798E-01  0.924186E+07  0.919647E+07  0.000000E+00  0.000000E+00  0.410637E+07  0.919821E+07
  0.278779E-01  0.915360E+07  0.910789E+07  0.000000E+00  0.000000E+00  0.403722E+07  0.911003E+07
  0.281793E-01  0.906542E+07  0.901938E+07  0.000000E+00  0.000000E+00  0.396871E+07  0.902193E+07
  0.284840E-01  0.897734E+07  0.893099E+07  0.000000E+00  0.000000E+00  0.390085E+07  0.893393E+07
  0.287919E-01  0.888937E+07  0.884273E+07  0.000000E+00  0.000000E+00  0.383366E+07  0.884606E+07
  0.291032E-01  0.880154E+07  0.875462E+07  0.000000E+00  0.000000E+00  0.376713E+07  0.875833E+07
  0.294178E-01  0.871388E+07  0.866669E+07  0.000000E+00  0.000000E+00  0.370130E+07  0.867078E+07
  0.297358E-01  0.862642E+07  0.857897E+07  0.000000E+00  0.000000E+00  0.363615E+07  0.858342E+07
  0.300573E-01  0.853917E+07  0.849148E+07  0.000000E+00  0.000000E+00  0.357171E+07  0.849629E+07
  0.303822E-01  0.845216E+07  0.840425E+07  0.000000E+00  0.000000E+00  0.350798E+07  0.840941E+07
  0.307107E-01  0.836542E+07  0.831731E+07  0.000000E+00  0.000000E+00  0.344497E+07  0.832280E+07
  0.310427E-01  0.827898E+07  0.823067E+07  0.000000E+00  0.000000E+00  0.338270E+07  0.823650E+07
  0.313783E-01  0.819286E+07  0.814438E+07  0.000000E+00  0.000000E+00  0.332116E+07  0.815052E+07
  0.317175E-01  0.810709E+07  0.805845E+07  0.000000E+00  0.000000E+00  0.326036E+07  0.806489E+07
  0.320604E-01  0.802169E+07  0.797292E+07  0.000000E+00  0.000000E+00  0.320032E+07  0.797965E+07
  0.324070E-01  0.793670E+07  0.788782E+07  0.000000E+00  0.000000E+00  0.314104E+07  0.789482E+07
  0.327573E-01  0.785215E+07  0.780316E+07  0.000000E+00  0.000000E+00  0.308253E+07  0.781043E+07
  0.331114E-01  0.776805E+07  0.771899E+07  0.000000E+00  0.000000E+00  0.302479E+07  0.772651E+07
  0.334694E-01  0.768445E+07  0.763533E+07  0.000000E+00  0.000000E+00  0.296784E+07  0.764308E+07
  0.338312E-01  0.760137E+07  0.755222E+07  0.000000E+00  0.000000E+00  0.291167E+07  0.756018E+07
  0.341970E-01  0.751883E+07  0.746967E+07  0.000000E+00  0.000000E+00  0.285629E+07  0.747783E+07
  0.345667E-01  0.743687E+07  0.738772E+07  0.000000E+00  0.000000E+00  0.280171E+07  0.739607E+07
  0.349404E-01  0.735552E+07  0.730640E+07  0.000000E+00  0.000000E+00  0.274794E+07  0.731491E+07
  0.353181E-01  0.727480E+07  0.722574E+07  0.000000E+00  0.000000E+00  0.269497E+07  0.723440E+07
  0.356999E-01  0.719474E+07  0.714576E+07  0.000000E+00  0.000000E+00  0.264282E+07  0.715455E+07
  0.360858E-01  0.711537E+07  0.706650E+07  0.000000E+00  0.000000E+00  0.259148E+07  0.707539E+07
  0.364760E-01  0.703671E+07  0.698797E+07  0.000000E+00  0.000000E+00  0.254097E+07  0.699695E+07
  0.368703E-01  0.695879E+07  0.691021E+07  0.000000E+00  0.000000E+00  0.249127E+07  0.691926E+07
  0.372689E-01  0.688165E+07  0.683326E+07  0.000000E+00  0.000000E+00  0.244241E+07  0.684235E+07
  0.376718E-01  0.680533E+07  0.675714E+07  0.000000E+00  0.000000E+00  0.239437E+07  0.676626E+07
  0.380790E-01  0.672983E+07  0.668189E+07  0.000000E+00  0.000000E+00  0.234717E+07  0.669100E+07
  0.384907E-01  0.665519E+07  0.660751E+07  0.000000E+00  0.000000E+00  0.230079E+07  0.661660E+07
  0.389068E-01  0.658144E+07  0.653405E+07  0.000000E+00  0.000000E+00  0.225523E+07  0.654310E+07
  0.393274E-01  0.650858E+07  0.646151E+07  0.000000E+00  0.000000E+00  0.221050E+07  0.647049E+07
  0.397526E-01  0.643665E+07  0.638992E+07  0.000000E+00  0.000000E+00  0.216659E+07  0.639881E+07
  0.401823E-01  0.636565E+07  0.631930E+07  0.000000E+00  0.000000E+00  0.212350E+07  0.632808E+07
  0.406167E-01  0.629562E+07  0.624967E+07  0.000000E+00  0.000000E+00  0.208122E+07  0.625830E+07
  0.410558E-01  0.622655E+07  0.618103E+07  0.000000E+00  0.000000E+00  0.203976E+07  0.618950E+07
  0.414997E-01  0.615848E+07  0.611342E+07  0.000000E+00  0.000000E+00  0.199910E+07  0.612170E+07
  0.419483E-01  0.609142E+07  0.604684E+07  0.000000E+00  0.000000E+00  0.195925E+07  0.605492E+07
  0.424018E-01  0.602540E+07  0.598132E+07  0.000000E+00  0.000000E+00  0.192020E+07  0.598916E+07
  0.428602E-01  0.596041E+07  0.591687E+07  0.000000E+00  0.000000E+00  0.188195E+07  0.592446E+07
  0.433235E-01  0.589648E+07  0.585350E+07  0.000000E+00  0.000000E+00  0.184448E+07  0.586081E+07
  0.437919E-01  0.583362E+07  0.579123E+07  0.000000E+00  0.000000E+00  0.180779E+07  0.579823E+07
  0.442653E-01  0.577183E+07  0.573005E+07  0.000000E+00  0.000000E+00  0.177187E+07  0.573673E+07
  0.447439E-01  0.571112E+07  0.566997E+07  0.000000E+00  0.000000E+00  0.173670E+07  0.567631E+07
  0.452276E-01  0.565149E+07  0.561100E+07  0.000000E+00  0.000000E+00  0.170228E+07  0.561696E+07
  0.457165E-01  0.559294E+07  0.555313E+07  0.000000E+00  0.000000E+00  0.166860E+07  0.555870E+07
  0.462107E-01  0.553546E+07  0.549635E+07  0.000000E+00  0.000000E+00  0.163565E+07  0.550151E+07
  0.467103E-01  0.547905E+07  0.544067E+07  0.000000E+00  0.000000E+00  0.160341E+07  0.544540E+07
  0.472153E-01  0.542371E+07  0.538607E+07  0.000000E+00  0.000000E+00  0.157188E+07  0.539035E+07
  0.477257E-01  0.536943E+07  0.533255E+07  0.000000E+00  0.000000E+00  0.154105E+07  0.533637E+07
  0.482417E-01  0.531620E+07  0.528010E+07  0.000000E+00  0.000000E+00  0.151088E+07  0.528343E+07
  0.487632E-01  0.526400E+07  0.522869E+07  0.000000E+00  0.000000E+00  0.148138E+07  0.523152E+07
  0.492904E-01  0.521281E+07  0.517830E+07  0.000000E+00  0.000000E+00  0.145252E+07  0.518062E+07
  0.498232E-01  0.516260E+07  0.512892E+07  0.000000E+00  0.000000E+00  0.142429E+07  0.513071E+07
  0.503618E-01  0.511336E+07  0.508051E+07  0.000000E+00  0.000000E+00  0.139667E+07  0.508176E+07
  0.509063E-01  0.506505E+07  0.503304E+07  0.000000E+00  0.000000E+00  0.136966E+07  0.503374E+07
  0.514566E-01  0.501764E+07  0.498648E+07  0.000000E+00  0.000000E+00  0.134323E+07  0.498663E+07
  0.520129E-01  0.497111E+07  0.494080E+07  0.000000E+00  0.000000E+00  0.131735E+07  0.494039E+07
  0.525752E-01  0.492542E+07  0.489597E+07  0.000000E+00  0.000000E+00  0.129202E+07  0.489499E+07
  0.531436E-01  0.488055E+07  0.485195E+07  0.000000E+00  0.000000E+00  0.126721E+07  0.485041E+07
  0.537181E-01  0.483645E+07  0.480871E+07  0.000000E+00  0.000000E+00  0.124291E+07  0.480659E+07
  0.542988E-01  0.479308E+07  0.476620E+07  0.000000E+00  0.000000E+00  0.121910E+07  0.476350E+07
  0.548858E-01  0.475039E+07  0.472436E+07  0.000000E+00  0.000000E+00  0.119577E+07  0.472109E+07
  0.554792E-01  0.470833E+07  0.468314E+07  0.000000E+00  0.000000E+00  0.117290E+07  0.467931E+07
  0.560790E-01  0.466685E+07  0.464250E+07  0.000000E+00  0.000000E+00  0.115046E+07  0.463811E+07
  0.566852E-01  0.462588E+07  0.460236E+07  0.000000E+00  0.000000E+00  0.112843E+07  0.459742E+07
  0.572980E-01  0.458539E+07  0.456267E+07  0.000000E+00  0.000000E+00  0.110678E+07  0.455719E+07
  0.581882E-01  0.452804E+07  0.450646E+07  0.000000E+00  0.000000E+00  0.107641E+07  0.450023E+07
  0.590783E-01  0.447225E+07  0.445174E+07  0.000000E+00  0.000000E+00  0.104721E+07  0.444481E+07
  0.599684E-01  0.441780E+07  0.439830E+07  0.000000E+00  0.000000E+00  0.101910E+07  0.439072E+07
  0.608586E-01  0.436449E+07  0.434594E+07  0.000000E+00  0.000000E+00  0.991965E+06  0.433775E+07
  0.617487E-01  0.431212E+07  0.429445E+07  0.000000E+00  0.000000E+00  0.965737E+06  0.428571E+07
  0.626388E-01  0.426050E+07  0.424365E+07  0.000000E+00  0.000000E+00  0.940354E+06  0.423442E+07
  0.635290E-01  0.420950E+07  0.419339E+07  0.000000E+00  0.000000E+00  0.915750E+06  0.418373E+07
  0.644191E-01  0.415896E+07  0.414353E+07  0.000000E+00  0.000000E+00  0.891861E+06  0.413349E+07
  0.653093E-01  0.410878E+07  0.409395E+07  0.000000E+00  0.000000E+00  0.868640E+06  0.408360E+07
  0.661994E-01  0.405884E+07  0.404455E+07  0.000000E+00  0.000000E+00  0.846052E+06  0.403395E+07
  0.670895E-01  0.400906E+07  0.399522E+07  0.000000E+00  0.000000E+00  0.824050E+06  0.398444E+07
  0.679797E-01  0.395934E+07  0.394590E+07  0.000000E+00  0.000000E+00  0.802596E+06  0.393499E+07
  0.688698E-01  0.390964E+07  0.389651E+07  0.000000E+00  0.000000E+00  0.781662E+06  0.388554E+07
  0.697600E-01  0.385990E+07  0.384703E+07  0.000000E+00  0.000000E+00  0.761228E+06  0.383605E+07
  0.706501E-01  0.381009E+07  0.379741E+07  0.000000E+00  0.000000E+00  0.741269E+06  0.378648E+07
  0.715402E-01  0.376019E+07  0.374765E+07  0.000000E+00  0.000000E+00  0.721766E+06  0.373682E+07
  0.724304E-01  0.371020E+07  0.369773E+07  0.000000E+00  0.000000E+00  0.702707E+06  0.368706E+07
  0.733205E-01  0.366013E+07  0.364768E+07  0.000000E+00  0.000000E+00  0.684080E+06  0.363720E+07
  0.742106E-01  0.360998E+07  0.359750E+07  0.000000E+00  0.000000E+00  0.665872E+06  0.358728E+07
  0.751008E-01  0.355979E+07  0.354724E+07  0.000000E+00  0.000000E+00  0.648077E+06  0.353730E+07
  0.759909E-01  0.350959E+07  0.349691E+07  0.000000E+00  0.000000E+00  0.630691E+06  0.348730E+07
  0.768811E-01  0.345941E+07  0.344658E+07  0.000000E+00  0.000000E+00  0.613709E+06  0.343733E+07
  0.777712E-01  0.340932E+07  0.339630E+07  0.000000E+00  0.000000E+00  0.597128E+06  0.338744E+07
  0.786613E-01  0.335936E+07  0.334613E+07  0.000000E+00  0.000000E+00  0.580946E+06  0.333768E+07
  0.795515E-01  0.330961E+07  0.329614E+07  0.000000E+00  0.000000E+00  0.565163E+06  0.328813E+07
  0.804416E-01  0.326013E+07  0.324641E+07  0.000000E+00  0.000000E+00  0.549777E+06  0.323884E+07
  0.813318E-01  0.321099E+07  0.319700E+07  0.000000E+00  0.000000E+00  0.534791E+06  0.318990E+07
  0.822219E-01  0.316226E+07  0.314799E+07  0.000000E+00  0.000000E+00  0.520206E+06  0.314136E+07
  0.831120E-01  0.311401E+07  0.309946E+07  0.000000E+00  0.000000E+00  0.506021E+06  0.309330E+07
  0.840022E-01  0.306633E+07  0.305150E+07  0.000000E+00  0.000000E+00  0.492236E+06  0.304581E+07
  0.848923E-01  0.301929E+07  0.300417E+07  0.000000E+00  0.000000E+00  0.478850E+06  0.299895E+07
  0.857824E-01  0.297295E+07  0.295757E+07  0.000000E+00  0.000000E+00  0.465863E+06  0.295280E+07
  0.866726E-01  0.292739E+07  0.291174E+07  0.000000E+00  0.000000E+00  0.453276E+06  0.290743E+07
  0.875627E-01  0.288267E+07  0.286677E+07  0.000000E+00  0.000000E+00  0.441088E+06  0.286289E+07
  0.884529E-01  0.283884E+07  0.282272E+07  0.000000E+00  0.000000E+00  0.429294E+06  0.281925E+07
  0.893430E-01  0.279598E+07  0.277965E+07  0.000000E+00  0.000000E+00  0.417892E+06  0.277657E+07
  0.902331E-01  0.275414E+07  0.273763E+07  0.000000E+00  0.000000E+00  0.406878E+06  0.273492E+07
  0.911233E-01  0.271338E+07  0.269671E+07  0.000000E+00  0.000000E+00  0.396250E+06  0.269434E+07
  0.920134E-01  0.267374E+07  0.265693E+07  0.000000E+00  0.000000E+00  0.386006E+06  0.265488E+07
  0.929035E-01  0.263525E+07  0.261834E+07  0.000000E+00  0.000000E+00  0.376137E+06  0.261657E+07
  0.937937E-01  0.259794E+07  0.258096E+07  0.000000E+00  0.000000E+00  0.366637E+06  0.257945E+07
  0.946838E-01  0.256185E+07  0.254483E+07  0.000000E+00  0.000000E+00  0.357497E+06  0.254353E+07
  0.955740E-01  0.252699E+07  0.250996E+07  0.000000E+00  0.000000E+00  0.348710E+06  0.250885E+07
  0.964641E-01  0.249337E+07  0.247636E+07  0.000000E+00  0.000000E+00  0.340270E+06  0.247541E+07
  0.973542E-01  0.246100E+07  0.244405E+07  0.000000E+00  0.000000E+00  0.332168E+06  0.244323E+07
  0.982444E-01  0.242988E+07  0.241302E+07  0.000000E+00  0.000000E+00  0.324391E+06  0.241228E+07
  0.991345E-01  0.240001E+07  0.238327E+07  0.000000E+00  0.000000E+00  0.316930E+06  0.238259E+07
  0.100025E+00  0.237136E+07  0.235477E+07  0.000000E+00  0.000000E+00  0.309774E+06  0.235412E+07
  0.100915E+00  0.234393E+07  0.232752E+07  0.000000E+00  0.000000E+00  0.302915E+06  0.232686E+07
  0.101805E+00  0.231769E+07  0.230149E+07  0.000000E+00  0.000000E+00  0.296339E+06  0.230079E+07
  0.102695E+00  0.229260E+07  0.227664E+07  0.000000E+00  0.000000E+00  0.290033E+06  0.227588E+07
  0.103585E+00  0.226863E+07  0.225293E+07  0.000000E+00  0.000000E+00  0.283985E+06  0.225208E+07
  0.104475E+00  0.224574E+07  0.223032E+07  0.000000E+00  0.000000E+00  0.278183E+06  0.222935E+07
  0.105365E+00  0.222388E+07  0.220877E+07  0.000000E+00  0.000000E+00  0.272617E+06  0.220766E+07
  0.106256E+00  0.220300E+07  0.218822E+07  0.000000E+00  0.000000E+00  0.267274E+06  0.218695E+07
  0.107146E+00  0.218307E+07  0.216863E+07  0.000000E+00  0.000000E+00  0.262140E+06  0.216717E+07
  0.108036E+00  0.216401E+07  0.214993E+07  0.000000E+00  0.000000E+00  0.257202E+06  0.214828E+07
  0.108926E+00  0.214577E+07  0.213206E+07  0.000000E+00  0.000000E+00  0.252450E+06  0.213020E+07
  0.109816E+00  0.212829E+07  0.211496E+07  0.000000E+00  0.000000E+00  0.247871E+06  0.211287E+07
  0.110706E+00  0.211151E+07  0.209856E+07  0.000000E+00  0.000000E+00  0.243452E+06  0.209624E+07
  0.111596E+00  0.209536E+07  0.208280E+07  0.000000E+00  0.000000E+00  0.239184E+06  0.208024E+07
  0.112487E+00  0.207979E+07  0.206763E+07  0.000000E+00  0.000000E+00  0.235056E+06  0.206482E+07
  0.113377E+00  0.206474E+07  0.205297E+07  0.000000E+00  0.000000E+00  0.231057E+06  0.204991E+07
  0.114267E+00  0.205014E+07  0.203875E+07  0.000000E+00  0.000000E+00  0.227176E+06  0.203545E+07
  0.115157E+00  0.203591E+07  0.202491E+07  0.000000E+00  0.000000E+00  0.223401E+06  0.202136E+07
  0.116047E+00  0.202201E+07  0.201139E+07  0.000000E+00  0.000000E+00  0.219725E+06  0.200760E+07
  0.116937E+00  0.200837E+07  0.199811E+07  0.000000E+00  0.000000E+00  0.216140E+06  0.199409E+07
  0.117827E+00  0.199493E+07  0.198504E+07  0.000000E+00  0.000000E+00  0.212637E+06  0.198078E+07
  0.118718E+00  0.198165E+07  0.197210E+07  0.000000E+00  0.000000E+00  0.209207E+06  0.196763E+07
  0.119608E+00  0.196847E+07  0.195925E+07  0.000000E+00  0.000000E+00  0.205845E+06  0.195458E+07
  0.120498E+00  0.195536E+07  0.194645E+07  0.000000E+00  0.000000E+00  0.202543E+06  0.194158E+07
  0.121388E+00  0.194225E+07  0.193363E+07  0.000000E+00  0.000000E+00  0.199296E+06  0.192860E+07
  0.122278E+00  0.192911E+07  0.192078E+07  0.000000E+00  0.000000E+00  0.196099E+06  0.191558E+07
  0.123168E+00  0.191591E+07  0.190784E+07  0.000000E+00  0.000000E+00  0.192947E+06  0.190249E+07
  0.124058E+00  0.190262E+07  0.189478E+07  0.000000E+00  0.000000E+00  0.189836E+06  0.188931E+07
  0.124949E+00  0.188919E+07  0.188157E+07  0.000000E+00  0.000000E+00  0.186762E+06  0.187599E+07
  0.125839E+00  0.187562E+07  0.186819E+07  0.000000E+00  0.000000E+00  0.183721E+06  0.186252E+07
  0.126729E+00  0.186187E+07  0.185461E+07  0.000000E+00  0.000000E+00  0.180712E+06  0.184888E+07
  0.127619E+00  0.184793E+07  0.184082E+07  0.000000E+00  0.000000E+00  0.177732E+06  0.183504E+07
  0.128509E+00  0.183379E+07  0.182681E+07  0.000000E+00  0.000000E+00  0.174781E+06  0.182100E+07
  0.129399E+00  0.181943E+07  0.181256E+07  0.000000E+00  0.000000E+00  0.171854E+06  0.180675E+07
  0.130289E+00  0.180486E+07  0.179807E+07  0.000000E+00  0.000000E+00  0.168953E+06  0.179227E+07
  0.131179E+00  0.179006E+07  0.178334E+07  0.000000E+00  0.000000E+00  0.166076E+06  0.177756E+07
  0.132070E+00  0.177504E+07  0.176837E+07  0.000000E+00  0.000000E+00  0.163223E+06  0.176264E+07
  0.132960E+00  0.175982E+07  0.175317E+07  0.000000E+00  0.000000E+00  0.160396E+06  0.174750E+07
  0.133850E+00  0.174438E+07  0.173775E+07  0.000000E+00  0.000000E+00  0.157595E+06  0.173216E+07
  0.134740E+00  0.172876E+07  0.172212E+07  0.000000E+00  0.000000E+00  0.154819E+06  0.171663E+07
  0.135630E+00  0.171297E+07  0.170630E+07  0.000000E+00  0.000000E+00  0.152070E+06  0.170092E+07
  0.136520E+00  0.169702E+07  0.169032E+07  0.000000E+00  0.000000E+00  0.149350E+06  0.168506E+07
  0.137410E+00  0.168095E+07  0.167419E+07  0.000000E+00  0.000000E+00  0.146660E+06  0.166907E+07
  0.138301E+00  0.166476E+07  0.165794E+07  0.000000E+00  0.000000E+00  0.144002E+06  0.165297E+07
  0.139191E+00  0.164850E+07  0.164161E+07  0.000000E+00  0.000000E+00  0.141377E+06  0.163679E+07
  0.140081E+00  0.163218E+07  0.162520E+07  0.000000E+00  0.000000E+00  0.138787E+06  0.162055E+07
  0.140971E+00  0.161582E+07  0.160876E+07  0.000000E+00  0.000000E+00  0.136233E+06  0.160428E+07
  0.141861E+00  0.159947E+07  0.159231E+07  0.000000E+00  0.000000E+00  0.133718E+06  0.158800E+07
  0.142751E+00  0.158314E+07  0.157589E+07  0.000000E+00  0.000000E+00  0.131243E+06  0.157176E+07
  0.143641E+00  0.156687E+07  0.155952E+07  0.000000E+00  0.000000E+00  0.128810E+06  0.155557E+07
  0.144532E+00  0.155069E+07  0.154323E+07  0.000000E+00  0.000000E+00  0.126419E+06  0.153946E+07
  0.145422E+00  0.153462E+07  0.152705E+07  0.000000E+00  0.000000E+00  0.124073E+06  0.152347E+07
  0.146312E+00  0.151869E+07  0.151102E+07  0.000000E+00  0.000000E+00  0.121773E+06  0.150762E+07
  0.147202E+00  0.150293E+07  0.149517E+07  0.000000E+00  0.000000E+00  0.119522E+06  0.149194E+07
  0.148092E+00  0.148737E+07  0.147951E+07  0.000000E+00  0.000000E+00  0.117318E+06  0.147645E+07
  0.148982E+00  0.147203E+07  0.146408E+07  0.000000E+00  0.000000E+00  0.115164E+06  0.146119E+07
  0.149872E+00  0.145694E+07  0.144890E+07  0.000000E+00  0.000000E+00  0.113060E+06  0.144617E+07
  0.150763E+00  0.144212E+07  0.143400E+07  0.000000E+00  0.000000E+00  0.111008E+06  0.143143E+07
  0.151653E+00  0.142759E+07  0.141941E+07  0.000000E+00  0.000000E+00  0.109009E+06  0.141698E+07
  0.152543E+00  0.141338E+07  0.140513E+07  0.000000E+00  0.000000E+00  0.107062E+06  0.140284E+07
  0.153433E+00  0.139950E+07  0.139120E+07  0.000000E+00  0.000000E+00  0.105167E+06  0.138903E+07
  0.154323E+00  0.138596E+07  0.137763E+07  0.000000E+00  0.000000E+00  0.103326E+06  0.137558E+07
  0.155213E+00  0.137279E+07  0.136443E+07  0.000000E+00  0.000000E+00  0.101537E+06  0.136248E+07
  0.156103E+00  0.135999E+07  0.135161E+07  0.000000E+00  0.000000E+00  0.998011E+05  0.134975E+07
  0.156993E+00  0.134757E+07  0.133918E+07  0.000000E+00  0.000000E+00  0.981170E+05  0.133741E+07
  0.157884E+00  0.133554E+07  0.132715E+07  0.000000E+00  0.000000E+00  0.964846E+05  0.132545E+07
  0.158774E+00  0.132389E+07  0.131552E+07  0.000000E+00  0.000000E+00  0.949029E+05  0.131387E+07
  0.159664E+00  0.131264E+07  0.130430E+07  0.000000E+00  0.000000E+00  0.933709E+05  0.130269E+07
  0.160554E+00  0.130178E+07  0.129347E+07  0.000000E+00  0.000000E+00  0.918873E+05  0.129190E+07
  0.161444E+00  0.129130E+07  0.128304E+07  0.000000E+00  0.000000E+00  0.904511E+05  0.128150E+07
  0.162334E+00  0.128121E+07  0.127301E+07  0.000000E+00  0.000000E+00  0.890612E+05  0.127148E+07
  0.163224E+00  0.127149E+07  0.126336E+07  0.000000E+00  0.000000E+00  0.877163E+05  0.126183E+07
  0.164115E+00  0.126214E+07  0.125409E+07  0.000000E+00  0.000000E+00  0.864144E+05  0.125254E+07
  0.165005E+00  0.125314E+07  0.124518E+07  0.000000E+00  0.000000E+00  0.851539E+05  0.124362E+07
  0.165895E+00  0.124449E+07  0.123663E+07  0.000000E+00  0.000000E+00  0.839333E+05  0.123503E+07
  0.166785E+00  0.123617E+07  0.122841E+07  0.000000E+00  0.000000E+00  0.827512E+05  0.122678E+07
  0.167675E+00  0.122816E+07  0.122052E+07  0.000000E+00  0.000000E+00  0.816058E+05  0.121885E+07
  0.168565E+00  0.122046E+07  0.121294E+07  0.000000E+00  0.000000E+00  0.804952E+05  0.121121E+07
  0.169455E+00  0.121304E+07  0.120565E+07  0.000000E+00  0.000000E+00  0.794175E+05  0.120385E+07
  0.170346E+00  0.120588E+07  0.119862E+07  0.000000E+00  0.000000E+00  0.783707E+05  0.119676E+07
  0.171236E+00  0.119897E+07  0.119184E+07  0.000000E+00  0.000000E+00  0.773530E+05  0.118991E+07
  0.172126E+00  0.119228E+07  0.118529E+07  0.000000E+00  0.000000E+00  0.763625E+05  0.118329E+07
  0.173016E+00  0.118580E+07  0.117895E+07  0.000000E+00  0.000000E+00  0.753976E+05  0.117687E+07
  0.173906E+00  0.117949E+07  0.117279E+07  0.000000E+00  0.000000E+00  0.744565E+05  0.117063E+07
  0.174796E+00  0.117335E+07  0.116680E+07  0.000000E+00  0.000000E+00  0.735373E+05  0.116455E+07
  0.175686E+00  0.116735E+07  0.116094E+07  0.000000E+00  0.000000E+00  0.726381E+05  0.115861E+07
  0.176577E+00  0.116147E+07  0.115520E+07  0.000000E+00  0.000000E+00  0.717573E+05  0.115278E+07
  0.177467E+00  0.115569E+07  0.114956E+07  0.000000E+00  0.000000E+00  0.708935E+05  0.114706E+07
  0.178357E+00  0.114998E+07  0.114399E+07  0.000000E+00  0.000000E+00  0.700450E+05  0.114141E+07
  0.179247E+00  0.114434E+07  0.113848E+07  0.000000E+00  0.000000E+00  0.692104E+05  0.113582E+07
  0.180137E+00  0.113873E+07  0.113301E+07  0.000000E+00  0.000000E+00  0.683883E+05  0.113028E+07
  0.181027E+00  0.113315E+07  0.112756E+07  0.000000E+00  0.000000E+00  0.675775E+05  0.112475E+07
  0.181917E+00  0.112758E+07  0.112211E+07  0.000000E+00  0.000000E+00  0.667772E+05  0.111924E+07
  0.182807E+00  0.112201E+07  0.111665E+07  0.000000E+00  0.000000E+00  0.659859E+05  0.111371E+07
  0.183698E+00  0.111641E+07  0.111117E+07  0.000000E+00  0.000000E+00  0.652028E+05  0.110817E+07
  0.184588E+00  0.111078E+07  0.110564E+07  0.000000E+00  0.000000E+00  0.644269E+05  0.110258E+07
  0.185478E+00  0.110510E+07  0.110006E+07  0.000000E+00  0.000000E+00  0.636575E+05  0.109696E+07
  0.186368E+00  0.109936E+07  0.109442E+07  0.000000E+00  0.000000E+00  0.628941E+05  0.109127E+07
  0.187258E+00  0.109356E+07  0.108870E+07  0.000000E+00  0.000000E+00  0.621359E+05  0.108552E+07
  0.188148E+00  0.108769E+07  0.108290E+07  0.000000E+00  0.000000E+00  0.613825E+05  0.107970E+07
  0.189038E+00  0.108173E+07  0.107702E+07  0.000000E+00  0.000000E+00  0.606333E+05  0.107379E+07
  0.189929E+00  0.107570E+07  0.107104E+07  0.000000E+00  0.000000E+00  0.598880E+05  0.106780E+07
  0.190819E+00  0.106957E+07  0.106496E+07  0.000000E+00  0.000000E+00  0.591465E+05  0.106172E+07
  0.191709E+00  0.106335E+07  0.105879E+07  0.000000E+00  0.000000E+00  0.584088E+05  0.105555E+07
  0.192599E+00  0.105703E+07  0.105252E+07  0.000000E+00  0.000000E+00  0.576746E+05  0.104928E+07
  0.193489E+00  0.105063E+07  0.104614E+07  0.000000E+00  0.000000E+00  0.569436E+05  0.104292E+07
  0.194379E+00  0.104414E+07  0.103967E+07  0.000000E+00  0.000000E+00  0.562162E+05  0.103647E+07
  0.195269E+00  0.103755E+07  0.103311E+07  0.000000E+00  0.000000E+00  0.554926E+05  0.102993E+07
  0.196160E+00  0.103089E+07  0.102646E+07  0.000000E+00  0.000000E+00  0.547729E+05  0.102331E+07
  0.197050E+00  0.102414E+07  0.101972E+07  0.000000E+00  0.000000E+00  0.540575E+05  0.101661E+07
  0.197940E+00  0.101733E+07  0.101291E+07  0.000000E+00  0.000000E+00  0.533466E+05  0.100984E+07
  0.198830E+00  0.101045E+07  0.100602E+07  0.000000E+00  0.000000E+00  0.526406E+05  0.100300E+07
  0.199720E+00  0.100352E+07  0.999081E+06  0.000000E+00  0.000000E+00  0.519396E+05  0.996112E+06
  0.200610E+00  0.996540E+06  0.992086E+06  0.000000E+00  0.000000E+00  0.512441E+05  0.989172E+06
  0.201500E+00  0.989521E+06  0.985049E+06  0.000000E+00  0.000000E+00  0.505546E+05  0.982194E+06
  0.202391E+00  0.982473E+06  0.977979E+06  0.000000E+00  0.000000E+00  0.498715E+05  0.975187E+06
  0.203281E+00  0.975406E+06  0.970888E+06  0.000000E+00  0.000000E+00  0.491952E+05  0.968161E+06
  0.204171E+00  0.968330E+06  0.963786E+06  0.000000E+00  0.000000E+00  0.485263E+05  0.961126E+06
  0.205061E+00  0.961256E+06  0.956684E+06  0.000000E+00  0.000000E+00  0.478650E+05  0.954092E+06
  0.205951E+00  0.954195E+06  0.949593E+06  0.000000E+00  0.000000E+00  0.472116E+05  0.947070E+06
  0.206841E+00  0.947155E+06  0.942523E+06  0.000000E+00  0.000000E+00  0.465666E+05  0.940070E+06
  0.207731E+00  0.940149E+06  0.935486E+06  0.000000E+00  0.000000E+00  0.459305E+05  0.933103E+06
  0.208621E+00  0.933186E+06  0.928493E+06  0.000000E+00  0.000000E+00  0.453038E+05  0.926179E+06
  0.209512E+00  0.926277E+06  0.921554E+06  0.000000E+00  0.000000E+00  0.446867E+05  0.919309E+06
  0.210402E+00  0.919432E+06  0.914681E+06  0.000000E+00  0.000000E+00  0.440795E+05  0.912503E+06
  0.211292E+00  0.912662E+06  0.907884E+06  0.000000E+00  0.000000E+00  0.434825E+05  0.905771E+06
  0.212182E+00  0.905976E+06  0.901172E+06  0.000000E+00  0.000000E+00  0.428961E+05  0.899123E+06
  0.213072E+00  0.899382E+06  0.894555E+06  0.000000E+00  0.000000E+00  0.423206E+05  0.892567E+06
  0.213962E+00  0.892888E+06  0.888041E+06  0.000000E+00  0.000000E+00  0.417562E+05  0.886111E+06
  0.216686E+00  0.873715E+06  0.868824E+06  0.000000E+00  0.000000E+00  0.400990E+05  0.867053E+06
  0.219445E+00  0.855496E+06  0.850595E+06  0.000000E+00  0.000000E+00  0.385305E+05  0.848949E+06
  0.222238E+00  0.838377E+06  0.833504E+06  0.000000E+00  0.000000E+00  0.370535E+05  0.831944E+06
  0.225068E+00  0.822438E+06  0.817632E+06  0.000000E+00  0.000000E+00  0.356679E+05  0.816118E+06
  0.227933E+00  0.807689E+06  0.802990E+06  0.000000E+00  0.000000E+00  0.343708E+05  0.801481E+06
  0.230835E+00  0.794069E+06  0.789511E+06  0.000000E+00  0.000000E+00  0.331553E+05  0.787972E+06
  0.233773E+00  0.781442E+06  0.777051E+06  0.000000E+00  0.000000E+00  0.320130E+05  0.775454E+06
  0.236749E+00  0.769611E+06  0.765403E+06  0.000000E+00  0.000000E+00  0.309324E+05  0.763729E+06
  0.239763E+00  0.758336E+06  0.754321E+06  0.000000E+00  0.000000E+00  0.299020E+05  0.752559E+06
  0.242816E+00  0.747365E+06  0.743538E+06  0.000000E+00  0.000000E+00  0.289098E+05  0.741690E+06
  0.245907E+00  0.736451E+06  0.732798E+06  0.000000E+00  0.000000E+00  0.279453E+05  0.730876E+06
  0.249037E+00  0.725368E+06  0.721867E+06  0.000000E+00  0.000000E+00  0.269992E+05  0.719889E+06
  0.252208E+00  0.713931E+06  0.710552E+06  0.000000E+00  0.000000E+00  0.260648E+05  0.708547E+06
  0.255418E+00  0.702015E+06  0.698727E+06  0.000000E+00  0.000000E+00  0.251377E+05  0.696723E+06
  0.258670E+00  0.689576E+06  0.686346E+06  0.000000E+00  0.000000E+00  0.242169E+05  0.684374E+06
  0.261963E+00  0.676644E+06  0.673444E+06  0.000000E+00  0.000000E+00  0.233040E+05  0.671531E+06
  0.265298E+00  0.663317E+06  0.660122E+06  0.000000E+00  0.000000E+00  0.224027E+05  0.658292E+06
  0.268675E+00  0.649745E+06  0.646539E+06  0.000000E+00  0.000000E+00  0.215184E+05  0.644807E+06
  0.272096E+00  0.636121E+06  0.632897E+06  0.000000E+00  0.000000E+00  0.206572E+05  0.631269E+06
  0.275560E+00  0.622662E+06  0.619422E+06  0.000000E+00  0.000000E+00  0.198258E+05  0.617896E+06
  0.279068E+00  0.609576E+06  0.606330E+06  0.000000E+00  0.000000E+00  0.190297E+05  0.604894E+06
  0.282620E+00  0.597031E+06  0.593796E+06  0.000000E+00  0.000000E+00  0.182731E+05  0.592433E+06
  0.286218E+00  0.585148E+06  0.581945E+06  0.000000E+00  0.000000E+00  0.175579E+05  0.580634E+06
  0.289862E+00  0.573990E+06  0.570841E+06  0.000000E+00  0.000000E+00  0.168844E+05  0.569558E+06
  0.293552E+00  0.563549E+06  0.560475E+06  0.000000E+00  0.000000E+00  0.162507E+05  0.559199E+06
  0.297289E+00  0.553747E+06  0.550764E+06  0.000000E+00  0.000000E+00  0.156529E+05  0.549477E+06
  0.301074E+00  0.544450E+06  0.541568E+06  0.000000E+00  0.000000E+00  0.150857E+05  0.540258E+06
  0.304907E+00  0.535495E+06  0.532717E+06  0.000000E+00  0.000000E+00  0.145435E+05  0.531380E+06
  0.308788E+00  0.526708E+06  0.524030E+06  0.000000E+00  0.000000E+00  0.140208E+05  0.522667E+06
  0.312719E+00  0.517922E+06  0.515333E+06  0.000000E+00  0.000000E+00  0.135124E+05  0.513955E+06
  0.316701E+00  0.509004E+06  0.506489E+06  0.000000E+00  0.000000E+00  0.130147E+05  0.505108E+06
  0.320732E+00  0.499879E+06  0.497420E+06  0.000000E+00  0.000000E+00  0.125258E+05  0.496053E+06
  0.324815E+00  0.490531E+06  0.488111E+06  0.000000E+00  0.000000E+00  0.120450E+05  0.486774E+06
  0.328951E+00  0.480993E+06  0.478599E+06  0.000000E+00  0.000000E+00  0.103781E+05  0.477295E+06
  0.333138E+00  0.471367E+06  0.468989E+06  0.000000E+00  0.000000E+00  0.995716E+04  0.467736E+06
  0.337379E+00  0.461774E+06  0.459408E+06  0.000000E+00  0.000000E+00  0.954957E+04  0.458209E+06
  0.341674E+00  0.452348E+06  0.449997E+06  0.000000E+00  0.000000E+00  0.915771E+04  0.448849E+06
  0.346024E+00  0.443206E+06  0.440877E+06  0.000000E+00  0.000000E+00  0.878340E+04  0.439772E+06
  0.350429E+00  0.434438E+06  0.432140E+06  0.000000E+00  0.000000E+00  0.842775E+04  0.431068E+06
  0.354890E+00  0.426089E+06  0.423832E+06  0.000000E+00  0.000000E+00  0.809084E+04  0.422782E+06
  0.359408E+00  0.418144E+06  0.415939E+06  0.000000E+00  0.000000E+00  0.777168E+04  0.414899E+06
  0.363984E+00  0.410547E+06  0.408400E+06  0.000000E+00  0.000000E+00  0.746844E+04  0.407363E+06
  0.368617E+00  0.403210E+06  0.401124E+06  0.000000E+00  0.000000E+00  0.717895E+04  0.400086E+06
  0.373310E+00  0.396029E+06  0.394002E+06  0.000000E+00  0.000000E+00  0.690082E+04  0.392963E+06
  0.378063E+00  0.388901E+06  0.386929E+06  0.000000E+00  0.000000E+00  0.663193E+04  0.385893E+06
  0.382876E+00  0.381758E+06  0.379832E+06  0.000000E+00  0.000000E+00  0.637084E+04  0.378805E+06
  0.387750E+00  0.374564E+06  0.372675E+06  0.000000E+00  0.000000E+00  0.611679E+04  0.371666E+06
  0.392686E+00  0.367321E+06  0.365462E+06  0.000000E+00  0.000000E+00  0.586967E+04  0.364477E+06
  0.397685E+00  0.360074E+06  0.358240E+06  0.000000E+00  0.000000E+00  0.563005E+04  0.357283E+06
  0.402748E+00  0.352890E+06  0.351078E+06  0.000000E+00  0.000000E+00  0.539878E+04  0.350152E+06
  0.407875E+00  0.345839E+06  0.344051E+06  0.000000E+00  0.000000E+00  0.517665E+04  0.343153E+06
  0.413068E+00  0.338986E+06  0.337224E+06  0.000000E+00  0.000000E+00  0.496432E+04  0.336350E+06
  0.418326E+00  0.332368E+06  0.330638E+06  0.000000E+00  0.000000E+00  0.476195E+04  0.329782E+06
  0.423652E+00  0.325988E+06  0.324293E+06  0.000000E+00  0.000000E+00  0.456921E+04  0.323452E+06
  0.429045E+00  0.319823E+06  0.318168E+06  0.000000E+00  0.000000E+00  0.438539E+04  0.317336E+06
  0.434507E+00  0.313827E+06  0.312212E+06  0.000000E+00  0.000000E+00  0.420951E+04  0.311387E+06
  0.440039E+00  0.307942E+06  0.306365E+06  0.000000E+00  0.000000E+00  0.404052E+04  0.305549E+06
  0.445641E+00  0.302123E+06  0.300581E+06  0.000000E+00  0.000000E+00  0.387759E+04  0.299775E+06
  0.451314E+00  0.296336E+06  0.294825E+06  0.000000E+00  0.000000E+00  0.372012E+04  0.294033E+06
  0.457059E+00  0.290575E+06  0.289092E+06  0.000000E+00  0.000000E+00  0.356787E+04  0.288316E+06
  0.462878E+00  0.284859E+06  0.283401E+06  0.000000E+00  0.000000E+00  0.342091E+04  0.282643E+06
  0.468771E+00  0.279215E+06  0.277781E+06  0.000000E+00  0.000000E+00  0.327943E+04  0.277042E+06
  0.474738E+00  0.273682E+06  0.272272E+06  0.000000E+00  0.000000E+00  0.314367E+04  0.271551E+06
  0.480782E+00  0.268287E+06  0.266902E+06  0.000000E+00  0.000000E+00  0.301374E+04  0.266196E+06
  0.486903E+00  0.263039E+06  0.261681E+06  0.000000E+00  0.000000E+00  0.288955E+04  0.260989E+06
  0.493101E+00  0.257936E+06  0.256606E+06  0.000000E+00  0.000000E+00  0.277083E+04  0.255925E+06
  0.499379E+00  0.252954E+06  0.251653E+06  0.000000E+00  0.000000E+00  0.265714E+04  0.250983E+06
  0.505736E+00  0.248069E+06  0.246797E+06  0.000000E+00  0.000000E+00  0.254804E+04  0.246136E+06
  0.512174E+00  0.243257E+06  0.242011E+06  0.000000E+00  0.000000E+00  0.244311E+04  0.241361E+06
  0.518695E+00  0.238502E+06  0.237281E+06  0.000000E+00  0.000000E+00  0.234208E+04  0.236643E+06
  0.525298E+00  0.233806E+06  0.232608E+06  0.000000E+00  0.000000E+00  0.224482E+04  0.231983E+06
  0.531985E+00  0.229176E+06  0.228000E+06  0.000000E+00  0.000000E+00  0.215128E+04  0.227389E+06
  0.538758E+00  0.224630E+06  0.223476E+06  0.000000E+00  0.000000E+00  0.206150E+04  0.222877E+06
  0.545616E+00  0.220178E+06  0.219046E+06  0.000000E+00  0.000000E+00  0.197544E+04  0.218460E+06
  0.552562E+00  0.215830E+06  0.214720E+06  0.000000E+00  0.000000E+00  0.189305E+04  0.214145E+06
  0.559597E+00  0.211580E+06  0.210492E+06  0.000000E+00  0.000000E+00  0.181415E+04  0.209928E+06
  0.566721E+00  0.207421E+06  0.206355E+06  0.000000E+00  0.000000E+00  0.173855E+04  0.205801E+06
  0.573936E+00  0.203338E+06  0.202295E+06  0.000000E+00  0.000000E+00  0.166600E+04  0.201751E+06
  0.581242E+00  0.199324E+06  0.198301E+06  0.000000E+00  0.000000E+00  0.159633E+04  0.197767E+06
  0.588642E+00  0.195372E+06  0.194370E+06  0.000000E+00  0.000000E+00  0.152940E+04  0.193846E+06
  0.596135E+00  0.191485E+06  0.190502E+06  0.000000E+00  0.000000E+00  0.146513E+04  0.189989E+06
  0.603725E+00  0.187668E+06  0.186704E+06  0.000000E+00  0.000000E+00  0.140346E+04  0.186202E+06
  0.611410E+00  0.183926E+06  0.182981E+06  0.000000E+00  0.000000E+00  0.134434E+04  0.182489E+06
  0.619194E+00  0.180262E+06  0.179336E+06  0.000000E+00  0.000000E+00  0.128770E+04  0.178853E+06
  0.627077E+00  0.176674E+06  0.175767E+06  0.000000E+00  0.000000E+00  0.123343E+04  0.175293E+06
  0.635060E+00  0.173157E+06  0.172268E+06  0.000000E+00  0.000000E+00  0.118141E+04  0.171803E+06
  0.643144E+00  0.169706E+06  0.168835E+06  0.000000E+00  0.000000E+00  0.113152E+04  0.168379E+06
  0.690940E+00  0.151314E+06  0.150537E+06  0.000000E+00  0.000000E+00  0.885097E+03  0.150130E+06
  0.742289E+00  0.134840E+06  0.134148E+06  0.000000E+00  0.000000E+00  0.691369E+03  0.133785E+06
  0.797453E+00  0.120087E+06  0.119471E+06  0.000000E+00  0.000000E+00  0.539279E+03  0.119146E+06
  0.856717E+00  0.106884E+06  0.106335E+06  0.000000E+00  0.000000E+00  0.420073E+03  0.106046E+06
  0.920385E+00  0.950777E+05  0.945900E+05  0.000000E+00  0.000000E+00  0.326795E+03  0.943322E+05
  0.988785E+00  0.845309E+05  0.840974E+05  0.000000E+00  0.000000E+00  0.253922E+03  0.838678E+05
  0.106227E+01  0.751141E+05  0.747289E+05  0.000000E+00  0.000000E+00  0.197068E+03  0.745247E+05
  0.114121E+01  0.667116E+05  0.663696E+05  0.000000E+00  0.000000E+00  0.152773E+03  0.661880E+05
  0.122602E+01  0.592204E+05  0.589168E+05  0.000000E+00  0.000000E+00  0.118309E+03  0.587555E+05
  0.131714E+01  0.525452E+05  0.522758E+05  0.000000E+00  0.000000E+00  0.915278E+02  0.521325E+05
  0.141502E+01  0.466006E+05  0.463617E+05  0.000000E+00  0.000000E+00  0.707404E+02  0.462346E+05
  0.152018E+01  0.413102E+05  0.410984E+05  0.000000E+00  0.000000E+00  0.744446E+02  0.409858E+05
  0.163315E+01  0.366043E+05  0.364166E+05  0.000000E+00  0.000000E+00  0.575729E+02  0.363168E+05
  0.175452E+01  0.324210E+05  0.322548E+05  0.000000E+00  0.000000E+00  0.444819E+02  0.321663E+05
  0.188491E+01  0.287039E+05  0.285568E+05  0.000000E+00  0.000000E+00  0.343356E+02  0.284784E+05
  0.202500E+01  0.254031E+05  0.252729E+05  0.000000E+00  0.000000E+00  0.264803E+02  0.252035E+05
