  0.745045E-04  0.198016E+08  0.198016E+08  0.257041E+08  0.257030E+08  0.198001E+08  0.198016E+08
  0.829624E-04  0.198013E+08  0.198013E+08  0.255387E+08  0.255374E+08  0.197994E+08  0.198013E+08
  0.923803E-04  0.198009E+08  0.198009E+08  0.253350E+08  0.253335E+08  0.197984E+08  0.198009E+08
  0.102867E-03  0.198004E+08  0.198004E+08  0.250846E+08  0.250827E+08  0.197972E+08  0.198004E+08
  0.114545E-03  0.197999E+08  0.197999E+08  0.247772E+08  0.247748E+08  0.197957E+08  0.197998E+08
  0.127548E-03  0.197992E+08  0.197991E+08  0.244008E+08  0.243979E+08  0.197938E+08  0.197991E+08
  0.142028E-03  0.197983E+08  0.197983E+08  0.239413E+08  0.239379E+08  0.197916E+08  0.197982E+08
  0.158151E-03  0.197972E+08  0.197972E+08  0.233827E+08  0.233786E+08  0.197887E+08  0.197971E+08
  0.176104E-03  0.197958E+08  0.197958E+08  0.227066E+08  0.227017E+08  0.197852E+08  0.197958E+08
  0.196096E-03  0.197942E+08  0.197942E+08  0.218932E+08  0.218874E+08  0.197809E+08  0.197941E+08
  0.218356E-03  0.197921E+08  0.197921E+08  0.209219E+08  0.209152E+08  0.197755E+08  0.197920E+08
  0.243144E-03  0.197896E+08  0.197896E+08  0.197727E+08  0.197650E+08  0.197688E+08  0.197895E+08
  0.270746E-03  0.197864E+08  0.197864E+08  0.184288E+08  0.184201E+08  0.197606E+08  0.197863E+08
  0.301482E-03  0.197826E+08  0.197826E+08  0.168800E+08  0.168706E+08  0.197505E+08  0.197825E+08
  0.335706E-03  0.197779E+08  0.197779E+08  0.151282E+08  0.151182E+08  0.197380E+08  0.197777E+08
  0.373816E-03  0.197721E+08  0.197721E+08  0.131928E+08  0.131828E+08  0.197226E+08  0.197719E+08
  0.416252E-03  0.197650E+08  0.197650E+08  0.111184E+08  0.111091E+08  0.197037E+08  0.197648E+08
  0.463505E-03  0.197564E+08  0.197564E+08  0.898059E+07  0.897279E+07  0.196805E+08  0.197561E+08
  0.516122E-03  0.197460E+08  0.197459E+08  0.688757E+07  0.688222E+07  0.196520E+08  0.197456E+08
  0.574713E-03  0.197333E+08  0.197333E+08  0.497399E+07  0.497182E+07  0.196172E+08  0.197328E+08
  0.639955E-03  0.197181E+08  0.197181E+08  0.338052E+07  0.338169E+07  0.195749E+08  0.197175E+08
  0.712603E-03  0.196998E+08  0.196998E+08  0.221718E+07  0.222092E+07  0.195235E+08  0.196991E+08
  0.793498E-03  0.196780E+08  0.196780E+08  0.151585E+07  0.152033E+07  0.194612E+08  0.196771E+08
  0.883577E-03  0.196521E+08  0.196520E+08  0.119284E+07  0.119566E+07  0.193863E+08  0.196509E+08
  0.983881E-03  0.196215E+08  0.196214E+08  0.105802E+07  0.105758E+07  0.192963E+08  0.196200E+08
  0.109557E-02  0.195853E+08  0.195852E+08  0.901331E+06  0.898433E+06  0.191897E+08  0.195836E+08
  0.121994E-02  0.195429E+08  0.195427E+08  0.632279E+06  0.630101E+06  0.190626E+08  0.195408E+08
  0.135843E-02  0.194932E+08  0.194930E+08  0.351609E+06  0.352613E+06  0.189127E+08  0.194906E+08
  0.151264E-02  0.194352E+08  0.194349E+08  0.218974E+06  0.221180E+06  0.187375E+08  0.194321E+08
  0.168436E-02  0.193677E+08  0.193674E+08  0.211039E+06  0.210480E+06  0.185345E+08  0.193640E+08
  0.187557E-02  0.192895E+08  0.192891E+08  0.154658E+06  0.153037E+06  0.183015E+08  0.192851E+08
  0.208848E-02  0.191992E+08  0.191987E+08  0.634062E+05  0.646489E+05  0.180370E+08  0.191940E+08
  0.232557E-02  0.190954E+08  0.190948E+08  0.616009E+05  0.614124E+05  0.177402E+08  0.190893E+08
  0.258957E-02  0.189764E+08  0.189757E+08  0.407097E+05  0.386539E+05  0.174107E+08  0.189694E+08
  0.288354E-02  0.188408E+08  0.188398E+08  0.174247E+05  0.150766E+05  0.170485E+08  0.188327E+08
  0.321088E-02  0.186868E+08  0.186856E+08  0.205213E+05  0.152622E+05  0.166533E+08  0.186777E+08
  0.357538E-02  0.185128E+08  0.185114E+08  0.271844E+04  0.320242E+04  0.162238E+08  0.185025E+08
  0.398126E-02  0.183172E+08  0.183155E+08 -0.353159E+03 -0.518446E+03  0.157582E+08  0.183057E+08
  0.443322E-02  0.180982E+08  0.180961E+08  0.254499E+04  0.141538E+04  0.152539E+08  0.180854E+08
  0.493648E-02  0.178541E+08  0.178515E+08  0.000000E+00  0.000000E+00  0.147090E+08  0.178399E+08
  0.498985E-02  0.178283E+08  0.178256E+08  0.000000E+00  0.000000E+00  0.146522E+08  0.178139E+08
  0.504379E-02  0.178021E+08  0.177994E+08  0.000000E+00  0.000000E+00  0.145951E+08  0.177876E+08
  0.509832E-02  0.177758E+08  0.177730E+08  0.000000E+00  0.000000E+00  0.145375E+08  0.177611E+08
  0.515344E-02  0.177491E+08  0.177463E+08  0.000000E+00  0.000000E+00  0.144795E+08  0.177343E+08
  0.520915E-02  0.177221E+08  0.177193E+08  0.000000E+00  0.000000E+00  0.144211E+08  0.177072E+08
  0.526546E-02  0.176949E+08  0.176920E+08  0.000000E+00  0.000000E+00  0.143623E+08  0.176798E+08
  0.532239E-02  0.176674E+08  0.176644E+08  0.000000E+00  0.000000E+00  0.143031E+08  0.176522E+08
  0.537993E-02  0.176397E+08  0.176366E+08  0.000000E+00  0.000000E+00  0.142435E+08  0.176242E+08
  0.543809E-02  0.176116E+08  0.176085E+08  0.000000E+00  0.000000E+00  0.141835E+08  0.175960E+08
  0.549688E-02  0.175832E+08  0.175801E+08  0.000000E+00  0.000000E+00  0.141231E+08  0.175675E+08
  0.555630E-02  0.175546E+08  0.175514E+08  0.000000E+00  0.000000E+00  0.140622E+08  0.175388E+08
  0.561637E-02  0.175257E+08  0.175224E+08  0.000000E+00  0.000000E+00  0.140010E+08  0.175097E+08
  0.567709E-02  0.174965E+08  0.174931E+08  0.000000E+00  0.000000E+00  0.139394E+08  0.174803E+08
  0.573846E-02  0.174670E+08  0.174635E+08  0.000000E+00  0.000000E+00  0.138774E+08  0.174507E+08
  0.580050E-02  0.174372E+08  0.174337E+08  0.000000E+00  0.000000E+00  0.138151E+08  0.174207E+08
  0.586320E-02  0.174071E+08  0.174035E+08  0.000000E+00  0.000000E+00  0.137523E+08  0.173905E+08
  0.592659E-02  0.173768E+08  0.173731E+08  0.000000E+00  0.000000E+00  0.136892E+08  0.173600E+08
  0.599066E-02  0.173461E+08  0.173423E+08  0.000000E+00  0.000000E+00  0.136256E+08  0.173292E+08
  0.605542E-02  0.173151E+08  0.173113E+08  0.000000E+00  0.000000E+00  0.135617E+08  0.172980E+08
  0.612089E-02  0.172838E+08  0.172799E+08  0.000000E+00  0.000000E+00  0.134974E+08  0.172666E+08
  0.618706E-02  0.172523E+08  0.172483E+08  0.000000E+00  0.000000E+00  0.134328E+08  0.172349E+08
  0.625394E-02  0.172204E+08  0.172163E+08  0.000000E+00  0.000000E+00  0.133678E+08  0.172028E+08
  0.632155E-02  0.171882E+08  0.171840E+08  0.000000E+00  0.000000E+00  0.133024E+08  0.171705E+08
  0.638989E-02  0.171557E+08  0.171515E+08  0.000000E+00  0.000000E+00  0.132367E+08  0.171378E+08
  0.645897E-02  0.171229E+08  0.171186E+08  0.000000E+00  0.000000E+00  0.131706E+08  0.171049E+08
  0.652880E-02  0.170898E+08  0.170854E+08  0.000000E+00  0.000000E+00  0.131041E+08  0.170716E+08
  0.659938E-02  0.170564E+08  0.170518E+08  0.000000E+00  0.000000E+00  0.130373E+08  0.170380E+08
  0.667072E-02  0.170226E+08  0.170180E+08  0.000000E+00  0.000000E+00  0.129702E+08  0.170041E+08
  0.674284E-02  0.169886E+08  0.169839E+08  0.000000E+00  0.000000E+00  0.129027E+08  0.169699E+08
  0.681573E-02  0.169542E+08  0.169494E+08  0.000000E+00  0.000000E+00  0.128348E+08  0.169353E+08
  0.688942E-02  0.169195E+08  0.169146E+08  0.000000E+00  0.000000E+00  0.127667E+08  0.169005E+08
  0.696390E-02  0.168845E+08  0.168795E+08  0.000000E+00  0.000000E+00  0.126982E+08  0.168653E+08
  0.703918E-02  0.168491E+08  0.168440E+08  0.000000E+00  0.000000E+00  0.126294E+08  0.168298E+08
  0.711528E-02  0.168135E+08  0.168083E+08  0.000000E+00  0.000000E+00  0.125602E+08  0.167940E+08
  0.719220E-02  0.167775E+08  0.167722E+08  0.000000E+00  0.000000E+00  0.124907E+08  0.167578E+08
  0.726995E-02  0.167411E+08  0.167357E+08  0.000000E+00  0.000000E+00  0.124210E+08  0.167213E+08
  0.734855E-02  0.167045E+08  0.166990E+08  0.000000E+00  0.000000E+00  0.123509E+08  0.166845E+08
  0.742799E-02  0.166675E+08  0.166619E+08  0.000000E+00  0.000000E+00  0.122805E+08  0.166473E+08
  0.750829E-02  0.166302E+08  0.166245E+08  0.000000E+00  0.000000E+00  0.122098E+08  0.166099E+08
  0.758946E-02  0.165925E+08  0.165867E+08  0.000000E+00  0.000000E+00  0.121388E+08  0.165720E+08
  0.767151E-02  0.165545E+08  0.165486E+08  0.000000E+00  0.000000E+00  0.120675E+08  0.165339E+08
  0.775444E-02  0.165162E+08  0.165101E+08  0.000000E+00  0.000000E+00  0.119959E+08  0.164954E+08
  0.783828E-02  0.164776E+08  0.164714E+08  0.000000E+00  0.000000E+00  0.119240E+08  0.164566E+08
  0.792301E-02  0.164385E+08  0.164322E+08  0.000000E+00  0.000000E+00  0.118519E+08  0.164174E+08
  0.800867E-02  0.163992E+08  0.163928E+08  0.000000E+00  0.000000E+00  0.117795E+08  0.163779E+08
  0.809524E-02  0.163595E+08  0.163529E+08  0.000000E+00  0.000000E+00  0.117068E+08  0.163380E+08
  0.818276E-02  0.163195E+08  0.163128E+08  0.000000E+00  0.000000E+00  0.116338E+08  0.162978E+08
  0.827122E-02  0.162791E+08  0.162722E+08  0.000000E+00  0.000000E+00  0.115606E+08  0.162573E+08
  0.836064E-02  0.162383E+08  0.162314E+08  0.000000E+00  0.000000E+00  0.114872E+08  0.162164E+08
  0.845102E-02  0.161972E+08  0.161901E+08  0.000000E+00  0.000000E+00  0.114134E+08  0.161751E+08
  0.854239E-02  0.161558E+08  0.161485E+08  0.000000E+00  0.000000E+00  0.113395E+08  0.161335E+08
  0.863473E-02  0.161140E+08  0.161066E+08  0.000000E+00  0.000000E+00  0.112653E+08  0.160915E+08
  0.872808E-02  0.160718E+08  0.160643E+08  0.000000E+00  0.000000E+00  0.111909E+08  0.160492E+08
  0.882244E-02  0.160293E+08  0.160216E+08  0.000000E+00  0.000000E+00  0.111162E+08  0.160065E+08
  0.891782E-02  0.159864E+08  0.159786E+08  0.000000E+00  0.000000E+00  0.110413E+08  0.159635E+08
  0.901422E-02  0.159432E+08  0.159352E+08  0.000000E+00  0.000000E+00  0.109662E+08  0.159201E+08
  0.911167E-02  0.158996E+08  0.158915E+08  0.000000E+00  0.000000E+00  0.108909E+08  0.158763E+08
  0.921018E-02  0.158556E+08  0.158473E+08  0.000000E+00  0.000000E+00  0.108154E+08  0.158322E+08
  0.930975E-02  0.158113E+08  0.158028E+08  0.000000E+00  0.000000E+00  0.107397E+08  0.157877E+08
  0.941039E-02  0.157666E+08  0.157580E+08  0.000000E+00  0.000000E+00  0.106638E+08  0.157428E+08
  0.951212E-02  0.157215E+08  0.157127E+08  0.000000E+00  0.000000E+00  0.105877E+08  0.156976E+08
  0.961496E-02  0.156761E+08  0.156671E+08  0.000000E+00  0.000000E+00  0.105114E+08  0.156520E+08
  0.971890E-02  0.156303E+08  0.156211E+08  0.000000E+00  0.000000E+00  0.104350E+08  0.156060E+08
  0.982397E-02  0.155841E+08  0.155748E+08  0.000000E+00  0.000000E+00  0.103584E+08  0.155597E+08
  0.993017E-02  0.155375E+08  0.155280E+08  0.000000E+00  0.000000E+00  0.102816E+08  0.155129E+08
  0.100375E-01  0.154906E+08  0.154809E+08  0.000000E+00  0.000000E+00  0.102047E+08  0.154658E+08
  0.101460E-01  0.154433E+08  0.154334E+08  0.000000E+00  0.000000E+00  0.101276E+08  0.154184E+08
  0.102557E-01  0.153956E+08  0.153855E+08  0.000000E+00  0.000000E+00  0.100504E+08  0.153705E+08
  0.103666E-01  0.153475E+08  0.153372E+08  0.000000E+00  0.000000E+00  0.997301E+07  0.153223E+08
  0.104787E-01  0.152990E+08  0.152886E+08  0.000000E+00  0.000000E+00  0.989553E+07  0.152736E+08
  0.105919E-01  0.152501E+08  0.152395E+08  0.000000E+00  0.000000E+00  0.981791E+07  0.152246E+08
  0.107065E-01  0.152009E+08  0.151901E+08  0.000000E+00  0.000000E+00  0.974019E+07  0.151752E+08
  0.108222E-01  0.151513E+08  0.151402E+08  0.000000E+00  0.000000E+00  0.966235E+07  0.151254E+08
  0.109392E-01  0.151012E+08  0.150900E+08  0.000000E+00  0.000000E+00  0.958441E+07  0.150752E+08
  0.110575E-01  0.150508E+08  0.150394E+08  0.000000E+00  0.000000E+00  0.950637E+07  0.150247E+08
  0.111770E-01  0.150000E+08  0.149883E+08  0.000000E+00  0.000000E+00  0.942825E+07  0.149737E+08
  0.112978E-01  0.149488E+08  0.149369E+08  0.000000E+00  0.000000E+00  0.935004E+07  0.149224E+08
  0.114200E-01  0.148972E+08  0.148851E+08  0.000000E+00  0.000000E+00  0.927176E+07  0.148706E+08
  0.115434E-01  0.148452E+08  0.148329E+08  0.000000E+00  0.000000E+00  0.919341E+07  0.148185E+08
  0.116682E-01  0.147928E+08  0.147802E+08  0.000000E+00  0.000000E+00  0.911500E+07  0.147659E+08
  0.117944E-01  0.147400E+08  0.147272E+08  0.000000E+00  0.000000E+00  0.903654E+07  0.147130E+08
  0.119219E-01  0.146868E+08  0.146738E+08  0.000000E+00  0.000000E+00  0.895803E+07  0.146596E+08
  0.120507E-01  0.146332E+08  0.146199E+08  0.000000E+00  0.000000E+00  0.887949E+07  0.146059E+08
  0.121810E-01  0.145792E+08  0.145657E+08  0.000000E+00  0.000000E+00  0.880091E+07  0.145517E+08
  0.123127E-01  0.145248E+08  0.145110E+08  0.000000E+00  0.000000E+00  0.872231E+07  0.144972E+08
  0.124458E-01  0.144700E+08  0.144560E+08  0.000000E+00  0.000000E+00  0.864370E+07  0.144422E+08
  0.125804E-01  0.144148E+08  0.144005E+08  0.000000E+00  0.000000E+00  0.856507E+07  0.143868E+08
  0.127164E-01  0.143591E+08  0.143446E+08  0.000000E+00  0.000000E+00  0.848644E+07  0.143310E+08
  0.128538E-01  0.143031E+08  0.142883E+08  0.000000E+00  0.000000E+00  0.840783E+07  0.142749E+08
  0.129928E-01  0.142466E+08  0.142315E+08  0.000000E+00  0.000000E+00  0.832922E+07  0.142183E+08
  0.131333E-01  0.141897E+08  0.141744E+08  0.000000E+00  0.000000E+00  0.825064E+07  0.141613E+08
  0.132752E-01  0.141324E+08  0.141168E+08  0.000000E+00  0.000000E+00  0.817209E+07  0.141038E+08
  0.134188E-01  0.140747E+08  0.140589E+08  0.000000E+00  0.000000E+00  0.809357E+07  0.140460E+08
  0.135638E-01  0.140166E+08  0.140005E+08  0.000000E+00  0.000000E+00  0.801510E+07  0.139877E+08
  0.137105E-01  0.139581E+08  0.139416E+08  0.000000E+00  0.000000E+00  0.793669E+07  0.139291E+08
  0.138587E-01  0.138991E+08  0.138824E+08  0.000000E+00  0.000000E+00  0.785833E+07  0.138700E+08
  0.140085E-01  0.138398E+08  0.138227E+08  0.000000E+00  0.000000E+00  0.778004E+07  0.138105E+08
  0.141599E-01  0.137800E+08  0.137626E+08  0.000000E+00  0.000000E+00  0.770183E+07  0.137506E+08
  0.143130E-01  0.137198E+08  0.137021E+08  0.000000E+00  0.000000E+00  0.762370E+07  0.136903E+08
  0.144678E-01  0.136592E+08  0.136412E+08  0.000000E+00  0.000000E+00  0.754567E+07  0.136295E+08
  0.146242E-01  0.135981E+08  0.135798E+08  0.000000E+00  0.000000E+00  0.746773E+07  0.135683E+08
  0.147823E-01  0.135366E+08  0.135180E+08  0.000000E+00  0.000000E+00  0.738990E+07  0.135067E+08
  0.149421E-01  0.134747E+08  0.134558E+08  0.000000E+00  0.000000E+00  0.731219E+07  0.134447E+08
  0.151036E-01  0.134124E+08  0.133932E+08  0.000000E+00  0.000000E+00  0.723459E+07  0.133823E+08
  0.152669E-01  0.133497E+08  0.133301E+08  0.000000E+00  0.000000E+00  0.715713E+07  0.133194E+08
  0.154319E-01  0.132865E+08  0.132666E+08  0.000000E+00  0.000000E+00  0.707981E+07  0.132562E+08
  0.155988E-01  0.132230E+08  0.132027E+08  0.000000E+00  0.000000E+00  0.700263E+07  0.131925E+08
  0.157674E-01  0.131590E+08  0.131384E+08  0.000000E+00  0.000000E+00  0.692561E+07  0.131284E+08
  0.159378E-01  0.130945E+08  0.130736E+08  0.000000E+00  0.000000E+00  0.684875E+07  0.130639E+08
  0.161101E-01  0.130297E+08  0.130084E+08  0.000000E+00  0.000000E+00  0.677206E+07  0.129989E+08
  0.162843E-01  0.129644E+08  0.129428E+08  0.000000E+00  0.000000E+00  0.669555E+07  0.129335E+08
  0.164603E-01  0.128988E+08  0.128768E+08  0.000000E+00  0.000000E+00  0.661923E+07  0.128678E+08
  0.166383E-01  0.128327E+08  0.128103E+08  0.000000E+00  0.000000E+00  0.654310E+07  0.128016E+08
  0.168182E-01  0.127661E+08  0.127435E+08  0.000000E+00  0.000000E+00  0.646717E+07  0.127349E+08
  0.170000E-01  0.126992E+08  0.126762E+08  0.000000E+00  0.000000E+00  0.639145E+07  0.126679E+08
  0.171838E-01  0.126319E+08  0.126084E+08  0.000000E+00  0.000000E+00  0.631594E+07  0.126005E+08
  0.173695E-01  0.125641E+08  0.125403E+08  0.000000E+00  0.000000E+00  0.624067E+07  0.125326E+08
  0.175573E-01  0.124959E+08  0.124718E+08  0.000000E+00  0.000000E+00  0.616563E+07  0.124644E+08
  0.177471E-01  0.124273E+08  0.124028E+08  0.000000E+00  0.000000E+00  0.609083E+07  0.123957E+08
  0.179390E-01  0.123583E+08  0.123334E+08  0.000000E+00  0.000000E+00  0.601628E+07  0.123266E+08
  0.181329E-01  0.122889E+08  0.122636E+08  0.000000E+00  0.000000E+00  0.594199E+07  0.122571E+08
  0.183289E-01  0.122191E+08  0.121934E+08  0.000000E+00  0.000000E+00  0.586797E+07  0.121872E+08
  0.185271E-01  0.121489E+08  0.121228E+08  0.000000E+00  0.000000E+00  0.579422E+07  0.121170E+08
  0.187274E-01  0.120783E+08  0.120518E+08  0.000000E+00  0.000000E+00  0.572076E+07  0.120463E+08
  0.189298E-01  0.120073E+08  0.119804E+08  0.000000E+00  0.000000E+00  0.564759E+07  0.119752E+08
  0.191345E-01  0.119359E+08  0.119086E+08  0.000000E+00  0.000000E+00  0.557472E+07  0.119037E+08
  0.193413E-01  0.118641E+08  0.118364E+08  0.000000E+00  0.000000E+00  0.550215E+07  0.118319E+08
  0.195504E-01  0.117920E+08  0.117639E+08  0.000000E+00  0.000000E+00  0.542991E+07  0.117597E+08
  0.197618E-01  0.117194E+08  0.116909E+08  0.000000E+00  0.000000E+00  0.535798E+07  0.116870E+08
  0.199754E-01  0.116465E+08  0.116176E+08  0.000000E+00  0.000000E+00  0.528640E+07  0.116141E+08
  0.201914E-01  0.115732E+08  0.115439E+08  0.000000E+00  0.000000E+00  0.521515E+07  0.115407E+08
  0.204097E-01  0.114995E+08  0.114698E+08  0.000000E+00  0.000000E+00  0.514425E+07  0.114670E+08
  0.206303E-01  0.114255E+08  0.113953E+08  0.000000E+00  0.000000E+00  0.507371E+07  0.113929E+08
  0.208533E-01  0.113511E+08  0.113205E+08  0.000000E+00  0.000000E+00  0.500354E+07  0.113185E+08
  0.210788E-01  0.112763E+08  0.112454E+08  0.000000E+00  0.000000E+00  0.493374E+07  0.112437E+08
  0.213066E-01  0.112013E+08  0.111699E+08  0.000000E+00  0.000000E+00  0.486432E+07  0.111686E+08
  0.215370E-01  0.111258E+08  0.110940E+08  0.000000E+00  0.000000E+00  0.479529E+07  0.110931E+08
  0.217698E-01  0.110501E+08  0.110178E+08  0.000000E+00  0.000000E+00  0.472666E+07  0.110173E+08
  0.220052E-01  0.109740E+08  0.109414E+08  0.000000E+00  0.000000E+00  0.465844E+07  0.109412E+08
  0.222430E-01  0.108976E+08  0.108645E+08  0.000000E+00  0.000000E+00  0.459063E+07  0.108648E+08
  0.224835E-01  0.108209E+08  0.107874E+08  0.000000E+00  0.000000E+00  0.452324E+07  0.107880E+08
  0.227266E-01  0.107439E+08  0.107100E+08  0.000000E+00  0.000000E+00  0.445627E+07  0.107110E+08
  0.229723E-01  0.106666E+08  0.106323E+08  0.000000E+00  0.000000E+00  0.438975E+07  0.106337E+08
  0.232206E-01  0.105890E+08  0.105543E+08  0.000000E+00  0.000000E+00  0.432367E+07  0.105561E+08
  0.234716E-01  0.105111E+08  0.104760E+08  0.000000E+00  0.000000E+00  0.425804E+07  0.104782E+08
  0.237254E-01  0.104330E+08  0.103975E+08  0.000000E+00  0.000000E+00  0.419287E+07  0.104001E+08
  0.239819E-01  0.103546E+08  0.103187E+08  0.000000E+00  0.000000E+00  0.412817E+07  0.103217E+08
  0.242411E-01  0.102760E+08  0.102396E+08  0.000000E+00  0.000000E+00  0.406394E+07  0.102431E+08
  0.245032E-01  0.101972E+08  0.101604E+08  0.000000E+00  0.000000E+00  0.400020E+07  0.101642E+08
  0.247681E-01  0.101181E+08  0.100809E+08  0.000000E+00  0.000000E+00  0.393694E+07  0.100852E+08
  0.250359E-01  0.100388E+08  0.100012E+08  0.000000E+00  0.000000E+00  0.387419E+07  0.100059E+08
  0.253065E-01  0.995933E+07  0.992139E+07  0.000000E+00  0.000000E+00  0.381194E+07  0.992645E+07
  0.255801E-01  0.987968E+07  0.984135E+07  0.000000E+00  0.000000E+00  0.375020E+07  0.984682E+07
  0.258566E-01  0.979986E+07  0.976114E+07  0.000000E+00  0.000000E+00  0.368898E+07  0.976702E+07
  0.261362E-01  0.971988E+07  0.968079E+07  0.000000E+00  0.000000E+00  0.362829E+07  0.968707E+07
  0.264187E-01  0.963977E+07  0.960031E+07  0.000000E+00  0.000000E+00  0.356813E+07  0.960699E+07
  0.267043E-01  0.955954E+07  0.951971E+07  0.000000E+00  0.000000E+00  0.350851E+07  0.952679E+07
  0.269930E-01  0.947919E+07  0.943901E+07  0.000000E+00  0.000000E+00  0.344944E+07  0.944648E+07
  0.272848E-01  0.939876E+07  0.935823E+07  0.000000E+00  0.000000E+00  0.339093E+07  0.936609E+07
  0.275798E-01  0.931825E+07  0.927738E+07  0.000000E+00  0.000000E+00  0.333297E+07  0.928563E+07
  0.278779E-01  0.923768E+07  0.919648E+07  0.000000E+00  0.000000E+00  0.327559E+07  0.920511E+07
  0.281793E-01  0.915708E+07  0.911554E+07  0.000000E+00  0.000000E+00  0.321877E+07  0.912456E+07
  0.284840E-01  0.907645E+07  0.903460E+07  0.000000E+00  0.000000E+00  0.316254E+07  0.904399E+07
  0.287919E-01  0.899582E+07  0.895367E+07  0.000000E+00  0.000000E+00  0.310688E+07  0.896343E+07
  0.291032E-01  0.891521E+07  0.887276E+07  0.000000E+00  0.000000E+00  0.305182E+07  0.888288E+07
  0.294178E-01  0.883463E+07  0.879190E+07  0.000000E+00  0.000000E+00  0.299735E+07  0.880238E+07
  0.297358E-01  0.875411E+07  0.871111E+07  0.000000E+00  0.000000E+00  0.294349E+07  0.872194E+07
  0.300573E-01  0.867367E+07  0.863041E+07  0.000000E+00  0.000000E+00  0.289023E+07  0.864157E+07
  0.303822E-01  0.859333E+07  0.854982E+07  0.000000E+00  0.000000E+00  0.283759E+07  0.856132E+07
  0.307107E-01  0.851311E+07  0.846936E+07  0.000000E+00  0.000000E+00  0.278557E+07  0.848118E+07
  0.310427E-01  0.843303E+07  0.838906E+07  0.000000E+00  0.000000E+00  0.273417E+07  0.840120E+07
  0.313783E-01  0.835312E+07  0.830894E+07  0.000000E+00  0.000000E+00  0.268341E+07  0.832138E+07
  0.317175E-01  0.827340E+07  0.822902E+07  0.000000E+00  0.000000E+00  0.263328E+07  0.824176E+07
  0.320604E-01  0.819388E+07  0.814933E+07  0.000000E+00  0.000000E+00  0.258379E+07  0.816235E+07
  0.324070E-01  0.811461E+07  0.806989E+07  0.000000E+00  0.000000E+00  0.253494E+07  0.808318E+07
  0.327573E-01  0.803559E+07  0.799073E+07  0.000000E+00  0.000000E+00  0.248674E+07  0.800428E+07
  0.331114E-01  0.795685E+07  0.791187E+07  0.000000E+00  0.000000E+00  0.243920E+07  0.792566E+07
  0.334694E-01  0.787843E+07  0.783333E+07  0.000000E+00  0.000000E+00  0.239230E+07  0.784735E+07
  0.338312E-01  0.780034E+07  0.775515E+07  0.000000E+00  0.000000E+00  0.234605E+07  0.776939E+07
  0.341970E-01  0.772260E+07  0.767734E+07  0.000000E+00  0.000000E+00  0.230046E+07  0.769178E+07
  0.345667E-01  0.764525E+07  0.759994E+07  0.000000E+00  0.000000E+00  0.225552E+07  0.761457E+07
  0.349404E-01  0.756831E+07  0.752296E+07  0.000000E+00  0.000000E+00  0.221125E+07  0.753776E+07
  0.353181E-01  0.749180E+07  0.744644E+07  0.000000E+00  0.000000E+00  0.216765E+07  0.746140E+07
  0.356999E-01  0.741575E+07  0.737040E+07  0.000000E+00  0.000000E+00  0.212471E+07  0.738550E+07
  0.360858E-01  0.734019E+07  0.729487E+07  0.000000E+00  0.000000E+00  0.208244E+07  0.731009E+07
  0.364760E-01  0.726514E+07  0.721987E+07  0.000000E+00  0.000000E+00  0.204085E+07  0.723519E+07
  0.368703E-01  0.719062E+07  0.714543E+07  0.000000E+00  0.000000E+00  0.199992E+07  0.716083E+07
  0.372689E-01  0.711666E+07  0.707157E+07  0.000000E+00  0.000000E+00  0.195967E+07  0.708704E+07
  0.376718E-01  0.704328E+07  0.699831E+07  0.000000E+00  0.000000E+00  0.192009E+07  0.701383E+07
  0.380790E-01  0.697051E+07  0.692567E+07  0.000000E+00  0.000000E+00  0.188117E+07  0.694122E+07
  0.384907E-01  0.689837E+07  0.685370E+07  0.000000E+00  0.000000E+00  0.184292E+07  0.686926E+07
  0.389068E-01  0.682690E+07  0.678242E+07  0.000000E+00  0.000000E+00  0.180533E+07  0.679796E+07
  0.393274E-01  0.675611E+07  0.671184E+07  0.000000E+00  0.000000E+00  0.176841E+07  0.672736E+07
  0.397526E-01  0.668603E+07  0.664201E+07  0.000000E+00  0.000000E+00  0.173215E+07  0.665746E+07
  0.401823E-01  0.661668E+07  0.657292E+07  0.000000E+00  0.000000E+00  0.169656E+07  0.658830E+07
  0.406167E-01  0.654808E+07  0.650461E+07  0.000000E+00  0.000000E+00  0.166163E+07  0.651990E+07
  0.410558E-01  0.648025E+07  0.643709E+07  0.000000E+00  0.000000E+00  0.162736E+07  0.645226E+07
  0.414997E-01  0.641320E+07  0.637038E+07  0.000000E+00  0.000000E+00  0.159374E+07  0.638541E+07
  0.419483E-01  0.634695E+07  0.630449E+07  0.000000E+00  0.000000E+00  0.156076E+07  0.631936E+07
  0.424018E-01  0.628151E+07  0.623944E+07  0.000000E+00  0.000000E+00  0.152842E+07  0.625413E+07
  0.428602E-01  0.621691E+07  0.617525E+07  0.000000E+00  0.000000E+00  0.149672E+07  0.618973E+07
  0.433235E-01  0.615315E+07  0.611193E+07  0.000000E+00  0.000000E+00  0.146564E+07  0.612618E+07
  0.437919E-01  0.609025E+07  0.604950E+07  0.000000E+00  0.000000E+00  0.143520E+07  0.606350E+07
  0.442653E-01  0.602823E+07  0.598796E+07  0.000000E+00  0.000000E+00  0.140538E+07  0.600170E+07
  0.447439E-01  0.596710E+07  0.592734E+07  0.000000E+00  0.000000E+00  0.137617E+07  0.594078E+07
  0.452276E-01  0.590686E+07  0.586763E+07  0.000000E+00  0.000000E+00  0.134757E+07  0.588076E+07
  0.457165E-01  0.584753E+07  0.580885E+07  0.000000E+00  0.000000E+00  0.131957E+07  0.582166E+07
  0.462107E-01  0.578910E+07  0.575101E+07  0.000000E+00  0.000000E+00  0.129214E+07  0.576346E+07
  0.467103E-01  0.573159E+07  0.569409E+07  0.000000E+00  0.000000E+00  0.126530E+07  0.570617E+07
  0.472153E-01  0.567499E+07  0.563811E+07  0.000000E+00  0.000000E+00  0.123903E+07  0.564980E+07
  0.477257E-01  0.561930E+07  0.558306E+07  0.000000E+00  0.000000E+00  0.121333E+07  0.559434E+07
  0.482417E-01  0.556451E+07  0.552893E+07  0.000000E+00  0.000000E+00  0.118820E+07  0.553978E+07
  0.487632E-01  0.551063E+07  0.547572E+07  0.000000E+00  0.000000E+00  0.116360E+07  0.548613E+07
  0.492904E-01  0.545764E+07  0.542342E+07  0.000000E+00  0.000000E+00  0.113954E+07  0.543338E+07
  0.498232E-01  0.540554E+07  0.537203E+07  0.000000E+00  0.000000E+00  0.111599E+07  0.538152E+07
  0.503618E-01  0.535432E+07  0.532152E+07  0.000000E+00  0.000000E+00  0.109296E+07  0.533053E+07
  0.509063E-01  0.530395E+07  0.527189E+07  0.000000E+00  0.000000E+00  0.107042E+07  0.528040E+07
  0.514566E-01  0.525443E+07  0.522310E+07  0.000000E+00  0.000000E+00  0.104838E+07  0.523111E+07
  0.520129E-01  0.520572E+07  0.517515E+07  0.000000E+00  0.000000E+00  0.102682E+07  0.518263E+07
  0.525752E-01  0.515781E+07  0.512800E+07  0.000000E+00  0.000000E+00  0.100572E+07  0.513496E+07
  0.531436E-01  0.511066E+07  0.508162E+07  0.000000E+00  0.000000E+00  0.985065E+06  0.508805E+07
  0.537181E-01  0.506426E+07  0.503599E+07  0.000000E+00  0.000000E+00  0.964842E+06  0.504188E+07
  0.542988E-01  0.501858E+07  0.499108E+07  0.000000E+00  0.000000E+00  0.945048E+06  0.499643E+07
  0.548858E-01  0.497359E+07  0.494686E+07  0.000000E+00  0.000000E+00  0.925675E+06  0.495167E+07
  0.554792E-01  0.492925E+07  0.490330E+07  0.000000E+00  0.000000E+00  0.906707E+06  0.490756E+07
  0.560790E-01  0.488554E+07  0.486036E+07  0.000000E+00  0.000000E+00  0.888124E+06  0.486408E+07
  0.566852E-01  0.484241E+07  0.481800E+07  0.000000E+00  0.000000E+00  0.869912E+06  0.482118E+07
  0.572980E-01  0.479982E+07  0.477617E+07  0.000000E+00  0.000000E+00  0.852061E+06  0.477882E+07
  0.579175E-01  0.475773E+07  0.473483E+07  0.000000E+00  0.000000E+00  0.834563E+06  0.473695E+07
  0.585436E-01  0.471609E+07  0.469392E+07  0.000000E+00  0.000000E+00  0.817402E+06  0.469553E+07
  0.594337E-01  0.465831E+07  0.463716E+07  0.000000E+00  0.000000E+00  0.793852E+06  0.463806E+07
  0.603239E-01  0.460204E+07  0.458186E+07  0.000000E+00  0.000000E+00  0.771234E+06  0.458209E+07
  0.612140E-01  0.454712E+07  0.452785E+07  0.000000E+00  0.000000E+00  0.749494E+06  0.452745E+07
  0.621041E-01  0.449337E+07  0.447497E+07  0.000000E+00  0.000000E+00  0.728565E+06  0.447398E+07
  0.629943E-01  0.444064E+07  0.442305E+07  0.000000E+00  0.000000E+00  0.708383E+06  0.442151E+07
  0.638844E-01  0.438877E+07  0.437194E+07  0.000000E+00  0.000000E+00  0.688904E+06  0.436991E+07
  0.647746E-01  0.433764E+07  0.432150E+07  0.000000E+00  0.000000E+00  0.670076E+06  0.431902E+07
  0.656647E-01  0.428711E+07  0.427160E+07  0.000000E+00  0.000000E+00  0.651855E+06  0.426874E+07
  0.665548E-01  0.423708E+07  0.422215E+07  0.000000E+00  0.000000E+00  0.634207E+06  0.421894E+07
  0.674450E-01  0.418746E+07  0.417304E+07  0.000000E+00  0.000000E+00  0.617096E+06  0.416954E+07
  0.683351E-01  0.413817E+07  0.412419E+07  0.000000E+00  0.000000E+00  0.600486E+06  0.412046E+07
  0.692252E-01  0.408913E+07  0.407554E+07  0.000000E+00  0.000000E+00  0.584353E+06  0.407162E+07
  0.701154E-01  0.404027E+07  0.402701E+07  0.000000E+00  0.000000E+00  0.568671E+06  0.402296E+07
  0.710055E-01  0.399156E+07  0.397857E+07  0.000000E+00  0.000000E+00  0.553418E+06  0.397444E+07
  0.718957E-01  0.394294E+07  0.393017E+07  0.000000E+00  0.000000E+00  0.538578E+06  0.392600E+07
  0.727858E-01  0.389440E+07  0.388178E+07  0.000000E+00  0.000000E+00  0.524129E+06  0.387763E+07
  0.736759E-01  0.384591E+07  0.383341E+07  0.000000E+00  0.000000E+00  0.510054E+06  0.382932E+07
  0.745661E-01  0.379748E+07  0.378504E+07  0.000000E+00  0.000000E+00  0.496344E+06  0.378104E+07
  0.754562E-01  0.374910E+07  0.373667E+07  0.000000E+00  0.000000E+00  0.482988E+06  0.373282E+07
  0.763463E-01  0.370078E+07  0.368832E+07  0.000000E+00  0.000000E+00  0.469977E+06  0.368465E+07
  0.772365E-01  0.365254E+07  0.364002E+07  0.000000E+00  0.000000E+00  0.457299E+06  0.363656E+07
  0.781266E-01  0.360441E+07  0.359179E+07  0.000000E+00  0.000000E+00  0.444944E+06  0.358857E+07
  0.790168E-01  0.355641E+07  0.354366E+07  0.000000E+00  0.000000E+00  0.432909E+06  0.354071E+07
  0.799069E-01  0.350858E+07  0.349566E+07  0.000000E+00  0.000000E+00  0.421190E+06  0.349301E+07
  0.807970E-01  0.346096E+07  0.344786E+07  0.000000E+00  0.000000E+00  0.409782E+06  0.344552E+07
  0.816872E-01  0.341360E+07  0.340030E+07  0.000000E+00  0.000000E+00  0.398677E+06  0.339829E+07
  0.825773E-01  0.336656E+07  0.335304E+07  0.000000E+00  0.000000E+00  0.387872E+06  0.335137E+07
  0.834674E-01  0.331987E+07  0.330612E+07  0.000000E+00  0.000000E+00  0.377365E+06  0.330482E+07
  0.843576E-01  0.327361E+07  0.325962E+07  0.000000E+00  0.000000E+00  0.367156E+06  0.325867E+07
  0.852477E-01  0.322782E+07  0.321358E+07  0.000000E+00  0.000000E+00  0.357240E+06  0.321300E+07
  0.861379E-01  0.318255E+07  0.316807E+07  0.000000E+00  0.000000E+00  0.347610E+06  0.316785E+07
  0.870280E-01  0.313787E+07  0.312314E+07  0.000000E+00  0.000000E+00  0.338266E+06  0.312329E+07
  0.879181E-01  0.309383E+07  0.307887E+07  0.000000E+00  0.000000E+00  0.329207E+06  0.307937E+07
  0.888083E-01  0.305049E+07  0.303530E+07  0.000000E+00  0.000000E+00  0.320430E+06  0.303615E+07
  0.896984E-01  0.300790E+07  0.299249E+07  0.000000E+00  0.000000E+00  0.311928E+06  0.299367E+07
  0.905886E-01  0.296610E+07  0.295049E+07  0.000000E+00  0.000000E+00  0.303698E+06  0.295199E+07
  0.914787E-01  0.292513E+07  0.290934E+07  0.000000E+00  0.000000E+00  0.295739E+06  0.291114E+07
  0.923688E-01  0.288505E+07  0.286909E+07  0.000000E+00  0.000000E+00  0.288047E+06  0.287117E+07
  0.932590E-01  0.284589E+07  0.282978E+07  0.000000E+00  0.000000E+00  0.280614E+06  0.283212E+07
  0.941491E-01  0.280769E+07  0.279146E+07  0.000000E+00  0.000000E+00  0.273437E+06  0.279404E+07
  0.950392E-01  0.277048E+07  0.275416E+07  0.000000E+00  0.000000E+00  0.266513E+06  0.275696E+07
  0.959294E-01  0.273430E+07  0.271791E+07  0.000000E+00  0.000000E+00  0.259838E+06  0.272089E+07
  0.968195E-01  0.269915E+07  0.268271E+07  0.000000E+00  0.000000E+00  0.253404E+06  0.268586E+07
  0.977097E-01  0.266506E+07  0.264860E+07  0.000000E+00  0.000000E+00  0.247204E+06  0.265189E+07
  0.985998E-01  0.263203E+07  0.261559E+07  0.000000E+00  0.000000E+00  0.241234E+06  0.261898E+07
  0.994899E-01  0.260008E+07  0.258368E+07  0.000000E+00  0.000000E+00  0.235488E+06  0.258715E+07
  0.100380E+00  0.256920E+07  0.255287E+07  0.000000E+00  0.000000E+00  0.229957E+06  0.255640E+07
  0.101270E+00  0.253940E+07  0.252317E+07  0.000000E+00  0.000000E+00  0.224636E+06  0.252672E+07
  0.102160E+00  0.251066E+07  0.249455E+07  0.000000E+00  0.000000E+00  0.219520E+06  0.249810E+07
  0.103050E+00  0.248297E+07  0.246701E+07  0.000000E+00  0.000000E+00  0.214599E+06  0.247054E+07
  0.103941E+00  0.245632E+07  0.244054E+07  0.000000E+00  0.000000E+00  0.209864E+06  0.244401E+07
  0.104831E+00  0.243069E+07  0.241510E+07  0.000000E+00  0.000000E+00  0.205311E+06  0.241850E+07
  0.105721E+00  0.240604E+07  0.239067E+07  0.000000E+00  0.000000E+00  0.200933E+06  0.239397E+07
  0.106611E+00  0.238235E+07  0.236723E+07  0.000000E+00  0.000000E+00  0.196720E+06  0.237040E+07
  0.107501E+00  0.235958E+07  0.234472E+07  0.000000E+00  0.000000E+00  0.192665E+06  0.234776E+07
  0.108391E+00  0.233769E+07  0.232312E+07  0.000000E+00  0.000000E+00  0.188761E+06  0.232599E+07
  0.109281E+00  0.231665E+07  0.230237E+07  0.000000E+00  0.000000E+00  0.185000E+06  0.230507E+07
  0.110172E+00  0.229641E+07  0.228245E+07  0.000000E+00  0.000000E+00  0.181374E+06  0.228496E+07
  0.111062E+00  0.227693E+07  0.226330E+07  0.000000E+00  0.000000E+00  0.177878E+06  0.226560E+07
  0.111952E+00  0.225817E+07  0.224487E+07  0.000000E+00  0.000000E+00  0.174503E+06  0.224696E+07
  0.112842E+00  0.224008E+07  0.222712E+07  0.000000E+00  0.000000E+00  0.171242E+06  0.222898E+07
  0.113732E+00  0.222260E+07  0.220999E+07  0.000000E+00  0.000000E+00  0.168087E+06  0.221162E+07
  0.114622E+00  0.220567E+07  0.219342E+07  0.000000E+00  0.000000E+00  0.165033E+06  0.219481E+07
  0.115512E+00  0.218927E+07  0.217737E+07  0.000000E+00  0.000000E+00  0.162075E+06  0.217852E+07
  0.116403E+00  0.217332E+07  0.216178E+07  0.000000E+00  0.000000E+00  0.159204E+06  0.216269E+07
  0.117293E+00  0.215780E+07  0.214661E+07  0.000000E+00  0.000000E+00  0.156414E+06  0.214728E+07
  0.118183E+00  0.214265E+07  0.213180E+07  0.000000E+00  0.000000E+00  0.153701E+06  0.213223E+07
  0.119073E+00  0.212780E+07  0.211730E+07  0.000000E+00  0.000000E+00  0.151058E+06  0.211749E+07
  0.119963E+00  0.211322E+07  0.210306E+07  0.000000E+00  0.000000E+00  0.148482E+06  0.210302E+07
  0.120853E+00  0.209886E+07  0.208902E+07  0.000000E+00  0.000000E+00  0.145966E+06  0.208875E+07
  0.121743E+00  0.208467E+07  0.207514E+07  0.000000E+00  0.000000E+00  0.143505E+06  0.207466E+07
  0.122634E+00  0.207061E+07  0.206139E+07  0.000000E+00  0.000000E+00  0.141096E+06  0.206070E+07
  0.123524E+00  0.205665E+07  0.204771E+07  0.000000E+00  0.000000E+00  0.138736E+06  0.204684E+07
  0.124414E+00  0.204274E+07  0.203408E+07  0.000000E+00  0.000000E+00  0.136419E+06  0.203303E+07
  0.125304E+00  0.202886E+07  0.202046E+07  0.000000E+00  0.000000E+00  0.134144E+06  0.201924E+07
  0.126194E+00  0.201498E+07  0.200681E+07  0.000000E+00  0.000000E+00  0.131907E+06  0.200544E+07
  0.127084E+00  0.200106E+07  0.199311E+07  0.000000E+00  0.000000E+00  0.129706E+06  0.199160E+07
  0.127974E+00  0.198708E+07  0.197934E+07  0.000000E+00  0.000000E+00  0.127539E+06  0.197771E+07
  0.128864E+00  0.197302E+07  0.196546E+07  0.000000E+00  0.000000E+00  0.125402E+06  0.196373E+07
  0.129755E+00  0.195886E+07  0.195147E+07  0.000000E+00  0.000000E+00  0.123295E+06  0.194965E+07
  0.130645E+00  0.194458E+07  0.193734E+07  0.000000E+00  0.000000E+00  0.121215E+06  0.193545E+07
  0.131535E+00  0.193018E+07  0.192306E+07  0.000000E+00  0.000000E+00  0.119163E+06  0.192112E+07
  0.132425E+00  0.191564E+07  0.190863E+07  0.000000E+00  0.000000E+00  0.117136E+06  0.190665E+07
  0.133315E+00  0.190096E+07  0.189404E+07  0.000000E+00  0.000000E+00  0.115133E+06  0.189204E+07
  0.134205E+00  0.188613E+07  0.187928E+07  0.000000E+00  0.000000E+00  0.113154E+06  0.187727E+07
  0.135095E+00  0.187115E+07  0.186436E+07  0.000000E+00  0.000000E+00  0.111199E+06  0.186236E+07
  0.135986E+00  0.185602E+07  0.184927E+07  0.000000E+00  0.000000E+00  0.109268E+06  0.184730E+07
  0.136876E+00  0.184075E+07  0.183402E+07  0.000000E+00  0.000000E+00  0.107359E+06  0.183209E+07
  0.137766E+00  0.182535E+07  0.181863E+07  0.000000E+00  0.000000E+00  0.105473E+06  0.181675E+07
  0.138656E+00  0.180982E+07  0.180309E+07  0.000000E+00  0.000000E+00  0.103611E+06  0.180128E+07
  0.139546E+00  0.179419E+07  0.178743E+07  0.000000E+00  0.000000E+00  0.101772E+06  0.178570E+07
  0.140436E+00  0.177846E+07  0.177167E+07  0.000000E+00  0.000000E+00  0.999577E+05  0.177003E+07
  0.141326E+00  0.176265E+07  0.175581E+07  0.000000E+00  0.000000E+00  0.981676E+05  0.175427E+07
  0.142217E+00  0.174678E+07  0.173989E+07  0.000000E+00  0.000000E+00  0.964029E+05  0.173846E+07
  0.143107E+00  0.173087E+07  0.172392E+07  0.000000E+00  0.000000E+00  0.946639E+05  0.172260E+07
  0.143997E+00  0.171494E+07  0.170792E+07  0.000000E+00  0.000000E+00  0.929511E+05  0.170673E+07
  0.144887E+00  0.169902E+07  0.169193E+07  0.000000E+00  0.000000E+00  0.912656E+05  0.169086E+07
  0.145777E+00  0.168313E+07  0.167595E+07  0.000000E+00  0.000000E+00  0.896085E+05  0.167502E+07
  0.146667E+00  0.166728E+07  0.166002E+07  0.000000E+00  0.000000E+00  0.879798E+05  0.165922E+07
  0.147557E+00  0.165151E+07  0.164415E+07  0.000000E+00  0.000000E+00  0.863797E+05  0.164349E+07
  0.148448E+00  0.163582E+07  0.162838E+07  0.000000E+00  0.000000E+00  0.848089E+05  0.162786E+07
  0.149338E+00  0.162026E+07  0.161272E+07  0.000000E+00  0.000000E+00  0.832688E+05  0.161234E+07
  0.150228E+00  0.160483E+07  0.159721E+07  0.000000E+00  0.000000E+00  0.817597E+05  0.159696E+07
  0.151118E+00  0.158957E+07  0.158185E+07  0.000000E+00  0.000000E+00  0.802818E+05  0.158174E+07
  0.152008E+00  0.157448E+07  0.156669E+07  0.000000E+00  0.000000E+00  0.788356E+05  0.156670E+07
  0.152898E+00  0.155960E+07  0.155172E+07  0.000000E+00  0.000000E+00  0.774213E+05  0.155186E+07
  0.153788E+00  0.154493E+07  0.153698E+07  0.000000E+00  0.000000E+00  0.760391E+05  0.153725E+07
  0.154678E+00  0.153050E+07  0.152249E+07  0.000000E+00  0.000000E+00  0.746895E+05  0.152287E+07
  0.155569E+00  0.151634E+07  0.150826E+07  0.000000E+00  0.000000E+00  0.733727E+05  0.150875E+07
  0.156459E+00  0.150244E+07  0.149431E+07  0.000000E+00  0.000000E+00  0.720888E+05  0.149490E+07
  0.157349E+00  0.148883E+07  0.148066E+07  0.000000E+00  0.000000E+00  0.708374E+05  0.148133E+07
  0.158239E+00  0.147552E+07  0.146731E+07  0.000000E+00  0.000000E+00  0.696189E+05  0.146807E+07
  0.159129E+00  0.146252E+07  0.145429E+07  0.000000E+00  0.000000E+00  0.684330E+05  0.145512E+07
  0.160019E+00  0.144985E+07  0.144159E+07  0.000000E+00  0.000000E+00  0.672793E+05  0.144249E+07
  0.160909E+00  0.143750E+07  0.142924E+07  0.000000E+00  0.000000E+00  0.661574E+05  0.143019E+07
  0.161800E+00  0.142548E+07  0.141722E+07  0.000000E+00  0.000000E+00  0.650673E+05  0.141823E+07
  0.162690E+00  0.141381E+07  0.140556E+07  0.000000E+00  0.000000E+00  0.640084E+05  0.140660E+07
  0.163580E+00  0.140247E+07  0.139425E+07  0.000000E+00  0.000000E+00  0.629800E+05  0.139531E+07
  0.164470E+00  0.139147E+07  0.138328E+07  0.000000E+00  0.000000E+00  0.619811E+05  0.138436E+07
  0.165360E+00  0.138081E+07  0.137266E+07  0.000000E+00  0.000000E+00  0.610113E+05  0.137375E+07
  0.166250E+00  0.137048E+07  0.136239E+07  0.000000E+00  0.000000E+00  0.600700E+05  0.136347E+07
  0.167140E+00  0.136048E+07  0.135245E+07  0.000000E+00  0.000000E+00  0.591563E+05  0.135352E+07
  0.168031E+00  0.135081E+07  0.134284E+07  0.000000E+00  0.000000E+00  0.582692E+05  0.134390E+07
  0.168921E+00  0.134144E+07  0.133355E+07  0.000000E+00  0.000000E+00  0.574077E+05  0.133458E+07
  0.169811E+00  0.133238E+07  0.132458E+07  0.000000E+00  0.000000E+00  0.565711E+05  0.132557E+07
  0.170701E+00  0.132362E+07  0.131591E+07  0.000000E+00  0.000000E+00  0.557586E+05  0.131686E+07
  0.171591E+00  0.131514E+07  0.130753E+07  0.000000E+00  0.000000E+00  0.549691E+05  0.130842E+07
  0.172481E+00  0.130693E+07  0.129943E+07  0.000000E+00  0.000000E+00  0.542014E+05  0.130026E+07
  0.173371E+00  0.129897E+07  0.129159E+07  0.000000E+00  0.000000E+00  0.534545E+05  0.129236E+07
  0.174262E+00  0.129126E+07  0.128399E+07  0.000000E+00  0.000000E+00  0.527278E+05  0.128470E+07
  0.175152E+00  0.128378E+07  0.127664E+07  0.000000E+00  0.000000E+00  0.520201E+05  0.127726E+07
  0.176042E+00  0.127651E+07  0.126949E+07  0.000000E+00  0.000000E+00  0.513303E+05  0.127004E+07
  0.176932E+00  0.126944E+07  0.126255E+07  0.000000E+00  0.000000E+00  0.506574E+05  0.126302E+07
  0.177822E+00  0.126254E+07  0.125578E+07  0.000000E+00  0.000000E+00  0.500003E+05  0.125617E+07
  0.178712E+00  0.125581E+07  0.124918E+07  0.000000E+00  0.000000E+00  0.493581E+05  0.124948E+07
  0.179602E+00  0.124923E+07  0.124273E+07  0.000000E+00  0.000000E+00  0.487301E+05  0.124294E+07
  0.180492E+00  0.124277E+07  0.123640E+07  0.000000E+00  0.000000E+00  0.481151E+05  0.123653E+07
  0.181383E+00  0.123642E+07  0.123019E+07  0.000000E+00  0.000000E+00  0.475124E+05  0.123023E+07
  0.182273E+00  0.123017E+07  0.122406E+07  0.000000E+00  0.000000E+00  0.469210E+05  0.122403E+07
  0.183163E+00  0.122400E+07  0.121802E+07  0.000000E+00  0.000000E+00  0.463399E+05  0.121790E+07
  0.184053E+00  0.121789E+07  0.121203E+07  0.000000E+00  0.000000E+00  0.457684E+05  0.121183E+07
  0.184943E+00  0.121182E+07  0.120609E+07  0.000000E+00  0.000000E+00  0.452060E+05  0.120581E+07
  0.185833E+00  0.120579E+07  0.120018E+07  0.000000E+00  0.000000E+00  0.446521E+05  0.119982E+07
  0.186723E+00  0.119978E+07  0.119428E+07  0.000000E+00  0.000000E+00  0.441058E+05  0.119385E+07
  0.187614E+00  0.119378E+07  0.118839E+07  0.000000E+00  0.000000E+00  0.435663E+05  0.118789E+07
  0.188504E+00  0.118777E+07  0.118248E+07  0.000000E+00  0.000000E+00  0.430335E+05  0.118192E+07
  0.189394E+00  0.118175E+07  0.117656E+07  0.000000E+00  0.000000E+00  0.425068E+05  0.117594E+07
  0.190284E+00  0.117571E+07  0.117061E+07  0.000000E+00  0.000000E+00  0.419856E+05  0.116993E+07
  0.191174E+00  0.116963E+07  0.116461E+07  0.000000E+00  0.000000E+00  0.414697E+05  0.116389E+07
  0.192064E+00  0.116351E+07  0.115858E+07  0.000000E+00  0.000000E+00  0.409587E+05  0.115781E+07
  0.192954E+00  0.115734E+07  0.115248E+07  0.000000E+00  0.000000E+00  0.404523E+05  0.115168E+07
  0.193845E+00  0.115113E+07  0.114633E+07  0.000000E+00  0.000000E+00  0.399502E+05  0.114550E+07
  0.194735E+00  0.114485E+07  0.114011E+07  0.000000E+00  0.000000E+00  0.394521E+05  0.113926E+07
  0.195625E+00  0.113851E+07  0.113383E+07  0.000000E+00  0.000000E+00  0.389579E+05  0.113295E+07
  0.196515E+00  0.113211E+07  0.112747E+07  0.000000E+00  0.000000E+00  0.384676E+05  0.112659E+07
  0.197405E+00  0.112564E+07  0.112105E+07  0.000000E+00  0.000000E+00  0.379810E+05  0.112015E+07
  0.198295E+00  0.111911E+07  0.111455E+07  0.000000E+00  0.000000E+00  0.374981E+05  0.111365E+07
  0.199185E+00  0.111252E+07  0.110798E+07  0.000000E+00  0.000000E+00  0.370188E+05  0.110709E+07
  0.200076E+00  0.110586E+07  0.110134E+07  0.000000E+00  0.000000E+00  0.365431E+05  0.110046E+07
  0.200966E+00  0.109914E+07  0.109464E+07  0.000000E+00  0.000000E+00  0.360711E+05  0.109377E+07
  0.201856E+00  0.109236E+07  0.108787E+07  0.000000E+00  0.000000E+00  0.356029E+05  0.108702E+07
  0.202746E+00  0.108553E+07  0.108104E+07  0.000000E+00  0.000000E+00  0.351385E+05  0.108022E+07
  0.203636E+00  0.107865E+07  0.107416E+07  0.000000E+00  0.000000E+00  0.346780E+05  0.107337E+07
  0.204526E+00  0.107173E+07  0.106724E+07  0.000000E+00  0.000000E+00  0.342216E+05  0.106648E+07
  0.205416E+00  0.106478E+07  0.106028E+07  0.000000E+00  0.000000E+00  0.337696E+05  0.105955E+07
  0.206306E+00  0.105780E+07  0.105329E+07  0.000000E+00  0.000000E+00  0.333222E+05  0.105260E+07
  0.207197E+00  0.105080E+07  0.104627E+07  0.000000E+00  0.000000E+00  0.328794E+05  0.104562E+07
  0.208087E+00  0.104378E+07  0.103924E+07  0.000000E+00  0.000000E+00  0.324412E+05  0.103863E+07
  0.208977E+00  0.103676E+07  0.103220E+07  0.000000E+00  0.000000E+00  0.320080E+05  0.103164E+07
  0.209867E+00  0.102975E+07  0.102516E+07  0.000000E+00  0.000000E+00  0.315801E+05  0.102465E+07
  0.210757E+00  0.102275E+07  0.101813E+07  0.000000E+00  0.000000E+00  0.311576E+05  0.101768E+07
  0.211647E+00  0.101577E+07  0.101113E+07  0.000000E+00  0.000000E+00  0.307406E+05  0.101072E+07
  0.212537E+00  0.100881E+07  0.100415E+07  0.000000E+00  0.000000E+00  0.303292E+05  0.100379E+07
  0.213428E+00  0.100190E+07  0.997206E+06  0.000000E+00  0.000000E+00  0.299237E+05  0.996900E+06
  0.214318E+00  0.995027E+06  0.990310E+06  0.000000E+00  0.000000E+00  0.295242E+05  0.990054E+06
  0.215208E+00  0.988210E+06  0.983467E+06  0.000000E+00  0.000000E+00  0.291309E+05  0.983262E+06
  0.216098E+00  0.981454E+06  0.976687E+06  0.000000E+00  0.000000E+00  0.287440E+05  0.976530E+06
  0.216988E+00  0.974766E+06  0.969976E+06  0.000000E+00  0.000000E+00  0.283634E+05  0.969866E+06
  0.217878E+00  0.968155E+06  0.963344E+06  0.000000E+00  0.000000E+00  0.279893E+05  0.963279E+06
  0.218768E+00  0.961627E+06  0.956796E+06  0.000000E+00  0.000000E+00  0.276219E+05  0.956776E+06
  0.219659E+00  0.955190E+06  0.950341E+06  0.000000E+00  0.000000E+00  0.272612E+05  0.950362E+06
  0.222455E+00  0.935615E+06  0.930730E+06  0.000000E+00  0.000000E+00  0.261726E+05  0.930863E+06
  0.225287E+00  0.916905E+06  0.912015E+06  0.000000E+00  0.000000E+00  0.251392E+05  0.912230E+06
  0.228155E+00  0.899193E+06  0.894333E+06  0.000000E+00  0.000000E+00  0.241624E+05  0.894596E+06
  0.231059E+00  0.882549E+06  0.877756E+06  0.000000E+00  0.000000E+00  0.232418E+05  0.878032E+06
  0.234001E+00  0.866979E+06  0.862288E+06  0.000000E+00  0.000000E+00  0.223752E+05  0.862542E+06
  0.236980E+00  0.852428E+06  0.847872E+06  0.000000E+00  0.000000E+00  0.215591E+05  0.848072E+06
  0.239997E+00  0.838785E+06  0.834388E+06  0.000000E+00  0.000000E+00  0.207882E+05  0.834510E+06
  0.243052E+00  0.825880E+06  0.821659E+06  0.000000E+00  0.000000E+00  0.200568E+05  0.821686E+06
  0.246146E+00  0.813506E+06  0.809468E+06  0.000000E+00  0.000000E+00  0.193583E+05  0.809391E+06
  0.249280E+00  0.801437E+06  0.797579E+06  0.000000E+00  0.000000E+00  0.186861E+05  0.797400E+06
  0.252453E+00  0.789453E+06  0.785762E+06  0.000000E+00  0.000000E+00  0.180342E+05  0.785492E+06
  0.255667E+00  0.777359E+06  0.773814E+06  0.000000E+00  0.000000E+00  0.173979E+05  0.773471E+06
  0.258922E+00  0.764996E+06  0.761570E+06  0.000000E+00  0.000000E+00  0.167732E+05  0.761177E+06
  0.262218E+00  0.752252E+06  0.748915E+06  0.000000E+00  0.000000E+00  0.161577E+05  0.748501E+06
  0.265557E+00  0.739081E+06  0.735803E+06  0.000000E+00  0.000000E+00  0.155507E+05  0.735394E+06
  0.268937E+00  0.725506E+06  0.722260E+06  0.000000E+00  0.000000E+00  0.149527E+05  0.721881E+06
  0.272361E+00  0.711616E+06  0.708378E+06  0.000000E+00  0.000000E+00  0.143656E+05  0.708050E+06
  0.275828E+00  0.697542E+06  0.694298E+06  0.000000E+00  0.000000E+00  0.137920E+05  0.694036E+06
  0.279340E+00  0.683452E+06  0.680195E+06  0.000000E+00  0.000000E+00  0.132351E+05  0.680003E+06
  0.282896E+00  0.669530E+06  0.666260E+06  0.000000E+00  0.000000E+00  0.126979E+05  0.666137E+06
  0.286497E+00  0.655958E+06  0.652687E+06  0.000000E+00  0.000000E+00  0.121833E+05  0.652623E+06
  0.290145E+00  0.642893E+06  0.639636E+06  0.000000E+00  0.000000E+00  0.116934E+05  0.639616E+06
  0.293838E+00  0.630440E+06  0.627215E+06  0.000000E+00  0.000000E+00  0.112290E+05  0.627220E+06
  0.297579E+00  0.618648E+06  0.615477E+06  0.000000E+00  0.000000E+00  0.107900E+05  0.615486E+06
  0.301367E+00  0.607513E+06  0.604415E+06  0.000000E+00  0.000000E+00  0.103753E+05  0.604409E+06
  0.305204E+00  0.596971E+06  0.593962E+06  0.000000E+00  0.000000E+00  0.998273E+04  0.593926E+06
  0.309089E+00  0.586908E+06  0.583996E+06  0.000000E+00  0.000000E+00  0.960954E+04  0.583920E+06
  0.313024E+00  0.577173E+06  0.574362E+06  0.000000E+00  0.000000E+00  0.925249E+04  0.574242E+06
  0.317009E+00  0.567614E+06  0.564899E+06  0.000000E+00  0.000000E+00  0.890858E+04  0.564738E+06
  0.321045E+00  0.558087E+06  0.555460E+06  0.000000E+00  0.000000E+00  0.857520E+04  0.555266E+06
  0.325132E+00  0.548477E+06  0.545921E+06  0.000000E+00  0.000000E+00  0.825027E+04  0.545707E+06
  0.329271E+00  0.538709E+06  0.536209E+06  0.000000E+00  0.000000E+00  0.793257E+04  0.535989E+06
  0.333463E+00  0.528769E+06  0.526310E+06  0.000000E+00  0.000000E+00  0.762177E+04  0.526099E+06
  0.337708E+00  0.518697E+06  0.516265E+06  0.000000E+00  0.000000E+00  0.731839E+04  0.516073E+06
  0.342007E+00  0.508564E+06  0.506150E+06  0.000000E+00  0.000000E+00  0.615506E+04  0.505982E+06
  0.346361E+00  0.498483E+06  0.496084E+06  0.000000E+00  0.000000E+00  0.590010E+04  0.495947E+06
  0.350771E+00  0.488573E+06  0.486190E+06  0.000000E+00  0.000000E+00  0.565517E+04  0.486082E+06
  0.355236E+00  0.478940E+06  0.476580E+06  0.000000E+00  0.000000E+00  0.542114E+04  0.476494E+06
  0.359758E+00  0.469659E+06  0.467330E+06  0.000000E+00  0.000000E+00  0.519842E+04  0.467257E+06
  0.364338E+00  0.460767E+06  0.458480E+06  0.000000E+00  0.000000E+00  0.498696E+04  0.458410E+06
  0.368977E+00  0.452258E+06  0.450023E+06  0.000000E+00  0.000000E+00  0.478625E+04  0.449946E+06
  0.373674E+00  0.444081E+06  0.441903E+06  0.000000E+00  0.000000E+00  0.459528E+04  0.441813E+06
  0.378431E+00  0.436155E+06  0.434036E+06  0.000000E+00  0.000000E+00  0.441283E+04  0.433930E+06
  0.383249E+00  0.428390E+06  0.426330E+06  0.000000E+00  0.000000E+00  0.423768E+04  0.426208E+06
  0.388128E+00  0.420700E+06  0.418693E+06  0.000000E+00  0.000000E+00  0.406873E+04  0.418558E+06
  0.393069E+00  0.413015E+06  0.411054E+06  0.000000E+00  0.000000E+00  0.390513E+04  0.410914E+06
  0.398073E+00  0.405308E+06  0.403385E+06  0.000000E+00  0.000000E+00  0.374647E+04  0.403246E+06
  0.403140E+00  0.397582E+06  0.395689E+06  0.000000E+00  0.000000E+00  0.359266E+04  0.395558E+06
  0.408273E+00  0.389871E+06  0.388004E+06  0.000000E+00  0.000000E+00  0.344389E+04  0.387884E+06
  0.413470E+00  0.382236E+06  0.380392E+06  0.000000E+00  0.000000E+00  0.330053E+04  0.380285E+06
  0.418734E+00  0.374741E+06  0.372922E+06  0.000000E+00  0.000000E+00  0.316297E+04  0.372827E+06
  0.424065E+00  0.367439E+06  0.365647E+06  0.000000E+00  0.000000E+00  0.303142E+04  0.365560E+06
  0.429463E+00  0.360363E+06  0.358603E+06  0.000000E+00  0.000000E+00  0.290596E+04  0.358520E+06
  0.434931E+00  0.353521E+06  0.351797E+06  0.000000E+00  0.000000E+00  0.278636E+04  0.351713E+06
  0.440467E+00  0.346887E+06  0.345201E+06  0.000000E+00  0.000000E+00  0.267222E+04  0.345113E+06
  0.446075E+00  0.340421E+06  0.338775E+06  0.000000E+00  0.000000E+00  0.256302E+04  0.338682E+06
  0.451754E+00  0.334075E+06  0.332467E+06  0.000000E+00  0.000000E+00  0.245819E+04  0.332369E+06
  0.457505E+00  0.327803E+06  0.326231E+06  0.000000E+00  0.000000E+00  0.235727E+04  0.326130E+06
  0.463329E+00  0.321581E+06  0.320040E+06  0.000000E+00  0.000000E+00  0.225994E+04  0.319939E+06
  0.469227E+00  0.315400E+06  0.313887E+06  0.000000E+00  0.000000E+00  0.216604E+04  0.313789E+06
  0.475201E+00  0.309275E+06  0.307787E+06  0.000000E+00  0.000000E+00  0.207556E+04  0.307694E+06
  0.481251E+00  0.303234E+06  0.301771E+06  0.000000E+00  0.000000E+00  0.198857E+04  0.301684E+06
  0.487377E+00  0.297306E+06  0.295867E+06  0.000000E+00  0.000000E+00  0.190515E+04  0.295785E+06
  0.493582E+00  0.291517E+06  0.290104E+06  0.000000E+00  0.000000E+00  0.182532E+04  0.290026E+06
  0.499865E+00  0.285878E+06  0.284492E+06  0.000000E+00  0.000000E+00  0.174901E+04  0.284414E+06
  0.506229E+00  0.280380E+06  0.279023E+06  0.000000E+00  0.000000E+00  0.167605E+04  0.278945E+06
  0.512673E+00  0.275009E+06  0.273681E+06  0.000000E+00  0.000000E+00  0.160622E+04  0.273602E+06
  0.519200E+00  0.269738E+06  0.268438E+06  0.000000E+00  0.000000E+00  0.153923E+04  0.268359E+06
  0.525810E+00  0.264549E+06  0.263275E+06  0.000000E+00  0.000000E+00  0.147489E+04  0.263196E+06
  0.532504E+00  0.259426E+06  0.258178E+06  0.000000E+00  0.000000E+00  0.141303E+04  0.258099E+06
  0.539283E+00  0.254370E+06  0.253145E+06  0.000000E+00  0.000000E+00  0.135354E+04  0.253069E+06
  0.546148E+00  0.249390E+06  0.248187E+06  0.000000E+00  0.000000E+00  0.129641E+04  0.248113E+06
  0.553101E+00  0.244496E+06  0.243316E+06  0.000000E+00  0.000000E+00  0.124161E+04  0.243245E+06
  0.560142E+00  0.239703E+06  0.238545E+06  0.000000E+00  0.000000E+00  0.118912E+04  0.238476E+06
  0.567273E+00  0.235015E+06  0.233879E+06  0.000000E+00  0.000000E+00  0.113887E+04  0.233811E+06
  0.574495E+00  0.230429E+06  0.229316E+06  0.000000E+00  0.000000E+00  0.109077E+04  0.229249E+06
  0.581809E+00  0.225937E+06  0.224846E+06  0.000000E+00  0.000000E+00  0.104469E+04  0.224780E+06
  0.589215E+00  0.221527E+06  0.220459E+06  0.000000E+00  0.000000E+00  0.100052E+04  0.220393E+06
  0.596716E+00  0.217191E+06  0.216144E+06  0.000000E+00  0.000000E+00  0.958136E+03  0.216079E+06
  0.604313E+00  0.212924E+06  0.211898E+06  0.000000E+00  0.000000E+00  0.917459E+03  0.211834E+06
  0.612006E+00  0.208728E+06  0.207722E+06  0.000000E+00  0.000000E+00  0.878432E+03  0.207659E+06
  0.619797E+00  0.204608E+06  0.203620E+06  0.000000E+00  0.000000E+00  0.841016E+03  0.203559E+06
  0.627688E+00  0.200566E+06  0.199598E+06  0.000000E+00  0.000000E+00  0.805168E+03  0.199539E+06
  0.635678E+00  0.196607E+06  0.195658E+06  0.000000E+00  0.000000E+00  0.770839E+03  0.195599E+06
  0.643771E+00  0.192727E+06  0.191797E+06  0.000000E+00  0.000000E+00  0.737962E+03  0.191739E+06
  0.651967E+00  0.188923E+06  0.188012E+06  0.000000E+00  0.000000E+00  0.706469E+03  0.187955E+06
  0.660267E+00  0.185188E+06  0.184296E+06  0.000000E+00  0.000000E+00  0.676287E+03  0.184239E+06
  0.709335E+00  0.165282E+06  0.164485E+06  0.000000E+00  0.000000E+00  0.527531E+03  0.164434E+06
  0.762050E+00  0.147427E+06  0.146716E+06  0.000000E+00  0.000000E+00  0.410983E+03  0.146671E+06
  0.818683E+00  0.131416E+06  0.130782E+06  0.000000E+00  0.000000E+00  0.319782E+03  0.130741E+06
  0.879525E+00  0.117069E+06  0.116505E+06  0.000000E+00  0.000000E+00  0.248520E+03  0.116468E+06
  0.944888E+00  0.104227E+06  0.103725E+06  0.000000E+00  0.000000E+00  0.192920E+03  0.103692E+06
  0.101511E+01  0.927412E+05  0.922943E+05  0.000000E+00  0.000000E+00  0.149600E+03  0.922652E+05
  0.109055E+01  0.824747E+05  0.820773E+05  0.000000E+00  0.000000E+00  0.115888E+03  0.820513E+05
  0.117159E+01  0.733049E+05  0.729517E+05  0.000000E+00  0.000000E+00  0.896845E+02  0.729285E+05
  0.125866E+01  0.651214E+05  0.648076E+05  0.000000E+00  0.000000E+00  0.693423E+02  0.647870E+05
  0.135220E+01  0.578220E+05  0.575434E+05  0.000000E+00  0.000000E+00  0.535664E+02  0.575250E+05
  0.145269E+01  0.513159E+05  0.510686E+05  0.000000E+00  0.000000E+00  0.413450E+02  0.510523E+05
  0.156065E+01  0.455204E+05  0.453011E+05  0.000000E+00  0.000000E+00  0.438930E+02  0.452866E+05
  0.167663E+01  0.403609E+05  0.401665E+05  0.000000E+00  0.000000E+00  0.338845E+02  0.401536E+05
  0.180123E+01  0.357705E+05  0.355982E+05  0.000000E+00  0.000000E+00  0.261362E+02  0.355868E+05
  0.193510E+01  0.316886E+05  0.315360E+05  0.000000E+00  0.000000E+00  0.201435E+02  0.315258E+05
  0.207891E+01  0.280609E+05  0.279257E+05  0.000000E+00  0.000000E+00  0.155131E+02  0.279167E+05
