  0.745045E-04  0.200532E+08  0.200532E+08  0.260137E+08  0.260127E+08  0.200524E+08  0.200532E+08
  0.829624E-04  0.200532E+08  0.200532E+08  0.258427E+08  0.258415E+08  0.200521E+08  0.200532E+08
  0.923803E-04  0.200532E+08  0.200532E+08  0.256321E+08  0.256306E+08  0.200518E+08  0.200532E+08
  0.102867E-03  0.200532E+08  0.200532E+08  0.253732E+08  0.253712E+08  0.200513E+08  0.200532E+08
  0.114545E-03  0.200532E+08  0.200532E+08  0.250554E+08  0.250530E+08  0.200508E+08  0.200532E+08
  0.127548E-03  0.200532E+08  0.200532E+08  0.246664E+08  0.246636E+08  0.200502E+08  0.200532E+08
  0.142028E-03  0.200532E+08  0.200532E+08  0.241918E+08  0.241883E+08  0.200494E+08  0.200531E+08
  0.158151E-03  0.200531E+08  0.200531E+08  0.236148E+08  0.236107E+08  0.200484E+08  0.200531E+08
  0.176104E-03  0.200531E+08  0.200531E+08  0.229169E+08  0.229120E+08  0.200472E+08  0.200531E+08
  0.196096E-03  0.200531E+08  0.200531E+08  0.220778E+08  0.220720E+08  0.200457E+08  0.200530E+08
  0.218356E-03  0.200530E+08  0.200530E+08  0.210765E+08  0.210697E+08  0.200438E+08  0.200530E+08
  0.243144E-03  0.200529E+08  0.200529E+08  0.198929E+08  0.198851E+08  0.200415E+08  0.200528E+08
  0.270746E-03  0.200528E+08  0.200528E+08  0.185104E+08  0.185016E+08  0.200385E+08  0.200527E+08
  0.301482E-03  0.200526E+08  0.200525E+08  0.169195E+08  0.169100E+08  0.200348E+08  0.200524E+08
  0.335706E-03  0.200522E+08  0.200522E+08  0.151233E+08  0.151133E+08  0.200302E+08  0.200521E+08
  0.373816E-03  0.200517E+08  0.200517E+08  0.131438E+08  0.131338E+08  0.200244E+08  0.200516E+08
  0.416252E-03  0.200510E+08  0.200510E+08  0.110286E+08  0.110194E+08  0.200171E+08  0.200508E+08
  0.463505E-03  0.200499E+08  0.200498E+08  0.885765E+07  0.885002E+07  0.200078E+08  0.200496E+08
  0.516122E-03  0.200482E+08  0.200482E+08  0.674371E+07  0.673860E+07  0.199962E+08  0.200479E+08
  0.574713E-03  0.200458E+08  0.200457E+08  0.482533E+07  0.482344E+07  0.199814E+08  0.200454E+08
  0.639955E-03  0.200422E+08  0.200421E+08  0.324466E+07  0.324610E+07  0.199626E+08  0.200417E+08
  0.712603E-03  0.200369E+08  0.200369E+08  0.210877E+07  0.211267E+07  0.199387E+08  0.200363E+08
  0.793498E-03  0.200294E+08  0.200294E+08  0.144115E+07  0.144558E+07  0.199084E+08  0.200287E+08
  0.883577E-03  0.200188E+08  0.200187E+08  0.114598E+07  0.114856E+07  0.198698E+08  0.200178E+08
  0.983881E-03  0.200040E+08  0.200039E+08  0.102322E+07  0.102250E+07  0.198210E+08  0.200028E+08
  0.109557E-02  0.199838E+08  0.199836E+08  0.863413E+06  0.860429E+06  0.197595E+08  0.199823E+08
  0.121994E-02  0.199568E+08  0.199566E+08  0.589811E+06  0.587850E+06  0.196832E+08  0.199550E+08
  0.135843E-02  0.199215E+08  0.199213E+08  0.318035E+06  0.319291E+06  0.195885E+08  0.199194E+08
  0.151264E-02  0.198765E+08  0.198763E+08  0.203289E+06  0.205384E+06  0.194726E+08  0.198740E+08
  0.168436E-02  0.198204E+08  0.198201E+08  0.201333E+06  0.200505E+06  0.193328E+08  0.198173E+08
  0.187557E-02  0.197517E+08  0.197513E+08  0.139126E+06  0.137673E+06  0.191663E+08  0.197480E+08
  0.208848E-02  0.196691E+08  0.196686E+08  0.536577E+05  0.550429E+05  0.189708E+08  0.196646E+08
  0.232557E-02  0.195710E+08  0.195704E+08  0.584055E+05  0.578839E+05  0.187439E+08  0.195657E+08
  0.258957E-02  0.194560E+08  0.194553E+08  0.328208E+05  0.308574E+05  0.184842E+08  0.194498E+08
  0.288354E-02  0.193226E+08  0.193216E+08  0.160123E+05  0.132837E+05  0.181903E+08  0.193153E+08
  0.321088E-02  0.191690E+08  0.191678E+08  0.155611E+05  0.106285E+05  0.178613E+08  0.191606E+08
  0.357538E-02  0.189937E+08  0.189923E+08  0.177829E+04  0.245683E+04  0.174965E+08  0.189841E+08
  0.398126E-02  0.187950E+08  0.187933E+08 -0.327317E+04 -0.336500E+04  0.170949E+08  0.187841E+08
  0.443322E-02  0.185713E+08  0.185692E+08  0.735151E+03 -0.185926E+03  0.166549E+08  0.185589E+08
  0.493648E-02  0.183210E+08  0.183184E+08  0.000000E+00  0.000000E+00  0.161744E+08  0.183071E+08
  0.498985E-02  0.182944E+08  0.182917E+08  0.000000E+00  0.000000E+00  0.161241E+08  0.182804E+08
  0.504379E-02  0.182676E+08  0.182648E+08  0.000000E+00  0.000000E+00  0.160733E+08  0.182534E+08
  0.509832E-02  0.182404E+08  0.182376E+08  0.000000E+00  0.000000E+00  0.160221E+08  0.182261E+08
  0.515344E-02  0.182130E+08  0.182102E+08  0.000000E+00  0.000000E+00  0.159705E+08  0.181985E+08
  0.520915E-02  0.181853E+08  0.181824E+08  0.000000E+00  0.000000E+00  0.159184E+08  0.181706E+08
  0.526546E-02  0.181573E+08  0.181543E+08  0.000000E+00  0.000000E+00  0.158659E+08  0.181424E+08
  0.532239E-02  0.181290E+08  0.181260E+08  0.000000E+00  0.000000E+00  0.158130E+08  0.181140E+08
  0.537993E-02  0.181004E+08  0.180973E+08  0.000000E+00  0.000000E+00  0.157596E+08  0.180852E+08
  0.543809E-02  0.180715E+08  0.180684E+08  0.000000E+00  0.000000E+00  0.157058E+08  0.180562E+08
  0.549688E-02  0.180423E+08  0.180391E+08  0.000000E+00  0.000000E+00  0.156515E+08  0.180268E+08
  0.555630E-02  0.180129E+08  0.180096E+08  0.000000E+00  0.000000E+00  0.155968E+08  0.179972E+08
  0.561637E-02  0.179831E+08  0.179797E+08  0.000000E+00  0.000000E+00  0.155417E+08  0.179672E+08
  0.567709E-02  0.179530E+08  0.179496E+08  0.000000E+00  0.000000E+00  0.154862E+08  0.179370E+08
  0.573846E-02  0.179226E+08  0.179191E+08  0.000000E+00  0.000000E+00  0.154302E+08  0.179064E+08
  0.580050E-02  0.178919E+08  0.178884E+08  0.000000E+00  0.000000E+00  0.153737E+08  0.178755E+08
  0.586320E-02  0.178609E+08  0.178573E+08  0.000000E+00  0.000000E+00  0.153168E+08  0.178444E+08
  0.592659E-02  0.178296E+08  0.178259E+08  0.000000E+00  0.000000E+00  0.152595E+08  0.178129E+08
  0.599066E-02  0.177980E+08  0.177942E+08  0.000000E+00  0.000000E+00  0.152018E+08  0.177811E+08
  0.605542E-02  0.177660E+08  0.177622E+08  0.000000E+00  0.000000E+00  0.151436E+08  0.177490E+08
  0.612089E-02  0.177338E+08  0.177299E+08  0.000000E+00  0.000000E+00  0.150849E+08  0.177165E+08
  0.618706E-02  0.177012E+08  0.176972E+08  0.000000E+00  0.000000E+00  0.150259E+08  0.176838E+08
  0.625394E-02  0.176683E+08  0.176642E+08  0.000000E+00  0.000000E+00  0.149664E+08  0.176507E+08
  0.632155E-02  0.176351E+08  0.176310E+08  0.000000E+00  0.000000E+00  0.149064E+08  0.176174E+08
  0.638989E-02  0.176016E+08  0.175974E+08  0.000000E+00  0.000000E+00  0.148460E+08  0.175836E+08
  0.645897E-02  0.175678E+08  0.175634E+08  0.000000E+00  0.000000E+00  0.147852E+08  0.175496E+08
  0.652880E-02  0.175336E+08  0.175292E+08  0.000000E+00  0.000000E+00  0.147240E+08  0.175153E+08
  0.659938E-02  0.174991E+08  0.174946E+08  0.000000E+00  0.000000E+00  0.146623E+08  0.174806E+08
  0.667072E-02  0.174643E+08  0.174597E+08  0.000000E+00  0.000000E+00  0.146002E+08  0.174456E+08
  0.674284E-02  0.174291E+08  0.174244E+08  0.000000E+00  0.000000E+00  0.145377E+08  0.174102E+08
  0.681573E-02  0.173937E+08  0.173889E+08  0.000000E+00  0.000000E+00  0.144748E+08  0.173746E+08
  0.688942E-02  0.173578E+08  0.173530E+08  0.000000E+00  0.000000E+00  0.144114E+08  0.173386E+08
  0.696390E-02  0.173217E+08  0.173167E+08  0.000000E+00  0.000000E+00  0.143476E+08  0.173022E+08
  0.703918E-02  0.172852E+08  0.172801E+08  0.000000E+00  0.000000E+00  0.142834E+08  0.172656E+08
  0.711528E-02  0.172484E+08  0.172432E+08  0.000000E+00  0.000000E+00  0.142188E+08  0.172286E+08
  0.719220E-02  0.172112E+08  0.172059E+08  0.000000E+00  0.000000E+00  0.141538E+08  0.171912E+08
  0.726995E-02  0.171737E+08  0.171683E+08  0.000000E+00  0.000000E+00  0.140883E+08  0.171535E+08
  0.734855E-02  0.171359E+08  0.171304E+08  0.000000E+00  0.000000E+00  0.140225E+08  0.171155E+08
  0.742799E-02  0.170977E+08  0.170921E+08  0.000000E+00  0.000000E+00  0.139562E+08  0.170771E+08
  0.750829E-02  0.170592E+08  0.170534E+08  0.000000E+00  0.000000E+00  0.138895E+08  0.170384E+08
  0.758946E-02  0.170203E+08  0.170144E+08  0.000000E+00  0.000000E+00  0.138225E+08  0.169993E+08
  0.767151E-02  0.169811E+08  0.169751E+08  0.000000E+00  0.000000E+00  0.137550E+08  0.169599E+08
  0.775444E-02  0.169415E+08  0.169354E+08  0.000000E+00  0.000000E+00  0.136872E+08  0.169201E+08
  0.783828E-02  0.169016E+08  0.168954E+08  0.000000E+00  0.000000E+00  0.136189E+08  0.168800E+08
  0.792301E-02  0.168613E+08  0.168550E+08  0.000000E+00  0.000000E+00  0.135503E+08  0.168395E+08
  0.800867E-02  0.168207E+08  0.168142E+08  0.000000E+00  0.000000E+00  0.134813E+08  0.167987E+08
  0.809524E-02  0.167797E+08  0.167731E+08  0.000000E+00  0.000000E+00  0.134119E+08  0.167575E+08
  0.818276E-02  0.167383E+08  0.167316E+08  0.000000E+00  0.000000E+00  0.133421E+08  0.167159E+08
  0.827122E-02  0.166966E+08  0.166897E+08  0.000000E+00  0.000000E+00  0.132719E+08  0.166740E+08
  0.836064E-02  0.166545E+08  0.166475E+08  0.000000E+00  0.000000E+00  0.132014E+08  0.166318E+08
  0.845102E-02  0.166121E+08  0.166050E+08  0.000000E+00  0.000000E+00  0.131305E+08  0.165891E+08
  0.854239E-02  0.165693E+08  0.165620E+08  0.000000E+00  0.000000E+00  0.130592E+08  0.165461E+08
  0.863473E-02  0.165261E+08  0.165187E+08  0.000000E+00  0.000000E+00  0.129876E+08  0.165027E+08
  0.872808E-02  0.164826E+08  0.164750E+08  0.000000E+00  0.000000E+00  0.129156E+08  0.164590E+08
  0.882244E-02  0.164387E+08  0.164310E+08  0.000000E+00  0.000000E+00  0.128433E+08  0.164149E+08
  0.891782E-02  0.163944E+08  0.163866E+08  0.000000E+00  0.000000E+00  0.127706E+08  0.163704E+08
  0.901422E-02  0.163498E+08  0.163418E+08  0.000000E+00  0.000000E+00  0.126976E+08  0.163256E+08
  0.911167E-02  0.163047E+08  0.162966E+08  0.000000E+00  0.000000E+00  0.126242E+08  0.162804E+08
  0.921018E-02  0.162593E+08  0.162510E+08  0.000000E+00  0.000000E+00  0.125505E+08  0.162347E+08
  0.930975E-02  0.162136E+08  0.162051E+08  0.000000E+00  0.000000E+00  0.124765E+08  0.161888E+08
  0.941039E-02  0.161674E+08  0.161588E+08  0.000000E+00  0.000000E+00  0.124021E+08  0.161424E+08
  0.951212E-02  0.161209E+08  0.161120E+08  0.000000E+00  0.000000E+00  0.123274E+08  0.160957E+08
  0.961496E-02  0.160739E+08  0.160650E+08  0.000000E+00  0.000000E+00  0.122524E+08  0.160485E+08
  0.971890E-02  0.160266E+08  0.160175E+08  0.000000E+00  0.000000E+00  0.121771E+08  0.160010E+08
  0.982397E-02  0.159789E+08  0.159696E+08  0.000000E+00  0.000000E+00  0.121015E+08  0.159531E+08
  0.993017E-02  0.159309E+08  0.159214E+08  0.000000E+00  0.000000E+00  0.120255E+08  0.159049E+08
  0.100375E-01  0.158824E+08  0.158727E+08  0.000000E+00  0.000000E+00  0.119493E+08  0.158562E+08
  0.101460E-01  0.158336E+08  0.158237E+08  0.000000E+00  0.000000E+00  0.118727E+08  0.158071E+08
  0.102557E-01  0.157843E+08  0.157742E+08  0.000000E+00  0.000000E+00  0.117959E+08  0.157577E+08
  0.103666E-01  0.157347E+08  0.157244E+08  0.000000E+00  0.000000E+00  0.117188E+08  0.157079E+08
  0.104787E-01  0.156846E+08  0.156742E+08  0.000000E+00  0.000000E+00  0.116414E+08  0.156576E+08
  0.105919E-01  0.156342E+08  0.156235E+08  0.000000E+00  0.000000E+00  0.115637E+08  0.156070E+08
  0.107065E-01  0.155834E+08  0.155725E+08  0.000000E+00  0.000000E+00  0.114858E+08  0.155560E+08
  0.108222E-01  0.155321E+08  0.155211E+08  0.000000E+00  0.000000E+00  0.114076E+08  0.155045E+08
  0.109392E-01  0.154805E+08  0.154692E+08  0.000000E+00  0.000000E+00  0.113292E+08  0.154527E+08
  0.110575E-01  0.154285E+08  0.154170E+08  0.000000E+00  0.000000E+00  0.112505E+08  0.154005E+08
  0.111770E-01  0.153761E+08  0.153644E+08  0.000000E+00  0.000000E+00  0.111715E+08  0.153478E+08
  0.112978E-01  0.153232E+08  0.153113E+08  0.000000E+00  0.000000E+00  0.110923E+08  0.152948E+08
  0.114200E-01  0.152700E+08  0.152578E+08  0.000000E+00  0.000000E+00  0.110129E+08  0.152414E+08
  0.115434E-01  0.152163E+08  0.152040E+08  0.000000E+00  0.000000E+00  0.109332E+08  0.151875E+08
  0.116682E-01  0.151623E+08  0.151497E+08  0.000000E+00  0.000000E+00  0.108533E+08  0.151332E+08
  0.117944E-01  0.151078E+08  0.150950E+08  0.000000E+00  0.000000E+00  0.107732E+08  0.150786E+08
  0.119219E-01  0.150529E+08  0.150398E+08  0.000000E+00  0.000000E+00  0.106929E+08  0.150235E+08
  0.120507E-01  0.149976E+08  0.149843E+08  0.000000E+00  0.000000E+00  0.106124E+08  0.149680E+08
  0.121810E-01  0.149419E+08  0.149283E+08  0.000000E+00  0.000000E+00  0.105317E+08  0.149121E+08
  0.123127E-01  0.148858E+08  0.148720E+08  0.000000E+00  0.000000E+00  0.104508E+08  0.148558E+08
  0.124458E-01  0.148292E+08  0.148152E+08  0.000000E+00  0.000000E+00  0.103697E+08  0.147990E+08
  0.125804E-01  0.147723E+08  0.147580E+08  0.000000E+00  0.000000E+00  0.102885E+08  0.147419E+08
  0.127164E-01  0.147149E+08  0.147003E+08  0.000000E+00  0.000000E+00  0.102071E+08  0.146843E+08
  0.128538E-01  0.146571E+08  0.146422E+08  0.000000E+00  0.000000E+00  0.101255E+08  0.146263E+08
  0.129928E-01  0.145989E+08  0.145838E+08  0.000000E+00  0.000000E+00  0.100437E+08  0.145679E+08
  0.131333E-01  0.145402E+08  0.145248E+08  0.000000E+00  0.000000E+00  0.996183E+07  0.145091E+08
  0.132752E-01  0.144812E+08  0.144655E+08  0.000000E+00  0.000000E+00  0.987980E+07  0.144498E+08
  0.134188E-01  0.144217E+08  0.144057E+08  0.000000E+00  0.000000E+00  0.979763E+07  0.143902E+08
  0.135638E-01  0.143617E+08  0.143455E+08  0.000000E+00  0.000000E+00  0.971533E+07  0.143301E+08
  0.137105E-01  0.143014E+08  0.142849E+08  0.000000E+00  0.000000E+00  0.963292E+07  0.142695E+08
  0.138587E-01  0.142406E+08  0.142238E+08  0.000000E+00  0.000000E+00  0.955039E+07  0.142086E+08
  0.140085E-01  0.141794E+08  0.141624E+08  0.000000E+00  0.000000E+00  0.946776E+07  0.141472E+08
  0.141599E-01  0.141178E+08  0.141004E+08  0.000000E+00  0.000000E+00  0.938504E+07  0.140854E+08
  0.143130E-01  0.140558E+08  0.140381E+08  0.000000E+00  0.000000E+00  0.930222E+07  0.140232E+08
  0.144678E-01  0.139933E+08  0.139753E+08  0.000000E+00  0.000000E+00  0.921933E+07  0.139605E+08
  0.146242E-01  0.139304E+08  0.139121E+08  0.000000E+00  0.000000E+00  0.913636E+07  0.138974E+08
  0.147823E-01  0.138670E+08  0.138484E+08  0.000000E+00  0.000000E+00  0.905333E+07  0.138339E+08
  0.149421E-01  0.138033E+08  0.137843E+08  0.000000E+00  0.000000E+00  0.897024E+07  0.137700E+08
  0.151036E-01  0.137391E+08  0.137198E+08  0.000000E+00  0.000000E+00  0.888711E+07  0.137056E+08
  0.152669E-01  0.136744E+08  0.136548E+08  0.000000E+00  0.000000E+00  0.880394E+07  0.136408E+08
  0.154319E-01  0.136094E+08  0.135895E+08  0.000000E+00  0.000000E+00  0.872073E+07  0.135756E+08
  0.155988E-01  0.135439E+08  0.135236E+08  0.000000E+00  0.000000E+00  0.863751E+07  0.135100E+08
  0.157674E-01  0.134780E+08  0.134574E+08  0.000000E+00  0.000000E+00  0.855427E+07  0.134439E+08
  0.159378E-01  0.134116E+08  0.133907E+08  0.000000E+00  0.000000E+00  0.847103E+07  0.133774E+08
  0.161101E-01  0.133449E+08  0.133236E+08  0.000000E+00  0.000000E+00  0.838779E+07  0.133104E+08
  0.162843E-01  0.132777E+08  0.132560E+08  0.000000E+00  0.000000E+00  0.830456E+07  0.132431E+08
  0.164603E-01  0.132100E+08  0.131880E+08  0.000000E+00  0.000000E+00  0.822136E+07  0.131753E+08
  0.166383E-01  0.131420E+08  0.131196E+08  0.000000E+00  0.000000E+00  0.813818E+07  0.131071E+08
  0.168182E-01  0.130735E+08  0.130508E+08  0.000000E+00  0.000000E+00  0.805505E+07  0.130385E+08
  0.170000E-01  0.130046E+08  0.129815E+08  0.000000E+00  0.000000E+00  0.797197E+07  0.129694E+08
  0.171838E-01  0.129352E+08  0.129118E+08  0.000000E+00  0.000000E+00  0.788894E+07  0.128999E+08
  0.173695E-01  0.128655E+08  0.128416E+08  0.000000E+00  0.000000E+00  0.780598E+07  0.128300E+08
  0.175573E-01  0.127953E+08  0.127711E+08  0.000000E+00  0.000000E+00  0.772310E+07  0.127597E+08
  0.177471E-01  0.127247E+08  0.127001E+08  0.000000E+00  0.000000E+00  0.764031E+07  0.126890E+08
  0.179390E-01  0.126537E+08  0.126287E+08  0.000000E+00  0.000000E+00  0.755761E+07  0.126179E+08
  0.181329E-01  0.125823E+08  0.125569E+08  0.000000E+00  0.000000E+00  0.747502E+07  0.125463E+08
  0.183289E-01  0.125105E+08  0.124847E+08  0.000000E+00  0.000000E+00  0.739254E+07  0.124744E+08
  0.185271E-01  0.124382E+08  0.124121E+08  0.000000E+00  0.000000E+00  0.731018E+07  0.124020E+08
  0.187274E-01  0.123656E+08  0.123390E+08  0.000000E+00  0.000000E+00  0.722797E+07  0.123292E+08
  0.189298E-01  0.122925E+08  0.122656E+08  0.000000E+00  0.000000E+00  0.714589E+07  0.122561E+08
  0.191345E-01  0.122191E+08  0.121918E+08  0.000000E+00  0.000000E+00  0.706397E+07  0.121825E+08
  0.193413E-01  0.121453E+08  0.121175E+08  0.000000E+00  0.000000E+00  0.698222E+07  0.121085E+08
  0.195504E-01  0.120710E+08  0.120429E+08  0.000000E+00  0.000000E+00  0.690064E+07  0.120342E+08
  0.197618E-01  0.119964E+08  0.119678E+08  0.000000E+00  0.000000E+00  0.681924E+07  0.119595E+08
  0.199754E-01  0.119214E+08  0.118924E+08  0.000000E+00  0.000000E+00  0.673804E+07  0.118844E+08
  0.201914E-01  0.118460E+08  0.118166E+08  0.000000E+00  0.000000E+00  0.665705E+07  0.118089E+08
  0.204097E-01  0.117703E+08  0.117405E+08  0.000000E+00  0.000000E+00  0.657627E+07  0.117330E+08
  0.206303E-01  0.116941E+08  0.116639E+08  0.000000E+00  0.000000E+00  0.649571E+07  0.116568E+08
  0.208533E-01  0.116177E+08  0.115870E+08  0.000000E+00  0.000000E+00  0.641540E+07  0.115803E+08
  0.210788E-01  0.115408E+08  0.115098E+08  0.000000E+00  0.000000E+00  0.633533E+07  0.115033E+08
  0.213066E-01  0.114636E+08  0.114322E+08  0.000000E+00  0.000000E+00  0.625552E+07  0.114261E+08
  0.215370E-01  0.113861E+08  0.113542E+08  0.000000E+00  0.000000E+00  0.617597E+07  0.113485E+08
  0.217698E-01  0.113082E+08  0.112759E+08  0.000000E+00  0.000000E+00  0.609671E+07  0.112705E+08
  0.220052E-01  0.112300E+08  0.111973E+08  0.000000E+00  0.000000E+00  0.601774E+07  0.111923E+08
  0.222430E-01  0.111515E+08  0.111184E+08  0.000000E+00  0.000000E+00  0.593906E+07  0.111137E+08
  0.224835E-01  0.110727E+08  0.110391E+08  0.000000E+00  0.000000E+00  0.586070E+07  0.110348E+08
  0.227266E-01  0.109936E+08  0.109596E+08  0.000000E+00  0.000000E+00  0.578267E+07  0.109556E+08
  0.229723E-01  0.109141E+08  0.108797E+08  0.000000E+00  0.000000E+00  0.570497E+07  0.108761E+08
  0.232206E-01  0.108344E+08  0.107996E+08  0.000000E+00  0.000000E+00  0.562761E+07  0.107963E+08
  0.234716E-01  0.107544E+08  0.107192E+08  0.000000E+00  0.000000E+00  0.555062E+07  0.107163E+08
  0.237254E-01  0.106742E+08  0.106385E+08  0.000000E+00  0.000000E+00  0.547399E+07  0.106360E+08
  0.239819E-01  0.105936E+08  0.105576E+08  0.000000E+00  0.000000E+00  0.539774E+07  0.105554E+08
  0.242411E-01  0.105129E+08  0.104765E+08  0.000000E+00  0.000000E+00  0.532188E+07  0.104747E+08
  0.245032E-01  0.104319E+08  0.103951E+08  0.000000E+00  0.000000E+00  0.524642E+07  0.103936E+08
  0.247681E-01  0.103507E+08  0.103134E+08  0.000000E+00  0.000000E+00  0.517138E+07  0.103124E+08
  0.250359E-01  0.102693E+08  0.102316E+08  0.000000E+00  0.000000E+00  0.509677E+07  0.102310E+08
  0.253065E-01  0.101877E+08  0.101496E+08  0.000000E+00  0.000000E+00  0.502259E+07  0.101493E+08
  0.255801E-01  0.101059E+08  0.100675E+08  0.000000E+00  0.000000E+00  0.494885E+07  0.100675E+08
  0.258566E-01  0.100239E+08  0.998511E+07  0.000000E+00  0.000000E+00  0.487558E+07  0.998558E+07
  0.261362E-01  0.994179E+07  0.990263E+07  0.000000E+00  0.000000E+00  0.480278E+07  0.990347E+07
  0.264187E-01  0.985954E+07  0.982001E+07  0.000000E+00  0.000000E+00  0.473046E+07  0.982123E+07
  0.267043E-01  0.977717E+07  0.973728E+07  0.000000E+00  0.000000E+00  0.465863E+07  0.973887E+07
  0.269930E-01  0.969470E+07  0.965444E+07  0.000000E+00  0.000000E+00  0.458730E+07  0.965641E+07
  0.272848E-01  0.961214E+07  0.957153E+07  0.000000E+00  0.000000E+00  0.451649E+07  0.957387E+07
  0.275798E-01  0.952950E+07  0.948855E+07  0.000000E+00  0.000000E+00  0.444621E+07  0.949126E+07
  0.278779E-01  0.944681E+07  0.940553E+07  0.000000E+00  0.000000E+00  0.437646E+07  0.940860E+07
  0.281793E-01  0.936409E+07  0.932248E+07  0.000000E+00  0.000000E+00  0.430726E+07  0.932591E+07
  0.284840E-01  0.928135E+07  0.923943E+07  0.000000E+00  0.000000E+00  0.423861E+07  0.924321E+07
  0.287919E-01  0.919862E+07  0.915639E+07  0.000000E+00  0.000000E+00  0.417054E+07  0.916052E+07
  0.291032E-01  0.911590E+07  0.907338E+07  0.000000E+00  0.000000E+00  0.410304E+07  0.907786E+07
  0.294178E-01  0.903323E+07  0.899042E+07  0.000000E+00  0.000000E+00  0.403614E+07  0.899524E+07
  0.297358E-01  0.895062E+07  0.890754E+07  0.000000E+00  0.000000E+00  0.396983E+07  0.891269E+07
  0.300573E-01  0.886810E+07  0.882476E+07  0.000000E+00  0.000000E+00  0.390414E+07  0.883024E+07
  0.303822E-01  0.878568E+07  0.874210E+07  0.000000E+00  0.000000E+00  0.383906E+07  0.874789E+07
  0.307107E-01  0.870340E+07  0.865957E+07  0.000000E+00  0.000000E+00  0.377462E+07  0.866568E+07
  0.310427E-01  0.862126E+07  0.857722E+07  0.000000E+00  0.000000E+00  0.371082E+07  0.858363E+07
  0.313783E-01  0.853930E+07  0.849505E+07  0.000000E+00  0.000000E+00  0.364766E+07  0.850176E+07
  0.317175E-01  0.845754E+07  0.841310E+07  0.000000E+00  0.000000E+00  0.358517E+07  0.842008E+07
  0.320604E-01  0.837600E+07  0.833138E+07  0.000000E+00  0.000000E+00  0.352335E+07  0.833864E+07
  0.324070E-01  0.829471E+07  0.824993E+07  0.000000E+00  0.000000E+00  0.346220E+07  0.825745E+07
  0.327573E-01  0.821369E+07  0.816876E+07  0.000000E+00  0.000000E+00  0.340174E+07  0.817654E+07
  0.331114E-01  0.813296E+07  0.808791E+07  0.000000E+00  0.000000E+00  0.334197E+07  0.809592E+07
  0.334694E-01  0.805256E+07  0.800740E+07  0.000000E+00  0.000000E+00  0.328290E+07  0.801564E+07
  0.338312E-01  0.797250E+07  0.792725E+07  0.000000E+00  0.000000E+00  0.322454E+07  0.793570E+07
  0.341970E-01  0.789282E+07  0.784749E+07  0.000000E+00  0.000000E+00  0.316690E+07  0.785614E+07
  0.345667E-01  0.781353E+07  0.776815E+07  0.000000E+00  0.000000E+00  0.310998E+07  0.777699E+07
  0.349404E-01  0.773467E+07  0.768926E+07  0.000000E+00  0.000000E+00  0.305378E+07  0.769826E+07
  0.353181E-01  0.765625E+07  0.761083E+07  0.000000E+00  0.000000E+00  0.299833E+07  0.761999E+07
  0.356999E-01  0.757832E+07  0.753290E+07  0.000000E+00  0.000000E+00  0.294361E+07  0.754220E+07
  0.360858E-01  0.750088E+07  0.745550E+07  0.000000E+00  0.000000E+00  0.288964E+07  0.746492E+07
  0.364760E-01  0.742398E+07  0.737865E+07  0.000000E+00  0.000000E+00  0.283642E+07  0.738817E+07
  0.368703E-01  0.734762E+07  0.730237E+07  0.000000E+00  0.000000E+00  0.278396E+07  0.731198E+07
  0.372689E-01  0.727185E+07  0.722669E+07  0.000000E+00  0.000000E+00  0.273226E+07  0.723638E+07
  0.376718E-01  0.719667E+07  0.715164E+07  0.000000E+00  0.000000E+00  0.268133E+07  0.716137E+07
  0.380790E-01  0.712212E+07  0.707723E+07  0.000000E+00  0.000000E+00  0.263116E+07  0.708699E+07
  0.384907E-01  0.704823E+07  0.700350E+07  0.000000E+00  0.000000E+00  0.258177E+07  0.701328E+07
  0.389068E-01  0.697502E+07  0.693048E+07  0.000000E+00  0.000000E+00  0.253315E+07  0.694025E+07
  0.393274E-01  0.690252E+07  0.685820E+07  0.000000E+00  0.000000E+00  0.248532E+07  0.686794E+07
  0.397526E-01  0.683074E+07  0.678667E+07  0.000000E+00  0.000000E+00  0.243826E+07  0.679636E+07
  0.401823E-01  0.675972E+07  0.671592E+07  0.000000E+00  0.000000E+00  0.239198E+07  0.672554E+07
  0.406167E-01  0.668948E+07  0.664596E+07  0.000000E+00  0.000000E+00  0.234647E+07  0.665549E+07
  0.410558E-01  0.662002E+07  0.657682E+07  0.000000E+00  0.000000E+00  0.230174E+07  0.658624E+07
  0.414997E-01  0.655137E+07  0.650851E+07  0.000000E+00  0.000000E+00  0.225778E+07  0.651779E+07
  0.419483E-01  0.648354E+07  0.644104E+07  0.000000E+00  0.000000E+00  0.221459E+07  0.645018E+07
  0.424018E-01  0.641655E+07  0.637445E+07  0.000000E+00  0.000000E+00  0.217216E+07  0.638340E+07
  0.428602E-01  0.635042E+07  0.630873E+07  0.000000E+00  0.000000E+00  0.213050E+07  0.631748E+07
  0.433235E-01  0.628516E+07  0.624390E+07  0.000000E+00  0.000000E+00  0.208960E+07  0.625244E+07
  0.437919E-01  0.622078E+07  0.617999E+07  0.000000E+00  0.000000E+00  0.204947E+07  0.618829E+07
  0.442653E-01  0.615730E+07  0.611700E+07  0.000000E+00  0.000000E+00  0.201009E+07  0.612504E+07
  0.447439E-01  0.609474E+07  0.605495E+07  0.000000E+00  0.000000E+00  0.197145E+07  0.606271E+07
  0.452276E-01  0.603310E+07  0.599384E+07  0.000000E+00  0.000000E+00  0.193356E+07  0.600130E+07
  0.457165E-01  0.597239E+07  0.593369E+07  0.000000E+00  0.000000E+00  0.189640E+07  0.594082E+07
  0.462107E-01  0.591261E+07  0.587449E+07  0.000000E+00  0.000000E+00  0.185997E+07  0.588128E+07
  0.467103E-01  0.585377E+07  0.581625E+07  0.000000E+00  0.000000E+00  0.182425E+07  0.582268E+07
  0.472153E-01  0.579587E+07  0.575897E+07  0.000000E+00  0.000000E+00  0.178924E+07  0.576501E+07
  0.477257E-01  0.573890E+07  0.570264E+07  0.000000E+00  0.000000E+00  0.175492E+07  0.570828E+07
  0.482417E-01  0.568286E+07  0.564726E+07  0.000000E+00  0.000000E+00  0.172129E+07  0.565248E+07
  0.487632E-01  0.562774E+07  0.559282E+07  0.000000E+00  0.000000E+00  0.168834E+07  0.559761E+07
  0.492904E-01  0.557355E+07  0.553932E+07  0.000000E+00  0.000000E+00  0.165606E+07  0.554367E+07
  0.498232E-01  0.552027E+07  0.548674E+07  0.000000E+00  0.000000E+00  0.162443E+07  0.549063E+07
  0.503618E-01  0.546788E+07  0.543508E+07  0.000000E+00  0.000000E+00  0.159344E+07  0.543849E+07
  0.509063E-01  0.541638E+07  0.538431E+07  0.000000E+00  0.000000E+00  0.156307E+07  0.538723E+07
  0.514566E-01  0.536574E+07  0.533441E+07  0.000000E+00  0.000000E+00  0.153332E+07  0.533684E+07
  0.520129E-01  0.531594E+07  0.528536E+07  0.000000E+00  0.000000E+00  0.150416E+07  0.528728E+07
  0.525752E-01  0.526695E+07  0.523714E+07  0.000000E+00  0.000000E+00  0.147559E+07  0.523854E+07
  0.531436E-01  0.521875E+07  0.518971E+07  0.000000E+00  0.000000E+00  0.144758E+07  0.519058E+07
  0.537181E-01  0.517131E+07  0.514304E+07  0.000000E+00  0.000000E+00  0.142013E+07  0.514339E+07
  0.542988E-01  0.512461E+07  0.509712E+07  0.000000E+00  0.000000E+00  0.139322E+07  0.509693E+07
  0.548858E-01  0.507862E+07  0.505190E+07  0.000000E+00  0.000000E+00  0.136682E+07  0.505118E+07
  0.554792E-01  0.503330E+07  0.500735E+07  0.000000E+00  0.000000E+00  0.134092E+07  0.500610E+07
  0.560790E-01  0.498861E+07  0.496344E+07  0.000000E+00  0.000000E+00  0.131550E+07  0.496166E+07
  0.566852E-01  0.494453E+07  0.492013E+07  0.000000E+00  0.000000E+00  0.129056E+07  0.491781E+07
  0.572980E-01  0.490100E+07  0.487736E+07  0.000000E+00  0.000000E+00  0.126607E+07  0.487452E+07
  0.579175E-01  0.485797E+07  0.483508E+07  0.000000E+00  0.000000E+00  0.124203E+07  0.483173E+07
  0.585436E-01  0.481540E+07  0.479325E+07  0.000000E+00  0.000000E+00  0.121841E+07  0.478939E+07
  0.594337E-01  0.475635E+07  0.473521E+07  0.000000E+00  0.000000E+00  0.118591E+07  0.473066E+07
  0.603239E-01  0.469883E+07  0.467866E+07  0.000000E+00  0.000000E+00  0.115462E+07  0.467346E+07
  0.612140E-01  0.464269E+07  0.462344E+07  0.000000E+00  0.000000E+00  0.112446E+07  0.461762E+07
  0.621041E-01  0.458774E+07  0.456936E+07  0.000000E+00  0.000000E+00  0.109536E+07  0.456297E+07
  0.629943E-01  0.453384E+07  0.451626E+07  0.000000E+00  0.000000E+00  0.106722E+07  0.450935E+07
  0.638844E-01  0.448082E+07  0.446400E+07  0.000000E+00  0.000000E+00  0.103998E+07  0.445661E+07
  0.647746E-01  0.442854E+07  0.441241E+07  0.000000E+00  0.000000E+00  0.101357E+07  0.440460E+07
  0.656647E-01  0.437688E+07  0.436138E+07  0.000000E+00  0.000000E+00  0.987943E+06  0.435320E+07
  0.665548E-01  0.432572E+07  0.431080E+07  0.000000E+00  0.000000E+00  0.963055E+06  0.430230E+07
  0.674450E-01  0.427499E+07  0.426057E+07  0.000000E+00  0.000000E+00  0.938849E+06  0.425181E+07
  0.683351E-01  0.422458E+07  0.421061E+07  0.000000E+00  0.000000E+00  0.915287E+06  0.420164E+07
  0.692252E-01  0.417443E+07  0.416085E+07  0.000000E+00  0.000000E+00  0.892341E+06  0.415172E+07
  0.701154E-01  0.412446E+07  0.411121E+07  0.000000E+00  0.000000E+00  0.869975E+06  0.410198E+07
  0.710055E-01  0.407464E+07  0.406166E+07  0.000000E+00  0.000000E+00  0.848154E+06  0.405237E+07
  0.718957E-01  0.402492E+07  0.401215E+07  0.000000E+00  0.000000E+00  0.826857E+06  0.400286E+07
  0.727858E-01  0.397527E+07  0.396266E+07  0.000000E+00  0.000000E+00  0.806066E+06  0.395342E+07
  0.736759E-01  0.392568E+07  0.391318E+07  0.000000E+00  0.000000E+00  0.785763E+06  0.390403E+07
  0.745661E-01  0.387614E+07  0.386370E+07  0.000000E+00  0.000000E+00  0.765929E+06  0.385468E+07
  0.754562E-01  0.382665E+07  0.381422E+07  0.000000E+00  0.000000E+00  0.746552E+06  0.380538E+07
  0.763463E-01  0.377723E+07  0.376477E+07  0.000000E+00  0.000000E+00  0.727624E+06  0.375615E+07
  0.772365E-01  0.372789E+07  0.371536E+07  0.000000E+00  0.000000E+00  0.709132E+06  0.370699E+07
  0.781266E-01  0.367865E+07  0.366603E+07  0.000000E+00  0.000000E+00  0.691069E+06  0.365794E+07
  0.790168E-01  0.362956E+07  0.361680E+07  0.000000E+00  0.000000E+00  0.673429E+06  0.360902E+07
  0.799069E-01  0.358064E+07  0.356772E+07  0.000000E+00  0.000000E+00  0.656209E+06  0.356028E+07
  0.807970E-01  0.353194E+07  0.351883E+07  0.000000E+00  0.000000E+00  0.639403E+06  0.351175E+07
  0.816872E-01  0.348350E+07  0.347019E+07  0.000000E+00  0.000000E+00  0.623009E+06  0.346348E+07
  0.825773E-01  0.343539E+07  0.342186E+07  0.000000E+00  0.000000E+00  0.607025E+06  0.341554E+07
  0.834674E-01  0.338765E+07  0.337389E+07  0.000000E+00  0.000000E+00  0.591447E+06  0.336797E+07
  0.843576E-01  0.334035E+07  0.332634E+07  0.000000E+00  0.000000E+00  0.576273E+06  0.332082E+07
  0.852477E-01  0.329352E+07  0.327927E+07  0.000000E+00  0.000000E+00  0.561505E+06  0.327416E+07
  0.861379E-01  0.324724E+07  0.323274E+07  0.000000E+00  0.000000E+00  0.547140E+06  0.322805E+07
  0.870280E-01  0.320156E+07  0.318682E+07  0.000000E+00  0.000000E+00  0.533176E+06  0.318253E+07
  0.879181E-01  0.315655E+07  0.314157E+07  0.000000E+00  0.000000E+00  0.519610E+06  0.313767E+07
  0.888083E-01  0.311225E+07  0.309704E+07  0.000000E+00  0.000000E+00  0.506440E+06  0.309353E+07
  0.896984E-01  0.306871E+07  0.305329E+07  0.000000E+00  0.000000E+00  0.493663E+06  0.305016E+07
  0.905886E-01  0.302599E+07  0.301037E+07  0.000000E+00  0.000000E+00  0.481278E+06  0.300760E+07
  0.914787E-01  0.298413E+07  0.296832E+07  0.000000E+00  0.000000E+00  0.469280E+06  0.296590E+07
  0.923688E-01  0.294317E+07  0.292720E+07  0.000000E+00  0.000000E+00  0.457665E+06  0.292510E+07
  0.932590E-01  0.290316E+07  0.288705E+07  0.000000E+00  0.000000E+00  0.446429E+06  0.288525E+07
  0.941491E-01  0.286414E+07  0.284790E+07  0.000000E+00  0.000000E+00  0.435564E+06  0.284638E+07
  0.950392E-01  0.282614E+07  0.280981E+07  0.000000E+00  0.000000E+00  0.425068E+06  0.280854E+07
  0.959294E-01  0.278919E+07  0.277278E+07  0.000000E+00  0.000000E+00  0.414935E+06  0.277174E+07
  0.968195E-01  0.275329E+07  0.273685E+07  0.000000E+00  0.000000E+00  0.405158E+06  0.273601E+07
  0.977097E-01  0.271848E+07  0.270202E+07  0.000000E+00  0.000000E+00  0.395729E+06  0.270135E+07
  0.985998E-01  0.268477E+07  0.266832E+07  0.000000E+00  0.000000E+00  0.386637E+06  0.266779E+07
  0.994899E-01  0.265215E+07  0.263575E+07  0.000000E+00  0.000000E+00  0.377876E+06  0.263534E+07
  0.100380E+00  0.262064E+07  0.260430E+07  0.000000E+00  0.000000E+00  0.369437E+06  0.260398E+07
  0.101270E+00  0.259023E+07  0.257399E+07  0.000000E+00  0.000000E+00  0.361313E+06  0.257372E+07
  0.102160E+00  0.256090E+07  0.254479E+07  0.000000E+00  0.000000E+00  0.353492E+06  0.254455E+07
  0.103050E+00  0.253265E+07  0.251669E+07  0.000000E+00  0.000000E+00  0.345963E+06  0.251646E+07
  0.103941E+00  0.250547E+07  0.248968E+07  0.000000E+00  0.000000E+00  0.338716E+06  0.248942E+07
  0.104831E+00  0.247932E+07  0.246373E+07  0.000000E+00  0.000000E+00  0.331741E+06  0.246343E+07
  0.105721E+00  0.245418E+07  0.243882E+07  0.000000E+00  0.000000E+00  0.325028E+06  0.243844E+07
  0.106611E+00  0.243002E+07  0.241491E+07  0.000000E+00  0.000000E+00  0.318566E+06  0.241443E+07
  0.107501E+00  0.240680E+07  0.239196E+07  0.000000E+00  0.000000E+00  0.312341E+06  0.239136E+07
  0.108391E+00  0.238449E+07  0.236992E+07  0.000000E+00  0.000000E+00  0.306342E+06  0.236919E+07
  0.109281E+00  0.236304E+07  0.234877E+07  0.000000E+00  0.000000E+00  0.300559E+06  0.234788E+07
  0.110172E+00  0.234241E+07  0.232846E+07  0.000000E+00  0.000000E+00  0.294984E+06  0.232740E+07
  0.111062E+00  0.232256E+07  0.230894E+07  0.000000E+00  0.000000E+00  0.289603E+06  0.230769E+07
  0.111952E+00  0.230344E+07  0.229015E+07  0.000000E+00  0.000000E+00  0.284404E+06  0.228871E+07
  0.112842E+00  0.228500E+07  0.227205E+07  0.000000E+00  0.000000E+00  0.279377E+06  0.227040E+07
  0.113732E+00  0.226718E+07  0.225458E+07  0.000000E+00  0.000000E+00  0.274511E+06  0.225272E+07
  0.114622E+00  0.224993E+07  0.223769E+07  0.000000E+00  0.000000E+00  0.269797E+06  0.223560E+07
  0.115512E+00  0.223321E+07  0.222132E+07  0.000000E+00  0.000000E+00  0.265224E+06  0.221901E+07
  0.116403E+00  0.221696E+07  0.220543E+07  0.000000E+00  0.000000E+00  0.260783E+06  0.220289E+07
  0.117293E+00  0.220114E+07  0.218996E+07  0.000000E+00  0.000000E+00  0.256466E+06  0.218720E+07
  0.118183E+00  0.218568E+07  0.217486E+07  0.000000E+00  0.000000E+00  0.252263E+06  0.217187E+07
  0.119073E+00  0.217055E+07  0.216007E+07  0.000000E+00  0.000000E+00  0.248165E+06  0.215686E+07
  0.119963E+00  0.215568E+07  0.214553E+07  0.000000E+00  0.000000E+00  0.244163E+06  0.214211E+07
  0.120853E+00  0.214103E+07  0.213121E+07  0.000000E+00  0.000000E+00  0.240250E+06  0.212758E+07
  0.121743E+00  0.212656E+07  0.211705E+07  0.000000E+00  0.000000E+00  0.236420E+06  0.211322E+07
  0.122634E+00  0.211222E+07  0.210301E+07  0.000000E+00  0.000000E+00  0.232666E+06  0.209899E+07
  0.123524E+00  0.209797E+07  0.208905E+07  0.000000E+00  0.000000E+00  0.228983E+06  0.208485E+07
  0.124414E+00  0.208378E+07  0.207513E+07  0.000000E+00  0.000000E+00  0.225363E+06  0.207077E+07
  0.125304E+00  0.206961E+07  0.206122E+07  0.000000E+00  0.000000E+00  0.221802E+06  0.205671E+07
  0.126194E+00  0.205543E+07  0.204728E+07  0.000000E+00  0.000000E+00  0.218296E+06  0.204263E+07
  0.127084E+00  0.204122E+07  0.203329E+07  0.000000E+00  0.000000E+00  0.214841E+06  0.202852E+07
  0.127974E+00  0.202694E+07  0.201921E+07  0.000000E+00  0.000000E+00  0.211433E+06  0.201435E+07
  0.128864E+00  0.201258E+07  0.200504E+07  0.000000E+00  0.000000E+00  0.208069E+06  0.200008E+07
  0.129755E+00  0.199812E+07  0.199073E+07  0.000000E+00  0.000000E+00  0.204746E+06  0.198571E+07
  0.130645E+00  0.198353E+07  0.197630E+07  0.000000E+00  0.000000E+00  0.201462E+06  0.197122E+07
  0.131535E+00  0.196881E+07  0.196171E+07  0.000000E+00  0.000000E+00  0.198214E+06  0.195659E+07
  0.132425E+00  0.195395E+07  0.194696E+07  0.000000E+00  0.000000E+00  0.195002E+06  0.194183E+07
  0.133315E+00  0.193895E+07  0.193204E+07  0.000000E+00  0.000000E+00  0.191824E+06  0.192691E+07
  0.134205E+00  0.192379E+07  0.191695E+07  0.000000E+00  0.000000E+00  0.188680E+06  0.191184E+07
  0.135095E+00  0.190848E+07  0.190169E+07  0.000000E+00  0.000000E+00  0.185568E+06  0.189661E+07
  0.135986E+00  0.189301E+07  0.188627E+07  0.000000E+00  0.000000E+00  0.182487E+06  0.188123E+07
  0.136876E+00  0.187741E+07  0.187068E+07  0.000000E+00  0.000000E+00  0.179439E+06  0.186570E+07
  0.137766E+00  0.186166E+07  0.185494E+07  0.000000E+00  0.000000E+00  0.176424E+06  0.185004E+07
  0.138656E+00  0.184579E+07  0.183906E+07  0.000000E+00  0.000000E+00  0.173441E+06  0.183425E+07
  0.139546E+00  0.182981E+07  0.182305E+07  0.000000E+00  0.000000E+00  0.170493E+06  0.181834E+07
  0.140436E+00  0.181373E+07  0.180694E+07  0.000000E+00  0.000000E+00  0.167579E+06  0.180234E+07
  0.141326E+00  0.179757E+07  0.179073E+07  0.000000E+00  0.000000E+00  0.164701E+06  0.178625E+07
  0.142217E+00  0.178134E+07  0.177446E+07  0.000000E+00  0.000000E+00  0.161860E+06  0.177011E+07
  0.143107E+00  0.176509E+07  0.175813E+07  0.000000E+00  0.000000E+00  0.159056E+06  0.175393E+07
  0.143997E+00  0.174881E+07  0.174179E+07  0.000000E+00  0.000000E+00  0.156293E+06  0.173773E+07
  0.144887E+00  0.173254E+07  0.172544E+07  0.000000E+00  0.000000E+00  0.153570E+06  0.172153E+07
  0.145777E+00  0.171630E+07  0.170912E+07  0.000000E+00  0.000000E+00  0.150890E+06  0.170536E+07
  0.146667E+00  0.170011E+07  0.169284E+07  0.000000E+00  0.000000E+00  0.148252E+06  0.168924E+07
  0.147557E+00  0.168399E+07  0.167663E+07  0.000000E+00  0.000000E+00  0.145659E+06  0.167320E+07
  0.148448E+00  0.166797E+07  0.166052E+07  0.000000E+00  0.000000E+00  0.143111E+06  0.165724E+07
  0.149338E+00  0.165207E+07  0.164453E+07  0.000000E+00  0.000000E+00  0.140611E+06  0.164142E+07
  0.150228E+00  0.163632E+07  0.162869E+07  0.000000E+00  0.000000E+00  0.138158E+06  0.162573E+07
  0.151118E+00  0.162073E+07  0.161301E+07  0.000000E+00  0.000000E+00  0.135753E+06  0.161021E+07
  0.152008E+00  0.160532E+07  0.159752E+07  0.000000E+00  0.000000E+00  0.133398E+06  0.159487E+07
  0.152898E+00  0.159013E+07  0.158225E+07  0.000000E+00  0.000000E+00  0.131094E+06  0.157975E+07
  0.153788E+00  0.157516E+07  0.156720E+07  0.000000E+00  0.000000E+00  0.128841E+06  0.156485E+07
  0.154678E+00  0.156043E+07  0.155241E+07  0.000000E+00  0.000000E+00  0.126640E+06  0.155019E+07
  0.155569E+00  0.154597E+07  0.153789E+07  0.000000E+00  0.000000E+00  0.124490E+06  0.153580E+07
  0.156459E+00  0.153179E+07  0.152366E+07  0.000000E+00  0.000000E+00  0.122392E+06  0.152168E+07
  0.157349E+00  0.151791E+07  0.150973E+07  0.000000E+00  0.000000E+00  0.120347E+06  0.150787E+07
  0.158239E+00  0.150433E+07  0.149612E+07  0.000000E+00  0.000000E+00  0.118355E+06  0.149436E+07
  0.159129E+00  0.149108E+07  0.148284E+07  0.000000E+00  0.000000E+00  0.116415E+06  0.148117E+07
  0.160019E+00  0.147815E+07  0.146989E+07  0.000000E+00  0.000000E+00  0.114527E+06  0.146831E+07
  0.160909E+00  0.146556E+07  0.145729E+07  0.000000E+00  0.000000E+00  0.112690E+06  0.145579E+07
  0.161800E+00  0.145331E+07  0.144505E+07  0.000000E+00  0.000000E+00  0.110904E+06  0.144360E+07
  0.162690E+00  0.144141E+07  0.143316E+07  0.000000E+00  0.000000E+00  0.109169E+06  0.143177E+07
  0.163580E+00  0.142985E+07  0.142163E+07  0.000000E+00  0.000000E+00  0.107483E+06  0.142028E+07
  0.164470E+00  0.141865E+07  0.141046E+07  0.000000E+00  0.000000E+00  0.105845E+06  0.140914E+07
  0.165360E+00  0.140779E+07  0.139964E+07  0.000000E+00  0.000000E+00  0.104255E+06  0.139834E+07
  0.166250E+00  0.139726E+07  0.138917E+07  0.000000E+00  0.000000E+00  0.102711E+06  0.138788E+07
  0.167140E+00  0.138708E+07  0.137905E+07  0.000000E+00  0.000000E+00  0.101211E+06  0.137776E+07
  0.168031E+00  0.137722E+07  0.136926E+07  0.000000E+00  0.000000E+00  0.997547E+05  0.136797E+07
  0.168921E+00  0.136769E+07  0.135980E+07  0.000000E+00  0.000000E+00  0.983402E+05  0.135850E+07
  0.169811E+00  0.135846E+07  0.135067E+07  0.000000E+00  0.000000E+00  0.969664E+05  0.134934E+07
  0.170701E+00  0.134954E+07  0.134184E+07  0.000000E+00  0.000000E+00  0.956317E+05  0.134047E+07
  0.171591E+00  0.134090E+07  0.133330E+07  0.000000E+00  0.000000E+00  0.943344E+05  0.133190E+07
  0.172481E+00  0.133254E+07  0.132505E+07  0.000000E+00  0.000000E+00  0.930725E+05  0.132360E+07
  0.173371E+00  0.132445E+07  0.131707E+07  0.000000E+00  0.000000E+00  0.918446E+05  0.131557E+07
  0.174262E+00  0.131660E+07  0.130934E+07  0.000000E+00  0.000000E+00  0.906492E+05  0.130778E+07
  0.175152E+00  0.130898E+07  0.130184E+07  0.000000E+00  0.000000E+00  0.894849E+05  0.130022E+07
  0.176042E+00  0.130158E+07  0.129457E+07  0.000000E+00  0.000000E+00  0.883497E+05  0.129288E+07
  0.176932E+00  0.129438E+07  0.128750E+07  0.000000E+00  0.000000E+00  0.872419E+05  0.128574E+07
  0.177822E+00  0.128736E+07  0.128061E+07  0.000000E+00  0.000000E+00  0.861597E+05  0.127877E+07
  0.178712E+00  0.128051E+07  0.127389E+07  0.000000E+00  0.000000E+00  0.851016E+05  0.127198E+07
  0.179602E+00  0.127380E+07  0.126731E+07  0.000000E+00  0.000000E+00  0.840661E+05  0.126532E+07
  0.180492E+00  0.126722E+07  0.126087E+07  0.000000E+00  0.000000E+00  0.830515E+05  0.125880E+07
  0.181383E+00  0.126076E+07  0.125453E+07  0.000000E+00  0.000000E+00  0.820566E+05  0.125239E+07
  0.182273E+00  0.125439E+07  0.124829E+07  0.000000E+00  0.000000E+00  0.810798E+05  0.124608E+07
  0.183163E+00  0.124810E+07  0.124213E+07  0.000000E+00  0.000000E+00  0.801196E+05  0.123984E+07
  0.184053E+00  0.124187E+07  0.123603E+07  0.000000E+00  0.000000E+00  0.791746E+05  0.123366E+07
  0.184943E+00  0.123568E+07  0.122996E+07  0.000000E+00  0.000000E+00  0.782437E+05  0.122753E+07
  0.185833E+00  0.122954E+07  0.122393E+07  0.000000E+00  0.000000E+00  0.773259E+05  0.122143E+07
  0.186723E+00  0.122341E+07  0.121792E+07  0.000000E+00  0.000000E+00  0.764201E+05  0.121535E+07
  0.187614E+00  0.121728E+07  0.121190E+07  0.000000E+00  0.000000E+00  0.755251E+05  0.120928E+07
  0.188504E+00  0.121115E+07  0.120588E+07  0.000000E+00  0.000000E+00  0.746401E+05  0.120320E+07
  0.189394E+00  0.120501E+07  0.119983E+07  0.000000E+00  0.000000E+00  0.737643E+05  0.119710E+07
  0.190284E+00  0.119884E+07  0.119375E+07  0.000000E+00  0.000000E+00  0.728971E+05  0.119098E+07
  0.191174E+00  0.119263E+07  0.118763E+07  0.000000E+00  0.000000E+00  0.720379E+05  0.118482E+07
  0.192064E+00  0.118639E+07  0.118146E+07  0.000000E+00  0.000000E+00  0.711859E+05  0.117862E+07
  0.192954E+00  0.118009E+07  0.117524E+07  0.000000E+00  0.000000E+00  0.703405E+05  0.117237E+07
  0.193845E+00  0.117374E+07  0.116895E+07  0.000000E+00  0.000000E+00  0.695016E+05  0.116606E+07
  0.194735E+00  0.116733E+07  0.116260E+07  0.000000E+00  0.000000E+00  0.686687E+05  0.115969E+07
  0.195625E+00  0.116085E+07  0.115617E+07  0.000000E+00  0.000000E+00  0.678416E+05  0.115326E+07
  0.196515E+00  0.115431E+07  0.114968E+07  0.000000E+00  0.000000E+00  0.670201E+05  0.114677E+07
  0.197405E+00  0.114770E+07  0.114311E+07  0.000000E+00  0.000000E+00  0.662040E+05  0.114020E+07
  0.198295E+00  0.114103E+07  0.113647E+07  0.000000E+00  0.000000E+00  0.653932E+05  0.113357E+07
  0.199185E+00  0.113429E+07  0.112975E+07  0.000000E+00  0.000000E+00  0.645876E+05  0.112687E+07
  0.200076E+00  0.112748E+07  0.112297E+07  0.000000E+00  0.000000E+00  0.637875E+05  0.112010E+07
  0.200966E+00  0.112061E+07  0.111612E+07  0.000000E+00  0.000000E+00  0.629929E+05  0.111328E+07
  0.201856E+00  0.111369E+07  0.110920E+07  0.000000E+00  0.000000E+00  0.622039E+05  0.110639E+07
  0.202746E+00  0.110671E+07  0.110222E+07  0.000000E+00  0.000000E+00  0.614206E+05  0.109945E+07
  0.203636E+00  0.109968E+07  0.109519E+07  0.000000E+00  0.000000E+00  0.606433E+05  0.109246E+07
  0.204526E+00  0.109261E+07  0.108812E+07  0.000000E+00  0.000000E+00  0.598725E+05  0.108543E+07
  0.205416E+00  0.108550E+07  0.108100E+07  0.000000E+00  0.000000E+00  0.591083E+05  0.107836E+07
  0.206306E+00  0.107837E+07  0.107386E+07  0.000000E+00  0.000000E+00  0.583512E+05  0.107127E+07
  0.207197E+00  0.107122E+07  0.106669E+07  0.000000E+00  0.000000E+00  0.576013E+05  0.106415E+07
  0.208087E+00  0.106405E+07  0.105951E+07  0.000000E+00  0.000000E+00  0.568590E+05  0.105703E+07
  0.208977E+00  0.105689E+07  0.105232E+07  0.000000E+00  0.000000E+00  0.561246E+05  0.104989E+07
  0.209867E+00  0.104972E+07  0.104513E+07  0.000000E+00  0.000000E+00  0.553984E+05  0.104277E+07
  0.210757E+00  0.104257E+07  0.103795E+07  0.000000E+00  0.000000E+00  0.546809E+05  0.103565E+07
  0.211647E+00  0.103544E+07  0.103080E+07  0.000000E+00  0.000000E+00  0.539724E+05  0.102856E+07
  0.212537E+00  0.102834E+07  0.102367E+07  0.000000E+00  0.000000E+00  0.532732E+05  0.102150E+07
  0.213428E+00  0.102128E+07  0.101659E+07  0.000000E+00  0.000000E+00  0.525836E+05  0.101447E+07
  0.214318E+00  0.101427E+07  0.100955E+07  0.000000E+00  0.000000E+00  0.519040E+05  0.100750E+07
  0.215208E+00  0.100731E+07  0.100257E+07  0.000000E+00  0.000000E+00  0.512345E+05  0.100057E+07
  0.216098E+00  0.100042E+07  0.995647E+06  0.000000E+00  0.000000E+00  0.505752E+05  0.993714E+06
  0.216988E+00  0.993592E+06  0.988800E+06  0.000000E+00  0.000000E+00  0.499267E+05  0.986926E+06
  0.217878E+00  0.986848E+06  0.982034E+06  0.000000E+00  0.000000E+00  0.492891E+05  0.980216E+06
  0.218768E+00  0.980189E+06  0.975356E+06  0.000000E+00  0.000000E+00  0.486627E+05  0.973592E+06
  0.219659E+00  0.973623E+06  0.968773E+06  0.000000E+00  0.000000E+00  0.480475E+05  0.967061E+06
  0.222455E+00  0.953665E+06  0.948779E+06  0.000000E+00  0.000000E+00  0.461892E+05  0.947211E+06
  0.225287E+00  0.934597E+06  0.929707E+06  0.000000E+00  0.000000E+00  0.444237E+05  0.928251E+06
  0.228155E+00  0.916554E+06  0.911695E+06  0.000000E+00  0.000000E+00  0.427538E+05  0.910316E+06
  0.231059E+00  0.899605E+06  0.894814E+06  0.000000E+00  0.000000E+00  0.411789E+05  0.893474E+06
  0.234001E+00  0.883754E+06  0.879067E+06  0.000000E+00  0.000000E+00  0.396956E+05  0.877729E+06
  0.236980E+00  0.868943E+06  0.864392E+06  0.000000E+00  0.000000E+00  0.382976E+05  0.863024E+06
  0.239997E+00  0.855056E+06  0.850666E+06  0.000000E+00  0.000000E+00  0.369765E+05  0.849240E+06
  0.243052E+00  0.841918E+06  0.837704E+06  0.000000E+00  0.000000E+00  0.357216E+05  0.836204E+06
  0.246146E+00  0.829314E+06  0.825283E+06  0.000000E+00  0.000000E+00  0.345214E+05  0.823700E+06
  0.249280E+00  0.817014E+06  0.813163E+06  0.000000E+00  0.000000E+00  0.333649E+05  0.811498E+06
  0.252453E+00  0.804794E+06  0.801109E+06  0.000000E+00  0.000000E+00  0.322411E+05  0.799373E+06
  0.255667E+00  0.792454E+06  0.788915E+06  0.000000E+00  0.000000E+00  0.311418E+05  0.787126E+06
  0.258922E+00  0.779833E+06  0.776412E+06  0.000000E+00  0.000000E+00  0.300602E+05  0.774596E+06
  0.262218E+00  0.766819E+06  0.763486E+06  0.000000E+00  0.000000E+00  0.289922E+05  0.761671E+06
  0.265557E+00  0.753366E+06  0.750091E+06  0.000000E+00  0.000000E+00  0.279362E+05  0.748304E+06
  0.268937E+00  0.739502E+06  0.736257E+06  0.000000E+00  0.000000E+00  0.268936E+05  0.734525E+06
  0.272361E+00  0.725317E+06  0.722080E+06  0.000000E+00  0.000000E+00  0.258681E+05  0.720424E+06
  0.275828E+00  0.710950E+06  0.707707E+06  0.000000E+00  0.000000E+00  0.248646E+05  0.706140E+06
  0.279340E+00  0.696572E+06  0.693315E+06  0.000000E+00  0.000000E+00  0.238886E+05  0.691844E+06
  0.282896E+00  0.682370E+06  0.679102E+06  0.000000E+00  0.000000E+00  0.229460E+05  0.677724E+06
  0.286497E+00  0.668534E+06  0.665264E+06  0.000000E+00  0.000000E+00  0.220422E+05  0.663969E+06
  0.290145E+00  0.655221E+06  0.651964E+06  0.000000E+00  0.000000E+00  0.211808E+05  0.650736E+06
  0.293838E+00  0.642535E+06  0.639312E+06  0.000000E+00  0.000000E+00  0.203638E+05  0.638130E+06
  0.297579E+00  0.630527E+06  0.627359E+06  0.000000E+00  0.000000E+00  0.195909E+05  0.626201E+06
  0.301367E+00  0.619190E+06  0.616095E+06  0.000000E+00  0.000000E+00  0.188602E+05  0.614941E+06
  0.305204E+00  0.608457E+06  0.605451E+06  0.000000E+00  0.000000E+00  0.181679E+05  0.604285E+06
  0.309089E+00  0.598207E+06  0.595300E+06  0.000000E+00  0.000000E+00  0.175091E+05  0.594111E+06
  0.313024E+00  0.588288E+06  0.585482E+06  0.000000E+00  0.000000E+00  0.168779E+05  0.584266E+06
  0.317009E+00  0.578544E+06  0.575833E+06  0.000000E+00  0.000000E+00  0.162690E+05  0.574594E+06
  0.321045E+00  0.568828E+06  0.566204E+06  0.000000E+00  0.000000E+00  0.156777E+05  0.564948E+06
  0.325132E+00  0.559021E+06  0.556469E+06  0.000000E+00  0.000000E+00  0.151003E+05  0.555211E+06
  0.329271E+00  0.549052E+06  0.546555E+06  0.000000E+00  0.000000E+00  0.145347E+05  0.545309E+06
  0.333463E+00  0.538907E+06  0.536450E+06  0.000000E+00  0.000000E+00  0.139804E+05  0.535230E+06
  0.337708E+00  0.528627E+06  0.526196E+06  0.000000E+00  0.000000E+00  0.134384E+05  0.525016E+06
  0.342007E+00  0.518284E+06  0.515872E+06  0.000000E+00  0.000000E+00  0.115796E+05  0.514730E+06
  0.346361E+00  0.508003E+06  0.505605E+06  0.000000E+00  0.000000E+00  0.111115E+05  0.504512E+06
  0.350771E+00  0.497899E+06  0.495518E+06  0.000000E+00  0.000000E+00  0.106614E+05  0.494472E+06
  0.355236E+00  0.488082E+06  0.485724E+06  0.000000E+00  0.000000E+00  0.102309E+05  0.484717E+06
  0.359758E+00  0.478626E+06  0.476300E+06  0.000000E+00  0.000000E+00  0.982087E+04  0.475323E+06
  0.364338E+00  0.469569E+06  0.467285E+06  0.000000E+00  0.000000E+00  0.943122E+04  0.466327E+06
  0.368977E+00  0.460903E+06  0.458670E+06  0.000000E+00  0.000000E+00  0.906100E+04  0.457721E+06
  0.373674E+00  0.452574E+06  0.450398E+06  0.000000E+00  0.000000E+00  0.870837E+04  0.449450E+06
  0.378431E+00  0.444497E+06  0.442382E+06  0.000000E+00  0.000000E+00  0.837107E+04  0.441431E+06
  0.383249E+00  0.436583E+06  0.434526E+06  0.000000E+00  0.000000E+00  0.804683E+04  0.433574E+06
  0.388128E+00  0.428741E+06  0.426737E+06  0.000000E+00  0.000000E+00  0.773360E+04  0.425787E+06
  0.393069E+00  0.420903E+06  0.418944E+06  0.000000E+00  0.000000E+00  0.742982E+04  0.418004E+06
  0.398073E+00  0.413041E+06  0.411120E+06  0.000000E+00  0.000000E+00  0.713478E+04  0.410195E+06
  0.403140E+00  0.405160E+06  0.403269E+06  0.000000E+00  0.000000E+00  0.684837E+04  0.402367E+06
  0.408273E+00  0.397296E+06  0.395430E+06  0.000000E+00  0.000000E+00  0.657096E+04  0.394554E+06
  0.413470E+00  0.389511E+06  0.387669E+06  0.000000E+00  0.000000E+00  0.630337E+04  0.386820E+06
  0.418734E+00  0.381872E+06  0.380054E+06  0.000000E+00  0.000000E+00  0.604632E+04  0.379231E+06
  0.424065E+00  0.374430E+06  0.372640E+06  0.000000E+00  0.000000E+00  0.580029E+04  0.371838E+06
  0.429463E+00  0.367222E+06  0.365463E+06  0.000000E+00  0.000000E+00  0.556540E+04  0.364679E+06
  0.434931E+00  0.360251E+06  0.358528E+06  0.000000E+00  0.000000E+00  0.534130E+04  0.357756E+06
  0.440467E+00  0.353491E+06  0.351807E+06  0.000000E+00  0.000000E+00  0.512719E+04  0.351043E+06
  0.446075E+00  0.346902E+06  0.345258E+06  0.000000E+00  0.000000E+00  0.492211E+04  0.344501E+06
  0.451754E+00  0.340434E+06  0.338828E+06  0.000000E+00  0.000000E+00  0.472501E+04  0.338077E+06
  0.457505E+00  0.334039E+06  0.332469E+06  0.000000E+00  0.000000E+00  0.453501E+04  0.331727E+06
  0.463329E+00  0.327695E+06  0.326156E+06  0.000000E+00  0.000000E+00  0.435156E+04  0.325426E+06
  0.469227E+00  0.321392E+06  0.319881E+06  0.000000E+00  0.000000E+00  0.417434E+04  0.319167E+06
  0.475201E+00  0.315147E+06  0.313661E+06  0.000000E+00  0.000000E+00  0.400339E+04  0.312964E+06
  0.481251E+00  0.308989E+06  0.307528E+06  0.000000E+00  0.000000E+00  0.383888E+04  0.306847E+06
  0.487377E+00  0.302948E+06  0.301510E+06  0.000000E+00  0.000000E+00  0.368095E+04  0.300846E+06
  0.493582E+00  0.297049E+06  0.295637E+06  0.000000E+00  0.000000E+00  0.352969E+04  0.294988E+06
  0.499865E+00  0.291302E+06  0.289918E+06  0.000000E+00  0.000000E+00  0.338496E+04  0.289280E+06
  0.506229E+00  0.285700E+06  0.284345E+06  0.000000E+00  0.000000E+00  0.324645E+04  0.283717E+06
  0.512673E+00  0.280227E+06  0.278900E+06  0.000000E+00  0.000000E+00  0.311373E+04  0.278282E+06
  0.519200E+00  0.274855E+06  0.273556E+06  0.000000E+00  0.000000E+00  0.298630E+04  0.272947E+06
  0.525810E+00  0.269565E+06  0.268293E+06  0.000000E+00  0.000000E+00  0.286376E+04  0.267693E+06
  0.532504E+00  0.264343E+06  0.263096E+06  0.000000E+00  0.000000E+00  0.274581E+04  0.262507E+06
  0.539283E+00  0.259189E+06  0.257966E+06  0.000000E+00  0.000000E+00  0.263230E+04  0.257389E+06
  0.546148E+00  0.254112E+06  0.252911E+06  0.000000E+00  0.000000E+00  0.252316E+04  0.252347E+06
  0.553101E+00  0.249125E+06  0.247946E+06  0.000000E+00  0.000000E+00  0.241837E+04  0.247394E+06
  0.560142E+00  0.244241E+06  0.243084E+06  0.000000E+00  0.000000E+00  0.231791E+04  0.242543E+06
  0.567273E+00  0.239463E+06  0.238328E+06  0.000000E+00  0.000000E+00  0.222165E+04  0.237798E+06
  0.574495E+00  0.234790E+06  0.233678E+06  0.000000E+00  0.000000E+00  0.212943E+04  0.233157E+06
  0.581809E+00  0.230212E+06  0.229123E+06  0.000000E+00  0.000000E+00  0.204100E+04  0.228610E+06
  0.589215E+00  0.225718E+06  0.224651E+06  0.000000E+00  0.000000E+00  0.195614E+04  0.224148E+06
  0.596716E+00  0.221298E+06  0.220253E+06  0.000000E+00  0.000000E+00  0.187464E+04  0.219758E+06
  0.604313E+00  0.216950E+06  0.215925E+06  0.000000E+00  0.000000E+00  0.179636E+04  0.215440E+06
  0.612006E+00  0.212673E+06  0.211668E+06  0.000000E+00  0.000000E+00  0.172118E+04  0.211193E+06
  0.619797E+00  0.208474E+06  0.207488E+06  0.000000E+00  0.000000E+00  0.164904E+04  0.207023E+06
  0.627688E+00  0.204355E+06  0.203389E+06  0.000000E+00  0.000000E+00  0.157986E+04  0.202932E+06
  0.635678E+00  0.200320E+06  0.199373E+06  0.000000E+00  0.000000E+00  0.151356E+04  0.198925E+06
  0.643771E+00  0.196367E+06  0.195438E+06  0.000000E+00  0.000000E+00  0.145001E+04  0.194999E+06
  0.651967E+00  0.192490E+06  0.191580E+06  0.000000E+00  0.000000E+00  0.138908E+04  0.191149E+06
  0.660267E+00  0.188684E+06  0.187792E+06  0.000000E+00  0.000000E+00  0.133064E+04  0.187370E+06
  0.709335E+00  0.168398E+06  0.167602E+06  0.000000E+00  0.000000E+00  0.104182E+04  0.167224E+06
  0.762050E+00  0.150203E+06  0.149493E+06  0.000000E+00  0.000000E+00  0.814509E+03  0.149155E+06
  0.818683E+00  0.133887E+06  0.133254E+06  0.000000E+00  0.000000E+00  0.635868E+03  0.132953E+06
  0.879525E+00  0.119269E+06  0.118705E+06  0.000000E+00  0.000000E+00  0.495717E+03  0.118436E+06
  0.944888E+00  0.106183E+06  0.105681E+06  0.000000E+00  0.000000E+00  0.385949E+03  0.105441E+06
  0.101511E+01  0.944802E+05  0.940338E+05  0.000000E+00  0.000000E+00  0.300116E+03  0.938197E+05
  0.109055E+01  0.840200E+05  0.836231E+05  0.000000E+00  0.000000E+00  0.233092E+03  0.834325E+05
  0.117159E+01  0.746774E+05  0.743246E+05  0.000000E+00  0.000000E+00  0.180829E+03  0.741550E+05
  0.125866E+01  0.663399E+05  0.660266E+05  0.000000E+00  0.000000E+00  0.140134E+03  0.658758E+05
  0.135220E+01  0.589033E+05  0.586251E+05  0.000000E+00  0.000000E+00  0.108485E+03  0.584911E+05
  0.145269E+01  0.522752E+05  0.520283E+05  0.000000E+00  0.000000E+00  0.839013E+02  0.519093E+05
  0.156065E+01  0.463692E+05  0.461502E+05  0.000000E+00  0.000000E+00  0.882873E+02  0.460447E+05
  0.167663E+01  0.411129E+05  0.409187E+05  0.000000E+00  0.000000E+00  0.683191E+02  0.408251E+05
  0.180123E+01  0.364365E+05  0.362644E+05  0.000000E+00  0.000000E+00  0.528151E+02  0.361814E+05
  0.193510E+01  0.322782E+05  0.321257E+05  0.000000E+00  0.000000E+00  0.407908E+02  0.320521E+05
  0.207891E+01  0.285826E+05  0.284476E+05  0.000000E+00  0.000000E+00  0.314758E+02  0.283824E+05
