5.285605241110182817e+00
5.285605241110435948e+00
5.285605241110824970e+00
5.285605241111454689e+00
5.285605241112438790e+00
5.285605241114003761e+00
5.285605241116503095e+00
5.285605241120426179e+00
5.285605241126691389e+00
5.285605241136605237e+00
5.285605241152293132e+00
5.285605241177175451e+00
5.285605241216644323e+00
5.285605241279133004e+00
5.285605241378235952e+00
5.285605241535247245e+00
5.285605241784120167e+00
5.285605242178545105e+00
5.285605242803683268e+00
5.285605243794456065e+00
