2.084405491562738577e-01
2.120648159751425954e-01
2.176722519421720181e-01
2.262435249849832075e-01
2.391255867260371759e-01
2.580586015336113204e-01
2.851242865071613730e-01
3.225926114789924859e-01
3.726667675615520925e-01
4.371197706942454575e-01
5.167764731754527219e-01
6.108040344974894342e-01
7.159483459369289093e-01
8.261950034126612774e-01
9.335328745645902204e-01
1.030008870296351020e+00
1.110123079716548222e+00
1.172061338379363882e+00
1.217197275961734881e+00
1.248628999999324529e+00
