1.239520536519500338e+00
1.239524219473943978e+00
1.239530055760418303e+00
1.239539303634695333e+00
1.239553955463842616e+00
1.239577164337769544e+00
1.239613916031572227e+00
1.239672083567298744e+00
1.239764072557655972e+00
1.239909364201735142e+00
1.240138385789800735e+00
1.240498253776062043e+00
1.241060932958793828e+00
1.241933950356075567e+00
1.243272362664771702e+00
1.245287099231006778e+00
1.248237983096771586e+00
1.252391117653791852e+00
1.257919966877135920e+00
1.264759354739918296e+00
