5.210794091271875317e-02
5.210794092033919217e-02
5.210794093241676028e-02
5.210794095155842076e-02
5.210794098189591023e-02
5.210794102997759469e-02
5.210794110618192920e-02
5.210794122695765196e-02
5.210794141837427063e-02
5.210794172174914446e-02
5.210794220256588505e-02
5.210794296460896646e-02
5.210794417236561116e-02
5.210794608653028515e-02
5.210794912027530423e-02
5.210795392843326629e-02
5.210796154884037718e-02
5.210797362634733004e-02
5.210799276784461309e-02
5.210802310491941675e-02
