2.292108683744757680e-02
2.354701136860785221e-02
2.434789036622551223e-02
2.529240076775242027e-02
2.630536433240511160e-02
2.728697823374295200e-02
2.814882951720385981e-02
2.884204665947466550e-02
2.936112716361331115e-02
2.972923689463828276e-02
2.998027878982879521e-02
3.014693476418862580e-02
3.025559605487614448e-02
3.032561308626701910e-02
3.037038636234882724e-02
3.039887753914740157e-02
3.041695130221311327e-02
3.042839397551241887e-02
3.043562936765719859e-02
3.044020080032833891e-02
