1.651531937005739411e-03
1.651904091493229705e-03
1.652152029824541322e-03
1.652314061750578822e-03
1.652418623688434781e-03
1.652485550461688145e-03
1.652528164495177792e-03
1.652555207591852775e-03
1.652572332967579445e-03
1.652583163278176790e-03
1.652590006695108882e-03
1.652594328568793769e-03
1.652597057068835558e-03
1.652598779266275771e-03
1.652599866150440472e-03
1.652600552027956495e-03
1.652600984827218853e-03
1.652601257920940751e-03
1.652601430237740469e-03
1.652601538964802979e-03
