1.640437764170920784e-03
1.640437772414237621e-03
1.640437793120485535e-03
1.640437845132056366e-03
1.640437975778126934e-03
1.640438303939351257e-03
1.640439128199746438e-03
1.640441198374888642e-03
1.640446396695586151e-03
1.640459443418226977e-03
1.640492146887060796e-03
1.640573865117253864e-03
1.640776463352531730e-03
1.641269127161741311e-03
1.642412824695478786e-03
1.644804173392665171e-03
1.648867408710085348e-03
1.653828090682785482e-03
1.657925020072491609e-03
1.660350532006754512e-03
