4.247315434374794585e-03
4.340323376619613198e-03
4.403020381831876558e-03
4.444326463534325686e-03
4.471125998481000410e-03
4.488340044259892143e-03
4.499325612823650532e-03
4.506307259344512206e-03
4.510732568462797604e-03
4.513532836139122137e-03
4.515302917345512604e-03
4.516421052820074333e-03
4.517127062858080841e-03
4.517572730002699863e-03
4.517854008593532970e-03
4.518031515897484932e-03
4.518143528380734637e-03
4.518214208634462568e-03
4.518258806912003184e-03
4.518286947339868707e-03
