3.126441090114624732e-02
3.133768539105789147e-02
3.145269496823230315e-02
3.163221103829411823e-02
3.191000991599325654e-02
3.233425645841945389e-02
3.296937408660843144e-02
3.389272665995630290e-02
3.518040148610070833e-02
3.687749136386553328e-02
3.895775535189574534e-02
4.129528716486204759e-02
4.367982991824564953e-02
4.588334151777128528e-02
4.773940857495635043e-02
4.918309360494489690e-02
5.023706283257076133e-02
5.097103247790395197e-02
5.146535927023163787e-02
5.179078832876341659e-02
