4.756881265922712800e-03
4.762244783215390659e-03
4.769935684591301503e-03
4.780440743488059696e-03
4.793875860313650573e-03
4.809683297596970865e-03
4.826555304318720131e-03
4.842790265424983670e-03
4.856926449579158749e-03
4.868203119694062588e-03
4.876586609597761621e-03
4.882498297762144675e-03
4.886513279781361588e-03
4.889170995775503695e-03
4.890900503740983063e-03
4.892013514686178836e-03
4.892724658104155577e-03
4.893176950662123624e-03
4.893463772001907519e-03
4.893645322535155988e-03
