6.245384888536860413e-02
6.365672545810507899e-02
6.551523786948743044e-02
6.835088094760789768e-02
7.260337270499139795e-02
7.883987862825354853e-02
8.774346672562291505e-02
1.000789830480575543e-01
1.166416283365860895e-01
1.381876461705040249e-01
1.653258435357562728e-01
1.983325169428420409e-01
2.368704860069991702e-01
2.796726142837210327e-01
3.243862377252811346e-01
3.678542128323592508e-01
4.069183842205586488e-01
4.393770383108308586e-01
4.644933114763806770e-01
4.828115710701330610e-01
