1.500828578502793054e-01
1.500841123217495632e-01
1.500860997295807020e-01
1.500892475621889988e-01
1.500942315318630205e-01
1.501021180348392492e-01
1.501145858576660996e-01
1.501342674373827291e-01
1.501652647785964856e-01
1.502139063326517754e-01
1.502898010163592202e-01
1.504071700378580845e-01
1.505862051434401216e-01
1.508536711378770379e-01
1.512410558914893122e-01
1.517776702730999350e-01
1.524768694426594240e-01
1.533186939275402727e-01
1.542409487074537511e-01
1.551524789599886822e-01
