3.398760416286400465e-01
3.439907746792884025e-01
3.501226639745173563e-01
3.589767508102996718e-01
3.712027465676066007e-01
3.870959311120976132e-01
4.062294794915645157e-01
4.272628054958507726e-01
4.482015507553447908e-01
4.670796955282128238e-01
4.826271036208180654e-01
4.944952459355896335e-01
5.030350750408866256e-01
5.089199538175968041e-01
5.128546524333205126e-01
5.154323429280848190e-01
5.170984758524335145e-01
5.181660454324621412e-01
5.188462593442054738e-01
5.192781152936887246e-01
