2.137720298157108449e-03
2.138092335533717421e-03
2.138670819868540313e-03
2.139560661740471867e-03
2.140906987519951375e-03
2.142893832860762442e-03
2.145720657131622387e-03
2.149540210879122022e-03
2.154356355417046988e-03
2.159926366470645009e-03
2.165759360501923192e-03
2.171265820518771764e-03
2.175977772544225586e-03
2.179682679024864608e-03
2.182406623638684980e-03
2.184312059280343540e-03
2.185598976057218524e-03
2.186447677934893769e-03
2.186998619426392450e-03
2.187352611772751861e-03
