8.170187186650743061e-02
8.223588222887659449e-02
8.305838422944616939e-02
8.430554433674820880e-02
8.615284464138429910e-02
8.879751648231973271e-02
9.240776911463487175e-02
9.703385549990985182e-02
1.025104150466677883e-01
1.084230594998745051e-01
1.142050778027785957e-01
1.193343022670902698e-01
1.235015371615342250e-01
1.266490225231999556e-01
1.288962181246773586e-01
1.304363267267217019e-01
1.314622475332504481e-01
1.321326989791463125e-01
1.325653650503933467e-01
1.328423098458109408e-01
