1.784735107080640979e-03
1.785044802991954567e-03
1.785288278216791294e-03
1.785467268958818108e-03
1.785592465732316336e-03
1.785677018110169885e-03
1.785732777064132819e-03
1.785768972551144513e-03
1.785792228602881872e-03
1.785807072495899190e-03
1.785816507145276911e-03
1.785822487641477605e-03
1.785826272144735690e-03
1.785828664426102183e-03
1.785830175617783957e-03
1.785831129818630332e-03
1.785831732158930799e-03
1.785832112321608179e-03
1.785832352232503365e-03
1.785832503623748825e-03
