2.420816016925986247e-01
2.420816023871493750e-01
2.420816034880677869e-01
2.420816052326570933e-01
2.420816079977183566e-01
2.420816123798141262e-01
2.420816193252017801e-01
2.420816303327209540e-01
2.420816477774686559e-01
2.420816754240738833e-01
2.420817192365579407e-01
2.420817886647736727e-01
2.420818986744371071e-01
2.420820729625577650e-01
2.420823490257072996e-01
2.420827861430896455e-01
2.420834778904706330e-01
2.420845716405159997e-01
2.420862986267547090e-01
2.420890195318044225e-01
