1.402920746856981538e-01
1.460476962850311144e-01
1.522428807595971045e-01
1.582701844014291204e-01
1.635827903429976915e-01
1.678707079198505092e-01
1.710905068846768629e-01
1.733786713563018889e-01
1.749414877363511256e-01
1.759800396525405819e-01
1.766576475303094085e-01
1.770944656495899716e-01
1.773738747214712308e-01
1.775517074853188715e-01
1.776645312907741969e-01
1.777359664257645300e-01
1.777811381678892633e-01
1.778096792209109267e-01
1.778277032050508966e-01
1.778390818661372552e-01
