1.706024866632314119e-01
1.799868609169301970e-01
1.906449554196482377e-01
2.016414378570569044e-01
2.119161884851438471e-01
2.206569841566870527e-01
2.275114749430039995e-01
2.325470674011310968e-01
2.360697180443914467e-01
2.384496777155717118e-01
2.400197784443156290e-01
2.410393146696441502e-01
2.416945268357570953e-01
2.421128005890977042e-01
2.423786788649038293e-01
2.425472266756102668e-01
2.426538895556355213e-01
2.427213157280217748e-01
2.427639092274578858e-01
2.427908040282898416e-01
