1.430550800610326133e-03
1.487612176370668423e-03
1.527470586755389024e-03
1.554388958527638852e-03
1.572147567624155662e-03
1.583680363232308234e-03
1.591092898178739831e-03
1.595825364447949184e-03
1.598833794575843731e-03
1.600741014079335063e-03
1.601948006050191121e-03
1.602711012739714601e-03
1.603193014677930898e-03
1.603497367529461677e-03
1.603689492931914626e-03
1.603810752412942282e-03
1.603887276524834085e-03
1.603935565775435309e-03
1.603966036536407002e-03
1.603985263207137121e-03
