1.556384315320670899e-03
1.576739177915207268e-03
1.590109122085592861e-03
1.598766370136435119e-03
1.604319969393808816e-03
1.607861192738667833e-03
1.610110548759661727e-03
1.611535819711750177e-03
1.612437516385285862e-03
1.613007411997494783e-03
1.613367376252743471e-03
1.613594651607345868e-03
1.613738113732042859e-03
1.613828656539709845e-03
1.613885794877154998e-03
1.613921850588555251e-03
1.613944601740516542e-03
1.613958957358449650e-03
1.613968015384578290e-03
1.613973730709534864e-03
