1.814622152017611608e-05
1.815232060120611733e-05
1.815962509079521646e-05
1.816757897251894901e-05
1.817539058707545743e-05
1.818232224922797647e-05
1.818794067903624944e-05
1.819216984211850303e-05
1.819517927041390038e-05
1.819723612721950467e-05
1.819860348097016321e-05
1.819949578845344337e-05
1.820007107273970934e-05
1.820043907316791837e-05
1.820067329898115594e-05
1.820082190376299354e-05
1.820091599505359621e-05
1.820097549379723231e-05
1.820101308732295718e-05
1.820103682811377100e-05
