1.546062704421881026e-03
1.566034146330261495e-03
1.579147000461363515e-03
1.587635542864675956e-03
1.593079987651909975e-03
1.596551228279045930e-03
1.598755977453495845e-03
1.600152921772264071e-03
1.601036672692472164e-03
1.601595216155162057e-03
1.601948006050191121e-03
1.602170750047393968e-03
1.602311351228550944e-03
1.602400088165695582e-03
1.602456086782252107e-03
1.602491423261448184e-03
1.602513720562017026e-03
1.602527789800536895e-03
1.602536667126092324e-03
1.602542268433755244e-03
