# Joint fisher CMB T E + phi lensing used 
# lmax=3000 
#  lmin=2 
#  l_t_max=3000 
#  fsky=0.5 
#  lensed=False 
#  data_folder=varying_lambda/run1 
# 
3.447638904788394992e-02 2.437408861982033256e-02 5.237052052577791583e-04 5.642681017307121100e-04 2.000429639998826687e-03 nan nan 7.820652240895837118e-03 nan
2.437408861986870012e-02 3.917851055918063902e-02 1.059215585984262051e-03 4.392361414691089636e-03 2.370220824823833505e-03 3.902217157756934611e-03 1.184805531292014089e-02 9.221747940158619983e-03 nan
5.237052052598134468e-04 1.059215585984515972e-03 4.043593763993961034e-05 1.082092788299937283e-04 1.299775099842298433e-05 9.785087541811335907e-05 3.281232944992810703e-04 2.028218715402688567e-04 nan
5.642681017595894011e-04 4.392361414692659560e-03 1.082092788300169031e-04 8.309870249227769949e-04 5.362414513918539261e-04 nan 1.586736201098086583e-03 2.503403627428499637e-04 nan
2.000429639998853575e-03 2.370220824821840308e-03 1.299775099809776434e-05 5.362414513917221955e-04 4.461612399777773277e-04 5.050611552347635284e-04 1.590414165076968218e-03 nan nan
nan 3.902217157755152616e-03 9.785087541808380101e-05 nan 5.050611552345758530e-04 2.887451589579499017e-03 5.837844562342387952e-03 1.420316347991861915e-03 2.112088139120955887e-03
nan 1.184805531292409432e-02 3.281232944993968089e-04 1.586736201098156405e-03 1.590414165076939812e-03 5.837844562342427851e-03 1.292875245466085232e-02 1.837475258613093269e-03 1.002746594295443952e-02
7.820652240902370086e-03 9.221747940155010023e-03 2.028218715400632107e-04 2.503403627398262865e-04 nan 1.420316347992181755e-03 1.837475258611058005e-03 2.983829804297245467e-03 nan
nan nan nan nan nan 2.112088139102649351e-03 1.002746594296484266e-02 nan 1.158303187437425552e-01
