  0.989316E-05  0.201753E+08  0.201753E+08  0.268889E+08  0.268886E+08  0.201765E+08  0.201753E+08  0.201753E+08  0.201821E+08 -0.482789E+00  0.111970E+08  0.111970E+08  0.547463E+01
  0.108319E-04  0.201753E+08  0.201753E+08  0.268866E+08  0.268862E+08  0.201765E+08  0.201753E+08  0.201753E+08  0.201821E+08 -0.482789E+00  0.111970E+08  0.111970E+08  0.599400E+01
  0.118598E-04  0.201753E+08  0.201753E+08  0.268839E+08  0.268834E+08  0.201765E+08  0.201753E+08  0.201753E+08  0.201821E+08 -0.482788E+00  0.111970E+08  0.111970E+08  0.656261E+01
  0.129852E-04  0.201753E+08  0.201753E+08  0.268806E+08  0.268800E+08  0.201765E+08  0.201753E+08  0.201753E+08  0.201821E+08 -0.482788E+00  0.111969E+08  0.111969E+08  0.718512E+01
  0.142174E-04  0.201753E+08  0.201753E+08  0.268766E+08  0.268759E+08  0.201765E+08  0.201753E+08  0.201753E+08  0.201821E+08 -0.482788E+00  0.111969E+08  0.111969E+08  0.786663E+01
  0.155665E-04  0.201753E+08  0.201753E+08  0.268719E+08  0.268710E+08  0.201765E+08  0.201753E+08  0.201753E+08  0.201821E+08 -0.482788E+00  0.111969E+08  0.111969E+08  0.861272E+01
  0.170437E-04  0.201753E+08  0.201753E+08  0.268662E+08  0.268652E+08  0.201764E+08  0.201753E+08  0.201753E+08  0.201821E+08 -0.482787E+00  0.111969E+08  0.111969E+08  0.942948E+01
  0.186610E-04  0.201753E+08  0.201753E+08  0.268594E+08  0.268582E+08  0.201764E+08  0.201753E+08  0.201753E+08  0.201820E+08 -0.482787E+00  0.111969E+08  0.111969E+08  0.103236E+02
  0.204318E-04  0.201752E+08  0.201752E+08  0.268512E+08  0.268498E+08  0.201764E+08  0.201753E+08  0.201752E+08  0.201820E+08 -0.482787E+00  0.111969E+08  0.111969E+08  0.113023E+02
  0.223706E-04  0.201752E+08  0.201752E+08  0.268415E+08  0.268397E+08  0.201764E+08  0.201752E+08  0.201752E+08  0.201820E+08 -0.482786E+00  0.111969E+08  0.111969E+08  0.123737E+02
  0.244934E-04  0.201752E+08  0.201752E+08  0.268297E+08  0.268277E+08  0.201763E+08  0.201752E+08  0.201752E+08  0.201820E+08 -0.482785E+00  0.111969E+08  0.111969E+08  0.135463E+02
  0.268176E-04  0.201752E+08  0.201752E+08  0.268157E+08  0.268132E+08  0.201763E+08  0.201752E+08  0.201752E+08  0.201820E+08 -0.482785E+00  0.111969E+08  0.111969E+08  0.148297E+02
  0.293624E-04  0.201752E+08  0.201752E+08  0.267989E+08  0.267959E+08  0.201762E+08  0.201752E+08  0.201752E+08  0.201819E+08 -0.482784E+00  0.111969E+08  0.111969E+08  0.162343E+02
  0.321487E-04  0.201751E+08  0.201751E+08  0.267788E+08  0.267752E+08  0.201761E+08  0.201751E+08  0.201751E+08  0.201819E+08 -0.482783E+00  0.111968E+08  0.111968E+08  0.177713E+02
  0.351994E-04  0.201751E+08  0.201751E+08  0.267546E+08  0.267504E+08  0.201761E+08  0.201751E+08  0.201751E+08  0.201818E+08 -0.482781E+00  0.111968E+08  0.111968E+08  0.194531E+02
  0.385395E-04  0.201750E+08  0.201750E+08  0.267257E+08  0.267206E+08  0.201760E+08  0.201750E+08  0.201750E+08  0.201818E+08 -0.482780E+00  0.111968E+08  0.111968E+08  0.212931E+02
  0.421966E-04  0.201750E+08  0.201750E+08  0.266911E+08  0.266850E+08  0.201759E+08  0.201750E+08  0.201750E+08  0.201817E+08 -0.482778E+00  0.111968E+08  0.111968E+08  0.233058E+02
  0.462008E-04  0.201749E+08  0.201749E+08  0.266497E+08  0.266423E+08  0.201757E+08  0.201749E+08  0.201749E+08  0.201816E+08 -0.482776E+00  0.111967E+08  0.111967E+08  0.255070E+02
  0.505849E-04  0.201748E+08  0.201748E+08  0.266001E+08  0.265913E+08  0.201755E+08  0.201748E+08  0.201748E+08  0.201815E+08 -0.482773E+00  0.111967E+08  0.111967E+08  0.279139E+02
  0.553850E-04  0.201747E+08  0.201747E+08  0.265407E+08  0.265302E+08  0.201753E+08  0.201747E+08  0.201747E+08  0.201814E+08 -0.482770E+00  0.111966E+08  0.111966E+08  0.305450E+02
  0.606406E-04  0.201746E+08  0.201745E+08  0.264698E+08  0.264572E+08  0.201751E+08  0.201746E+08  0.201746E+08  0.201812E+08 -0.482766E+00  0.111965E+08  0.111965E+08  0.334203E+02
  0.663949E-04  0.201744E+08  0.201744E+08  0.263849E+08  0.263699E+08  0.201748E+08  0.201744E+08  0.201744E+08  0.201811E+08 -0.482761E+00  0.111964E+08  0.111964E+08  0.365612E+02
  0.726953E-04  0.201742E+08  0.201742E+08  0.262835E+08  0.262656E+08  0.201745E+08  0.201742E+08  0.201742E+08  0.201808E+08 -0.482756E+00  0.111963E+08  0.111963E+08  0.399906E+02
  0.795935E-04  0.201740E+08  0.201740E+08  0.261624E+08  0.261410E+08  0.201741E+08  0.201740E+08  0.201740E+08  0.201806E+08 -0.482749E+00  0.111962E+08  0.111962E+08  0.437331E+02
  0.871463E-04  0.201737E+08  0.201737E+08  0.260180E+08  0.259924E+08  0.201736E+08  0.201737E+08  0.201737E+08  0.201803E+08 -0.482741E+00  0.111961E+08  0.111960E+08  0.478145E+02
  0.954158E-04  0.201734E+08  0.201734E+08  0.258458E+08  0.258153E+08  0.201730E+08  0.201734E+08  0.201734E+08  0.201799E+08 -0.482731E+00  0.111959E+08  0.111959E+08  0.522620E+02
  0.104470E-03  0.201730E+08  0.201730E+08  0.256407E+08  0.256044E+08  0.201723E+08  0.201730E+08  0.201730E+08  0.201795E+08 -0.482720E+00  0.111957E+08  0.111956E+08  0.571038E+02
  0.114383E-03  0.201726E+08  0.201725E+08  0.253969E+08  0.253537E+08  0.201714E+08  0.201725E+08  0.201726E+08  0.201789E+08 -0.482706E+00  0.111954E+08  0.111954E+08  0.623689E+02
  0.125238E-03  0.201720E+08  0.201719E+08  0.251074E+08  0.250561E+08  0.201704E+08  0.201720E+08  0.201720E+08  0.201783E+08 -0.482690E+00  0.111951E+08  0.111951E+08  0.680864E+02
  0.137122E-03  0.201714E+08  0.201712E+08  0.247644E+08  0.247036E+08  0.201692E+08  0.201713E+08  0.201713E+08  0.201776E+08 -0.482670E+00  0.111947E+08  0.111947E+08  0.742848E+02
  0.150133E-03  0.201706E+08  0.201704E+08  0.243589E+08  0.242871E+08  0.201677E+08  0.201705E+08  0.201705E+08  0.201767E+08 -0.482647E+00  0.111943E+08  0.111942E+08  0.809914E+02
  0.164380E-03  0.201696E+08  0.201695E+08  0.238810E+08  0.237962E+08  0.201659E+08  0.201696E+08  0.201696E+08  0.201756E+08 -0.482619E+00  0.111937E+08  0.111937E+08  0.882305E+02
  0.179978E-03  0.201685E+08  0.201683E+08  0.233195E+08  0.232198E+08  0.201638E+08  0.201684E+08  0.201685E+08  0.201743E+08 -0.482585E+00  0.111931E+08  0.111931E+08  0.960217E+02
  0.197057E-03  0.201671E+08  0.201669E+08  0.226625E+08  0.225459E+08  0.201613E+08  0.201671E+08  0.201671E+08  0.201728E+08 -0.482546E+00  0.111923E+08  0.111923E+08  0.104378E+03
  0.215756E-03  0.201655E+08  0.201653E+08  0.218976E+08  0.217617E+08  0.201583E+08  0.201655E+08  0.201655E+08  0.201710E+08 -0.482498E+00  0.111914E+08  0.111914E+08  0.113303E+03
  0.236230E-03  0.201636E+08  0.201633E+08  0.210123E+08  0.208550E+08  0.201547E+08  0.201635E+08  0.201636E+08  0.201688E+08 -0.482442E+00  0.111903E+08  0.111903E+08  0.122786E+03
  0.258646E-03  0.201613E+08  0.201610E+08  0.199951E+08  0.198141E+08  0.201504E+08  0.201612E+08  0.201613E+08  0.201662E+08 -0.482375E+00  0.111890E+08  0.111889E+08  0.132801E+03
  0.283190E-03  0.201586E+08  0.201582E+08  0.188364E+08  0.186300E+08  0.201453E+08  0.201584E+08  0.201585E+08  0.201632E+08 -0.482296E+00  0.111875E+08  0.111874E+08  0.143297E+03
  0.310062E-03  0.201553E+08  0.201548E+08  0.175304E+08  0.172976E+08  0.201392E+08  0.201552E+08  0.201553E+08  0.201596E+08 -0.482202E+00  0.111857E+08  0.111855E+08  0.154197E+03
  0.339485E-03  0.201515E+08  0.201509E+08  0.160773E+08  0.158180E+08  0.201319E+08  0.201513E+08  0.201514E+08  0.201553E+08 -0.482092E+00  0.111835E+08  0.111833E+08  0.165388E+03
  0.371699E-03  0.201469E+08  0.201462E+08  0.144859E+08  0.142015E+08  0.201231E+08  0.201466E+08  0.201468E+08  0.201503E+08 -0.481962E+00  0.111809E+08  0.111807E+08  0.176717E+03
  0.406971E-03  0.201414E+08  0.201406E+08  0.127764E+08  0.124705E+08  0.201128E+08  0.201411E+08  0.201413E+08  0.201443E+08 -0.481809E+00  0.111778E+08  0.111776E+08  0.187986E+03
  0.445589E-03  0.201350E+08  0.201340E+08  0.109835E+08  0.106622E+08  0.201004E+08  0.201346E+08  0.201349E+08  0.201374E+08 -0.481631E+00  0.111741E+08  0.111739E+08  0.198946E+03
  0.487872E-03  0.201274E+08  0.201263E+08  0.915813E+07  0.883080E+07  0.200858E+08  0.201270E+08  0.201272E+08  0.201293E+08 -0.481423E+00  0.111698E+08  0.111695E+08  0.209301E+03
  0.534167E-03  0.201185E+08  0.201171E+08  0.736777E+07  0.704687E+07  0.200685E+08  0.201179E+08  0.201183E+08  0.201198E+08 -0.481182E+00  0.111648E+08  0.111644E+08  0.218711E+03
  0.584856E-03  0.201079E+08  0.201064E+08  0.569282E+07  0.539361E+07  0.200479E+08  0.201073E+08  0.201077E+08  0.201087E+08 -0.480903E+00  0.111588E+08  0.111584E+08  0.226809E+03
  0.640354E-03  0.200956E+08  0.200939E+08  0.421821E+07  0.395738E+07  0.200237E+08  0.200949E+08  0.200954E+08  0.200960E+08 -0.480581E+00  0.111518E+08  0.111514E+08  0.233218E+03
  0.701119E-03  0.200813E+08  0.200793E+08  0.301898E+07  0.281220E+07  0.199950E+08  0.200804E+08  0.200810E+08  0.200812E+08 -0.480212E+00  0.111437E+08  0.111432E+08  0.237589E+03
  0.767649E-03  0.200646E+08  0.200623E+08  0.214103E+07  0.199942E+07  0.199614E+08  0.200636E+08  0.200642E+08  0.200641E+08 -0.479789E+00  0.111342E+08  0.111337E+08  0.239635E+03
  0.840493E-03  0.200452E+08  0.200426E+08  0.158150E+07  0.150766E+07  0.199219E+08  0.200440E+08  0.200448E+08  0.200444E+08 -0.479305E+00  0.111233E+08  0.111227E+08  0.239169E+03
  0.920250E-03  0.200228E+08  0.200199E+08  0.127808E+07  0.126303E+07  0.198756E+08  0.200214E+08  0.200224E+08  0.200218E+08 -0.478752E+00  0.111106E+08  0.111100E+08  0.236129E+03
  0.100757E-02  0.199970E+08  0.199938E+08  0.111890E+07  0.114203E+07  0.198216E+08  0.199954E+08  0.199965E+08  0.199957E+08 -0.478120E+00  0.110961E+08  0.110954E+08  0.230578E+03
  0.110319E-02  0.199673E+08  0.199639E+08  0.980910E+06  0.101482E+07  0.197586E+08  0.199655E+08  0.199668E+08  0.199657E+08 -0.477398E+00  0.110794E+08  0.110786E+08  0.222683E+03
  0.120787E-02  0.199333E+08  0.199296E+08  0.787960E+06  0.808143E+06  0.196853E+08  0.199312E+08  0.199327E+08  0.199314E+08 -0.476572E+00  0.110603E+08  0.110595E+08  0.212669E+03
  0.132249E-02  0.198944E+08  0.198905E+08  0.554003E+06  0.549343E+06  0.196004E+08  0.198919E+08  0.198938E+08  0.198921E+08 -0.475629E+00  0.110385E+08  0.110377E+08  0.200795E+03
  0.144798E-02  0.198500E+08  0.198459E+08  0.363678E+06  0.340635E+06  0.195025E+08  0.198472E+08  0.198494E+08  0.198473E+08 -0.474555E+00  0.110136E+08  0.110128E+08  0.187364E+03
  0.158538E-02  0.197994E+08  0.197953E+08  0.279738E+06  0.254994E+06  0.193900E+08  0.197962E+08  0.197988E+08  0.197963E+08 -0.473333E+00  0.109853E+08  0.109845E+08  0.172786E+03
  0.173582E-02  0.197420E+08  0.197378E+08  0.259021E+06  0.245159E+06  0.192615E+08  0.197383E+08  0.197414E+08  0.197384E+08 -0.471946E+00  0.109532E+08  0.109523E+08  0.157617E+03
  0.190054E-02  0.196769E+08  0.196727E+08  0.202820E+06 -0.903219E+05  0.191152E+08  0.196727E+08  0.196763E+08  0.196728E+08 -0.470375E+00  0.109168E+08  0.109160E+08  0.142508E+03
  0.208089E-02  0.196034E+08  0.195991E+08  0.110266E+06 -0.750586E+05  0.189497E+08  0.195986E+08  0.196027E+08  0.195986E+08 -0.468600E+00  0.108757E+08  0.108749E+08  0.128078E+03
  0.227835E-02  0.195204E+08  0.195161E+08  0.760510E+05 -0.623455E+05  0.187636E+08  0.195150E+08  0.195197E+08  0.195150E+08 -0.466598E+00  0.108293E+08  0.108285E+08  0.114836E+03
  0.249454E-02  0.194270E+08  0.194227E+08  0.863325E+05 -0.517587E+05  0.185556E+08  0.194209E+08  0.194263E+08  0.194209E+08 -0.464348E+00  0.107771E+08  0.107764E+08  0.103169E+03
  0.273126E-02  0.193223E+08  0.193180E+08  0.518967E+05 -0.429441E+05  0.183249E+08  0.193154E+08  0.193216E+08  0.193154E+08 -0.461824E+00  0.107187E+08  0.107179E+08  0.932553E+02
  0.299043E-02  0.192052E+08  0.192007E+08  0.310222E+05 -0.356075E+05  0.180707E+08  0.191974E+08  0.192045E+08  0.191974E+08 -0.459002E+00  0.106533E+08  0.106525E+08  0.849342E+02
  0.327420E-02  0.190746E+08  0.190700E+08  0.337260E+05 -0.295031E+05  0.177927E+08  0.190659E+08  0.190739E+08  0.190659E+08 -0.455858E+00  0.105804E+08  0.105796E+08  0.777928E+02
  0.358490E-02  0.189296E+08  0.189247E+08  0.123944E+05 -0.244259E+05  0.174904E+08  0.189198E+08  0.189288E+08  0.189198E+08 -0.452365E+00  0.104995E+08  0.104987E+08  0.713208E+02
  0.392508E-02  0.187690E+08  0.187639E+08  0.119874E+05 -0.202050E+05  0.171637E+08  0.187582E+08  0.187682E+08  0.187582E+08 -0.448499E+00  0.104099E+08  0.104091E+08  0.651001E+02
  0.429754E-02  0.185919E+08  0.185865E+08  0.300951E+04 -0.166978E+05  0.168118E+08  0.185799E+08  0.185910E+08  0.185799E+08 -0.444236E+00  0.103111E+08  0.103103E+08  0.590428E+02
  0.470534E-02  0.183971E+08  0.183914E+08  0.874846E+04 -0.137853E+05  0.164337E+08  0.183839E+08  0.183962E+08  0.183839E+08 -0.439551E+00  0.102025E+08  0.102018E+08  0.533612E+02
  0.515184E-02  0.181837E+08  0.181777E+08  0.658394E+04 -0.113683E+05  0.160280E+08  0.181692E+08  0.181828E+08  0.181692E+08 -0.434418E+00  0.100836E+08  0.100828E+08  0.483370E+02
  0.564071E-02  0.179506E+08  0.179441E+08 -0.117658E+03 -0.936376E+04  0.155926E+08  0.179348E+08  0.179496E+08  0.179348E+08 -0.428812E+00  0.995370E+07  0.995295E+07  0.439946E+02
  0.617597E-02  0.176968E+08  0.176898E+08  0.231990E+04 -0.770265E+04  0.151269E+08  0.176796E+08  0.176957E+08  0.176796E+08 -0.422710E+00  0.981230E+07  0.981156E+07  0.400662E+02
  0.676202E-02  0.174220E+08  0.174143E+08  0.105344E+04 -0.632749E+04  0.146210E+08  0.174032E+08  0.174208E+08  0.174032E+08 -0.416101E+00  0.965915E+07  0.965841E+07  0.363393E+02
  0.740369E-02  0.171237E+08  0.171153E+08  0.151428E+04 -0.518960E+04  0.140913E+08  0.171034E+08  0.171224E+08  0.171034E+08 -0.408932E+00  0.949303E+07  0.949230E+07  0.329182E+02
  0.810624E-02  0.168017E+08  0.167924E+08 -0.412105E+03 -0.424918E+04  0.135353E+08  0.167798E+08  0.168003E+08  0.167798E+08 -0.401195E+00  0.931373E+07  0.931300E+07  0.299342E+02
  0.887546E-02  0.164548E+08  0.164445E+08  0.106575E+04 -0.347277E+04  0.129526E+08  0.164312E+08  0.164532E+08  0.164312E+08 -0.392861E+00  0.912058E+07  0.911986E+07  0.272273E+02
  0.971768E-02  0.160824E+08  0.160708E+08 -0.146798E+04 -0.283258E+04  0.123435E+08  0.160571E+08  0.160806E+08  0.160571E+08 -0.383916E+00  0.891327E+07  0.891255E+07  0.247241E+02
  0.106398E-01  0.156833E+08  0.156704E+08 -0.917182E+03 -0.230534E+04  0.117093E+08  0.156564E+08  0.156813E+08  0.156564E+08 -0.374335E+00  0.869119E+07  0.869047E+07  0.225180E+02
  0.116494E-01  0.152565E+08  0.152419E+08 -0.134599E+03 -0.187168E+04  0.110557E+08  0.152279E+08  0.152543E+08  0.152279E+08 -0.364091E+00  0.845373E+07  0.845301E+07  0.205151E+02
  0.127549E-01  0.148012E+08  0.147847E+08 -0.700183E+03 -0.151554E+04  0.103883E+08  0.147710E+08  0.147987E+08  0.147710E+08 -0.353165E+00  0.820045E+07  0.819974E+07  0.187084E+02
  0.139652E-01  0.143166E+08  0.142980E+08 -0.765018E+03 -0.122355E+04  0.970802E+07  0.142848E+08  0.143138E+08  0.142848E+08 -0.341542E+00  0.793098E+07  0.793026E+07  0.170919E+02
  0.152904E-01  0.138022E+08  0.137812E+08 -0.665236E+03 -0.984593E+03  0.901693E+07  0.137689E+08  0.137989E+08  0.137689E+08 -0.329207E+00  0.764496E+07  0.764424E+07  0.156322E+02
  0.167414E-01  0.132575E+08  0.132338E+08 -0.606677E+03 -0.789425E+03  0.832141E+07  0.132229E+08  0.132538E+08  0.132229E+08 -0.316151E+00  0.734220E+07  0.734148E+07  0.143158E+02
  0.183300E-01  0.126827E+08  0.126560E+08 -0.238541E+03 -0.630397E+03  0.762636E+07  0.126468E+08  0.126786E+08  0.126468E+08 -0.302378E+00  0.702277E+07  0.702205E+07  0.131274E+02
  0.200694E-01  0.120785E+08  0.120486E+08 -0.290505E+03 -0.501168E+03  0.693790E+07  0.120416E+08  0.120739E+08  0.120416E+08 -0.287908E+00  0.668714E+07  0.668641E+07  0.120392E+02
  0.219738E-01  0.114468E+08  0.114136E+08 -0.195914E+03 -0.396489E+03  0.626062E+07  0.114091E+08  0.114416E+08  0.114091E+08 -0.272785E+00  0.633629E+07  0.633556E+07  0.110368E+02
  0.240589E-01  0.107906E+08  0.107540E+08 -0.971809E+02 -0.312018E+03  0.560133E+07  0.107524E+08  0.107849E+08  0.107524E+08 -0.257083E+00  0.597197E+07  0.597124E+07  0.101006E+02
  0.263420E-01  0.101148E+08  0.100749E+08 -0.229915E+03 -0.244167E+03  0.496704E+07  0.100763E+08  0.101086E+08  0.100763E+08 -0.240919E+00  0.559689E+07  0.559616E+07  0.921036E+01
  0.288416E-01  0.942644E+07  0.938358E+07 -0.114950E+03 -0.189966E+03  0.436412E+07  0.938803E+07  0.941979E+07  0.938803E+07 -0.224462E+00  0.521495E+07  0.521423E+07  0.834854E+01
  0.315784E-01  0.873497E+07  0.868978E+07 -0.833457E+02 -0.146958E+03  0.379961E+07  0.869701E+07  0.872797E+07  0.869701E+07 -0.207940E+00  0.483145E+07  0.483074E+07  0.749756E+01
  0.345750E-01  0.805248E+07  0.800588E+07 -0.125993E+03 -0.113102E+03  0.327938E+07  0.801531E+07  0.804525E+07  0.801531E+07 -0.191641E+00  0.445307E+07  0.445238E+07  0.664676E+01
  0.378559E-01  0.739314E+07  0.734639E+07 -0.483528E+02 -0.866925E+02  0.280894E+07  0.735713E+07  0.738589E+07  0.735713E+07 -0.175905E+00  0.408771E+07  0.408705E+07  0.578998E+01
  0.414481E-01  0.677216E+07  0.672683E+07 -0.455117E+02 -0.662980E+02  0.239177E+07  0.673766E+07  0.676514E+07  0.673766E+07 -0.161093E+00  0.374379E+07  0.374318E+07  0.493015E+01
  0.453812E-01  0.620369E+07  0.616151E+07 -0.296975E+02 -0.507053E+02  0.202927E+07  0.617097E+07  0.619715E+07  0.617097E+07 -0.147544E+00  0.342915E+07  0.342860E+07  0.408054E+01
  0.492212E-01  0.574732E+07  0.570938E+07 -0.329830E+02 -0.399633E+02  0.174973E+07  0.571636E+07  0.574144E+07  0.571636E+07 -0.136675E+00  0.317673E+07  0.317624E+07  0.334843E+01
  0.530612E-01  0.537270E+07  0.533966E+07  0.865554E+02 -0.321712E+02  0.152656E+07  0.534345E+07  0.536758E+07  0.534345E+07 -0.127759E+00  0.296966E+07  0.296922E+07  0.271861E+01
  0.569011E-01  0.505951E+07  0.503150E+07  0.708650E+02 -0.263636E+02  0.134508E+07  0.503186E+07  0.505517E+07  0.503186E+07 -0.120309E+00  0.279663E+07  0.279626E+07  0.219387E+01
  0.607411E-01  0.479338E+07  0.477005E+07  0.589072E+02 -0.219333E+02  0.119513E+07  0.476718E+07  0.478976E+07  0.476718E+07 -0.113980E+00  0.264965E+07  0.264932E+07  0.177375E+01
  0.645810E-01  0.455898E+07  0.453964E+07  0.495545E+02 -0.184651E+02  0.106835E+07  0.453407E+07  0.455599E+07  0.453407E+07 -0.108407E+00  0.252019E+07  0.251991E+07  0.145228E+01
  0.684210E-01  0.434280E+07  0.432650E+07  0.420482E+02 -0.156792E+02  0.958414E+06  0.431903E+07  0.434028E+07  0.431903E+07 -0.103265E+00  0.240075E+07  0.240050E+07  0.121892E+01
  0.722609E-01  0.413481E+07  0.412051E+07  0.358863E+02 -0.133905E+02  0.860956E+06  0.411204E+07  0.413259E+07  0.411204E+07 -0.983164E-01  0.228578E+07  0.228555E+07  0.105971E+01
  0.761009E-01  0.392945E+07  0.391614E+07  0.307430E+02 -0.114786E+02  0.773309E+06  0.390757E+07  0.392739E+07  0.390757E+07 -0.934277E-01  0.217220E+07  0.217198E+07  0.958777E+00
  0.799408E-01  0.372555E+07  0.371237E+07  0.264088E+02 -0.986626E+01  0.694083E+06  0.370448E+07  0.372351E+07  0.370448E+07 -0.885718E-01  0.205936E+07  0.205915E+07  0.899893E+00
  0.837808E-01  0.352417E+07  0.351047E+07  0.227382E+02 -0.849978E+01  0.622500E+06  0.350383E+07  0.352204E+07  0.350383E+07 -0.837745E-01  0.194788E+07  0.194766E+07  0.867566E+00
  0.876207E-01  0.332739E+07  0.331282E+07  0.196230E+02 -0.733924E+01  0.558056E+06  0.330774E+07  0.332513E+07  0.330774E+07 -0.790862E-01  0.183892E+07  0.183870E+07  0.848177E+00
  0.914607E-01  0.313846E+07  0.312292E+07  0.169828E+02 -0.635502E+01  0.500473E+06  0.311950E+07  0.313605E+07  0.311950E+07 -0.745853E-01  0.173431E+07  0.173408E+07  0.830902E+00
  0.953006E-01  0.296132E+07  0.294495E+07  0.147552E+02 -0.552409E+01  0.449581E+06  0.294302E+07  0.295879E+07  0.294302E+07 -0.703659E-01  0.163624E+07  0.163601E+07  0.808180E+00
  0.100449E+00  0.274838E+07  0.273143E+07  0.123228E+02 -0.461611E+01  0.391416E+06  0.273096E+07  0.274576E+07  0.273096E+07 -0.652957E-01  0.151839E+07  0.151816E+07  0.762104E+00
  0.105597E+00  0.256773E+07  0.255102E+07  0.104153E+02 -0.390354E+01  0.343776E+06  0.255118E+07  0.256514E+07  0.255118E+07 -0.609973E-01  0.141847E+07  0.141825E+07  0.696530E+00
  0.110745E+00  0.241952E+07  0.240387E+07  0.892161E+01 -0.334521E+01  0.305137E+06  0.240383E+07  0.241709E+07  0.240383E+07 -0.574740E-01  0.133657E+07  0.133637E+07  0.616152E+00
  0.115894E+00  0.230020E+07  0.228621E+07  0.774437E+01 -0.290489E+01  0.273770E+06  0.228532E+07  0.229803E+07  0.228532E+07 -0.546405E-01  0.127070E+07  0.127052E+07  0.529658E+00
  0.121042E+00  0.220309E+07  0.219107E+07  0.679984E+01 -0.255145E+01  0.247897E+06  0.218896E+07  0.220123E+07  0.218896E+07 -0.523366E-01  0.121715E+07  0.121699E+07  0.446631E+00
  0.126190E+00  0.211954E+07  0.210942E+07  0.601915E+01 -0.225920E+01  0.225842E+06  0.210609E+07  0.211797E+07  0.210609E+07 -0.503553E-01  0.117109E+07  0.117095E+07  0.375051E+00
  0.131339E+00  0.204120E+07  0.203263E+07  0.535115E+01 -0.200905E+01  0.206266E+06  0.202835E+07  0.203987E+07  0.202835E+07 -0.484967E-01  0.112788E+07  0.112776E+07  0.319811E+00
  0.136487E+00  0.196193E+07  0.195438E+07  0.476247E+01 -0.178853E+01  0.188285E+06  0.194962E+07  0.196076E+07  0.194962E+07 -0.466143E-01  0.108412E+07  0.108401E+07  0.282224E+00
  0.141635E+00  0.187858E+07  0.187148E+07  0.423432E+01 -0.159063E+01  0.171445E+06  0.186676E+07  0.187748E+07  0.186676E+07 -0.446332E-01  0.103806E+07  0.103795E+07  0.260382E+00
  0.146784E+00  0.179108E+07  0.178392E+07  0.375838E+01 -0.141224E+01  0.155637E+06  0.177970E+07  0.178997E+07  0.177970E+07 -0.425516E-01  0.989663E+06  0.989553E+06  0.250135E+00
  0.151932E+00  0.170173E+07  0.169421E+07  0.333246E+01 -0.125255E+01  0.140966E+06  0.169077E+07  0.170057E+07  0.169077E+07 -0.404253E-01  0.940223E+06  0.940111E+06  0.246349E+00
  0.157080E+00  0.161403E+07  0.160604E+07  0.295641E+01 -0.111150E+01  0.127602E+06  0.160346E+07  0.161279E+07  0.160346E+07 -0.383379E-01  0.891686E+06  0.891571E+06  0.244103E+00
  0.162228E+00  0.153161E+07  0.152323E+07  0.262977E+01 -0.988942E+00  0.115690E+06  0.152142E+07  0.153031E+07  0.152142E+07 -0.363763E-01  0.846074E+06  0.845958E+06  0.239608E+00
  0.167377E+00  0.145763E+07  0.144909E+07  0.235082E+01 -0.884243E+00  0.105310E+06  0.144782E+07  0.145630E+07  0.144782E+07 -0.346164E-01  0.805151E+06  0.805035E+06  0.230732E+00
  0.172525E+00  0.139400E+07  0.138560E+07  0.211584E+01 -0.796009E+00  0.964290E+05  0.138455E+07  0.139270E+07  0.138455E+07 -0.331038E-01  0.769976E+06  0.769863E+06  0.217051E+00
  0.177673E+00  0.134070E+07  0.133273E+07  0.191864E+01 -0.721940E+00  0.888866E+05  0.133160E+07  0.133946E+07  0.133160E+07 -0.318379E-01  0.740538E+06  0.740432E+06  0.199534E+00
  0.182822E+00  0.129607E+07  0.128874E+07  0.175180E+01 -0.659253E+00  0.824343E+05  0.128732E+07  0.129494E+07  0.128732E+07 -0.307791E-01  0.715916E+06  0.715817E+06  0.180026E+00
  0.187970E+00  0.125773E+07  0.125113E+07  0.160816E+01 -0.605275E+00  0.768116E+05  0.124929E+07  0.125670E+07  0.124929E+07 -0.298698E-01  0.694771E+06  0.694681E+06  0.160673E+00
  0.193118E+00  0.122300E+07  0.121711E+07  0.148154E+01 -0.557683E+00  0.717790E+05  0.121486E+07  0.122208E+07  0.121486E+07 -0.290465E-01  0.675627E+06  0.675544E+06  0.143379E+00
  0.198266E+00  0.118922E+07  0.118391E+07  0.136681E+01 -0.514552E+00  0.671289E+05  0.118135E+07  0.118839E+07  0.118135E+07 -0.282454E-01  0.656996E+06  0.656919E+06  0.129415E+00
  0.203415E+00  0.115433E+07  0.114942E+07  0.126040E+01 -0.474551E+00  0.627167E+05  0.114672E+07  0.115357E+07  0.114672E+07 -0.274173E-01  0.637740E+06  0.637667E+06  0.119265E+00
  0.208563E+00  0.111752E+07  0.111280E+07  0.116067E+01 -0.437056E+00  0.584822E+05  0.111014E+07  0.111679E+07  0.111014E+07 -0.265428E-01  0.617403E+06  0.617332E+06  0.112676E+00
  0.213711E+00  0.107907E+07  0.107436E+07  0.106732E+01 -0.401954E+00  0.544291E+05  0.107190E+07  0.107834E+07  0.107190E+07 -0.256286E-01  0.596141E+06  0.596071E+06  0.108832E+00
  0.218860E+00  0.103982E+07  0.103503E+07  0.980599E+00 -0.369344E+00  0.505881E+05  0.103287E+07  0.103908E+07  0.103287E+07 -0.246953E-01  0.574435E+06  0.574365E+06  0.106611E+00
  0.224008E+00  0.100097E+07  0.996036E+06  0.900981E+00 -0.339400E+00  0.470002E+05  0.994214E+06  0.100020E+07  0.994214E+06 -0.237711E-01  0.552941E+06  0.552870E+06  0.104862E+00
  0.229156E+00  0.963882E+06  0.958845E+06  0.828982E+00 -0.312316E+00  0.437092E+05  0.957326E+06  0.963102E+06  0.957326E+06 -0.228891E-01  0.532428E+06  0.532358E+06  0.102660E+00
  0.234304E+00  0.929806E+06  0.924738E+06  0.764863E+00 -0.288191E+00  0.407457E+05  0.923440E+06  0.929020E+06  0.923440E+06 -0.220789E-01  0.513585E+06  0.513515E+06  0.994357E-01
  0.239453E+00  0.899456E+06  0.894463E+06  0.708390E+00 -0.266939E+00  0.381133E+05  0.893276E+06  0.898682E+06  0.893276E+06 -0.213577E-01  0.496812E+06  0.496743E+06  0.950232E-01
  0.244601E+00  0.872891E+06  0.868074E+06  0.658820E+00 -0.248280E+00  0.357867E+05  0.866890E+06  0.872145E+06  0.866890E+06 -0.207268E-01  0.482139E+06  0.482073E+06  0.896029E-01
  0.249749E+00  0.849620E+06  0.845055E+06  0.615092E+00 -0.231817E+00  0.337209E+05  0.843791E+06  0.848912E+06  0.843791E+06 -0.201745E-01  0.469294E+06  0.469231E+06  0.835965E-01
  0.254898E+00  0.828774E+06  0.824501E+06  0.576017E+00 -0.217104E+00  0.318610E+05  0.823109E+06  0.828111E+06  0.823109E+06 -0.196800E-01  0.457793E+06  0.457733E+06  0.775295E-01
  0.260046E+00  0.809346E+06  0.805361E+06  0.540473E+00 -0.203719E+00  0.301532E+05  0.803836E+06  0.808728E+06  0.803836E+06 -0.192193E-01  0.447075E+06  0.447019E+06  0.718982E-01
  0.265194E+00  0.790447E+06  0.786712E+06  0.507565E+00 -0.191325E+00  0.285537E+05  0.785085E+06  0.789868E+06  0.785085E+06 -0.187709E-01  0.436648E+06  0.436595E+06  0.670693E-01
  0.270342E+00  0.771439E+06  0.767889E+06  0.476672E+00 -0.179691E+00  0.270326E+05  0.766215E+06  0.770888E+06  0.766215E+06 -0.183198E-01  0.426154E+06  0.426103E+06  0.632223E-01
  0.275491E+00  0.751940E+06  0.748506E+06  0.447414E+00 -0.168673E+00  0.255719E+05  0.746848E+06  0.751408E+06  0.746848E+06 -0.178567E-01  0.415384E+06  0.415334E+06  0.603406E-01
  0.280639E+00  0.731879E+06  0.728497E+06  0.419633E+00 -0.158210E+00  0.241659E+05  0.726912E+06  0.731354E+06  0.726912E+06 -0.173800E-01  0.404297E+06  0.404248E+06  0.582491E-01
  0.285787E+00  0.711524E+06  0.708149E+06  0.393380E+00 -0.148323E+00  0.228205E+05  0.706677E+06  0.711001E+06  0.706677E+06 -0.168962E-01  0.393044E+06  0.392996E+06  0.566787E-01
  0.290936E+00  0.691380E+06  0.687992E+06  0.368816E+00 -0.139071E+00  0.215480E+05  0.686650E+06  0.690855E+06  0.686650E+06 -0.164174E-01  0.381907E+06  0.381859E+06  0.553368E-01
  0.296084E+00  0.671965E+06  0.668567E+06  0.346086E+00 -0.130508E+00  0.203597E+05  0.667348E+06  0.671438E+06  0.667348E+06 -0.159559E-01  0.371172E+06  0.371125E+06  0.539663E-01
  0.301232E+00  0.653665E+06  0.650279E+06  0.325238E+00 -0.122654E+00  0.192615E+05  0.649157E+06  0.653140E+06  0.649157E+06 -0.155210E-01  0.361056E+06  0.361009E+06  0.523893E-01
  0.306380E+00  0.636718E+06  0.633378E+06  0.306240E+00 -0.115496E+00  0.182545E+05  0.632318E+06  0.636200E+06  0.632318E+06 -0.151184E-01  0.351691E+06  0.351645E+06  0.505288E-01
  0.311529E+00  0.621216E+06  0.617957E+06  0.288986E+00 -0.108994E+00  0.173348E+05  0.616920E+06  0.620711E+06  0.616920E+06 -0.147502E-01  0.343128E+06  0.343083E+06  0.484058E-01
  0.316677E+00  0.607064E+06  0.603914E+06  0.273294E+00 -0.103080E+00  0.164942E+05  0.602868E+06  0.606576E+06  0.602868E+06 -0.144142E-01  0.335313E+06  0.335270E+06  0.461144E-01
  0.321825E+00  0.593994E+06  0.590970E+06  0.258924E+00 -0.976635E-01  0.157201E+05  0.589895E+06  0.593525E+06  0.589895E+06 -0.141040E-01  0.328098E+06  0.328056E+06  0.437863E-01
  0.326974E+00  0.581654E+06  0.578759E+06  0.245626E+00 -0.926508E-01  0.149992E+05  0.577648E+06  0.581206E+06  0.577648E+06 -0.138112E-01  0.321287E+06  0.321247E+06  0.415566E-01
  0.332122E+00  0.569719E+06  0.566942E+06  0.233186E+00 -0.879616E-01  0.143200E+05  0.565802E+06  0.569289E+06  0.565802E+06 -0.135280E-01  0.314699E+06  0.314660E+06  0.395349E-01
  0.337270E+00  0.557939E+06  0.555259E+06  0.221446E+00 -0.835360E-01  0.136737E+05  0.554107E+06  0.557524E+06  0.554107E+06 -0.132484E-01  0.308195E+06  0.308157E+06  0.377863E-01
  0.342418E+00  0.546152E+06  0.543545E+06  0.210297E+00 -0.793332E-01  0.130548E+05  0.542401E+06  0.545748E+06  0.542401E+06 -0.129685E-01  0.301685E+06  0.301647E+06  0.363241E-01
  0.347567E+00  0.534296E+06  0.531738E+06  0.199679E+00 -0.753306E-01  0.124603E+05  0.530623E+06  0.533899E+06  0.530623E+06 -0.126869E-01  0.295134E+06  0.295098E+06  0.351152E-01
  0.352715E+00  0.522421E+06  0.519896E+06  0.189579E+00 -0.715233E-01  0.118902E+05  0.518825E+06  0.522030E+06  0.518825E+06 -0.124048E-01  0.288573E+06  0.288537E+06  0.340944E-01
  0.357863E+00  0.510671E+06  0.508167E+06  0.180018E+00 -0.679186E-01  0.113464E+05  0.507149E+06  0.510283E+06  0.507149E+06 -0.121256E-01  0.282079E+06  0.282043E+06  0.331836E-01
  0.363012E+00  0.499224E+06  0.496739E+06  0.171022E+00 -0.645272E-01  0.108314E+05  0.495773E+06  0.498839E+06  0.495773E+06 -0.118536E-01  0.275752E+06  0.275717E+06  0.323084E-01
  0.368160E+00  0.488234E+06  0.485773E+06  0.162608E+00 -0.613549E-01  0.103470E+05  0.484853E+06  0.487853E+06  0.484853E+06 -0.115925E-01  0.269679E+06  0.269644E+06  0.314115E-01
  0.373308E+00  0.477799E+06  0.475371E+06  0.154771E+00 -0.583999E-01  0.989357E+04  0.474486E+06  0.477423E+06  0.474486E+06 -0.113447E-01  0.263913E+06  0.263879E+06  0.304606E-01
  0.378456E+00  0.467957E+06  0.465573E+06  0.147485E+00 -0.556524E-01  0.947006E+04  0.464709E+06  0.467587E+06  0.464709E+06 -0.111109E-01  0.258476E+06  0.258442E+06  0.294502E-01
  0.383605E+00  0.458689E+06  0.456360E+06  0.140709E+00 -0.530969E-01  0.907447E+04  0.455505E+06  0.458328E+06  0.455505E+06 -0.108909E-01  0.253357E+06  0.253324E+06  0.283975E-01
  0.388753E+00  0.449930E+06  0.447663E+06  0.134390E+00 -0.507139E-01  0.870396E+04  0.446809E+06  0.449578E+06  0.446809E+06 -0.106829E-01  0.248520E+06  0.248488E+06  0.273344E-01
  0.393901E+00  0.441577E+06  0.439374E+06  0.128470E+00 -0.484810E-01  0.835523E+04  0.438516E+06  0.441235E+06  0.438516E+06 -0.104847E-01  0.243908E+06  0.243877E+06  0.262979E-01
  0.399050E+00  0.433510E+06  0.431369E+06  0.122890E+00 -0.463763E-01  0.802486E+04  0.430507E+06  0.433178E+06  0.430507E+06 -0.102932E-01  0.239454E+06  0.239423E+06  0.253206E-01
  0.404198E+00  0.425620E+06  0.423534E+06  0.117599E+00 -0.443807E-01  0.770993E+04  0.422673E+06  0.425296E+06  0.422673E+06 -0.101059E-01  0.235097E+06  0.235067E+06  0.244251E-01
  0.409346E+00  0.417832E+06  0.415793E+06  0.112561E+00 -0.424804E-01  0.740835E+04  0.414939E+06  0.417516E+06  0.414939E+06 -0.992095E-02  0.230795E+06  0.230766E+06  0.236204E-01
  0.414494E+00  0.410118E+06  0.408118E+06  0.107755E+00 -0.406675E-01  0.711899E+04  0.407278E+06  0.409808E+06  0.407278E+06 -0.973778E-02  0.226534E+06  0.226506E+06  0.229028E-01
  0.419643E+00  0.402488E+06  0.400519E+06  0.103170E+00 -0.389382E-01  0.684146E+04  0.399699E+06  0.402182E+06  0.399699E+06 -0.955656E-02  0.222319E+06  0.222291E+06  0.222580E-01
  0.424791E+00  0.394972E+06  0.393029E+06  0.988035E-01 -0.372909E-01  0.657573E+04  0.392233E+06  0.394671E+06  0.392233E+06 -0.937805E-02  0.218166E+06  0.218139E+06  0.216654E-01
  0.429939E+00  0.387607E+06  0.385688E+06  0.946516E-01 -0.357248E-01  0.632184E+04  0.384916E+06  0.387309E+06  0.384916E+06 -0.920310E-02  0.214097E+06  0.214070E+06  0.211027E-01
  0.435088E+00  0.380443E+06  0.378548E+06  0.907155E-01 -0.342400E-01  0.608006E+04  0.377799E+06  0.380149E+06  0.377799E+06 -0.903295E-02  0.210139E+06  0.210112E+06  0.205513E-01
  0.440236E+00  0.373527E+06  0.371658E+06  0.869946E-01 -0.328363E-01  0.585056E+04  0.370930E+06  0.373238E+06  0.370930E+06 -0.886870E-02  0.206318E+06  0.206292E+06  0.199987E-01
  0.445384E+00  0.366887E+06  0.365047E+06  0.834833E-01 -0.315116E-01  0.563317E+04  0.364334E+06  0.366602E+06  0.364334E+06 -0.871100E-02  0.202649E+06  0.202624E+06  0.194397E-01
  0.450532E+00  0.360521E+06  0.358714E+06  0.801702E-01 -0.302616E-01  0.542729E+04  0.358012E+06  0.360241E+06  0.358012E+06 -0.855985E-02  0.199133E+06  0.199108E+06  0.188758E-01
  0.455681E+00  0.354409E+06  0.352637E+06  0.770401E-01 -0.290806E-01  0.523209E+04  0.351942E+06  0.354134E+06  0.351942E+06 -0.841473E-02  0.195758E+06  0.195733E+06  0.183133E-01
  0.460829E+00  0.348518E+06  0.346782E+06  0.740761E-01 -0.279622E-01  0.504657E+04  0.346093E+06  0.348249E+06  0.346093E+06 -0.827487E-02  0.192504E+06  0.192480E+06  0.177616E-01
  0.465977E+00  0.342809E+06  0.341109E+06  0.712614E-01 -0.269002E-01  0.486974E+04  0.340424E+06  0.342546E+06  0.340424E+06 -0.813934E-02  0.189351E+06  0.189327E+06  0.172300E-01
  0.471126E+00  0.337245E+06  0.335578E+06  0.685808E-01 -0.258888E-01  0.470067E+04  0.334899E+06  0.336987E+06  0.334899E+06 -0.800724E-02  0.186278E+06  0.186255E+06  0.167261E-01
  0.476274E+00  0.331795E+06  0.330159E+06  0.660214E-01 -0.249230E-01  0.453860E+04  0.329487E+06  0.331541E+06  0.329487E+06 -0.787783E-02  0.183268E+06  0.183245E+06  0.162541E-01
  0.481422E+00  0.326438E+06  0.324830E+06  0.635734E-01 -0.239993E-01  0.438296E+04  0.324167E+06  0.326189E+06  0.324167E+06 -0.775064E-02  0.180309E+06  0.180286E+06  0.158145E-01
  0.486570E+00  0.321166E+06  0.319583E+06  0.612297E-01 -0.231149E-01  0.423336E+04  0.318931E+06  0.320920E+06  0.318931E+06 -0.762544E-02  0.177397E+06  0.177374E+06  0.154044E-01
  0.491719E+00  0.315983E+06  0.314423E+06  0.589864E-01 -0.222684E-01  0.408960E+04  0.313783E+06  0.315741E+06  0.313783E+06 -0.750237E-02  0.174534E+06  0.174512E+06  0.150187E-01
  0.496867E+00  0.310903E+06  0.309365E+06  0.568413E-01 -0.214589E-01  0.395164E+04  0.308738E+06  0.310665E+06  0.308738E+06 -0.738174E-02  0.171728E+06  0.171706E+06  0.146514E-01
  0.502015E+00  0.305943E+06  0.304425E+06  0.547926E-01 -0.206858E-01  0.381942E+04  0.303811E+06  0.305707E+06  0.303811E+06 -0.726394E-02  0.168987E+06  0.168966E+06  0.142965E-01
  0.507164E+00  0.301111E+06  0.299614E+06  0.528376E-01 -0.199481E-01  0.369282E+04  0.299012E+06  0.300879E+06  0.299012E+06 -0.714920E-02  0.166318E+06  0.166297E+06  0.139492E-01
  0.512312E+00  0.296415E+06  0.294940E+06  0.509733E-01 -0.192445E-01  0.357171E+04  0.294348E+06  0.296187E+06  0.294348E+06 -0.703770E-02  0.163724E+06  0.163703E+06  0.136067E-01
  0.517460E+00  0.291861E+06  0.290407E+06  0.491960E-01 -0.185738E-01  0.345591E+04  0.289825E+06  0.291635E+06  0.289825E+06 -0.692954E-02  0.161208E+06  0.161188E+06  0.132681E-01
  0.522608E+00  0.287446E+06  0.286015E+06  0.475017E-01 -0.179343E-01  0.334518E+04  0.285440E+06  0.287224E+06  0.285440E+06 -0.682471E-02  0.158770E+06  0.158749E+06  0.129343E-01
  0.527757E+00  0.283160E+06  0.281752E+06  0.458849E-01 -0.173241E-01  0.323920E+04  0.281184E+06  0.282942E+06  0.281184E+06 -0.672295E-02  0.156402E+06  0.156382E+06  0.126072E-01
  0.532905E+00  0.278987E+06  0.277603E+06  0.443393E-01 -0.167408E-01  0.313759E+04  0.277041E+06  0.278773E+06  0.277041E+06 -0.662389E-02  0.154098E+06  0.154078E+06  0.122892E-01
  0.538053E+00  0.274914E+06  0.273551E+06  0.428597E-01 -0.161823E-01  0.304002E+04  0.272996E+06  0.274703E+06  0.272996E+06 -0.652717E-02  0.151848E+06  0.151829E+06  0.119824E-01
  0.543202E+00  0.270929E+06  0.269588E+06  0.414414E-01 -0.156470E-01  0.294622E+04  0.269038E+06  0.270721E+06  0.269038E+06 -0.643255E-02  0.149647E+06  0.149628E+06  0.116886E-01
  0.548350E+00  0.267024E+06  0.265704E+06  0.400808E-01 -0.151334E-01  0.285595E+04  0.265161E+06  0.266820E+06  0.265161E+06 -0.633985E-02  0.147490E+06  0.147472E+06  0.114083E-01
  0.553498E+00  0.263195E+06  0.261894E+06  0.387744E-01 -0.146403E-01  0.276903E+04  0.261359E+06  0.262994E+06  0.261359E+06 -0.624893E-02  0.145375E+06  0.145357E+06  0.111411E-01
  0.558647E+00  0.259437E+06  0.258154E+06  0.375193E-01 -0.141666E-01  0.268527E+04  0.257626E+06  0.259238E+06  0.257626E+06 -0.615968E-02  0.143299E+06  0.143281E+06  0.108858E-01
  0.563795E+00  0.255748E+06  0.254483E+06  0.363134E-01 -0.137114E-01  0.260456E+04  0.253963E+06  0.255552E+06  0.253963E+06 -0.607210E-02  0.141262E+06  0.141244E+06  0.106407E-01
  0.568943E+00  0.252135E+06  0.250886E+06  0.351552E-01 -0.132743E-01  0.252683E+04  0.250375E+06  0.251942E+06  0.250375E+06 -0.598631E-02  0.139266E+06  0.139248E+06  0.104040E-01
  0.574091E+00  0.248602E+06  0.247370E+06  0.340436E-01 -0.128547E-01  0.245203E+04  0.246866E+06  0.248411E+06  0.246866E+06 -0.590242E-02  0.137314E+06  0.137297E+06  0.101742E-01
  0.579240E+00  0.245152E+06  0.243936E+06  0.329769E-01 -0.124520E-01  0.238006E+04  0.243440E+06  0.244964E+06  0.243440E+06 -0.582050E-02  0.135409E+06  0.135391E+06  0.994982E-02
  0.584388E+00  0.241783E+06  0.240583E+06  0.319531E-01 -0.120656E-01  0.231081E+04  0.240094E+06  0.241597E+06  0.240094E+06 -0.574050E-02  0.133548E+06  0.133530E+06  0.973022E-02
  0.589536E+00  0.238493E+06  0.237309E+06  0.309701E-01 -0.116945E-01  0.224415E+04  0.236827E+06  0.238310E+06  0.236827E+06 -0.566238E-02  0.131730E+06  0.131713E+06  0.951517E-02
  0.594684E+00  0.235281E+06  0.234113E+06  0.300262E-01 -0.113382E-01  0.217999E+04  0.233637E+06  0.235100E+06  0.233637E+06 -0.558612E-02  0.129956E+06  0.129939E+06  0.930490E-02
  0.599833E+00  0.232144E+06  0.230993E+06  0.291194E-01 -0.109959E-01  0.211820E+04  0.230522E+06  0.231966E+06  0.230522E+06 -0.551164E-02  0.128223E+06  0.128207E+06  0.909995E-02
  0.604981E+00  0.229077E+06  0.227942E+06  0.282477E-01 -0.106668E-01  0.205866E+04  0.227476E+06  0.228901E+06  0.227476E+06 -0.543882E-02  0.126529E+06  0.126513E+06  0.890084E-02
  0.610129E+00  0.226073E+06  0.224953E+06  0.274087E-01 -0.103501E-01  0.200122E+04  0.224493E+06  0.225900E+06  0.224493E+06 -0.536750E-02  0.124870E+06  0.124854E+06  0.870799E-02
  0.615278E+00  0.223128E+06  0.222023E+06  0.266007E-01 -0.100451E-01  0.194577E+04  0.221568E+06  0.222957E+06  0.221568E+06 -0.529756E-02  0.123243E+06  0.123228E+06  0.852163E-02
  0.620426E+00  0.220239E+06  0.219149E+06  0.258223E-01 -0.975120E-02  0.189222E+04  0.218699E+06  0.220070E+06  0.218699E+06 -0.522897E-02  0.121648E+06  0.121632E+06  0.834178E-02
  0.625574E+00  0.217406E+06  0.216330E+06  0.250723E-01 -0.946803E-02  0.184050E+04  0.215886E+06  0.217239E+06  0.215886E+06 -0.516170E-02  0.120083E+06  0.120067E+06  0.816820E-02
  0.630723E+00  0.214626E+06  0.213564E+06  0.243492E-01 -0.919507E-02  0.179054E+04  0.213126E+06  0.214462E+06  0.213126E+06 -0.509571E-02  0.118548E+06  0.118532E+06  0.800040E-02
  0.635871E+00  0.211898E+06  0.210849E+06  0.236520E-01 -0.893183E-02  0.174224E+04  0.210416E+06  0.211736E+06  0.210416E+06 -0.503093E-02  0.117041E+06  0.117026E+06  0.783779E-02
  0.641019E+00  0.209222E+06  0.208185E+06  0.229795E-01 -0.867797E-02  0.169556E+04  0.207758E+06  0.209061E+06  0.207758E+06 -0.496738E-02  0.115562E+06  0.115547E+06  0.767978E-02
  0.646167E+00  0.206598E+06  0.205574E+06  0.223312E-01 -0.843319E-02  0.165046E+04  0.205153E+06  0.206440E+06  0.205153E+06 -0.490509E-02  0.114113E+06  0.114098E+06  0.752592E-02
  0.651316E+00  0.204029E+06  0.203018E+06  0.217062E-01 -0.819721E-02  0.160688E+04  0.202602E+06  0.203872E+06  0.202602E+06 -0.484408E-02  0.112694E+06  0.112679E+06  0.737584E-02
  0.656464E+00  0.201512E+06  0.200513E+06  0.211034E-01 -0.796966E-02  0.156478E+04  0.200102E+06  0.201358E+06  0.200102E+06 -0.478433E-02  0.111304E+06  0.111290E+06  0.722932E-02
  0.661612E+00  0.199046E+06  0.198059E+06  0.205219E-01 -0.775011E-02  0.152407E+04  0.197653E+06  0.198893E+06  0.197653E+06 -0.472577E-02  0.109941E+06  0.109927E+06  0.708622E-02
  0.666761E+00  0.196628E+06  0.195653E+06  0.199607E-01 -0.753823E-02  0.148471E+04  0.195252E+06  0.196477E+06  0.195252E+06 -0.466836E-02  0.108606E+06  0.108592E+06  0.694657E-02
  0.671909E+00  0.194258E+06  0.193295E+06  0.194191E-01 -0.733372E-02  0.144664E+04  0.192899E+06  0.194109E+06  0.192899E+06 -0.461209E-02  0.107297E+06  0.107283E+06  0.681046E-02
  0.677057E+00  0.191935E+06  0.190984E+06  0.188962E-01 -0.713629E-02  0.140982E+04  0.190592E+06  0.191788E+06  0.190592E+06 -0.455694E-02  0.106014E+06  0.106000E+06  0.667799E-02
  0.682205E+00  0.189657E+06  0.188717E+06  0.183911E-01 -0.694558E-02  0.137419E+04  0.188329E+06  0.189511E+06  0.188329E+06 -0.450284E-02  0.104755E+06  0.104742E+06  0.654921E-02
  0.687354E+00  0.187419E+06  0.186491E+06  0.179028E-01 -0.676123E-02  0.133967E+04  0.186107E+06  0.187275E+06  0.186107E+06 -0.444971E-02  0.103519E+06  0.103506E+06  0.642405E-02
  0.692502E+00  0.185221E+06  0.184303E+06  0.174307E-01 -0.658297E-02  0.130623E+04  0.183924E+06  0.185079E+06  0.183924E+06 -0.439752E-02  0.102305E+06  0.102292E+06  0.630242E-02
  0.697650E+00  0.183062E+06  0.182155E+06  0.169741E-01 -0.641058E-02  0.127384E+04  0.181780E+06  0.182921E+06  0.181780E+06 -0.434625E-02  0.101112E+06  0.101100E+06  0.618422E-02
  0.702799E+00  0.180941E+06  0.180045E+06  0.165326E-01 -0.624387E-02  0.124245E+04  0.179674E+06  0.180802E+06  0.179674E+06 -0.429591E-02  0.999414E+05  0.999286E+05  0.606926E-02
  0.707947E+00  0.178859E+06  0.177973E+06  0.161055E-01 -0.608261E-02  0.121204E+04  0.177607E+06  0.178722E+06  0.177607E+06 -0.424648E-02  0.987914E+05  0.987788E+05  0.595735E-02
  0.713095E+00  0.176814E+06  0.175938E+06  0.156922E-01 -0.592656E-02  0.118255E+04  0.175576E+06  0.176678E+06  0.175576E+06 -0.419791E-02  0.976615E+05  0.976490E+05  0.584825E-02
  0.718243E+00  0.174804E+06  0.173938E+06  0.152922E-01 -0.577552E-02  0.115396E+04  0.173580E+06  0.174670E+06  0.173580E+06 -0.415019E-02  0.965514E+05  0.965390E+05  0.574180E-02
  0.764208E+00  0.158378E+06  0.157593E+06  0.122385E-01 -0.462241E-02  0.933973E+03  0.157268E+06  0.158256E+06  0.157268E+06 -0.376018E-02  0.874784E+05  0.874672E+05  0.489688E-02
  0.813113E+00  0.143421E+06  0.142711E+06  0.978951E-02 -0.369761E-02  0.755028E+03  0.142415E+06  0.143311E+06  0.142415E+06 -0.340507E-02  0.792171E+05  0.792069E+05  0.417626E-02
  0.865149E+00  0.129816E+06  0.129173E+06  0.782694E-02 -0.295644E-02  0.609694E+03  0.128906E+06  0.129717E+06  0.128906E+06 -0.308206E-02  0.717025E+05  0.716933E+05  0.356063E-02
  0.920514E+00  0.117447E+06  0.116866E+06  0.625492E-02 -0.236273E-02  0.491804E+03  0.116623E+06  0.117357E+06  0.116623E+06 -0.278839E-02  0.648706E+05  0.648622E+05  0.303525E-02
  0.979423E+00  0.106210E+06  0.105684E+06  0.499643E-02 -0.188741E-02  0.396299E+03  0.105464E+06  0.106128E+06  0.105464E+06 -0.252158E-02  0.586636E+05  0.586560E+05  0.258719E-02
  0.103228E+01  0.975016E+05  0.970186E+05  0.412904E-02 -0.155979E-02  0.329789E+03  0.968167E+05  0.974267E+05  0.968167E+05 -0.231483E-02  0.538536E+05  0.538466E+05  0.225959E-02
  0.126338E+01  0.699861E+05  0.696393E+05  0.197863E-02 -0.747508E-03  0.161753E+03  0.694940E+05  0.699323E+05  0.694940E+05 -0.166156E-02  0.386557E+05  0.386506E+05  0.134354E-02
  0.154621E+01  0.500319E+05  0.497839E+05  0.944320E-03 -0.356775E-03  0.786282E+02  0.496799E+05  0.499935E+05  0.496799E+05 -0.118782E-02  0.276343E+05  0.276306E+05  0.800927E-03
  0.189237E+01  0.356345E+05  0.354578E+05  0.449021E-03 -0.169648E-03  0.517855E+02  0.353837E+05  0.356071E+05  0.353837E+05 -0.846004E-03  0.196821E+05  0.196794E+05  0.480215E-03
  0.231602E+01  0.252942E+05  0.251686E+05  0.212782E-03 -0.803969E-04  0.249660E+02  0.251161E+05  0.252747E+05  0.251161E+05 -0.600511E-03  0.139708E+05  0.139688E+05  0.290823E-03
