  0.957189E-05  0.198027E+08  0.198027E+08  0.263922E+08  0.263919E+08  0.198040E+08  0.198027E+08  0.198027E+08  0.198094E+08 -0.473888E+00  0.104968E+08  0.104968E+08  0.545859E+01
  0.104797E-04  0.198027E+08  0.198027E+08  0.263900E+08  0.263896E+08  0.198040E+08  0.198027E+08  0.198027E+08  0.198094E+08 -0.473888E+00  0.104968E+08  0.104968E+08  0.597619E+01
  0.114737E-04  0.198027E+08  0.198027E+08  0.263873E+08  0.263868E+08  0.198039E+08  0.198027E+08  0.198027E+08  0.198094E+08 -0.473888E+00  0.104968E+08  0.104968E+08  0.654283E+01
  0.125619E-04  0.198027E+08  0.198027E+08  0.263840E+08  0.263835E+08  0.198039E+08  0.198027E+08  0.198027E+08  0.198094E+08 -0.473888E+00  0.104968E+08  0.104968E+08  0.716316E+01
  0.137534E-04  0.198027E+08  0.198027E+08  0.263801E+08  0.263794E+08  0.198039E+08  0.198027E+08  0.198027E+08  0.198094E+08 -0.473887E+00  0.104968E+08  0.104968E+08  0.784226E+01
  0.150578E-04  0.198027E+08  0.198027E+08  0.263755E+08  0.263746E+08  0.198039E+08  0.198027E+08  0.198027E+08  0.198094E+08 -0.473887E+00  0.104968E+08  0.104968E+08  0.858567E+01
  0.164860E-04  0.198026E+08  0.198026E+08  0.263699E+08  0.263689E+08  0.198039E+08  0.198027E+08  0.198026E+08  0.198094E+08 -0.473887E+00  0.104968E+08  0.104968E+08  0.939947E+01
  0.180496E-04  0.198026E+08  0.198026E+08  0.263632E+08  0.263620E+08  0.198039E+08  0.198026E+08  0.198026E+08  0.198094E+08 -0.473886E+00  0.104968E+08  0.104968E+08  0.102903E+02
  0.197616E-04  0.198026E+08  0.198026E+08  0.263552E+08  0.263538E+08  0.198038E+08  0.198026E+08  0.198026E+08  0.198094E+08 -0.473886E+00  0.104967E+08  0.104967E+08  0.112654E+02
  0.216359E-04  0.198026E+08  0.198026E+08  0.263456E+08  0.263439E+08  0.198038E+08  0.198026E+08  0.198026E+08  0.198093E+08 -0.473886E+00  0.104967E+08  0.104967E+08  0.123327E+02
  0.236880E-04  0.198026E+08  0.198026E+08  0.263340E+08  0.263320E+08  0.198038E+08  0.198026E+08  0.198026E+08  0.198093E+08 -0.473885E+00  0.104967E+08  0.104967E+08  0.135009E+02
  0.259347E-04  0.198026E+08  0.198026E+08  0.263202E+08  0.263178E+08  0.198037E+08  0.198026E+08  0.198026E+08  0.198093E+08 -0.473884E+00  0.104967E+08  0.104967E+08  0.147794E+02
  0.283945E-04  0.198025E+08  0.198025E+08  0.263037E+08  0.263008E+08  0.198036E+08  0.198025E+08  0.198025E+08  0.198092E+08 -0.473883E+00  0.104967E+08  0.104967E+08  0.161785E+02
  0.310876E-04  0.198025E+08  0.198025E+08  0.262839E+08  0.262804E+08  0.198036E+08  0.198025E+08  0.198025E+08  0.198092E+08 -0.473882E+00  0.104967E+08  0.104967E+08  0.177095E+02
  0.340361E-04  0.198024E+08  0.198024E+08  0.262602E+08  0.262559E+08  0.198035E+08  0.198024E+08  0.198024E+08  0.198092E+08 -0.473881E+00  0.104967E+08  0.104967E+08  0.193846E+02
  0.372643E-04  0.198024E+08  0.198024E+08  0.262318E+08  0.262267E+08  0.198034E+08  0.198024E+08  0.198024E+08  0.198091E+08 -0.473879E+00  0.104966E+08  0.104966E+08  0.212172E+02
  0.407986E-04  0.198023E+08  0.198023E+08  0.261978E+08  0.261917E+08  0.198033E+08  0.198023E+08  0.198023E+08  0.198090E+08 -0.473877E+00  0.104966E+08  0.104966E+08  0.232218E+02
  0.446682E-04  0.198023E+08  0.198022E+08  0.261570E+08  0.261498E+08  0.198031E+08  0.198023E+08  0.198022E+08  0.198089E+08 -0.473875E+00  0.104966E+08  0.104965E+08  0.254140E+02
  0.489048E-04  0.198022E+08  0.198021E+08  0.261083E+08  0.260996E+08  0.198030E+08  0.198022E+08  0.198022E+08  0.198088E+08 -0.473872E+00  0.104965E+08  0.104965E+08  0.278110E+02
  0.535432E-04  0.198021E+08  0.198020E+08  0.260500E+08  0.260396E+08  0.198027E+08  0.198021E+08  0.198020E+08  0.198087E+08 -0.473869E+00  0.104964E+08  0.104964E+08  0.304311E+02
  0.586216E-04  0.198019E+08  0.198019E+08  0.259802E+08  0.259678E+08  0.198025E+08  0.198019E+08  0.198019E+08  0.198086E+08 -0.473865E+00  0.104964E+08  0.104964E+08  0.332942E+02
  0.641816E-04  0.198018E+08  0.198017E+08  0.258969E+08  0.258820E+08  0.198022E+08  0.198018E+08  0.198018E+08  0.198084E+08 -0.473860E+00  0.104963E+08  0.104963E+08  0.364217E+02
  0.702690E-04  0.198016E+08  0.198016E+08  0.257972E+08  0.257795E+08  0.198018E+08  0.198016E+08  0.198016E+08  0.198082E+08 -0.473855E+00  0.104962E+08  0.104962E+08  0.398365E+02
  0.769337E-04  0.198014E+08  0.198013E+08  0.256783E+08  0.256571E+08  0.198014E+08  0.198014E+08  0.198014E+08  0.198079E+08 -0.473848E+00  0.104961E+08  0.104961E+08  0.435627E+02
  0.842306E-04  0.198011E+08  0.198010E+08  0.255364E+08  0.255110E+08  0.198009E+08  0.198011E+08  0.198011E+08  0.198076E+08 -0.473840E+00  0.104959E+08  0.104959E+08  0.476263E+02
  0.922195E-04  0.198008E+08  0.198007E+08  0.253672E+08  0.253370E+08  0.198003E+08  0.198008E+08  0.198008E+08  0.198072E+08 -0.473830E+00  0.104957E+08  0.104957E+08  0.520542E+02
  0.100966E-03  0.198004E+08  0.198003E+08  0.251658E+08  0.251299E+08  0.197995E+08  0.198004E+08  0.198004E+08  0.198068E+08 -0.473819E+00  0.104955E+08  0.104955E+08  0.568745E+02
  0.110542E-03  0.197999E+08  0.197998E+08  0.249264E+08  0.248836E+08  0.197987E+08  0.197999E+08  0.197999E+08  0.198063E+08 -0.473805E+00  0.104953E+08  0.104953E+08  0.621160E+02
  0.121027E-03  0.197994E+08  0.197993E+08  0.246421E+08  0.245913E+08  0.197976E+08  0.197993E+08  0.197994E+08  0.198056E+08 -0.473788E+00  0.104950E+08  0.104950E+08  0.678077E+02
  0.132506E-03  0.197987E+08  0.197986E+08  0.243053E+08  0.242450E+08  0.197963E+08  0.197987E+08  0.197987E+08  0.198049E+08 -0.473769E+00  0.104946E+08  0.104946E+08  0.739781E+02
  0.145073E-03  0.197979E+08  0.197978E+08  0.239071E+08  0.238359E+08  0.197948E+08  0.197979E+08  0.197979E+08  0.198040E+08 -0.473745E+00  0.104942E+08  0.104942E+08  0.806541E+02
  0.158833E-03  0.197970E+08  0.197968E+08  0.234378E+08  0.233538E+08  0.197930E+08  0.197969E+08  0.197969E+08  0.198029E+08 -0.473717E+00  0.104937E+08  0.104937E+08  0.878600E+02
  0.173898E-03  0.197958E+08  0.197957E+08  0.228865E+08  0.227878E+08  0.197908E+08  0.197958E+08  0.197958E+08  0.198016E+08 -0.473683E+00  0.104931E+08  0.104930E+08  0.956155E+02
  0.190391E-03  0.197945E+08  0.197943E+08  0.222414E+08  0.221259E+08  0.197882E+08  0.197944E+08  0.197945E+08  0.198001E+08 -0.473643E+00  0.104924E+08  0.104923E+08  0.103933E+03
  0.208449E-03  0.197929E+08  0.197926E+08  0.214904E+08  0.213558E+08  0.197851E+08  0.197928E+08  0.197928E+08  0.197983E+08 -0.473596E+00  0.104915E+08  0.104914E+08  0.112817E+03
  0.228219E-03  0.197909E+08  0.197906E+08  0.206212E+08  0.204653E+08  0.197814E+08  0.197908E+08  0.197909E+08  0.197961E+08 -0.473539E+00  0.104904E+08  0.104904E+08  0.122257E+03
  0.249865E-03  0.197886E+08  0.197883E+08  0.196224E+08  0.194431E+08  0.197769E+08  0.197885E+08  0.197886E+08  0.197935E+08 -0.473472E+00  0.104892E+08  0.104891E+08  0.132226E+03
  0.273564E-03  0.197859E+08  0.197855E+08  0.184846E+08  0.182801E+08  0.197716E+08  0.197858E+08  0.197858E+08  0.197905E+08 -0.473392E+00  0.104877E+08  0.104876E+08  0.142675E+03
  0.299510E-03  0.197826E+08  0.197822E+08  0.172021E+08  0.169713E+08  0.197652E+08  0.197825E+08  0.197826E+08  0.197868E+08 -0.473298E+00  0.104859E+08  0.104858E+08  0.153525E+03
  0.327918E-03  0.197788E+08  0.197782E+08  0.157749E+08  0.155177E+08  0.197577E+08  0.197785E+08  0.197787E+08  0.197826E+08 -0.473187E+00  0.104838E+08  0.104837E+08  0.164667E+03
  0.359019E-03  0.197742E+08  0.197735E+08  0.142115E+08  0.139293E+08  0.197486E+08  0.197739E+08  0.197741E+08  0.197775E+08 -0.473056E+00  0.104813E+08  0.104812E+08  0.175946E+03
  0.393071E-03  0.197687E+08  0.197679E+08  0.125316E+08  0.122279E+08  0.197379E+08  0.197684E+08  0.197686E+08  0.197716E+08 -0.472903E+00  0.104784E+08  0.104782E+08  0.187167E+03
  0.430352E-03  0.197623E+08  0.197613E+08  0.107691E+08  0.104498E+08  0.197251E+08  0.197619E+08  0.197621E+08  0.197646E+08 -0.472723E+00  0.104749E+08  0.104746E+08  0.198081E+03
  0.471169E-03  0.197546E+08  0.197535E+08  0.897386E+07  0.864818E+07  0.197099E+08  0.197542E+08  0.197545E+08  0.197564E+08 -0.472514E+00  0.104708E+08  0.104705E+08  0.208394E+03
  0.515857E-03  0.197457E+08  0.197444E+08  0.721191E+07  0.689214E+07  0.196920E+08  0.197451E+08  0.197455E+08  0.197469E+08 -0.472272E+00  0.104659E+08  0.104656E+08  0.217765E+03
  0.564784E-03  0.197351E+08  0.197336E+08  0.556220E+07  0.526341E+07  0.196707E+08  0.197345E+08  0.197349E+08  0.197359E+08 -0.471992E+00  0.104602E+08  0.104598E+08  0.225828E+03
  0.618352E-03  0.197228E+08  0.197210E+08  0.410831E+07  0.384704E+07  0.196455E+08  0.197220E+08  0.197225E+08  0.197231E+08 -0.471669E+00  0.104535E+08  0.104531E+08  0.232206E+03
  0.677000E-03  0.197084E+08  0.197064E+08  0.292442E+07  0.271631E+07  0.196158E+08  0.197075E+08  0.197081E+08  0.197082E+08 -0.471298E+00  0.104457E+08  0.104452E+08  0.236548E+03
  0.741211E-03  0.196916E+08  0.196894E+08  0.205644E+07  0.191276E+07  0.195809E+08  0.196906E+08  0.196913E+08  0.196911E+08 -0.470873E+00  0.104366E+08  0.104361E+08  0.238565E+03
  0.811512E-03  0.196722E+08  0.196697E+08  0.150271E+07  0.142642E+07  0.195400E+08  0.196710E+08  0.196718E+08  0.196714E+08 -0.470387E+00  0.104261E+08  0.104256E+08  0.238067E+03
  0.888480E-03  0.196498E+08  0.196469E+08  0.120314E+07  0.118579E+07  0.194920E+08  0.196483E+08  0.196493E+08  0.196486E+08 -0.469832E+00  0.104140E+08  0.104134E+08  0.234989E+03
  0.972749E-03  0.196239E+08  0.196207E+08  0.104840E+07  0.106998E+07  0.194359E+08  0.196222E+08  0.196234E+08  0.196225E+08 -0.469198E+00  0.104001E+08  0.103994E+08  0.229394E+03
  0.106501E-02  0.195941E+08  0.195907E+08  0.917108E+06  0.950634E+06  0.193706E+08  0.195922E+08  0.195936E+08  0.195924E+08 -0.468474E+00  0.103841E+08  0.103834E+08  0.221451E+03
  0.116602E-02  0.195601E+08  0.195564E+08  0.732693E+06  0.753625E+06  0.192946E+08  0.195578E+08  0.195595E+08  0.195580E+08 -0.467646E+00  0.103658E+08  0.103650E+08  0.211392E+03
  0.127661E-02  0.195211E+08  0.195172E+08  0.506784E+06  0.503450E+06  0.192066E+08  0.195185E+08  0.195205E+08  0.195186E+08 -0.466701E+00  0.103449E+08  0.103441E+08  0.199483E+03
  0.139770E-02  0.194766E+08  0.194725E+08  0.321883E+06  0.299912E+06  0.191053E+08  0.194736E+08  0.194760E+08  0.194737E+08 -0.465624E+00  0.103211E+08  0.103203E+08  0.186037E+03
  0.153026E-02  0.194260E+08  0.194218E+08  0.241417E+06  0.216930E+06  0.189890E+08  0.194226E+08  0.194253E+08  0.194226E+08 -0.464399E+00  0.102940E+08  0.102932E+08  0.171467E+03
  0.167540E-02  0.193684E+08  0.193642E+08  0.225243E+06  0.210931E+06  0.188563E+08  0.193646E+08  0.193678E+08  0.193646E+08 -0.463009E+00  0.102633E+08  0.102625E+08  0.156331E+03
  0.183431E-02  0.193033E+08  0.192990E+08  0.175305E+06 -0.135115E+06  0.187054E+08  0.192989E+08  0.193026E+08  0.192989E+08 -0.461436E+00  0.102285E+08  0.102277E+08  0.141280E+03
  0.200828E-02  0.192296E+08  0.192254E+08  0.869852E+05 -0.112284E+06  0.185350E+08  0.192246E+08  0.192290E+08  0.192246E+08 -0.459658E+00  0.101891E+08  0.101884E+08  0.126935E+03
  0.219876E-02  0.191466E+08  0.191424E+08  0.538973E+05 -0.932656E+05  0.183437E+08  0.191409E+08  0.191459E+08  0.191409E+08 -0.457655E+00  0.101448E+08  0.101441E+08  0.113798E+03
  0.240730E-02  0.190532E+08  0.190490E+08  0.672708E+05 -0.774265E+05  0.181305E+08  0.190468E+08  0.190526E+08  0.190468E+08 -0.455404E+00  0.100950E+08  0.100942E+08  0.102245E+03
  0.263563E-02  0.189485E+08  0.189442E+08  0.372325E+05 -0.642382E+05  0.178945E+08  0.189413E+08  0.189479E+08  0.189413E+08 -0.452880E+00  0.100391E+08  0.100384E+08  0.924419E+02
  0.288560E-02  0.188315E+08  0.188271E+08  0.173914E+05 -0.532605E+05  0.176353E+08  0.188233E+08  0.188308E+08  0.188233E+08 -0.450059E+00  0.997671E+07  0.997598E+07  0.842158E+02
  0.315929E-02  0.187012E+08  0.186965E+08  0.225079E+05 -0.441264E+05  0.173524E+08  0.186920E+08  0.187004E+08  0.186920E+08 -0.446918E+00  0.990719E+07  0.990646E+07  0.771437E+02
  0.345894E-02  0.185564E+08  0.185516E+08  0.296831E+04 -0.365290E+05  0.170458E+08  0.185462E+08  0.185557E+08  0.185462E+08 -0.443431E+00  0.983003E+07  0.982930E+07  0.707160E+02
  0.378700E-02  0.183963E+08  0.183912E+08  0.410571E+04 -0.302132E+05  0.167151E+08  0.183849E+08  0.183955E+08  0.183849E+08 -0.439575E+00  0.974470E+07  0.974396E+07  0.645259E+02
  0.414619E-02  0.182197E+08  0.182143E+08 -0.423558E+04 -0.249653E+05  0.163596E+08  0.182072E+08  0.182189E+08  0.182072E+08 -0.435326E+00  0.965065E+07  0.964992E+07  0.585014E+02
  0.453943E-02  0.180257E+08  0.180201E+08  0.316187E+04 -0.206075E+05  0.159782E+08  0.180120E+08  0.180248E+08  0.180120E+08 -0.430658E+00  0.954735E+07  0.954663E+07  0.528641E+02
  0.496998E-02  0.178133E+08  0.178073E+08  0.153084E+04 -0.169911E+05  0.155692E+08  0.177983E+08  0.178124E+08  0.177983E+08 -0.425548E+00  0.943427E+07  0.943356E+07  0.478902E+02
  0.544136E-02  0.175815E+08  0.175750E+08 -0.393669E+04 -0.139922E+05  0.151313E+08  0.175651E+08  0.175805E+08  0.175651E+08 -0.419972E+00  0.931088E+07  0.931016E+07  0.435895E+02
  0.595745E-02  0.173292E+08  0.173222E+08 -0.876462E+03 -0.115073E+05  0.146636E+08  0.173114E+08  0.173281E+08  0.173114E+08 -0.413906E+00  0.917663E+07  0.917592E+07  0.396883E+02
  0.652249E-02  0.170562E+08  0.170485E+08 -0.129802E+04 -0.945038E+04  0.141548E+08  0.170368E+08  0.170550E+08  0.170368E+08 -0.407340E+00  0.903132E+07  0.903062E+07  0.359852E+02
  0.714113E-02  0.167601E+08  0.167517E+08 -0.829830E+03 -0.774863E+04  0.136255E+08  0.167391E+08  0.167588E+08  0.167391E+08 -0.400224E+00  0.887383E+07  0.887313E+07  0.325954E+02
  0.781843E-02  0.164408E+08  0.164315E+08 -0.226374E+04 -0.634246E+04  0.130711E+08  0.164182E+08  0.164393E+08  0.164182E+08 -0.392550E+00  0.870398E+07  0.870328E+07  0.296403E+02
  0.855998E-02  0.160969E+08  0.160866E+08 -0.360394E+03 -0.518175E+04  0.124907E+08  0.160727E+08  0.160953E+08  0.160727E+08 -0.384289E+00  0.852113E+07  0.852044E+07  0.269528E+02
  0.937186E-02  0.157281E+08  0.157166E+08 -0.254899E+04 -0.422492E+04  0.118849E+08  0.157021E+08  0.157263E+08  0.157021E+08 -0.375430E+00  0.832503E+07  0.832434E+07  0.244715E+02
  0.102607E-01  0.153332E+08  0.153202E+08 -0.199970E+04 -0.343710E+04  0.112563E+08  0.153055E+08  0.153311E+08  0.153055E+08 -0.365947E+00  0.811512E+07  0.811443E+07  0.222869E+02
  0.112339E-01  0.149111E+08  0.148966E+08 -0.928860E+03 -0.278931E+04  0.106112E+08  0.148819E+08  0.149089E+08  0.148819E+08 -0.355818E+00  0.789086E+07  0.789018E+07  0.202999E+02
  0.122994E-01  0.144613E+08  0.144449E+08 -0.152930E+04 -0.225750E+04  0.995382E+07  0.144305E+08  0.144588E+08  0.144305E+08 -0.345024E+00  0.765188E+07  0.765120E+07  0.185117E+02
  0.134660E-01  0.139830E+08  0.139644E+08 -0.139335E+04 -0.182166E+04  0.928486E+07  0.139506E+08  0.139801E+08  0.139506E+08 -0.333551E+00  0.739783E+07  0.739715E+07  0.169094E+02
  0.147432E-01  0.134756E+08  0.134547E+08 -0.104071E+04 -0.146511E+04  0.860733E+07  0.134418E+08  0.134724E+08  0.134418E+08 -0.321386E+00  0.712842E+07  0.712774E+07  0.154648E+02
  0.161415E-01  0.129389E+08  0.129153E+08 -0.974779E+03 -0.117403E+04  0.792768E+07  0.129038E+08  0.129352E+08  0.129038E+08 -0.308522E+00  0.684351E+07  0.684282E+07  0.141609E+02
  0.176724E-01  0.123730E+08  0.123464E+08 -0.587943E+03 -0.936969E+03  0.725071E+07  0.123368E+08  0.123689E+08  0.123368E+08 -0.294965E+00  0.654319E+07  0.654250E+07  0.129848E+02
  0.193486E-01  0.117788E+08  0.117491E+08 -0.478581E+03 -0.744433E+03  0.658226E+07  0.117416E+08  0.117742E+08  0.117416E+08 -0.280735E+00  0.622793E+07  0.622724E+07  0.119081E+02
  0.211837E-01  0.111581E+08  0.111250E+08 -0.385419E+03 -0.588564E+03  0.592651E+07  0.111201E+08  0.111530E+08  0.111201E+08 -0.265876E+00  0.589870E+07  0.589801E+07  0.109161E+02
  0.231929E-01  0.105139E+08  0.104775E+08 -0.263507E+03 -0.462863E+03  0.529072E+07  0.104755E+08  0.105083E+08  0.104755E+08 -0.250463E+00  0.555714E+07  0.555644E+07  0.998966E+01
  0.253927E-01  0.985115E+07  0.981142E+07 -0.336568E+03 -0.361960E+03  0.468092E+07  0.981255E+07  0.984499E+07  0.981255E+07 -0.234612E+00  0.520582E+07  0.520513E+07  0.910886E+01
  0.278011E-01  0.917664E+07  0.913399E+07 -0.179501E+03 -0.281413E+03  0.410325E+07  0.913820E+07  0.917003E+07  0.913820E+07 -0.218489E+00  0.484841E+07  0.484772E+07  0.825604E+01
  0.304379E-01  0.849972E+07  0.845476E+07 -0.167695E+03 -0.217548E+03  0.356417E+07  0.846179E+07  0.849275E+07  0.846179E+07 -0.202316E+00  0.448986E+07  0.448918E+07  0.741368E+01
  0.333248E-01  0.783218E+07  0.778582E+07 -0.165427E+03 -0.167311E+03  0.306898E+07  0.779511E+07  0.782499E+07  0.779511E+07 -0.186377E+00  0.413642E+07  0.413576E+07  0.657143E+01
  0.364855E-01  0.718785E+07  0.714137E+07 -0.952744E+02 -0.128156E+03  0.262254E+07  0.715201E+07  0.718064E+07  0.715201E+07 -0.171000E+00  0.379544E+07  0.379481E+07  0.572302E+01
  0.399460E-01  0.658154E+07  0.653649E+07 -0.621850E+02 -0.979428E+02  0.222788E+07  0.654725E+07  0.657456E+07  0.654725E+07 -0.156541E+00  0.347475E+07  0.347417E+07  0.487148E+01
  0.437348E-01  0.602696E+07  0.598506E+07 -0.622141E+02 -0.748620E+02  0.188588E+07  0.599449E+07  0.602047E+07  0.599449E+07 -0.143325E+00  0.318162E+07  0.318109E+07  0.403003E+01
  0.474354E-01  0.558188E+07  0.554422E+07 -0.505483E+02 -0.589667E+02  0.162271E+07  0.555121E+07  0.557605E+07  0.555121E+07 -0.132726E+00  0.294652E+07  0.294605E+07  0.330468E+01
  0.511360E-01  0.521677E+07  0.518399E+07  0.703377E+02 -0.474449E+02  0.141308E+07  0.518782E+07  0.521169E+07  0.518782E+07 -0.124038E+00  0.275379E+07  0.275338E+07  0.268082E+01
  0.548367E-01  0.491172E+07  0.488396E+07  0.575743E+02 -0.388631E+02  0.124297E+07  0.488440E+07  0.490742E+07  0.488440E+07 -0.116783E+00  0.259286E+07  0.259250E+07  0.216125E+01
  0.585373E-01  0.465265E+07  0.462955E+07  0.478504E+02 -0.323202E+02  0.110268E+07  0.462678E+07  0.464906E+07  0.462678E+07 -0.110624E+00  0.245621E+07  0.245591E+07  0.174552E+01
  0.622379E-01  0.442451E+07  0.440538E+07  0.402465E+02 -0.272002E+02  0.984280E+06  0.439995E+07  0.442154E+07  0.439995E+07 -0.105200E+00  0.233589E+07  0.233562E+07  0.142767E+01
  0.659386E-01  0.421414E+07  0.419803E+07  0.341449E+02 -0.230891E+02  0.881803E+06  0.419072E+07  0.421164E+07  0.419072E+07 -0.100198E+00  0.222490E+07  0.222466E+07  0.119723E+01
  0.696392E-01  0.401155E+07  0.399742E+07  0.291349E+02 -0.197115E+02  0.791080E+06  0.398914E+07  0.400936E+07  0.398914E+07 -0.953779E-01  0.211795E+07  0.211773E+07  0.104026E+01
  0.733398E-01  0.381159E+07  0.379845E+07  0.249539E+02 -0.168910E+02  0.709649E+06  0.379008E+07  0.380955E+07  0.379008E+07 -0.906185E-01  0.201233E+07  0.201212E+07  0.941068E+00
  0.770405E-01  0.361316E+07  0.360014E+07  0.214315E+02 -0.145136E+02  0.636191E+06  0.359245E+07  0.361114E+07  0.359245E+07 -0.858934E-01  0.190746E+07  0.190725E+07  0.883511E+00
  0.807411E-01  0.341724E+07  0.340371E+07  0.184489E+02 -0.124993E+02  0.569936E+06  0.339727E+07  0.341514E+07  0.339727E+07 -0.812266E-01  0.180387E+07  0.180367E+07  0.852208E+00
  0.844417E-01  0.322579E+07  0.321139E+07  0.159178E+02 -0.107890E+02  0.510375E+06  0.320652E+07  0.322356E+07  0.320652E+07 -0.766659E-01  0.170264E+07  0.170242E+07  0.833639E+00
  0.881424E-01  0.304199E+07  0.302662E+07  0.137728E+02 -0.933894E+01  0.457227E+06  0.302338E+07  0.303960E+07  0.302338E+07 -0.722872E-01  0.160543E+07  0.160522E+07  0.817073E+00
  0.918430E-01  0.286967E+07  0.285347E+07  0.119634E+02 -0.811508E+01  0.410318E+06  0.285172E+07  0.286716E+07  0.285172E+07 -0.681831E-01  0.151432E+07  0.151410E+07  0.795027E+00
  0.967862E-01  0.266333E+07  0.264656E+07  0.999481E+01 -0.678278E+01  0.356961E+06  0.264626E+07  0.266073E+07  0.264626E+07 -0.632705E-01  0.140526E+07  0.140504E+07  0.750104E+00
  0.101729E+00  0.248829E+07  0.247175E+07  0.845042E+01 -0.573696E+01  0.313294E+06  0.247208E+07  0.248573E+07  0.247208E+07 -0.591059E-01  0.131279E+07  0.131258E+07  0.685911E+00
  0.106673E+00  0.234467E+07  0.232917E+07  0.724071E+01 -0.491733E+01  0.277898E+06  0.232930E+07  0.234227E+07  0.232930E+07 -0.556922E-01  0.123700E+07  0.123681E+07  0.607046E+00
  0.111616E+00  0.222902E+07  0.221517E+07  0.628692E+01 -0.427080E+01  0.249175E+06  0.221445E+07  0.222687E+07  0.221445E+07 -0.529462E-01  0.117603E+07  0.117586E+07  0.522019E+00
  0.116559E+00  0.213489E+07  0.212297E+07  0.552147E+01 -0.375173E+01  0.225494E+06  0.212106E+07  0.213305E+07  0.212106E+07 -0.507133E-01  0.112645E+07  0.112630E+07  0.440235E+00
  0.121502E+00  0.205399E+07  0.204395E+07  0.488883E+01 -0.332259E+01  0.205327E+06  0.204083E+07  0.205243E+07  0.204083E+07 -0.487950E-01  0.108386E+07  0.108373E+07  0.369564E+00
  0.126446E+00  0.197828E+07  0.196979E+07  0.434767E+01 -0.295542E+01  0.187456E+06  0.196572E+07  0.197696E+07  0.196572E+07 -0.469992E-01  0.104399E+07  0.104387E+07  0.314874E+00
  0.131389E+00  0.190179E+07  0.189433E+07  0.387085E+01 -0.263184E+01  0.171064E+06  0.188977E+07  0.190063E+07  0.188977E+07 -0.451833E-01  0.100367E+07  0.100356E+07  0.277529E+00
  0.136332E+00  0.182138E+07  0.181438E+07  0.344293E+01 -0.234138E+01  0.155728E+06  0.180984E+07  0.182030E+07  0.180984E+07 -0.432722E-01  0.961229E+06  0.961124E+06  0.255730E+00
  0.141275E+00  0.173689E+07  0.172985E+07  0.305705E+01 -0.207942E+01  0.141338E+06  0.172578E+07  0.173580E+07  0.172578E+07 -0.412624E-01  0.916597E+06  0.916494E+06  0.245463E+00
  0.146219E+00  0.165052E+07  0.164312E+07  0.271146E+01 -0.184474E+01  0.127985E+06  0.163981E+07  0.164937E+07  0.163981E+07 -0.392070E-01  0.870950E+06  0.870844E+06  0.241720E+00
  0.151162E+00  0.156561E+07  0.155774E+07  0.240605E+01 -0.163730E+01  0.115819E+06  0.155529E+07  0.156439E+07  0.155529E+07 -0.371860E-01  0.826067E+06  0.825958E+06  0.239660E+00
  0.156105E+00  0.148565E+07  0.147739E+07  0.214047E+01 -0.145687E+01  0.104969E+06  0.147570E+07  0.148437E+07  0.147570E+07 -0.352831E-01  0.783805E+06  0.783695E+06  0.235517E+00
  0.161048E+00  0.141370E+07  0.140527E+07  0.191341E+01 -0.130255E+01  0.955054E+05  0.140412E+07  0.141239E+07  0.140412E+07 -0.335717E-01  0.745794E+06  0.745684E+06  0.227125E+00
  0.165992E+00  0.135167E+07  0.134336E+07  0.172194E+01 -0.117239E+01  0.874031E+05  0.134245E+07  0.135038E+07  0.134245E+07 -0.320971E-01  0.713044E+06  0.712938E+06  0.213992E+00
  0.170935E+00  0.129964E+07  0.129174E+07  0.156121E+01 -0.106309E+01  0.805206E+05  0.129077E+07  0.129842E+07  0.129077E+07 -0.308615E-01  0.685599E+06  0.685498E+06  0.197005E+00
  0.175878E+00  0.125612E+07  0.124883E+07  0.142530E+01 -0.970635E+00  0.746379E+05  0.124757E+07  0.125499E+07  0.124757E+07 -0.298287E-01  0.662660E+06  0.662567E+06  0.177936E+00
  0.180821E+00  0.121881E+07  0.121225E+07  0.130842E+01 -0.891122E+00  0.695202E+05  0.121058E+07  0.121779E+07  0.121058E+07 -0.289443E-01  0.643017E+06  0.642931E+06  0.158881E+00
  0.185765E+00  0.118517E+07  0.117931E+07  0.120554E+01 -0.821116E+00  0.649490E+05  0.117723E+07  0.118426E+07  0.117723E+07 -0.281468E-01  0.625305E+06  0.625226E+06  0.141729E+00
  0.190708E+00  0.115258E+07  0.114731E+07  0.111243E+01 -0.757755E+00  0.607342E+05  0.114491E+07  0.115176E+07  0.114491E+07 -0.273741E-01  0.608141E+06  0.608068E+06  0.127769E+00
  0.195651E+00  0.111903E+07  0.111416E+07  0.102616E+01 -0.699052E+00  0.567422E+05  0.111161E+07  0.111828E+07  0.111161E+07 -0.265779E-01  0.590458E+06  0.590389E+06  0.117534E+00
  0.200594E+00  0.108368E+07  0.107902E+07  0.945331E+00 -0.644049E+00  0.529154E+05  0.107648E+07  0.108296E+07  0.107648E+07 -0.257381E-01  0.571804E+06  0.571738E+06  0.110829E+00
  0.205538E+00  0.104671E+07  0.104208E+07  0.869630E+00 -0.592533E+00  0.492525E+05  0.103973E+07  0.104599E+07  0.103973E+07 -0.248593E-01  0.552283E+06  0.552217E+06  0.106895E+00
  0.210481E+00  0.100887E+07  0.100416E+07  0.799215E+00 -0.544611E+00  0.457778E+05  0.100209E+07  0.100814E+07  0.100209E+07 -0.239595E-01  0.532297E+06  0.532231E+06  0.104648E+00
  0.215424E+00  0.971274E+06  0.966427E+06  0.734451E+00 -0.500530E+00  0.425270E+05  0.964693E+06  0.970523E+06  0.964693E+06 -0.230652E-01  0.512433E+06  0.512366E+06  0.102959E+00
  0.220367E+00  0.935252E+06  0.930293E+06  0.675775E+00 -0.460586E+00  0.395398E+05  0.928861E+06  0.934483E+06  0.928861E+06 -0.222085E-01  0.493402E+06  0.493335E+06  0.100897E+00
  0.225311E+00  0.902053E+06  0.897055E+06  0.623451E+00 -0.424961E+00  0.368467E+05  0.895848E+06  0.901278E+06  0.895848E+06 -0.214192E-01  0.475868E+06  0.475802E+06  0.978738E-01
  0.230254E+00  0.872406E+06  0.867470E+06  0.577318E+00 -0.393545E+00  0.344519E+05  0.866382E+06  0.871641E+06  0.866382E+06 -0.207147E-01  0.460218E+06  0.460154E+06  0.936872E-01
  0.235197E+00  0.846406E+06  0.841632E+06  0.536802E+00 -0.365948E+00  0.323343E+05  0.840556E+06  0.845666E+06  0.840556E+06 -0.200972E-01  0.446502E+06  0.446440E+06  0.884799E-01
  0.240140E+00  0.823630E+06  0.819097E+06  0.501072E+00 -0.341608E+00  0.304549E+05  0.817948E+06  0.822927E+06  0.817948E+06 -0.195567E-01  0.434494E+06  0.434435E+06  0.826437E-01
  0.245084E+00  0.803290E+06  0.799042E+06  0.469191E+00 -0.319887E+00  0.287659E+05  0.797770E+06  0.802632E+06  0.797770E+06 -0.190742E-01  0.423777E+06  0.423721E+06  0.766864E-01
  0.250027E+00  0.784441E+06  0.780479E+06  0.440252E+00 -0.300169E+00  0.272191E+05  0.779074E+06  0.783827E+06  0.779074E+06 -0.186272E-01  0.413847E+06  0.413794E+06  0.711016E-01
  0.254970E+00  0.766209E+06  0.762499E+06  0.413514E+00 -0.281950E+00  0.257744E+05  0.760986E+06  0.765634E+06  0.760986E+06 -0.181947E-01  0.404240E+06  0.404189E+06  0.662654E-01
  0.259913E+00  0.747935E+06  0.744416E+06  0.388445E+00 -0.264868E+00  0.244028E+05  0.742847E+06  0.747389E+06  0.742847E+06 -0.177610E-01  0.394606E+06  0.394557E+06  0.623759E-01
  0.264857E+00  0.729209E+06  0.725813E+06  0.364709E+00 -0.248695E+00  0.230867E+05  0.724250E+06  0.728682E+06  0.724250E+06 -0.173164E-01  0.384728E+06  0.384681E+06  0.594400E-01
  0.269800E+00  0.709927E+06  0.706590E+06  0.342163E+00 -0.233333E+00  0.218197E+05  0.705090E+06  0.709410E+06  0.705090E+06 -0.168583E-01  0.374551E+06  0.374505E+06  0.573052E-01
  0.274743E+00  0.690322E+06  0.686997E+06  0.320835E+00 -0.218801E+00  0.206064E+05  0.685602E+06  0.689806E+06  0.685602E+06 -0.163923E-01  0.364200E+06  0.364154E+06  0.557190E-01
  0.279686E+00  0.670858E+06  0.667521E+06  0.300850E+00 -0.205182E+00  0.194572E+05  0.666251E+06  0.670341E+06  0.666251E+06 -0.159297E-01  0.353922E+06  0.353877E+06  0.543963E-01
  0.284630E+00  0.652024E+06  0.648676E+06  0.282321E+00 -0.192555E+00  0.183821E+05  0.647527E+06  0.651505E+06  0.647527E+06 -0.154820E-01  0.343977E+06  0.343931E+06  0.530786E-01
  0.289573E+00  0.634202E+06  0.630862E+06  0.265297E+00 -0.180953E+00  0.173868E+05  0.629812E+06  0.633684E+06  0.629812E+06 -0.150584E-01  0.334567E+06  0.334523E+06  0.515790E-01
  0.294516E+00  0.617651E+06  0.614351E+06  0.249765E+00 -0.170366E+00  0.164729E+05  0.613366E+06  0.617140E+06  0.613366E+06 -0.146652E-01  0.325832E+06  0.325788E+06  0.498078E-01
  0.299459E+00  0.602491E+06  0.599265E+06  0.235653E+00 -0.160746E+00  0.156380E+05  0.598307E+06  0.601991E+06  0.598307E+06 -0.143052E-01  0.317833E+06  0.317790E+06  0.477721E-01
  0.304403E+00  0.588657E+06  0.585534E+06  0.222824E+00 -0.152000E+00  0.148752E+05  0.584571E+06  0.588173E+06  0.584571E+06 -0.139767E-01  0.310537E+06  0.310495E+06  0.455535E-01
  0.309346E+00  0.575907E+06  0.572906E+06  0.211087E+00 -0.143997E+00  0.141738E+05  0.571916E+06  0.575442E+06  0.571916E+06 -0.136742E-01  0.303815E+06  0.303774E+06  0.432761E-01
  0.314289E+00  0.563913E+06  0.561039E+06  0.200241E+00 -0.136602E+00  0.135217E+05  0.560012E+06  0.563468E+06  0.560012E+06 -0.133896E-01  0.297492E+06  0.297453E+06  0.410725E-01
  0.319232E+00  0.552362E+06  0.549606E+06  0.190114E+00 -0.129696E+00  0.129085E+05  0.548548E+06  0.551935E+06  0.548548E+06 -0.131155E-01  0.291402E+06  0.291365E+06  0.390555E-01
  0.324176E+00  0.541004E+06  0.538347E+06  0.180569E+00 -0.123188E+00  0.123262E+05  0.537273E+06  0.540592E+06  0.537273E+06 -0.128459E-01  0.285413E+06  0.285377E+06  0.372969E-01
  0.329119E+00  0.529660E+06  0.527080E+06  0.171511E+00 -0.117012E+00  0.117691E+05  0.526009E+06  0.529260E+06  0.526009E+06 -0.125766E-01  0.279430E+06  0.279395E+06  0.358183E-01
  0.334062E+00  0.518249E+06  0.515722E+06  0.162884E+00 -0.111129E+00  0.112339E+05  0.514674E+06  0.517857E+06  0.514674E+06 -0.123056E-01  0.273409E+06  0.273374E+06  0.345949E-01
  0.339005E+00  0.506802E+06  0.504309E+06  0.154672E+00 -0.105530E+00  0.107204E+05  0.503301E+06  0.506416E+06  0.503301E+06 -0.120336E-01  0.267368E+06  0.267334E+06  0.335683E-01
  0.343949E+00  0.495450E+06  0.492979E+06  0.146888E+00 -0.100222E+00  0.102302E+05  0.492021E+06  0.495067E+06  0.492021E+06 -0.117639E-01  0.261376E+06  0.261342E+06  0.326641E-01
  0.348892E+00  0.484361E+06  0.481910E+06  0.139557E+00 -0.952228E-01  0.976541E+04  0.481002E+06  0.483981E+06  0.481002E+06 -0.115005E-01  0.255523E+06  0.255490E+06  0.318083E-01
  0.353835E+00  0.473684E+06  0.471254E+06  0.132690E+00 -0.905404E-01  0.932762E+04  0.470393E+06  0.473308E+06  0.470393E+06 -0.112468E-01  0.249887E+06  0.249855E+06  0.309411E-01
  0.358778E+00  0.463517E+06  0.461118E+06  0.126287E+00 -0.861730E-01  0.891726E+04  0.460291E+06  0.463145E+06  0.460291E+06 -0.110053E-01  0.244522E+06  0.244489E+06  0.300256E-01
  0.363722E+00  0.453910E+06  0.451553E+06  0.120329E+00 -0.821096E-01  0.853373E+04  0.450749E+06  0.453545E+06  0.450749E+06 -0.107771E-01  0.239453E+06  0.239421E+06  0.290512E-01
  0.368665E+00  0.444865E+06  0.442560E+06  0.114789E+00 -0.783309E-01  0.817559E+04  0.441767E+06  0.444508E+06  0.441767E+06 -0.105624E-01  0.234682E+06  0.234651E+06  0.280307E-01
  0.373608E+00  0.436333E+06  0.434086E+06  0.109627E+00 -0.748101E-01  0.784050E+04  0.433295E+06  0.435985E+06  0.433295E+06 -0.103598E-01  0.230181E+06  0.230151E+06  0.269929E-01
  0.378551E+00  0.428215E+06  0.426031E+06  0.104796E+00 -0.715146E-01  0.752548E+04  0.425235E+06  0.427876E+06  0.425235E+06 -0.101671E-01  0.225900E+06  0.225871E+06  0.259728E-01
  0.383495E+00  0.420392E+06  0.418269E+06  0.100247E+00 -0.684109E-01  0.722738E+04  0.417469E+06  0.420063E+06  0.417469E+06 -0.998144E-02  0.221775E+06  0.221746E+06  0.250036E-01
  0.388438E+00  0.412755E+06  0.410688E+06  0.959364E-01 -0.654706E-01  0.694350E+04  0.409887E+06  0.412435E+06  0.409887E+06 -0.980016E-02  0.217747E+06  0.217719E+06  0.241095E-01
  0.393381E+00  0.405235E+06  0.403216E+06  0.918358E-01 -0.626733E-01  0.667196E+04  0.402420E+06  0.404922E+06  0.402420E+06 -0.962163E-02  0.213781E+06  0.213753E+06  0.233031E-01
  0.398324E+00  0.397793E+06  0.395814E+06  0.879250E-01 -0.600054E-01  0.641155E+04  0.395029E+06  0.397486E+06  0.395029E+06 -0.944491E-02  0.209854E+06  0.209827E+06  0.225831E-01
  0.403268E+00  0.390429E+06  0.388483E+06  0.841938E-01 -0.574602E-01  0.616177E+04  0.387715E+06  0.390128E+06  0.387715E+06 -0.927004E-02  0.205969E+06  0.205943E+06  0.219381E-01
  0.408211E+00  0.383163E+06  0.381243E+06  0.806368E-01 -0.550336E-01  0.592241E+04  0.380497E+06  0.382865E+06  0.380497E+06 -0.909746E-02  0.202135E+06  0.202109E+06  0.213488E-01
  0.413154E+00  0.376028E+06  0.374133E+06  0.772519E-01 -0.527245E-01  0.569354E+04  0.373410E+06  0.375734E+06  0.373410E+06 -0.892800E-02  0.198370E+06  0.198344E+06  0.207940E-01
  0.418097E+00  0.369077E+06  0.367204E+06  0.740404E-01 -0.505335E-01  0.547540E+04  0.366504E+06  0.368786E+06  0.366504E+06 -0.876289E-02  0.194702E+06  0.194676E+06  0.202544E-01
  0.423041E+00  0.362358E+06  0.360510E+06  0.710027E-01 -0.484611E-01  0.526824E+04  0.359830E+06  0.362071E+06  0.359830E+06 -0.860331E-02  0.191156E+06  0.191131E+06  0.197165E-01
  0.427984E+00  0.355899E+06  0.354080E+06  0.681350E-01 -0.465045E-01  0.507194E+04  0.353415E+06  0.355617E+06  0.353415E+06 -0.844995E-02  0.187749E+06  0.187724E+06  0.191732E-01
  0.432927E+00  0.349704E+06  0.347916E+06  0.654283E-01 -0.446578E-01  0.488599E+04  0.347262E+06  0.349427E+06  0.347262E+06 -0.830283E-02  0.184480E+06  0.184456E+06  0.186242E-01
  0.437870E+00  0.343754E+06  0.342000E+06  0.628709E-01 -0.429128E-01  0.470969E+04  0.341354E+06  0.343482E+06  0.341354E+06 -0.816157E-02  0.181342E+06  0.181318E+06  0.180744E-01
  0.442814E+00  0.338025E+06  0.336306E+06  0.604503E-01 -0.412612E-01  0.454222E+04  0.335665E+06  0.337759E+06  0.335665E+06 -0.802556E-02  0.178320E+06  0.178297E+06  0.175324E-01
  0.447757E+00  0.332483E+06  0.330799E+06  0.581535E-01 -0.396939E-01  0.438273E+04  0.330163E+06  0.332222E+06  0.330163E+06 -0.789399E-02  0.175397E+06  0.175374E+06  0.170076E-01
  0.452700E+00  0.327090E+06  0.325440E+06  0.559675E-01 -0.382023E-01  0.423038E+04  0.324808E+06  0.326834E+06  0.324808E+06 -0.776596E-02  0.172552E+06  0.172530E+06  0.165078E-01
  0.457643E+00  0.321813E+06  0.320194E+06  0.538812E-01 -0.367787E-01  0.408441E+04  0.319567E+06  0.321562E+06  0.319567E+06 -0.764067E-02  0.169768E+06  0.169746E+06  0.160381E-01
  0.462587E+00  0.316630E+06  0.315039E+06  0.518862E-01 -0.354173E-01  0.394429E+04  0.314420E+06  0.316383E+06  0.314420E+06 -0.751760E-02  0.167034E+06  0.167013E+06  0.156001E-01
  0.467530E+00  0.311531E+06  0.309966E+06  0.499766E-01 -0.341143E-01  0.380965E+04  0.309357E+06  0.311289E+06  0.309357E+06 -0.739654E-02  0.164344E+06  0.164323E+06  0.151918E-01
  0.472473E+00  0.306519E+06  0.304977E+06  0.481487E-01 -0.328669E-01  0.368027E+04  0.304379E+06  0.306280E+06  0.304379E+06 -0.727752E-02  0.161700E+06  0.161679E+06  0.148090E-01
  0.477416E+00  0.301602E+06  0.300081E+06  0.463999E-01 -0.316736E-01  0.355605E+04  0.299495E+06  0.301366E+06  0.299495E+06 -0.716075E-02  0.159106E+06  0.159085E+06  0.144459E-01
  0.482360E+00  0.296793E+06  0.295292E+06  0.447286E-01 -0.305331E-01  0.343693E+04  0.294718E+06  0.296560E+06  0.294718E+06 -0.704654E-02  0.156568E+06  0.156548E+06  0.140965E-01
  0.487303E+00  0.292103E+06  0.290623E+06  0.431329E-01 -0.294441E-01  0.332281E+04  0.290060E+06  0.291873E+06  0.290060E+06 -0.693517E-02  0.154094E+06  0.154074E+06  0.137558E-01
  0.492246E+00  0.287542E+06  0.286083E+06  0.416107E-01 -0.284053E-01  0.321361E+04  0.285531E+06  0.287316E+06  0.285531E+06 -0.682688E-02  0.151688E+06  0.151668E+06  0.134205E-01
  0.497189E+00  0.283117E+06  0.281679E+06  0.401596E-01 -0.274150E-01  0.310919E+04  0.281137E+06  0.282894E+06  0.281137E+06 -0.672181E-02  0.149353E+06  0.149334E+06  0.130891E-01
  0.502133E+00  0.278826E+06  0.277411E+06  0.387759E-01 -0.264707E-01  0.300934E+04  0.276876E+06  0.278607E+06  0.276876E+06 -0.661993E-02  0.147090E+06  0.147070E+06  0.127619E-01
  0.507076E+00  0.274660E+06  0.273267E+06  0.374553E-01 -0.255694E-01  0.291377E+04  0.272738E+06  0.274444E+06  0.272738E+06 -0.652101E-02  0.144892E+06  0.144873E+06  0.124405E-01
  0.512019E+00  0.270606E+06  0.269236E+06  0.361932E-01 -0.247081E-01  0.282217E+04  0.268713E+06  0.270394E+06  0.268713E+06 -0.642477E-02  0.142753E+06  0.142735E+06  0.121271E-01
  0.516962E+00  0.266654E+06  0.265306E+06  0.349857E-01 -0.238840E-01  0.273427E+04  0.264788E+06  0.266445E+06  0.264788E+06 -0.633093E-02  0.140669E+06  0.140650E+06  0.118241E-01
  0.521906E+00  0.262794E+06  0.261467E+06  0.338291E-01 -0.230945E-01  0.264983E+04  0.260955E+06  0.262588E+06  0.260955E+06 -0.623927E-02  0.138632E+06  0.138614E+06  0.115333E-01
  0.526849E+00  0.259014E+06  0.257707E+06  0.327196E-01 -0.223373E-01  0.256861E+04  0.257201E+06  0.258811E+06  0.257201E+06 -0.614953E-02  0.136638E+06  0.136620E+06  0.112554E-01
  0.531792E+00  0.255305E+06  0.254018E+06  0.316543E-01 -0.216102E-01  0.249038E+04  0.253519E+06  0.255106E+06  0.253519E+06 -0.606148E-02  0.134682E+06  0.134664E+06  0.109905E-01
  0.536735E+00  0.251663E+06  0.250394E+06  0.306305E-01 -0.209115E-01  0.241499E+04  0.249902E+06  0.251467E+06  0.249902E+06 -0.597501E-02  0.132761E+06  0.132743E+06  0.107376E-01
  0.541678E+00  0.248090E+06  0.246838E+06  0.296469E-01 -0.202401E-01  0.234234E+04  0.246353E+06  0.247896E+06  0.246353E+06 -0.589016E-02  0.130875E+06  0.130858E+06  0.104953E-01
  0.546622E+00  0.244589E+06  0.243354E+06  0.287021E-01 -0.195953E-01  0.227239E+04  0.242877E+06  0.244398E+06  0.242877E+06 -0.580704E-02  0.129029E+06  0.129012E+06  0.102617E-01
  0.551565E+00  0.241164E+06  0.239945E+06  0.277951E-01 -0.189762E-01  0.220504E+04  0.239475E+06  0.240975E+06  0.239475E+06 -0.572571E-02  0.127222E+06  0.127205E+06  0.100353E-01
  0.556508E+00  0.237815E+06  0.236612E+06  0.269242E-01 -0.183818E-01  0.214022E+04  0.236149E+06  0.237629E+06  0.236149E+06 -0.564619E-02  0.125455E+06  0.125438E+06  0.981462E-02
  0.561451E+00  0.234542E+06  0.233355E+06  0.260880E-01 -0.178110E-01  0.207782E+04  0.232899E+06  0.234358E+06  0.232899E+06 -0.556847E-02  0.123728E+06  0.123712E+06  0.959873E-02
  0.566395E+00  0.231346E+06  0.230175E+06  0.252853E-01 -0.172631E-01  0.201777E+04  0.229725E+06  0.231165E+06  0.229725E+06 -0.549259E-02  0.122042E+06  0.122026E+06  0.938732E-02
  0.571338E+00  0.228228E+06  0.227073E+06  0.245146E-01 -0.167371E-01  0.195999E+04  0.226629E+06  0.228049E+06  0.226629E+06 -0.541856E-02  0.120397E+06  0.120381E+06  0.918052E-02
  0.576281E+00  0.225185E+06  0.224046E+06  0.237745E-01 -0.162319E-01  0.190436E+04  0.223607E+06  0.225008E+06  0.223607E+06 -0.534630E-02  0.118792E+06  0.118776E+06  0.897872E-02
  0.581225E+00  0.222210E+06  0.221086E+06  0.230629E-01 -0.157462E-01  0.185076E+04  0.220652E+06  0.222035E+06  0.220652E+06 -0.527566E-02  0.117222E+06  0.117207E+06  0.878238E-02
  0.586168E+00  0.219296E+06  0.218188E+06  0.223782E-01 -0.152788E-01  0.179905E+04  0.217759E+06  0.219124E+06  0.217759E+06 -0.520648E-02  0.115685E+06  0.115670E+06  0.859196E-02
  0.591111E+00  0.216440E+06  0.215347E+06  0.217189E-01 -0.148287E-01  0.174915E+04  0.214923E+06  0.216271E+06  0.214923E+06 -0.513869E-02  0.114179E+06  0.114164E+06  0.840778E-02
  0.596054E+00  0.213641E+06  0.212562E+06  0.210838E-01 -0.143952E-01  0.170098E+04  0.212143E+06  0.213474E+06  0.212143E+06 -0.507222E-02  0.112702E+06  0.112687E+06  0.822996E-02
  0.600998E+00  0.210896E+06  0.209831E+06  0.204719E-01 -0.139775E-01  0.165445E+04  0.209417E+06  0.210731E+06  0.209417E+06 -0.500704E-02  0.111254E+06  0.111239E+06  0.805833E-02
  0.605941E+00  0.208201E+06  0.207149E+06  0.198818E-01 -0.135747E-01  0.160949E+04  0.206741E+06  0.208038E+06  0.206741E+06 -0.494305E-02  0.109832E+06  0.109818E+06  0.789247E-02
  0.610884E+00  0.205555E+06  0.204517E+06  0.193127E-01 -0.131862E-01  0.156603E+04  0.204113E+06  0.205394E+06  0.204113E+06 -0.488023E-02  0.108436E+06  0.108422E+06  0.773185E-02
  0.615827E+00  0.202958E+06  0.201933E+06  0.187638E-01 -0.128115E-01  0.152402E+04  0.201535E+06  0.202800E+06  0.201535E+06 -0.481858E-02  0.107066E+06  0.107052E+06  0.757595E-02
  0.620770E+00  0.200414E+06  0.199401E+06  0.182346E-01 -0.124502E-01  0.148343E+04  0.199008E+06  0.200257E+06  0.199008E+06 -0.475816E-02  0.105724E+06  0.105710E+06  0.742428E-02
  0.625714E+00  0.197921E+06  0.196920E+06  0.177243E-01 -0.121019E-01  0.144422E+04  0.196532E+06  0.197766E+06  0.196532E+06 -0.469897E-02  0.104409E+06  0.104395E+06  0.727645E-02
  0.630657E+00  0.195478E+06  0.194490E+06  0.172322E-01 -0.117659E-01  0.140632E+04  0.194107E+06  0.195325E+06  0.194107E+06 -0.464098E-02  0.103120E+06  0.103107E+06  0.713214E-02
  0.635600E+00  0.193085E+06  0.192108E+06  0.167574E-01 -0.114418E-01  0.136968E+04  0.191730E+06  0.192933E+06  0.191730E+06 -0.458414E-02  0.101857E+06  0.101844E+06  0.699121E-02
  0.640543E+00  0.190739E+06  0.189775E+06  0.162993E-01 -0.111291E-01  0.133427E+04  0.189401E+06  0.190590E+06  0.189401E+06 -0.452846E-02  0.100620E+06  0.100607E+06  0.685364E-02
  0.645487E+00  0.188442E+06  0.187489E+06  0.158572E-01 -0.108273E-01  0.130003E+04  0.187119E+06  0.188294E+06  0.187119E+06 -0.447391E-02  0.994081E+05  0.993951E+05  0.671950E-02
  0.650430E+00  0.186189E+06  0.185248E+06  0.154304E-01 -0.105359E-01  0.126690E+04  0.184882E+06  0.186043E+06  0.184882E+06 -0.442042E-02  0.982197E+05  0.982069E+05  0.658884E-02
  0.655373E+00  0.183978E+06  0.183048E+06  0.150180E-01 -0.102544E-01  0.123484E+04  0.182687E+06  0.183834E+06  0.182687E+06 -0.436793E-02  0.970534E+05  0.970407E+05  0.646170E-02
  0.660316E+00  0.181807E+06  0.180888E+06  0.146193E-01 -0.998223E-02  0.120378E+04  0.180531E+06  0.181664E+06  0.180531E+06 -0.431638E-02  0.959081E+05  0.958955E+05  0.633807E-02
  0.665260E+00  0.179675E+06  0.178767E+06  0.142340E-01 -0.971913E-02  0.117371E+04  0.178414E+06  0.179534E+06  0.178414E+06 -0.426576E-02  0.947833E+05  0.947709E+05  0.621794E-02
  0.670203E+00  0.177582E+06  0.176684E+06  0.138613E-01 -0.946475E-02  0.114457E+04  0.176335E+06  0.177442E+06  0.176335E+06 -0.421606E-02  0.936790E+05  0.936668E+05  0.610120E-02
  0.675146E+00  0.175526E+06  0.174639E+06  0.135009E-01 -0.921870E-02  0.111635E+04  0.174293E+06  0.175388E+06  0.174293E+06 -0.416725E-02  0.925945E+05  0.925823E+05  0.598770E-02
  0.680089E+00  0.173505E+06  0.172629E+06  0.131522E-01 -0.898063E-02  0.108898E+04  0.172287E+06  0.173369E+06  0.172287E+06 -0.411928E-02  0.915287E+05  0.915167E+05  0.587723E-02
  0.685033E+00  0.171520E+06  0.170654E+06  0.128147E-01 -0.875024E-02  0.106246E+04  0.170316E+06  0.171386E+06  0.170316E+06 -0.407215E-02  0.904815E+05  0.904697E+05  0.576959E-02
  0.689976E+00  0.169571E+06  0.168714E+06  0.124882E-01 -0.852731E-02  0.103675E+04  0.168380E+06  0.169438E+06  0.168380E+06 -0.402587E-02  0.894533E+05  0.894415E+05  0.566462E-02
  0.694919E+00  0.167658E+06  0.166811E+06  0.121723E-01 -0.831161E-02  0.101183E+04  0.166481E+06  0.167527E+06  0.166481E+06 -0.398046E-02  0.884441E+05  0.884325E+05  0.556220E-02
  0.739391E+00  0.151888E+06  0.151121E+06  0.974058E-02 -0.665141E-02  0.818559E+03  0.150821E+06  0.151769E+06  0.150821E+06 -0.360604E-02  0.801250E+05  0.801145E+05  0.474312E-02
  0.786708E+00  0.137532E+06  0.136837E+06  0.779074E-02 -0.532012E-02  0.661442E+03  0.136565E+06  0.137424E+06  0.136565E+06 -0.326519E-02  0.725516E+05  0.725421E+05  0.404469E-02
  0.837054E+00  0.124475E+06  0.123846E+06  0.622831E-02 -0.425330E-02  0.533901E+03  0.123599E+06  0.124377E+06  0.123599E+06 -0.295518E-02  0.656634E+05  0.656548E+05  0.344816E-02
  0.890621E+00  0.112605E+06  0.112037E+06  0.497696E-02 -0.339884E-02  0.430499E+03  0.111813E+06  0.112517E+06  0.111813E+06 -0.267338E-02  0.594020E+05  0.593942E+05  0.293911E-02
  0.947617E+00  0.101823E+06  0.101309E+06  0.397528E-02 -0.271484E-02  0.346773E+03  0.101107E+06  0.101744E+06  0.101107E+06 -0.241740E-02  0.537141E+05  0.537070E+05  0.250502E-02
  0.990988E+00  0.946666E+05  0.941884E+05  0.337943E-02 -0.230796E-02  0.296497E+03  0.940001E+05  0.945925E+05  0.940001E+05 -0.224749E-02  0.499388E+05  0.499321E+05  0.223219E-02
  0.121284E+01  0.679452E+05  0.676019E+05  0.161927E-02 -0.110594E-02  0.145328E+03  0.674664E+05  0.678920E+05  0.674664E+05 -0.161308E-02  0.358425E+05  0.358377E+05  0.132678E-02
  0.148436E+01  0.485693E+05  0.483238E+05  0.772753E-03 -0.527801E-03  0.706073E+02  0.482268E+05  0.485312E+05  0.482268E+05 -0.115307E-02  0.256213E+05  0.256177E+05  0.790606E-03
  0.181667E+01  0.345903E+05  0.344154E+05  0.367414E-03 -0.250953E-03  0.465405E+02  0.343463E+05  0.345632E+05  0.343463E+05 -0.821201E-03  0.182471E+05  0.182445E+05  0.473766E-03
  0.222338E+01  0.245516E+05  0.244273E+05  0.174100E-03 -0.118919E-03  0.224272E+02  0.243783E+05  0.245323E+05  0.243783E+05 -0.582871E-03  0.129514E+05  0.129495E+05  0.286710E-03
