  0.957119E-05  0.198028E+08  0.198028E+08  0.263923E+08  0.263920E+08  0.198040E+08  0.198028E+08  0.198028E+08  0.198095E+08 -0.473887E+00  0.104968E+08  0.104968E+08  0.545885E+01
  0.104788E-04  0.198028E+08  0.198028E+08  0.263901E+08  0.263897E+08  0.198040E+08  0.198028E+08  0.198028E+08  0.198095E+08 -0.473887E+00  0.104968E+08  0.104968E+08  0.597634E+01
  0.114724E-04  0.198028E+08  0.198028E+08  0.263874E+08  0.263869E+08  0.198040E+08  0.198028E+08  0.198028E+08  0.198095E+08 -0.473887E+00  0.104968E+08  0.104968E+08  0.654286E+01
  0.125602E-04  0.198027E+08  0.198027E+08  0.263841E+08  0.263836E+08  0.198040E+08  0.198028E+08  0.198027E+08  0.198094E+08 -0.473887E+00  0.104968E+08  0.104968E+08  0.716305E+01
  0.137512E-04  0.198027E+08  0.198027E+08  0.263802E+08  0.263796E+08  0.198040E+08  0.198027E+08  0.198027E+08  0.198094E+08 -0.473886E+00  0.104968E+08  0.104968E+08  0.784197E+01
  0.150552E-04  0.198027E+08  0.198027E+08  0.263756E+08  0.263748E+08  0.198039E+08  0.198027E+08  0.198027E+08  0.198094E+08 -0.473886E+00  0.104968E+08  0.104968E+08  0.858517E+01
  0.164827E-04  0.198027E+08  0.198027E+08  0.263700E+08  0.263690E+08  0.198039E+08  0.198027E+08  0.198027E+08  0.198094E+08 -0.473886E+00  0.104968E+08  0.104968E+08  0.939873E+01
  0.180457E-04  0.198027E+08  0.198027E+08  0.263633E+08  0.263621E+08  0.198039E+08  0.198027E+08  0.198027E+08  0.198094E+08 -0.473886E+00  0.104968E+08  0.104968E+08  0.102893E+02
  0.197568E-04  0.198027E+08  0.198027E+08  0.263553E+08  0.263539E+08  0.198039E+08  0.198027E+08  0.198027E+08  0.198094E+08 -0.473885E+00  0.104968E+08  0.104968E+08  0.112640E+02
  0.216302E-04  0.198027E+08  0.198027E+08  0.263457E+08  0.263440E+08  0.198038E+08  0.198027E+08  0.198027E+08  0.198094E+08 -0.473885E+00  0.104968E+08  0.104968E+08  0.123310E+02
  0.236813E-04  0.198027E+08  0.198026E+08  0.263342E+08  0.263321E+08  0.198038E+08  0.198027E+08  0.198027E+08  0.198093E+08 -0.473884E+00  0.104968E+08  0.104968E+08  0.134987E+02
  0.259268E-04  0.198026E+08  0.198026E+08  0.263204E+08  0.263179E+08  0.198037E+08  0.198026E+08  0.198026E+08  0.198093E+08 -0.473883E+00  0.104967E+08  0.104967E+08  0.147766E+02
  0.283852E-04  0.198026E+08  0.198026E+08  0.263039E+08  0.263009E+08  0.198037E+08  0.198026E+08  0.198026E+08  0.198093E+08 -0.473882E+00  0.104967E+08  0.104967E+08  0.161752E+02
  0.310768E-04  0.198026E+08  0.198026E+08  0.262841E+08  0.262805E+08  0.198036E+08  0.198026E+08  0.198026E+08  0.198092E+08 -0.473881E+00  0.104967E+08  0.104967E+08  0.177055E+02
  0.340236E-04  0.198025E+08  0.198025E+08  0.262604E+08  0.262561E+08  0.198035E+08  0.198025E+08  0.198025E+08  0.198092E+08 -0.473880E+00  0.104967E+08  0.104967E+08  0.193798E+02
  0.372498E-04  0.198025E+08  0.198025E+08  0.262320E+08  0.262269E+08  0.198034E+08  0.198025E+08  0.198025E+08  0.198091E+08 -0.473878E+00  0.104967E+08  0.104967E+08  0.212115E+02
  0.407819E-04  0.198024E+08  0.198024E+08  0.261980E+08  0.261919E+08  0.198033E+08  0.198024E+08  0.198024E+08  0.198091E+08 -0.473876E+00  0.104966E+08  0.104966E+08  0.232151E+02
  0.446490E-04  0.198023E+08  0.198023E+08  0.261573E+08  0.261501E+08  0.198032E+08  0.198023E+08  0.198023E+08  0.198090E+08 -0.473874E+00  0.104966E+08  0.104966E+08  0.254062E+02
  0.488827E-04  0.198022E+08  0.198022E+08  0.261086E+08  0.260999E+08  0.198030E+08  0.198022E+08  0.198022E+08  0.198089E+08 -0.473871E+00  0.104965E+08  0.104965E+08  0.278018E+02
  0.535179E-04  0.198021E+08  0.198021E+08  0.260504E+08  0.260400E+08  0.198028E+08  0.198021E+08  0.198021E+08  0.198087E+08 -0.473868E+00  0.104965E+08  0.104965E+08  0.304204E+02
  0.585926E-04  0.198020E+08  0.198020E+08  0.259807E+08  0.259683E+08  0.198026E+08  0.198020E+08  0.198020E+08  0.198086E+08 -0.473864E+00  0.104964E+08  0.104964E+08  0.332819E+02
  0.641486E-04  0.198018E+08  0.198018E+08  0.258974E+08  0.258826E+08  0.198023E+08  0.198018E+08  0.198018E+08  0.198084E+08 -0.473860E+00  0.104963E+08  0.104963E+08  0.364075E+02
  0.702313E-04  0.198017E+08  0.198016E+08  0.257980E+08  0.257802E+08  0.198019E+08  0.198017E+08  0.198017E+08  0.198082E+08 -0.473854E+00  0.104962E+08  0.104962E+08  0.398201E+02
  0.768908E-04  0.198014E+08  0.198014E+08  0.256792E+08  0.256579E+08  0.198015E+08  0.198014E+08  0.198014E+08  0.198080E+08 -0.473847E+00  0.104961E+08  0.104961E+08  0.435440E+02
  0.841818E-04  0.198012E+08  0.198011E+08  0.255374E+08  0.255121E+08  0.198010E+08  0.198012E+08  0.198012E+08  0.198076E+08 -0.473839E+00  0.104960E+08  0.104959E+08  0.476050E+02
  0.921642E-04  0.198009E+08  0.198008E+08  0.253685E+08  0.253383E+08  0.198004E+08  0.198008E+08  0.198008E+08  0.198073E+08 -0.473830E+00  0.104958E+08  0.104958E+08  0.520299E+02
  0.100903E-03  0.198005E+08  0.198004E+08  0.251674E+08  0.251314E+08  0.197997E+08  0.198005E+08  0.198005E+08  0.198068E+08 -0.473818E+00  0.104956E+08  0.104956E+08  0.568469E+02
  0.110471E-03  0.198000E+08  0.197999E+08  0.249282E+08  0.248855E+08  0.197988E+08  0.198000E+08  0.198000E+08  0.198063E+08 -0.473805E+00  0.104953E+08  0.104953E+08  0.620848E+02
  0.120947E-03  0.197995E+08  0.197994E+08  0.246444E+08  0.245936E+08  0.197978E+08  0.197994E+08  0.197995E+08  0.198057E+08 -0.473788E+00  0.104950E+08  0.104950E+08  0.677724E+02
  0.132415E-03  0.197988E+08  0.197987E+08  0.243080E+08  0.242479E+08  0.197965E+08  0.197988E+08  0.197988E+08  0.198049E+08 -0.473769E+00  0.104947E+08  0.104947E+08  0.739384E+02
  0.144971E-03  0.197980E+08  0.197979E+08  0.239105E+08  0.238393E+08  0.197950E+08  0.197980E+08  0.197980E+08  0.198041E+08 -0.473745E+00  0.104943E+08  0.104942E+08  0.806097E+02
  0.158718E-03  0.197971E+08  0.197969E+08  0.234418E+08  0.233580E+08  0.197932E+08  0.197970E+08  0.197971E+08  0.198030E+08 -0.473717E+00  0.104938E+08  0.104937E+08  0.878105E+02
  0.173768E-03  0.197960E+08  0.197958E+08  0.228913E+08  0.227928E+08  0.197911E+08  0.197959E+08  0.197959E+08  0.198017E+08 -0.473684E+00  0.104931E+08  0.104931E+08  0.955605E+02
  0.190245E-03  0.197946E+08  0.197944E+08  0.222472E+08  0.221318E+08  0.197886E+08  0.197946E+08  0.197946E+08  0.198002E+08 -0.473644E+00  0.104924E+08  0.104924E+08  0.103873E+03
  0.208284E-03  0.197930E+08  0.197928E+08  0.214973E+08  0.213629E+08  0.197855E+08  0.197929E+08  0.197930E+08  0.197984E+08 -0.473597E+00  0.104916E+08  0.104915E+08  0.112751E+03
  0.228035E-03  0.197911E+08  0.197908E+08  0.206294E+08  0.204737E+08  0.197819E+08  0.197910E+08  0.197911E+08  0.197962E+08 -0.473541E+00  0.104905E+08  0.104904E+08  0.122184E+03
  0.249657E-03  0.197888E+08  0.197885E+08  0.196320E+08  0.194529E+08  0.197775E+08  0.197887E+08  0.197888E+08  0.197937E+08 -0.473474E+00  0.104893E+08  0.104892E+08  0.132148E+03
  0.273331E-03  0.197861E+08  0.197857E+08  0.184958E+08  0.182915E+08  0.197723E+08  0.197860E+08  0.197861E+08  0.197906E+08 -0.473395E+00  0.104878E+08  0.104877E+08  0.142591E+03
  0.299249E-03  0.197829E+08  0.197824E+08  0.172149E+08  0.169843E+08  0.197661E+08  0.197827E+08  0.197828E+08  0.197871E+08 -0.473302E+00  0.104861E+08  0.104859E+08  0.153437E+03
  0.327624E-03  0.197790E+08  0.197785E+08  0.157894E+08  0.155324E+08  0.197587E+08  0.197788E+08  0.197790E+08  0.197828E+08 -0.473192E+00  0.104840E+08  0.104838E+08  0.164574E+03
  0.358691E-03  0.197745E+08  0.197738E+08  0.142277E+08  0.139456E+08  0.197498E+08  0.197742E+08  0.197744E+08  0.197778E+08 -0.473062E+00  0.104815E+08  0.104813E+08  0.175852E+03
  0.392703E-03  0.197691E+08  0.197682E+08  0.125492E+08  0.122456E+08  0.197393E+08  0.197688E+08  0.197689E+08  0.197719E+08 -0.472910E+00  0.104786E+08  0.104784E+08  0.187073E+03
  0.429940E-03  0.197627E+08  0.197617E+08  0.107878E+08  0.104685E+08  0.197268E+08  0.197623E+08  0.197625E+08  0.197650E+08 -0.472732E+00  0.104751E+08  0.104748E+08  0.197990E+03
  0.470708E-03  0.197551E+08  0.197540E+08  0.899296E+07  0.866723E+07  0.197120E+08  0.197547E+08  0.197549E+08  0.197569E+08 -0.472525E+00  0.104710E+08  0.104707E+08  0.208309E+03
  0.515342E-03  0.197462E+08  0.197449E+08  0.723070E+07  0.691074E+07  0.196943E+08  0.197457E+08  0.197460E+08  0.197475E+08 -0.472285E+00  0.104662E+08  0.104659E+08  0.217691E+03
  0.564208E-03  0.197358E+08  0.197343E+08  0.557973E+07  0.528057E+07  0.196735E+08  0.197351E+08  0.197355E+08  0.197365E+08 -0.472007E+00  0.104605E+08  0.104601E+08  0.225769E+03
  0.617708E-03  0.197235E+08  0.197218E+08  0.412358E+07  0.386177E+07  0.196489E+08  0.197228E+08  0.197233E+08  0.197238E+08 -0.471686E+00  0.104539E+08  0.104535E+08  0.232167E+03
  0.676281E-03  0.197093E+08  0.197073E+08  0.293657E+07  0.272777E+07  0.196199E+08  0.197084E+08  0.197090E+08  0.197091E+08 -0.471319E+00  0.104462E+08  0.104457E+08  0.236533E+03
  0.740407E-03  0.196927E+08  0.196904E+08  0.206503E+07  0.192056E+07  0.195857E+08  0.196916E+08  0.196923E+08  0.196922E+08 -0.470897E+00  0.104372E+08  0.104366E+08  0.238578E+03
  0.810615E-03  0.196734E+08  0.196708E+08  0.150792E+07  0.143086E+07  0.195456E+08  0.196722E+08  0.196730E+08  0.196726E+08 -0.470416E+00  0.104268E+08  0.104262E+08  0.238110E+03
  0.887480E-03  0.196511E+08  0.196483E+08  0.120588E+07  0.118792E+07  0.194987E+08  0.196497E+08  0.196507E+08  0.196500E+08 -0.469866E+00  0.104148E+08  0.104141E+08  0.235064E+03
  0.971633E-03  0.196255E+08  0.196223E+08  0.105011E+07  0.107136E+07  0.194439E+08  0.196239E+08  0.196250E+08  0.196241E+08 -0.469237E+00  0.104009E+08  0.104003E+08  0.229500E+03
  0.106377E-02  0.195960E+08  0.195926E+08  0.919113E+06  0.952648E+06  0.193799E+08  0.195941E+08  0.195955E+08  0.195944E+08 -0.468519E+00  0.103851E+08  0.103844E+08  0.221586E+03
  0.116464E-02  0.195622E+08  0.195585E+08  0.735510E+06  0.756706E+06  0.193056E+08  0.195600E+08  0.195616E+08  0.195602E+08 -0.467699E+00  0.103670E+08  0.103662E+08  0.211554E+03
  0.127507E-02  0.195236E+08  0.195197E+08  0.509743E+06  0.506726E+06  0.192195E+08  0.195210E+08  0.195230E+08  0.195212E+08 -0.466762E+00  0.103462E+08  0.103455E+08  0.199670E+03
  0.139598E-02  0.194795E+08  0.194754E+08  0.323784E+06  0.301973E+06  0.191203E+08  0.194766E+08  0.194788E+08  0.194767E+08 -0.465694E+00  0.103226E+08  0.103219E+08  0.186244E+03
  0.152835E-02  0.194293E+08  0.194251E+08  0.241949E+06  0.217395E+06  0.190065E+08  0.194260E+08  0.194286E+08  0.194260E+08 -0.464480E+00  0.102958E+08  0.102950E+08  0.171690E+03
  0.167327E-02  0.193722E+08  0.193680E+08  0.225572E+06  0.211078E+06  0.188764E+08  0.193685E+08  0.193716E+08  0.193685E+08 -0.463102E+00  0.102653E+08  0.102645E+08  0.156562E+03
  0.183193E-02  0.193076E+08  0.193034E+08  0.176469E+06 -0.135494E+06  0.187285E+08  0.193033E+08  0.193070E+08  0.193034E+08 -0.461542E+00  0.102308E+08  0.102301E+08  0.141510E+03
  0.200564E-02  0.192346E+08  0.192303E+08  0.880794E+05 -0.112608E+06  0.185613E+08  0.192297E+08  0.192339E+08  0.192297E+08 -0.459780E+00  0.101918E+08  0.101911E+08  0.127156E+03
  0.219582E-02  0.191523E+08  0.191480E+08  0.538360E+05 -0.935418E+05  0.183736E+08  0.191467E+08  0.191516E+08  0.191467E+08 -0.457794E+00  0.101479E+08  0.101471E+08  0.114004E+03
  0.240403E-02  0.190596E+08  0.190554E+08  0.673124E+05 -0.776623E+05  0.181641E+08  0.190534E+08  0.190590E+08  0.190534E+08 -0.455561E+00  0.100985E+08  0.100977E+08  0.102432E+03
  0.263199E-02  0.189558E+08  0.189515E+08  0.378864E+05 -0.644394E+05  0.179319E+08  0.189487E+08  0.189551E+08  0.189487E+08 -0.453058E+00  0.100431E+08  0.100423E+08  0.926082E+02
  0.288157E-02  0.188397E+08  0.188353E+08  0.172845E+05 -0.534323E+05  0.176767E+08  0.188317E+08  0.188390E+08  0.188317E+08 -0.450260E+00  0.998114E+07  0.998042E+07  0.843653E+02
  0.315480E-02  0.187104E+08  0.187057E+08  0.226989E+05 -0.442730E+05  0.173979E+08  0.187014E+08  0.187096E+08  0.187014E+08 -0.447144E+00  0.991217E+07  0.991144E+07  0.772824E+02
  0.345395E-02  0.185667E+08  0.185618E+08  0.308205E+04 -0.366542E+05  0.170953E+08  0.185567E+08  0.185659E+08  0.185567E+08 -0.443683E+00  0.983559E+07  0.983486E+07  0.708504E+02
  0.378146E-02  0.184077E+08  0.184026E+08  0.421735E+04 -0.303199E+05  0.167686E+08  0.183966E+08  0.184069E+08  0.183966E+08 -0.439855E+00  0.975087E+07  0.975014E+07  0.646596E+02
  0.414003E-02  0.182324E+08  0.182270E+08 -0.435580E+04 -0.250563E+05  0.164173E+08  0.182202E+08  0.182316E+08  0.182202E+08 -0.435636E+00  0.965749E+07  0.965676E+07  0.586328E+02
  0.453260E-02  0.180397E+08  0.180341E+08  0.330094E+04 -0.206851E+05  0.160403E+08  0.180263E+08  0.180388E+08  0.180263E+08 -0.431000E+00  0.955490E+07  0.955418E+07  0.529883E+02
  0.496240E-02  0.178287E+08  0.178227E+08  0.139167E+04 -0.170572E+05  0.156359E+08  0.178140E+08  0.178278E+08  0.178140E+08 -0.425924E+00  0.944255E+07  0.944184E+07  0.480045E+02
  0.543295E-02  0.175983E+08  0.175918E+08 -0.389191E+04 -0.140485E+05  0.152024E+08  0.175822E+08  0.175973E+08  0.175822E+08 -0.420383E+00  0.931992E+07  0.931921E+07  0.436961E+02
  0.594811E-02  0.173475E+08  0.173405E+08 -0.784432E+03 -0.115552E+05  0.147393E+08  0.173301E+08  0.173464E+08  0.173301E+08 -0.414353E+00  0.918648E+07  0.918577E+07  0.397915E+02
  0.651213E-02  0.170760E+08  0.170684E+08 -0.116401E+04 -0.949109E+04  0.142358E+08  0.170570E+08  0.170749E+08  0.170570E+08 -0.407825E+00  0.904201E+07  0.904130E+07  0.360856E+02
  0.712963E-02  0.167816E+08  0.167732E+08 -0.871911E+03 -0.778320E+04  0.137105E+08  0.167610E+08  0.167803E+08  0.167610E+08 -0.400747E+00  0.888536E+07  0.888466E+07  0.326894E+02
  0.780568E-02  0.164639E+08  0.164546E+08 -0.227699E+04 -0.637178E+04  0.131599E+08  0.164417E+08  0.164624E+08  0.164417E+08 -0.393112E+00  0.871637E+07  0.871568E+07  0.297284E+02
  0.854584E-02  0.161216E+08  0.161113E+08 -0.318445E+03 -0.520658E+04  0.125832E+08  0.160978E+08  0.161200E+08  0.160978E+08 -0.384890E+00  0.853439E+07  0.853370E+07  0.270379E+02
  0.935618E-02  0.157544E+08  0.157429E+08 -0.245991E+04 -0.424591E+04  0.119810E+08  0.157290E+08  0.157526E+08  0.157290E+08 -0.376071E+00  0.833917E+07  0.833848E+07  0.245521E+02
  0.102434E-01  0.153611E+08  0.153482E+08 -0.203821E+04 -0.345482E+04  0.113551E+08  0.153340E+08  0.153591E+08  0.153340E+08 -0.366627E+00  0.813012E+07  0.812943E+07  0.223627E+02
  0.112147E-01  0.149407E+08  0.149261E+08 -0.906480E+03 -0.280424E+04  0.107116E+08  0.149119E+08  0.149385E+08  0.149119E+08 -0.356535E+00  0.790670E+07  0.790601E+07  0.203728E+02
  0.122781E-01  0.144924E+08  0.144759E+08 -0.159408E+04 -0.227004E+04  0.100554E+08  0.144620E+08  0.144898E+08  0.144620E+08 -0.345778E+00  0.766851E+07  0.766782E+07  0.185799E+02
  0.134423E-01  0.140155E+08  0.139969E+08 -0.141332E+04 -0.183216E+04  0.938728E+07  0.139836E+08  0.140126E+08  0.139836E+08 -0.334339E+00  0.741521E+07  0.741452E+07  0.169746E+02
  0.147169E-01  0.135094E+08  0.134884E+08 -0.995002E+03 -0.147388E+04  0.870962E+07  0.134760E+08  0.135062E+08  0.134760E+08 -0.322204E+00  0.714648E+07  0.714580E+07  0.155260E+02
  0.161124E-01  0.129739E+08  0.129502E+08 -0.963930E+03 -0.118133E+04  0.802891E+07  0.129392E+08  0.129702E+08  0.129392E+08 -0.309368E+00  0.686218E+07  0.686149E+07  0.142190E+02
  0.176403E-01  0.124090E+08  0.123823E+08 -0.621973E+03 -0.943022E+03  0.734992E+07  0.123731E+08  0.124048E+08  0.123731E+08 -0.295833E+00  0.656237E+07  0.656168E+07  0.130395E+02
  0.193130E-01  0.118155E+08  0.117857E+08 -0.459658E+03 -0.749428E+03  0.667864E+07  0.117787E+08  0.118109E+08  0.117787E+08 -0.281621E+00  0.624751E+07  0.624682E+07  0.119595E+02
  0.211443E-01  0.111954E+08  0.111622E+08 -0.400884E+03 -0.592667E+03  0.601930E+07  0.111577E+08  0.111902E+08  0.111577E+08 -0.266775E+00  0.591855E+07  0.591785E+07  0.109645E+02
  0.231492E-01  0.105515E+08  0.105149E+08 -0.284555E+03 -0.466215E+03  0.537894E+07  0.105133E+08  0.105458E+08  0.105133E+08 -0.251368E+00  0.557713E+07  0.557643E+07  0.100350E+02
  0.253443E-01  0.988869E+07  0.984888E+07 -0.325581E+03 -0.364682E+03  0.476396E+07  0.985036E+07  0.988252E+07  0.985036E+07 -0.235516E+00  0.522580E+07  0.522510E+07  0.915112E+01
  0.277475E-01  0.921389E+07  0.917115E+07 -0.176440E+03 -0.283612E+03  0.418051E+07  0.917568E+07  0.920727E+07  0.917568E+07 -0.219385E+00  0.486822E+07  0.486753E+07  0.829526E+01
  0.303786E-01  0.853639E+07  0.849132E+07 -0.178121E+03 -0.219312E+03  0.363525E+07  0.849866E+07  0.852940E+07  0.849866E+07 -0.203198E+00  0.450935E+07  0.450867E+07  0.744990E+01
  0.332592E-01  0.786798E+07  0.782151E+07 -0.155702E+03 -0.168718E+03  0.313365E+07  0.783107E+07  0.786077E+07  0.783107E+07 -0.187236E+00  0.415544E+07  0.415478E+07  0.660455E+01
  0.364130E-01  0.722252E+07  0.717592E+07 -0.105302E+03 -0.129271E+03  0.268082E+07  0.718680E+07  0.721529E+07  0.718680E+07 -0.171832E+00  0.381384E+07  0.381321E+07  0.575304E+01
  0.398658E-01  0.661485E+07  0.656967E+07 -0.591724E+02 -0.988230E+02  0.227993E+07  0.658066E+07  0.660785E+07  0.658066E+07 -0.157340E+00  0.349243E+07  0.349184E+07  0.489834E+01
  0.436459E-01  0.605877E+07  0.601673E+07 -0.687286E+02 -0.755543E+02  0.193208E+07  0.602637E+07  0.605225E+07  0.602637E+07 -0.144087E+00  0.319849E+07  0.319796E+07  0.405367E+01
  0.473391E-01  0.561218E+07  0.557438E+07 -0.463654E+02 -0.595210E+02  0.166403E+07  0.558155E+07  0.560632E+07  0.558155E+07 -0.133452E+00  0.296258E+07  0.296211E+07  0.332526E+01
  0.510322E-01  0.524570E+07  0.521279E+07  0.710333E+02 -0.478966E+02  0.145030E+07  0.521679E+07  0.524060E+07  0.521679E+07 -0.124730E+00  0.276912E+07  0.276871E+07  0.269863E+01
  0.547253E-01  0.493941E+07  0.491152E+07  0.581487E+02 -0.392368E+02  0.127669E+07  0.491211E+07  0.493509E+07  0.491211E+07 -0.117446E+00  0.260753E+07  0.260717E+07  0.217660E+01
  0.584184E-01  0.467922E+07  0.465601E+07  0.483312E+02 -0.326335E+02  0.113340E+07  0.465337E+07  0.467562E+07  0.465337E+07 -0.111259E+00  0.247029E+07  0.246998E+07  0.175874E+01
  0.621115E-01  0.445009E+07  0.443085E+07  0.406536E+02 -0.274658E+02  0.101238E+07  0.442553E+07  0.444711E+07  0.442553E+07 -0.105812E+00  0.234944E+07  0.234917E+07  0.143912E+01
  0.658046E-01  0.423881E+07  0.422261E+07  0.344926E+02 -0.233163E+02  0.907548E+06  0.421539E+07  0.423630E+07  0.421539E+07 -0.100787E+00  0.223796E+07  0.223772E+07  0.120723E+01
  0.694978E-01  0.403545E+07  0.402123E+07  0.294345E+02 -0.199075E+02  0.814689E+06  0.401302E+07  0.403324E+07  0.401302E+07 -0.959490E-01  0.213060E+07  0.213038E+07  0.104915E+01
  0.731909E-01  0.383469E+07  0.382147E+07  0.252130E+02 -0.170609E+02  0.731269E+06  0.381316E+07  0.383264E+07  0.381316E+07 -0.911704E-01  0.202456E+07  0.202435E+07  0.949103E+00
  0.768840E-01  0.363542E+07  0.362233E+07  0.216562E+02 -0.146610E+02  0.655947E+06  0.361469E+07  0.363339E+07  0.361469E+07 -0.864250E-01  0.191924E+07  0.191903E+07  0.890910E+00
  0.805771E-01  0.343864E+07  0.342503E+07  0.186442E+02 -0.126276E+02  0.587955E+06  0.341863E+07  0.343653E+07  0.341863E+07 -0.817375E-01  0.181520E+07  0.181499E+07  0.859140E+00
  0.842702E-01  0.324635E+07  0.323187E+07  0.160880E+02 -0.109010E+02  0.526791E+06  0.322703E+07  0.324410E+07  0.322703E+07 -0.771564E-01  0.171351E+07  0.171330E+07  0.840222E+00
  0.879634E-01  0.306172E+07  0.304627E+07  0.139217E+02 -0.943695E+01  0.472178E+06  0.304308E+07  0.305933E+07  0.304308E+07 -0.727581E-01  0.161587E+07  0.161566E+07  0.823377E+00
  0.916565E-01  0.288861E+07  0.287234E+07  0.120940E+02 -0.820119E+01  0.423943E+06  0.287062E+07  0.288609E+07  0.287062E+07 -0.686349E-01  0.152434E+07  0.152412E+07  0.801076E+00
  0.966008E-01  0.268082E+07  0.266396E+07  0.101012E+02 -0.685296E+01  0.368926E+06  0.266370E+07  0.267821E+07  0.266370E+07 -0.636875E-01  0.141450E+07  0.141428E+07  0.755667E+00
  0.101545E+00  0.250454E+07  0.248791E+07  0.853823E+01 -0.579492E+01  0.323886E+06  0.248828E+07  0.250196E+07  0.248828E+07 -0.594932E-01  0.132138E+07  0.132117E+07  0.690849E+00
  0.106490E+00  0.235991E+07  0.234434E+07  0.731433E+01 -0.496594E+01  0.287370E+06  0.234449E+07  0.235750E+07  0.234449E+07 -0.560554E-01  0.124505E+07  0.124486E+07  0.611264E+00
  0.111434E+00  0.224347E+07  0.222955E+07  0.634961E+01 -0.431221E+01  0.257736E+06  0.222885E+07  0.224131E+07  0.222885E+07 -0.532904E-01  0.118367E+07  0.118349E+07  0.525518E+00
  0.116378E+00  0.214870E+07  0.213673E+07  0.557557E+01 -0.378748E+01  0.233300E+06  0.213483E+07  0.214685E+07  0.213483E+07 -0.510424E-01  0.113375E+07  0.113360E+07  0.443115E+00
  0.121323E+00  0.206722E+07  0.205714E+07  0.493586E+01 -0.335368E+01  0.212483E+06  0.205401E+07  0.206565E+07  0.205401E+07 -0.491102E-01  0.109085E+07  0.109072E+07  0.371992E+00
  0.126267E+00  0.199089E+07  0.198236E+07  0.438861E+01 -0.298248E+01  0.194022E+06  0.197829E+07  0.198957E+07  0.197829E+07 -0.472997E-01  0.105065E+07  0.105053E+07  0.317035E+00
  0.131211E+00  0.191372E+07  0.190621E+07  0.390640E+01 -0.265534E+01  0.177078E+06  0.190165E+07  0.191255E+07  0.190165E+07 -0.454673E-01  0.100997E+07  0.100986E+07  0.279586E+00
  0.136156E+00  0.183258E+07  0.182553E+07  0.347371E+01 -0.236174E+01  0.161218E+06  0.182099E+07  0.183149E+07  0.182099E+07 -0.435389E-01  0.967146E+06  0.967041E+06  0.257788E+00
  0.141100E+00  0.174736E+07  0.174027E+07  0.308368E+01 -0.209703E+01  0.146333E+06  0.173621E+07  0.174626E+07  0.173621E+07 -0.415117E-01  0.922129E+06  0.922024E+06  0.247556E+00
  0.146044E+00  0.166030E+07  0.165284E+07  0.273452E+01 -0.186000E+01  0.132520E+06  0.164955E+07  0.165914E+07  0.164955E+07 -0.394398E-01  0.876116E+06  0.876010E+06  0.243815E+00
  0.150989E+00  0.157478E+07  0.156685E+07  0.242613E+01 -0.165058E+01  0.119938E+06  0.156442E+07  0.157355E+07  0.156442E+07 -0.374044E-01  0.830912E+06  0.830803E+06  0.241678E+00
  0.155933E+00  0.149434E+07  0.148602E+07  0.215812E+01 -0.146854E+01  0.108720E+06  0.148435E+07  0.149305E+07  0.148435E+07 -0.354900E-01  0.788395E+06  0.788284E+06  0.237368E+00
  0.160878E+00  0.142206E+07  0.141357E+07  0.192914E+01 -0.131297E+01  0.989413E+05  0.141244E+07  0.142074E+07  0.141244E+07 -0.337705E-01  0.750207E+06  0.750096E+06  0.228735E+00
  0.165822E+00  0.135982E+07  0.135147E+07  0.173617E+01 -0.118181E+01  0.905730E+05  0.135056E+07  0.135852E+07  0.135056E+07 -0.322910E-01  0.717347E+06  0.717240E+06  0.215326E+00
  0.170766E+00  0.130766E+07  0.129972E+07  0.157421E+01 -0.107170E+01  0.834654E+05  0.129874E+07  0.130643E+07  0.129874E+07 -0.310522E-01  0.689832E+06  0.689730E+06  0.198070E+00
  0.175711E+00  0.126400E+07  0.125670E+07  0.143723E+01 -0.978548E+00  0.773881E+05  0.125542E+07  0.126287E+07  0.125542E+07 -0.300164E-01  0.666827E+06  0.666732E+06  0.178781E+00
  0.180655E+00  0.122653E+07  0.121996E+07  0.131937E+01 -0.898383E+00  0.720964E+05  0.121827E+07  0.122552E+07  0.121827E+07 -0.291281E-01  0.647097E+06  0.647011E+06  0.159582E+00
  0.185599E+00  0.119267E+07  0.118680E+07  0.121554E+01 -0.827750E+00  0.673647E+05  0.118469E+07  0.119176E+07  0.118469E+07 -0.283253E-01  0.629268E+06  0.629188E+06  0.142370E+00
  0.190544E+00  0.115979E+07  0.115450E+07  0.112150E+01 -0.763776E+00  0.629967E+05  0.115208E+07  0.115897E+07  0.115208E+07 -0.275456E-01  0.611948E+06  0.611875E+06  0.128424E+00
  0.195488E+00  0.112588E+07  0.112099E+07  0.103433E+01 -0.704472E+00  0.588556E+05  0.111842E+07  0.112512E+07  0.111842E+07 -0.267407E-01  0.594072E+06  0.594003E+06  0.118251E+00
  0.200432E+00  0.109011E+07  0.108542E+07  0.952636E+00 -0.648895E+00  0.548833E+05  0.108289E+07  0.108939E+07  0.108289E+07 -0.258912E-01  0.575202E+06  0.575135E+06  0.111622E+00
  0.205377E+00  0.105274E+07  0.104807E+07  0.876149E+00 -0.596856E+00  0.510813E+05  0.104572E+07  0.105201E+07  0.104572E+07 -0.250027E-01  0.555466E+06  0.555400E+06  0.107749E+00
  0.210321E+00  0.101455E+07  0.100979E+07  0.805058E+00 -0.548485E+00  0.474766E+05  0.100774E+07  0.101381E+07  0.100774E+07 -0.240944E-01  0.535292E+06  0.535226E+06  0.105526E+00
  0.215266E+00  0.976674E+06  0.971786E+06  0.739739E+00 -0.504036E+00  0.441072E+05  0.970063E+06  0.975917E+06  0.970063E+06 -0.231936E-01  0.515283E+06  0.515216E+06  0.103814E+00
  0.220210E+00  0.940461E+06  0.935463E+06  0.680617E+00 -0.463797E+00  0.410140E+05  0.934040E+06  0.939686E+06  0.934040E+06 -0.223323E-01  0.496151E+06  0.496084E+06  0.101682E+00
  0.225154E+00  0.907145E+06  0.902114E+06  0.627939E+00 -0.427939E+00  0.382273E+05  0.900911E+06  0.906365E+06  0.900911E+06 -0.215403E-01  0.478556E+06  0.478490E+06  0.985554E-01
  0.230099E+00  0.877442E+06  0.872479E+06  0.581525E+00 -0.396337E+00  0.357510E+05  0.871389E+06  0.876672E+06  0.871389E+06 -0.208344E-01  0.462877E+06  0.462812E+06  0.942515E-01
  0.235043E+00  0.851421E+06  0.846628E+06  0.540776E+00 -0.368588E+00  0.335620E+05  0.845545E+06  0.850678E+06  0.845545E+06 -0.202165E-01  0.449150E+06  0.449088E+06  0.889339E-01
  0.239987E+00  0.828626E+06  0.824081E+06  0.504835E+00 -0.344109E+00  0.316188E+05  0.822919E+06  0.827922E+06  0.822919E+06 -0.196755E-01  0.437133E+06  0.437073E+06  0.830110E-01
  0.244932E+00  0.808234E+06  0.803977E+06  0.472739E+00 -0.322246E+00  0.298706E+05  0.802688E+06  0.807574E+06  0.802688E+06 -0.191918E-01  0.426388E+06  0.426332E+06  0.770005E-01
  0.249876E+00  0.789276E+06  0.785307E+06  0.443571E+00 -0.302376E+00  0.282674E+05  0.783884E+06  0.788661E+06  0.783884E+06 -0.187422E-01  0.416401E+06  0.416347E+06  0.713973E-01
  0.254820E+00  0.770883E+06  0.767163E+06  0.416591E+00 -0.283995E+00  0.267676E+05  0.765635E+06  0.770306E+06  0.765635E+06 -0.183059E-01  0.406708E+06  0.406657E+06  0.665724E-01
  0.259765E+00  0.752410E+06  0.748879E+06  0.391277E+00 -0.266751E+00  0.253423E+05  0.747298E+06  0.751863E+06  0.747298E+06 -0.178675E-01  0.396969E+06  0.396920E+06  0.627132E-01
  0.264709E+00  0.733469E+06  0.730056E+06  0.367305E+00 -0.250420E+00  0.239741E+05  0.728486E+06  0.732940E+06  0.728486E+06 -0.174177E-01  0.386977E+06  0.386929E+06  0.598137E-01
  0.269654E+00  0.713972E+06  0.710614E+06  0.344538E+00 -0.234911E+00  0.226571E+05  0.709112E+06  0.713451E+06  0.709112E+06 -0.169544E-01  0.376686E+06  0.376640E+06  0.577085E-01
  0.274598E+00  0.694172E+06  0.690823E+06  0.323014E+00 -0.220248E+00  0.213964E+05  0.689429E+06  0.693653E+06  0.689429E+06 -0.164838E-01  0.366232E+06  0.366186E+06  0.561360E-01
  0.279542E+00  0.674550E+06  0.671189E+06  0.302862E+00 -0.206519E+00  0.202032E+05  0.669922E+06  0.674029E+06  0.669922E+06 -0.160174E-01  0.355871E+06  0.355825E+06  0.548071E-01
  0.284487E+00  0.655606E+06  0.652234E+06  0.284199E+00 -0.193803E+00  0.190881E+05  0.651088E+06  0.655084E+06  0.651088E+06 -0.155671E-01  0.345867E+06  0.345822E+06  0.534640E-01
  0.289431E+00  0.637720E+06  0.634359E+06  0.267070E+00 -0.182131E+00  0.180569E+05  0.633309E+06  0.637199E+06  0.633309E+06 -0.151421E-01  0.336424E+06  0.336379E+06  0.519251E-01
  0.294375E+00  0.621137E+06  0.617818E+06  0.251452E+00 -0.171488E+00  0.171106E+05  0.616831E+06  0.620623E+06  0.616831E+06 -0.147481E-01  0.327672E+06  0.327627E+06  0.501077E-01
  0.299320E+00  0.605959E+06  0.602718E+06  0.237266E+00 -0.161819E+00  0.162464E+05  0.601755E+06  0.605457E+06  0.601755E+06 -0.143876E-01  0.319664E+06  0.319621E+06  0.480268E-01
  0.304264E+00  0.592106E+06  0.588972E+06  0.224367E+00 -0.153026E+00  0.154567E+05  0.588000E+06  0.591620E+06  0.588000E+06 -0.140587E-01  0.312358E+06  0.312316E+06  0.457710E-01
  0.309208E+00  0.579323E+06  0.576313E+06  0.212559E+00 -0.144977E+00  0.147298E+05  0.575312E+06  0.578857E+06  0.575312E+06 -0.137554E-01  0.305618E+06  0.305578E+06  0.434688E-01
  0.314153E+00  0.567274E+06  0.564392E+06  0.201640E+00 -0.137533E+00  0.140535E+05  0.563354E+06  0.566827E+06  0.563354E+06 -0.134695E-01  0.299266E+06  0.299228E+06  0.412540E-01
  0.319097E+00  0.555642E+06  0.552877E+06  0.191433E+00 -0.130575E+00  0.134168E+05  0.551810E+06  0.555214E+06  0.551810E+06 -0.131934E-01  0.293134E+06  0.293097E+06  0.392378E-01
  0.324042E+00  0.544180E+06  0.541514E+06  0.181806E+00 -0.124012E+00  0.128115E+05  0.540431E+06  0.543767E+06  0.540431E+06 -0.129214E-01  0.287090E+06  0.287054E+06  0.374880E-01
  0.328986E+00  0.532720E+06  0.530128E+06  0.172667E+00 -0.117781E+00  0.122320E+05  0.529051E+06  0.532318E+06  0.529051E+06 -0.126493E-01  0.281045E+06  0.281010E+06  0.360217E-01
  0.333930E+00  0.521192E+06  0.518651E+06  0.163962E+00 -0.111846E+00  0.116754E+05  0.517599E+06  0.520798E+06  0.517599E+06 -0.123755E-01  0.274962E+06  0.274928E+06  0.348093E-01
  0.338875E+00  0.509637E+06  0.507129E+06  0.155679E+00 -0.106200E+00  0.111414E+05  0.506119E+06  0.509248E+06  0.506119E+06 -0.121010E-01  0.268864E+06  0.268830E+06  0.337887E-01
  0.343819E+00  0.498192E+06  0.495706E+06  0.147834E+00 -0.100851E+00  0.106319E+05  0.494746E+06  0.497807E+06  0.494746E+06 -0.118291E-01  0.262823E+06  0.262789E+06  0.328833E-01
  0.348763E+00  0.487031E+06  0.484563E+06  0.140449E+00 -0.958163E-01  0.101492E+05  0.483655E+06  0.486648E+06  0.483655E+06 -0.115639E-01  0.256932E+06  0.256898E+06  0.320189E-01
  0.353708E+00  0.476302E+06  0.473858E+06  0.133539E+00 -0.911046E-01  0.969490E+04  0.472994E+06  0.475923E+06  0.472994E+06 -0.113090E-01  0.251269E+06  0.251236E+06  0.311373E-01
  0.358652E+00  0.466102E+06  0.463690E+06  0.127099E+00 -0.867131E-01  0.926937E+04  0.462861E+06  0.465728E+06  0.462861E+06 -0.110667E-01  0.245886E+06  0.245854E+06  0.302040E-01
  0.363596E+00  0.456473E+06  0.454104E+06  0.121109E+00 -0.826287E-01  0.887179E+04  0.453296E+06  0.456106E+06  0.453296E+06 -0.108380E-01  0.240806E+06  0.240774E+06  0.292113E-01
  0.368541E+00  0.447407E+06  0.445092E+06  0.115539E+00 -0.788302E-01  0.850047E+04  0.444293E+06  0.447048E+06  0.444293E+06 -0.106228E-01  0.236023E+06  0.235992E+06  0.281746E-01
  0.373485E+00  0.438847E+06  0.436592E+06  0.110347E+00 -0.752894E-01  0.815287E+04  0.435793E+06  0.438497E+06  0.435793E+06 -0.104196E-01  0.231508E+06  0.231478E+06  0.271245E-01
  0.378430E+00  0.430692E+06  0.428500E+06  0.105486E+00 -0.719735E-01  0.782588E+04  0.427698E+06  0.430352E+06  0.427698E+06 -0.102260E-01  0.227208E+06  0.227178E+06  0.260970E-01
  0.383374E+00  0.422824E+06  0.420694E+06  0.100905E+00 -0.688491E-01  0.751627E+04  0.419887E+06  0.422494E+06  0.419887E+06 -0.100392E-01  0.223059E+06  0.223030E+06  0.251250E-01
  0.388318E+00  0.415134E+06  0.413059E+06  0.965625E-01 -0.658876E-01  0.722122E+04  0.412252E+06  0.414813E+06  0.412252E+06 -0.985670E-02  0.219003E+06  0.218975E+06  0.242318E-01
  0.393263E+00  0.407550E+06  0.405522E+06  0.924292E-01 -0.630684E-01  0.693879E+04  0.404721E+06  0.407235E+06  0.404721E+06 -0.967663E-02  0.215002E+06  0.214975E+06  0.234280E-01
  0.398207E+00  0.400042E+06  0.398054E+06  0.884867E-01 -0.603794E-01  0.666790E+04  0.397264E+06  0.399734E+06  0.397264E+06 -0.949835E-02  0.211042E+06  0.211014E+06  0.227110E-01
  0.403151E+00  0.392617E+06  0.390660E+06  0.847263E-01 -0.578146E-01  0.640811E+04  0.389889E+06  0.392314E+06  0.389889E+06 -0.932202E-02  0.207124E+06  0.207097E+06  0.220679E-01
  0.408096E+00  0.385294E+06  0.383364E+06  0.811424E-01 -0.553701E-01  0.615920E+04  0.382614E+06  0.384995E+06  0.382614E+06 -0.914809E-02  0.203260E+06  0.203233E+06  0.214781E-01
  0.413040E+00  0.378112E+06  0.376206E+06  0.777338E-01 -0.530452E-01  0.592132E+04  0.375480E+06  0.377817E+06  0.375480E+06 -0.897751E-02  0.199470E+06  0.199444E+06  0.209202E-01
  0.417984E+00  0.371122E+06  0.369239E+06  0.745013E-01 -0.508403E-01  0.569471E+04  0.368536E+06  0.370830E+06  0.368536E+06 -0.881148E-02  0.195781E+06  0.195755E+06  0.203753E-01
  0.422929E+00  0.364370E+06  0.362513E+06  0.714448E-01 -0.487553E-01  0.547956E+04  0.361829E+06  0.364082E+06  0.361829E+06 -0.865112E-02  0.192218E+06  0.192193E+06  0.198304E-01
  0.427873E+00  0.357885E+06  0.356056E+06  0.685601E-01 -0.467875E-01  0.527573E+04  0.355388E+06  0.357601E+06  0.355388E+06 -0.849711E-02  0.188797E+06  0.188772E+06  0.192795E-01
  0.432818E+00  0.351666E+06  0.349869E+06  0.658379E-01 -0.449305E-01  0.508270E+04  0.349212E+06  0.351388E+06  0.349212E+06 -0.834945E-02  0.185516E+06  0.185492E+06  0.187232E-01
  0.437762E+00  0.345695E+06  0.343933E+06  0.632661E-01 -0.431759E-01  0.489966E+04  0.343283E+06  0.345422E+06  0.343283E+06 -0.820768E-02  0.182366E+06  0.182342E+06  0.181674E-01
  0.442706E+00  0.339942E+06  0.338216E+06  0.608312E-01 -0.415148E-01  0.472575E+04  0.337570E+06  0.339675E+06  0.337570E+06 -0.807111E-02  0.179332E+06  0.179308E+06  0.176210E-01
  0.447651E+00  0.334372E+06  0.332680E+06  0.585197E-01 -0.399378E-01  0.456005E+04  0.332039E+06  0.334109E+06  0.332039E+06 -0.793886E-02  0.176393E+06  0.176370E+06  0.170934E-01
  0.452595E+00  0.328945E+06  0.327288E+06  0.563189E-01 -0.384363E-01  0.440166E+04  0.326651E+06  0.328688E+06  0.326651E+06 -0.781003E-02  0.173531E+06  0.173509E+06  0.165923E-01
  0.457539E+00  0.323632E+06  0.322006E+06  0.542180E-01 -0.370029E-01  0.424987E+04  0.321375E+06  0.323380E+06  0.321375E+06 -0.768389E-02  0.170729E+06  0.170706E+06  0.161223E-01
  0.462484E+00  0.318411E+06  0.316814E+06  0.522087E-01 -0.356320E-01  0.410413E+04  0.316191E+06  0.318164E+06  0.316191E+06 -0.755993E-02  0.167975E+06  0.167953E+06  0.156843E-01
  0.467428E+00  0.313275E+06  0.311702E+06  0.502852E-01 -0.343197E-01  0.396405E+04  0.311089E+06  0.313031E+06  0.311089E+06 -0.743796E-02  0.165265E+06  0.165243E+06  0.152759E-01
  0.472372E+00  0.308226E+06  0.306676E+06  0.484440E-01 -0.330636E-01  0.382946E+04  0.306074E+06  0.307985E+06  0.306074E+06 -0.731806E-02  0.162601E+06  0.162580E+06  0.148924E-01
  0.477317E+00  0.303275E+06  0.301747E+06  0.466832E-01 -0.318622E-01  0.370027E+04  0.301157E+06  0.303038E+06  0.301157E+06 -0.720050E-02  0.159989E+06  0.159968E+06  0.145279E-01
  0.482261E+00  0.298437E+06  0.296929E+06  0.450009E-01 -0.307144E-01  0.357641E+04  0.296352E+06  0.298203E+06  0.296352E+06 -0.708560E-02  0.157436E+06  0.157415E+06  0.141762E-01
  0.487206E+00  0.293722E+06  0.292234E+06  0.433953E-01 -0.296188E-01  0.345779E+04  0.291669E+06  0.293491E+06  0.291669E+06 -0.697363E-02  0.154948E+06  0.154928E+06  0.138326E-01
  0.492150E+00  0.289138E+06  0.287672E+06  0.418638E-01 -0.285739E-01  0.334431E+04  0.287117E+06  0.288911E+06  0.287117E+06 -0.686480E-02  0.152530E+06  0.152510E+06  0.134940E-01
  0.497094E+00  0.284693E+06  0.283248E+06  0.404040E-01 -0.275778E-01  0.323580E+04  0.282702E+06  0.284469E+06  0.282702E+06 -0.675924E-02  0.150185E+06  0.150165E+06  0.131593E-01
  0.502039E+00  0.280383E+06  0.278961E+06  0.390123E-01 -0.266281E-01  0.313204E+04  0.278422E+06  0.280162E+06  0.278422E+06 -0.665690E-02  0.147911E+06  0.147892E+06  0.128291E-01
  0.506983E+00  0.276198E+06  0.274799E+06  0.376839E-01 -0.257217E-01  0.303273E+04  0.274266E+06  0.275981E+06  0.274266E+06 -0.655755E-02  0.145704E+06  0.145685E+06  0.125052E-01
  0.511927E+00  0.272124E+06  0.270748E+06  0.364143E-01 -0.248553E-01  0.293751E+04  0.270221E+06  0.271911E+06  0.270221E+06 -0.646083E-02  0.143555E+06  0.143536E+06  0.121898E-01
  0.516872E+00  0.268150E+06  0.266795E+06  0.351991E-01 -0.240261E-01  0.284611E+04  0.266274E+06  0.267940E+06  0.266274E+06 -0.636646E-02  0.141458E+06  0.141439E+06  0.118853E-01
  0.521816E+00  0.264264E+06  0.262931E+06  0.340347E-01 -0.232315E-01  0.275828E+04  0.262416E+06  0.264058E+06  0.262416E+06 -0.627421E-02  0.139408E+06  0.139390E+06  0.115934E-01
  0.526760E+00  0.260459E+06  0.259147E+06  0.329178E-01 -0.224693E-01  0.267377E+04  0.258638E+06  0.260256E+06  0.258638E+06 -0.618387E-02  0.137401E+06  0.137383E+06  0.113148E-01
  0.531705E+00  0.256727E+06  0.255434E+06  0.318453E-01 -0.217375E-01  0.259239E+04  0.254931E+06  0.256526E+06  0.254931E+06 -0.609525E-02  0.135432E+06  0.135414E+06  0.110492E-01
  0.536649E+00  0.253062E+06  0.251787E+06  0.308148E-01 -0.210342E-01  0.251395E+04  0.251292E+06  0.252864E+06  0.251292E+06 -0.600823E-02  0.133499E+06  0.133481E+06  0.107956E-01
  0.541593E+00  0.249466E+06  0.248208E+06  0.298246E-01 -0.203585E-01  0.243838E+04  0.247720E+06  0.249271E+06  0.247720E+06 -0.592284E-02  0.131601E+06  0.131584E+06  0.105522E-01
  0.546538E+00  0.245943E+06  0.244701E+06  0.288737E-01 -0.197096E-01  0.236560E+04  0.244221E+06  0.245750E+06  0.244221E+06 -0.583919E-02  0.129743E+06  0.129726E+06  0.103175E-01
  0.551482E+00  0.242498E+06  0.241273E+06  0.279610E-01 -0.190867E-01  0.229555E+04  0.240800E+06  0.242308E+06  0.240800E+06 -0.575738E-02  0.127925E+06  0.127908E+06  0.100897E-01
  0.556427E+00  0.239131E+06  0.237922E+06  0.270848E-01 -0.184888E-01  0.222814E+04  0.237457E+06  0.238944E+06  0.237457E+06 -0.567745E-02  0.126149E+06  0.126133E+06  0.986742E-02
  0.561371E+00  0.235843E+06  0.234650E+06  0.262438E-01 -0.179148E-01  0.216326E+04  0.234191E+06  0.235658E+06  0.234191E+06 -0.559936E-02  0.124414E+06  0.124398E+06  0.964993E-02
  0.566315E+00  0.232631E+06  0.231454E+06  0.254362E-01 -0.173637E-01  0.210082E+04  0.231001E+06  0.232448E+06  0.231001E+06 -0.552310E-02  0.122720E+06  0.122704E+06  0.943692E-02
  0.571260E+00  0.229496E+06  0.228335E+06  0.246609E-01 -0.168345E-01  0.204072E+04  0.227888E+06  0.229316E+06  0.227888E+06 -0.544868E-02  0.121066E+06  0.121050E+06  0.922861E-02
  0.576204E+00  0.226436E+06  0.225291E+06  0.239162E-01 -0.163263E-01  0.198285E+04  0.224849E+06  0.226258E+06  0.224849E+06 -0.537601E-02  0.119452E+06  0.119436E+06  0.902547E-02
  0.581148E+00  0.223444E+06  0.222315E+06  0.232003E-01 -0.158377E-01  0.192709E+04  0.221878E+06  0.223269E+06  0.221878E+06 -0.530498E-02  0.117873E+06  0.117858E+06  0.882800E-02
  0.586093E+00  0.220514E+06  0.219401E+06  0.225113E-01 -0.153674E-01  0.187331E+04  0.218969E+06  0.220341E+06  0.218969E+06 -0.523542E-02  0.116328E+06  0.116313E+06  0.863664E-02
  0.591037E+00  0.217642E+06  0.216543E+06  0.218478E-01 -0.149146E-01  0.182139E+04  0.216117E+06  0.217471E+06  0.216117E+06 -0.516722E-02  0.114813E+06  0.114798E+06  0.845165E-02
  0.595982E+00  0.214825E+06  0.213741E+06  0.212087E-01 -0.144784E-01  0.177126E+04  0.213320E+06  0.214657E+06  0.213320E+06 -0.510034E-02  0.113327E+06  0.113312E+06  0.827309E-02
  0.600926E+00  0.212063E+06  0.210993E+06  0.205928E-01 -0.140581E-01  0.172284E+04  0.210576E+06  0.211897E+06  0.210576E+06 -0.503476E-02  0.111869E+06  0.111855E+06  0.810077E-02
  0.605870E+00  0.209352E+06  0.208296E+06  0.199991E-01 -0.136528E-01  0.167605E+04  0.207884E+06  0.209188E+06  0.207884E+06 -0.497039E-02  0.110439E+06  0.110425E+06  0.793421E-02
  0.610815E+00  0.206691E+06  0.205648E+06  0.194264E-01 -0.132620E-01  0.163083E+04  0.205242E+06  0.206529E+06  0.205242E+06 -0.490721E-02  0.109036E+06  0.109021E+06  0.777284E-02
  0.615759E+00  0.204080E+06  0.203049E+06  0.188742E-01 -0.128850E-01  0.158712E+04  0.202649E+06  0.203920E+06  0.202649E+06 -0.484522E-02  0.107658E+06  0.107644E+06  0.761612E-02
  0.620703E+00  0.201521E+06  0.200503E+06  0.183417E-01 -0.125216E-01  0.154489E+04  0.200108E+06  0.201363E+06  0.200108E+06 -0.478446E-02  0.106308E+06  0.106294E+06  0.746356E-02
  0.625648E+00  0.199014E+06  0.198009E+06  0.178284E-01 -0.121712E-01  0.150408E+04  0.197618E+06  0.198858E+06  0.197618E+06 -0.472494E-02  0.104986E+06  0.104972E+06  0.731480E-02
  0.630592E+00  0.196558E+06  0.195565E+06  0.173333E-01 -0.118333E-01  0.146465E+04  0.195180E+06  0.196404E+06  0.195180E+06 -0.466663E-02  0.103690E+06  0.103677E+06  0.716957E-02
  0.635536E+00  0.194151E+06  0.193170E+06  0.168556E-01 -0.115073E-01  0.142653E+04  0.192789E+06  0.193999E+06  0.192789E+06 -0.460948E-02  0.102420E+06  0.102407E+06  0.702772E-02
  0.640481E+00  0.191793E+06  0.190824E+06  0.163947E-01 -0.111927E-01  0.138968E+04  0.190447E+06  0.191643E+06  0.190447E+06 -0.455348E-02  0.101176E+06  0.101163E+06  0.688929E-02
  0.645425E+00  0.189482E+06  0.188525E+06  0.159499E-01 -0.108891E-01  0.135404E+04  0.188153E+06  0.189334E+06  0.188153E+06 -0.449862E-02  0.999571E+05  0.999440E+05  0.675435E-02
  0.650370E+00  0.187217E+06  0.186271E+06  0.155205E-01 -0.105960E-01  0.131957E+04  0.185903E+06  0.187070E+06  0.185903E+06 -0.444484E-02  0.987622E+05  0.987492E+05  0.662299E-02
  0.655314E+00  0.184994E+06  0.184060E+06  0.151057E-01 -0.103128E-01  0.128620E+04  0.183696E+06  0.184849E+06  0.183696E+06 -0.439206E-02  0.975896E+05  0.975768E+05  0.649521E-02
  0.660258E+00  0.182811E+06  0.181888E+06  0.147046E-01 -0.100391E-01  0.125389E+04  0.181528E+06  0.182668E+06  0.181528E+06 -0.434023E-02  0.964379E+05  0.964252E+05  0.637100E-02
  0.665203E+00  0.180666E+06  0.179754E+06  0.143169E-01 -0.977439E-02  0.122258E+04  0.179399E+06  0.180525E+06  0.179399E+06 -0.428931E-02  0.953066E+05  0.952941E+05  0.625030E-02
  0.670147E+00  0.178561E+06  0.177659E+06  0.139420E-01 -0.951847E-02  0.119225E+04  0.177308E+06  0.178421E+06  0.177308E+06 -0.423932E-02  0.941958E+05  0.941834E+05  0.613301E-02
  0.675091E+00  0.176493E+06  0.175602E+06  0.135794E-01 -0.927097E-02  0.116287E+04  0.175254E+06  0.176355E+06  0.175254E+06 -0.419023E-02  0.931050E+05  0.930928E+05  0.601896E-02
  0.680036E+00  0.174462E+06  0.173581E+06  0.132286E-01 -0.903151E-02  0.113440E+04  0.173237E+06  0.174325E+06  0.173237E+06 -0.414200E-02  0.920335E+05  0.920214E+05  0.590793E-02
  0.684980E+00  0.172466E+06  0.171595E+06  0.128891E-01 -0.879977E-02  0.110679E+04  0.171255E+06  0.172331E+06  0.171255E+06 -0.409461E-02  0.909804E+05  0.909685E+05  0.579971E-02
  0.689924E+00  0.170505E+06  0.169644E+06  0.125605E-01 -0.857550E-02  0.108002E+04  0.169308E+06  0.170372E+06  0.169308E+06 -0.404805E-02  0.899460E+05  0.899342E+05  0.569414E-02
  0.694869E+00  0.168580E+06  0.167729E+06  0.122426E-01 -0.835850E-02  0.105408E+04  0.167397E+06  0.168449E+06  0.167397E+06 -0.400236E-02  0.889308E+05  0.889191E+05  0.559110E-02
  0.739337E+00  0.152728E+06  0.151957E+06  0.979716E-02 -0.668913E-02  0.852940E+03  0.151655E+06  0.152609E+06  0.151655E+06 -0.362599E-02  0.805682E+05  0.805576E+05  0.476786E-02
  0.786651E+00  0.138295E+06  0.137597E+06  0.783612E-02 -0.535038E-02  0.689374E+03  0.137323E+06  0.138187E+06  0.137323E+06 -0.328331E-02  0.729542E+05  0.729446E+05  0.406583E-02
  0.836993E+00  0.125167E+06  0.124535E+06  0.626469E-02 -0.427756E-02  0.556564E+03  0.124287E+06  0.125069E+06  0.124287E+06 -0.297163E-02  0.660287E+05  0.660200E+05  0.346626E-02
  0.890557E+00  0.113233E+06  0.112662E+06  0.500610E-02 -0.341828E-02  0.448862E+03  0.112437E+06  0.113145E+06  0.112437E+06 -0.268830E-02  0.597334E+05  0.597255E+05  0.295460E-02
  0.947548E+00  0.102393E+06  0.101876E+06  0.399862E-02 -0.273042E-02  0.361634E+03  0.101672E+06  0.102313E+06  0.101672E+06 -0.243092E-02  0.540147E+05  0.540075E+05  0.251826E-02
  0.990988E+00  0.951855E+05  0.947050E+05  0.339840E-02 -0.232060E-02  0.309165E+03  0.945154E+05  0.951110E+05  0.945154E+05 -0.225981E-02  0.502126E+05  0.502059E+05  0.224360E-02
  0.121284E+01  0.683207E+05  0.679758E+05  0.162843E-02 -0.111205E-02  0.151621E+03  0.678393E+05  0.682672E+05  0.678393E+05 -0.162200E-02  0.360406E+05  0.360358E+05  0.133362E-02
  0.148436E+01  0.488395E+05  0.485928E+05  0.777152E-03 -0.530737E-03  0.736982E+02  0.484951E+05  0.488012E+05  0.484951E+05 -0.115949E-02  0.257638E+05  0.257603E+05  0.794710E-03
  0.181667E+01  0.347839E+05  0.346081E+05  0.369518E-03 -0.252358E-03  0.485651E+02  0.345386E+05  0.347567E+05  0.345386E+05 -0.825798E-03  0.183492E+05  0.183466E+05  0.476262E-03
  0.222338E+01  0.246898E+05  0.245648E+05  0.175102E-03 -0.119588E-03  0.234128E+02  0.245155E+05  0.246704E+05  0.245155E+05 -0.586152E-03  0.130243E+05  0.130224E+05  0.288229E-03
