  0.956830E-05  0.198038E+08  0.198038E+08  0.263937E+08  0.263934E+08  0.198057E+08  0.198038E+08  0.198038E+08  0.198099E+08 -0.473875E+00  0.104973E+08  0.104973E+08  0.546153E+01
  0.104748E-04  0.198038E+08  0.198038E+08  0.263915E+08  0.263911E+08  0.198057E+08  0.198038E+08  0.198038E+08  0.198099E+08 -0.473875E+00  0.104973E+08  0.104973E+08  0.597884E+01
  0.114672E-04  0.198038E+08  0.198038E+08  0.263888E+08  0.263883E+08  0.198057E+08  0.198038E+08  0.198038E+08  0.198099E+08 -0.473875E+00  0.104973E+08  0.104973E+08  0.654511E+01
  0.125537E-04  0.198038E+08  0.198038E+08  0.263855E+08  0.263850E+08  0.198057E+08  0.198038E+08  0.198038E+08  0.198099E+08 -0.473874E+00  0.104973E+08  0.104973E+08  0.716498E+01
  0.137430E-04  0.198038E+08  0.198038E+08  0.263817E+08  0.263810E+08  0.198057E+08  0.198038E+08  0.198038E+08  0.198099E+08 -0.473874E+00  0.104972E+08  0.104972E+08  0.784351E+01
  0.150451E-04  0.198038E+08  0.198038E+08  0.263770E+08  0.263762E+08  0.198056E+08  0.198038E+08  0.198038E+08  0.198099E+08 -0.473874E+00  0.104972E+08  0.104972E+08  0.858623E+01
  0.164705E-04  0.198038E+08  0.198038E+08  0.263714E+08  0.263704E+08  0.198056E+08  0.198038E+08  0.198038E+08  0.198098E+08 -0.473874E+00  0.104972E+08  0.104972E+08  0.939919E+01
  0.180309E-04  0.198038E+08  0.198038E+08  0.263648E+08  0.263636E+08  0.198056E+08  0.198038E+08  0.198038E+08  0.198098E+08 -0.473873E+00  0.104972E+08  0.104972E+08  0.102890E+02
  0.197392E-04  0.198037E+08  0.198037E+08  0.263568E+08  0.263553E+08  0.198056E+08  0.198038E+08  0.198037E+08  0.198098E+08 -0.473873E+00  0.104972E+08  0.104972E+08  0.112629E+02
  0.216093E-04  0.198037E+08  0.198037E+08  0.263472E+08  0.263455E+08  0.198055E+08  0.198037E+08  0.198037E+08  0.198098E+08 -0.473872E+00  0.104972E+08  0.104972E+08  0.123288E+02
  0.236567E-04  0.198037E+08  0.198037E+08  0.263357E+08  0.263336E+08  0.198054E+08  0.198037E+08  0.198037E+08  0.198098E+08 -0.473872E+00  0.104972E+08  0.104972E+08  0.134954E+02
  0.258979E-04  0.198037E+08  0.198037E+08  0.263219E+08  0.263195E+08  0.198054E+08  0.198037E+08  0.198037E+08  0.198097E+08 -0.473871E+00  0.104972E+08  0.104972E+08  0.147719E+02
  0.283516E-04  0.198036E+08  0.198036E+08  0.263055E+08  0.263025E+08  0.198053E+08  0.198037E+08  0.198036E+08  0.198097E+08 -0.473870E+00  0.104972E+08  0.104972E+08  0.161688E+02
  0.310377E-04  0.198036E+08  0.198036E+08  0.262857E+08  0.262822E+08  0.198052E+08  0.198036E+08  0.198036E+08  0.198097E+08 -0.473869E+00  0.104972E+08  0.104972E+08  0.176973E+02
  0.339782E-04  0.198036E+08  0.198036E+08  0.262621E+08  0.262579E+08  0.198051E+08  0.198036E+08  0.198036E+08  0.198096E+08 -0.473868E+00  0.104971E+08  0.104971E+08  0.193694E+02
  0.371974E-04  0.198035E+08  0.198035E+08  0.262338E+08  0.262287E+08  0.198050E+08  0.198035E+08  0.198035E+08  0.198096E+08 -0.473866E+00  0.104971E+08  0.104971E+08  0.211986E+02
  0.407216E-04  0.198035E+08  0.198035E+08  0.261999E+08  0.261939E+08  0.198048E+08  0.198035E+08  0.198035E+08  0.198095E+08 -0.473865E+00  0.104971E+08  0.104971E+08  0.231992E+02
  0.445796E-04  0.198034E+08  0.198034E+08  0.261594E+08  0.261521E+08  0.198046E+08  0.198034E+08  0.198034E+08  0.198094E+08 -0.473862E+00  0.104970E+08  0.104970E+08  0.253870E+02
  0.488032E-04  0.198033E+08  0.198033E+08  0.261109E+08  0.261022E+08  0.198044E+08  0.198033E+08  0.198033E+08  0.198093E+08 -0.473860E+00  0.104970E+08  0.104970E+08  0.277788E+02
  0.534269E-04  0.198032E+08  0.198032E+08  0.260528E+08  0.260425E+08  0.198041E+08  0.198032E+08  0.198032E+08  0.198092E+08 -0.473857E+00  0.104969E+08  0.104969E+08  0.303931E+02
  0.584887E-04  0.198031E+08  0.198031E+08  0.259834E+08  0.259710E+08  0.198038E+08  0.198031E+08  0.198031E+08  0.198091E+08 -0.473853E+00  0.104969E+08  0.104969E+08  0.332497E+02
  0.640300E-04  0.198029E+08  0.198029E+08  0.259005E+08  0.258857E+08  0.198034E+08  0.198029E+08  0.198029E+08  0.198089E+08 -0.473849E+00  0.104968E+08  0.104968E+08  0.363697E+02
  0.700964E-04  0.198028E+08  0.198027E+08  0.258014E+08  0.257837E+08  0.198029E+08  0.198027E+08  0.198027E+08  0.198087E+08 -0.473843E+00  0.104967E+08  0.104967E+08  0.397760E+02
  0.767375E-04  0.198025E+08  0.198025E+08  0.256831E+08  0.256620E+08  0.198023E+08  0.198025E+08  0.198025E+08  0.198084E+08 -0.473837E+00  0.104966E+08  0.104966E+08  0.434928E+02
  0.840077E-04  0.198023E+08  0.198022E+08  0.255420E+08  0.255168E+08  0.198017E+08  0.198023E+08  0.198023E+08  0.198081E+08 -0.473829E+00  0.104964E+08  0.104964E+08  0.475457E+02
  0.919668E-04  0.198020E+08  0.198019E+08  0.253739E+08  0.253438E+08  0.198008E+08  0.198020E+08  0.198020E+08  0.198078E+08 -0.473820E+00  0.104963E+08  0.104963E+08  0.519617E+02
  0.100680E-03  0.198016E+08  0.198016E+08  0.251737E+08  0.251378E+08  0.197999E+08  0.198016E+08  0.198016E+08  0.198074E+08 -0.473810E+00  0.104961E+08  0.104961E+08  0.567688E+02
  0.110219E-03  0.198012E+08  0.198011E+08  0.249357E+08  0.248931E+08  0.197987E+08  0.198012E+08  0.198012E+08  0.198069E+08 -0.473797E+00  0.104958E+08  0.104958E+08  0.619957E+02
  0.120661E-03  0.198007E+08  0.198006E+08  0.246532E+08  0.246026E+08  0.197973E+08  0.198006E+08  0.198006E+08  0.198063E+08 -0.473781E+00  0.104956E+08  0.104955E+08  0.676712E+02
  0.132093E-03  0.198000E+08  0.197999E+08  0.243185E+08  0.242585E+08  0.197956E+08  0.198000E+08  0.198000E+08  0.198056E+08 -0.473762E+00  0.104952E+08  0.104952E+08  0.738239E+02
  0.144607E-03  0.197993E+08  0.197992E+08  0.239229E+08  0.238520E+08  0.197936E+08  0.197992E+08  0.197993E+08  0.198047E+08 -0.473740E+00  0.104948E+08  0.104948E+08  0.804808E+02
  0.158308E-03  0.197984E+08  0.197982E+08  0.234567E+08  0.233731E+08  0.197912E+08  0.197983E+08  0.197984E+08  0.198037E+08 -0.473714E+00  0.104943E+08  0.104943E+08  0.876660E+02
  0.173306E-03  0.197973E+08  0.197971E+08  0.229090E+08  0.228107E+08  0.197883E+08  0.197972E+08  0.197973E+08  0.198025E+08 -0.473682E+00  0.104937E+08  0.104937E+08  0.953994E+02
  0.189726E-03  0.197960E+08  0.197958E+08  0.222682E+08  0.221531E+08  0.197848E+08  0.197959E+08  0.197960E+08  0.198010E+08 -0.473644E+00  0.104930E+08  0.104930E+08  0.103694E+03
  0.207701E-03  0.197945E+08  0.197943E+08  0.215221E+08  0.213880E+08  0.197807E+08  0.197944E+08  0.197945E+08  0.197993E+08 -0.473600E+00  0.104922E+08  0.104921E+08  0.112554E+03
  0.227379E-03  0.197927E+08  0.197924E+08  0.206585E+08  0.205032E+08  0.197758E+08  0.197925E+08  0.197926E+08  0.197973E+08 -0.473546E+00  0.104912E+08  0.104911E+08  0.121970E+03
  0.248921E-03  0.197905E+08  0.197902E+08  0.196660E+08  0.194874E+08  0.197699E+08  0.197903E+08  0.197904E+08  0.197948E+08 -0.473483E+00  0.104900E+08  0.104899E+08  0.131916E+03
  0.272504E-03  0.197879E+08  0.197875E+08  0.185351E+08  0.183314E+08  0.197628E+08  0.197877E+08  0.197878E+08  0.197919E+08 -0.473408E+00  0.104886E+08  0.104885E+08  0.142343E+03
  0.298322E-03  0.197848E+08  0.197843E+08  0.172599E+08  0.170299E+08  0.197544E+08  0.197845E+08  0.197847E+08  0.197885E+08 -0.473319E+00  0.104870E+08  0.104868E+08  0.153176E+03
  0.326586E-03  0.197811E+08  0.197806E+08  0.158402E+08  0.155838E+08  0.197444E+08  0.197808E+08  0.197810E+08  0.197844E+08 -0.473214E+00  0.104850E+08  0.104848E+08  0.164304E+03
  0.357527E-03  0.197768E+08  0.197761E+08  0.142841E+08  0.140025E+08  0.197324E+08  0.197764E+08  0.197767E+08  0.197797E+08 -0.473091E+00  0.104826E+08  0.104824E+08  0.175578E+03
  0.391400E-03  0.197716E+08  0.197708E+08  0.126106E+08  0.123073E+08  0.197181E+08  0.197711E+08  0.197715E+08  0.197740E+08 -0.472946E+00  0.104798E+08  0.104795E+08  0.186802E+03
  0.428482E-03  0.197655E+08  0.197645E+08  0.108527E+08  0.105336E+08  0.197011E+08  0.197649E+08  0.197653E+08  0.197674E+08 -0.472776E+00  0.104764E+08  0.104762E+08  0.197732E+03
  0.469077E-03  0.197582E+08  0.197571E+08  0.905960E+07  0.873361E+07  0.196809E+08  0.197576E+08  0.197581E+08  0.197596E+08 -0.472578E+00  0.104725E+08  0.104722E+08  0.208076E+03
  0.513519E-03  0.197497E+08  0.197484E+08  0.729628E+07  0.697557E+07  0.196569E+08  0.197489E+08  0.197495E+08  0.197506E+08 -0.472348E+00  0.104679E+08  0.104675E+08  0.217498E+03
  0.562171E-03  0.197397E+08  0.197382E+08  0.564100E+07  0.534052E+07  0.196285E+08  0.197387E+08  0.197394E+08  0.197400E+08 -0.472081E+00  0.104624E+08  0.104620E+08  0.225630E+03
  0.615432E-03  0.197279E+08  0.197262E+08  0.417710E+07  0.391334E+07  0.195949E+08  0.197268E+08  0.197276E+08  0.197278E+08 -0.471773E+00  0.104560E+08  0.104556E+08  0.232098E+03
  0.673739E-03  0.197142E+08  0.197122E+08  0.297938E+07  0.276809E+07  0.195553E+08  0.197129E+08  0.197139E+08  0.197135E+08 -0.471419E+00  0.104485E+08  0.104481E+08  0.236549E+03
  0.737571E-03  0.196982E+08  0.196959E+08  0.209552E+07  0.194824E+07  0.195085E+08  0.196966E+08  0.196978E+08  0.196971E+08 -0.471011E+00  0.104399E+08  0.104393E+08  0.238691E+03
  0.807450E-03  0.196796E+08  0.196770E+08  0.152666E+07  0.144685E+07  0.194536E+08  0.196778E+08  0.196792E+08  0.196781E+08 -0.470545E+00  0.104298E+08  0.104292E+08  0.238328E+03
  0.883949E-03  0.196580E+08  0.196552E+08  0.121594E+07  0.119580E+07  0.193893E+08  0.196559E+08  0.196576E+08  0.196562E+08 -0.470010E+00  0.104181E+08  0.104175E+08  0.235388E+03
  0.967696E-03  0.196332E+08  0.196300E+08  0.105638E+07  0.107646E+07  0.193141E+08  0.196307E+08  0.196327E+08  0.196309E+08 -0.469398E+00  0.104047E+08  0.104040E+08  0.229929E+03
  0.105938E-02  0.196045E+08  0.196011E+08  0.926262E+06  0.959813E+06  0.192265E+08  0.196016E+08  0.196040E+08  0.196018E+08 -0.468697E+00  0.103892E+08  0.103885E+08  0.222114E+03
  0.115975E-02  0.195716E+08  0.195680E+08  0.745386E+06  0.767499E+06  0.191250E+08  0.195683E+08  0.195711E+08  0.195684E+08 -0.467894E+00  0.103715E+08  0.103707E+08  0.212171E+03
  0.126962E-02  0.195339E+08  0.195300E+08  0.520123E+06  0.518224E+06  0.190078E+08  0.195300E+08  0.195333E+08  0.195301E+08 -0.466976E+00  0.103512E+08  0.103504E+08  0.200366E+03
  0.138991E-02  0.194908E+08  0.194868E+08  0.330534E+06  0.309303E+06  0.188736E+08  0.194863E+08  0.194902E+08  0.194864E+08 -0.465927E+00  0.103280E+08  0.103273E+08  0.187006E+03
  0.152159E-02  0.194417E+08  0.194375E+08  0.243896E+06  0.219125E+06  0.187208E+08  0.194365E+08  0.194410E+08  0.194366E+08 -0.464732E+00  0.103017E+08  0.103009E+08  0.172497E+03
  0.166575E-02  0.193857E+08  0.193815E+08  0.226676E+06  0.211549E+06  0.185479E+08  0.193798E+08  0.193851E+08  0.193799E+08 -0.463374E+00  0.102717E+08  0.102709E+08  0.157388E+03
  0.182357E-02  0.193223E+08  0.193180E+08  0.180445E+06 -0.136864E+06  0.183535E+08  0.193155E+08  0.193216E+08  0.193155E+08 -0.461834E+00  0.102376E+08  0.102369E+08  0.142325E+03
  0.199634E-02  0.192504E+08  0.192462E+08  0.919471E+05 -0.113774E+06  0.181368E+08  0.192428E+08  0.192498E+08  0.192428E+08 -0.460093E+00  0.101992E+08  0.101984E+08  0.127935E+03
  0.218547E-02  0.191693E+08  0.191651E+08  0.536704E+05 -0.945337E+05  0.178972E+08  0.191607E+08  0.191687E+08  0.191607E+08 -0.458129E+00  0.101557E+08  0.101550E+08  0.114725E+03
  0.239253E-02  0.190781E+08  0.190738E+08  0.673282E+05 -0.785059E+05  0.176345E+08  0.190684E+08  0.190774E+08  0.190684E+08 -0.455921E+00  0.101069E+08  0.101062E+08  0.103079E+03
  0.261921E-02  0.189758E+08  0.189715E+08  0.401576E+05 -0.651568E+05  0.173487E+08  0.189649E+08  0.189751E+08  0.189649E+08 -0.453445E+00  0.100522E+08  0.100514E+08  0.931777E+02
  0.286735E-02  0.188614E+08  0.188569E+08  0.169627E+05 -0.540424E+05  0.170402E+08  0.188492E+08  0.188607E+08  0.188492E+08 -0.450680E+00  0.999103E+07  0.999030E+07  0.848709E+02
  0.313901E-02  0.187340E+08  0.187293E+08  0.232800E+05 -0.447920E+05  0.167091E+08  0.187205E+08  0.187332E+08  0.187205E+08 -0.447601E+00  0.992295E+07  0.992222E+07  0.777456E+02
  0.343641E-02  0.185925E+08  0.185877E+08  0.356113E+04 -0.370960E+05  0.163552E+08  0.185777E+08  0.185918E+08  0.185777E+08 -0.444187E+00  0.984745E+07  0.984672E+07  0.712949E+02
  0.376198E-02  0.184362E+08  0.184310E+08  0.453779E+04 -0.306962E+05  0.159771E+08  0.184199E+08  0.184354E+08  0.184199E+08 -0.440413E+00  0.976400E+07  0.976327E+07  0.650984E+02
  0.411840E-02  0.182638E+08  0.182585E+08 -0.469179E+04 -0.253771E+05  0.155739E+08  0.182461E+08  0.182630E+08  0.182461E+08 -0.436257E+00  0.967210E+07  0.967137E+07  0.590619E+02
  0.450859E-02  0.180746E+08  0.180689E+08  0.371672E+04 -0.209588E+05  0.151433E+08  0.180553E+08  0.180737E+08  0.180553E+08 -0.431694E+00  0.957120E+07  0.957048E+07  0.533926E+02
  0.493574E-02  0.178674E+08  0.178613E+08  0.875755E+03 -0.172908E+05  0.146839E+08  0.178465E+08  0.178664E+08  0.178465E+08 -0.426701E+00  0.946077E+07  0.946006E+07  0.483745E+02
  0.540337E-02  0.176418E+08  0.176353E+08 -0.363238E+04 -0.142484E+05  0.141805E+08  0.176191E+08  0.176408E+08  0.176191E+08 -0.421264E+00  0.934055E+07  0.933984E+07  0.440409E+02
  0.591529E-02  0.173956E+08  0.173886E+08 -0.476997E+03 -0.117257E+05  0.136588E+08  0.173711E+08  0.173945E+08  0.173711E+08 -0.415334E+00  0.920940E+07  0.920869E+07  0.401253E+02
  0.647572E-02  0.171284E+08  0.171208E+08 -0.768914E+03 -0.963615E+04  0.131134E+08  0.171020E+08  0.171272E+08  0.171020E+08 -0.408901E+00  0.906712E+07  0.906642E+07  0.364094E+02
  0.708924E-02  0.168390E+08  0.168306E+08 -0.112205E+04 -0.790673E+04  0.125436E+08  0.168107E+08  0.168377E+08  0.168107E+08 -0.401935E+00  0.891304E+07  0.891233E+07  0.329925E+02
  0.776089E-02  0.165267E+08  0.165174E+08 -0.236263E+04 -0.647701E+04  0.119497E+08  0.164965E+08  0.165253E+08  0.164965E+08 -0.394423E+00  0.874686E+07  0.874616E+07  0.300117E+02
  0.849618E-02  0.161905E+08  0.161801E+08 -0.226647E+03 -0.529621E+04  0.113328E+08  0.161583E+08  0.161889E+08  0.161583E+08 -0.386338E+00  0.856796E+07  0.856727E+07  0.273131E+02
  0.930112E-02  0.158290E+08  0.158175E+08 -0.209255E+04 -0.432201E+04  0.106998E+08  0.157950E+08  0.158272E+08  0.157950E+08 -0.377651E+00  0.837575E+07  0.837506E+07  0.248134E+02
  0.101823E-01  0.154415E+08  0.154285E+08 -0.212144E+04 -0.351930E+04  0.100567E+08  0.154057E+08  0.154395E+08  0.154057E+08 -0.368342E+00  0.816973E+07  0.816904E+07  0.226083E+02
  0.111470E-01  0.150271E+08  0.150124E+08 -0.240000E+03 -0.285881E+04  0.940388E+07  0.149895E+08  0.150248E+08  0.149895E+08 -0.358390E+00  0.794946E+07  0.794877E+07  0.206062E+02
  0.122031E-01  0.145846E+08  0.145681E+08 -0.177111E+04 -0.231613E+04  0.874265E+07  0.145454E+08  0.145821E+08  0.145454E+08 -0.347772E+00  0.771442E+07  0.771373E+07  0.188021E+02
  0.133593E-01  0.141134E+08  0.140947E+08 -0.140972E+04 -0.187095E+04  0.807946E+07  0.140726E+08  0.141105E+08  0.140726E+08 -0.336469E+00  0.746416E+07  0.746347E+07  0.171875E+02
  0.146250E-01  0.136127E+08  0.135916E+08 -0.815824E+03 -0.150641E+04  0.741929E+07  0.135706E+08  0.136094E+08  0.135706E+08 -0.324464E+00  0.719833E+07  0.719764E+07  0.157263E+02
  0.160106E-01  0.130821E+08  0.130583E+08 -0.867945E+03 -0.120851E+04  0.676743E+07  0.130388E+08  0.130784E+08  0.130388E+08 -0.311750E+00  0.691672E+07  0.691603E+07  0.144097E+02
  0.175274E-01  0.125217E+08  0.124949E+08 -0.723319E+03 -0.965638E+03  0.612704E+07  0.124774E+08  0.125175E+08  0.124774E+08 -0.298327E+00  0.661937E+07  0.661867E+07  0.132194E+02
  0.191880E-01  0.119320E+08  0.119021E+08 -0.428471E+03 -0.768154E+03  0.550409E+07  0.118870E+08  0.119274E+08  0.118870E+08 -0.284212E+00  0.630664E+07  0.630594E+07  0.121290E+02
  0.210059E-01  0.113149E+08  0.112815E+08 -0.500107E+03 -0.608087E+03  0.490379E+07  0.112695E+08  0.113097E+08  0.112695E+08 -0.269446E+00  0.597942E+07  0.597872E+07  0.111241E+02
  0.229961E-01  0.106731E+08  0.106364E+08 -0.395690E+03 -0.478838E+03  0.433055E+07  0.106276E+08  0.106674E+08  0.106276E+08 -0.254100E+00  0.563928E+07  0.563858E+07  0.101853E+02
  0.251748E-01  0.100114E+08  0.997141E+07 -0.297076E+03 -0.374950E+03  0.378958E+07  0.996619E+07  0.100052E+08  0.996619E+07 -0.238286E+00  0.528870E+07  0.528800E+07  0.929199E+01
  0.275599E-01  0.933667E+07  0.929367E+07 -0.187901E+03 -0.291907E+03  0.328495E+07  0.929202E+07  0.933000E+07  0.929202E+07 -0.222167E+00  0.493130E+07  0.493061E+07  0.842671E+01
  0.301710E-01  0.865806E+07  0.861269E+07 -0.187684E+03 -0.225967E+03  0.282117E+07  0.861440E+07  0.865103E+07  0.861440E+07 -0.205965E+00  0.457202E+07  0.457133E+07  0.757217E+01
  0.330294E-01  0.798741E+07  0.794060E+07 -0.141676E+03 -0.174021E+03  0.240147E+07  0.794510E+07  0.798015E+07  0.794510E+07 -0.189963E+00  0.421709E+07  0.421643E+07  0.671732E+01
  0.361587E-01  0.733863E+07  0.729165E+07 -0.127301E+03 -0.133469E+03  0.202831E+07  0.729803E+07  0.733135E+07  0.729803E+07 -0.174492E+00  0.387391E+07  0.387327E+07  0.585636E+01
  0.395845E-01  0.672672E+07  0.668111E+07 -0.777665E+02 -0.102127E+03  0.170282E+07  0.668813E+07  0.671965E+07  0.668813E+07 -0.159909E+00  0.355040E+07  0.354981E+07  0.499185E+01
  0.433348E-01  0.616568E+07  0.612318E+07 -0.534853E+02 -0.781450E+02  0.142426E+07  0.612934E+07  0.615909E+07  0.612934E+07 -0.146549E+00  0.325398E+07  0.325344E+07  0.413707E+01
  0.470016E-01  0.571395E+07  0.567568E+07 -0.452058E+02 -0.615885E+02  0.121202E+07  0.567977E+07  0.570802E+07  0.567977E+07 -0.135800E+00  0.301547E+07  0.301499E+07  0.339864E+01
  0.506684E-01  0.534281E+07  0.530942E+07  0.733063E+02 -0.495761E+02  0.104462E+07  0.531066E+07  0.533763E+07  0.531066E+07 -0.126975E+00  0.281964E+07  0.281922E+07  0.276265E+01
  0.543352E-01  0.503233E+07  0.500397E+07  0.600304E+02 -0.406224E+02  0.910064E+06  0.500206E+07  0.502793E+07  0.500206E+07 -0.119596E+00  0.265590E+07  0.265554E+07  0.223201E+01
  0.580020E-01  0.476843E+07  0.474478E+07  0.499104E+02 -0.337924E+02  0.800127E+06  0.473986E+07  0.476477E+07  0.473986E+07 -0.113327E+00  0.251678E+07  0.251646E+07  0.180641E+01
  0.616688E-01  0.453613E+07  0.451649E+07  0.419953E+02 -0.284472E+02  0.708277E+06  0.450906E+07  0.453309E+07  0.450906E+07 -0.107809E+00  0.239431E+07  0.239403E+07  0.148005E+01
  0.653355E-01  0.432190E+07  0.430534E+07  0.356422E+02 -0.241544E+02  0.629619E+06  0.429615E+07  0.431933E+07  0.429615E+07 -0.102718E+00  0.228132E+07  0.228108E+07  0.124246E+01
  0.690023E-01  0.411600E+07  0.410147E+07  0.304279E+02 -0.206294E+02  0.560821E+06  0.409143E+07  0.411375E+07  0.409143E+07 -0.978236E-01  0.217267E+07  0.217245E+07  0.107979E+01
  0.726691E-01  0.391345E+07  0.389995E+07  0.260800E+02 -0.176886E+02  0.499846E+06  0.388992E+07  0.391136E+07  0.388992E+07 -0.930058E-01  0.206572E+07  0.206551E+07  0.976304E+00
  0.763359E-01  0.371197E+07  0.369863E+07  0.224134E+02 -0.152074E+02  0.445376E+06  0.368940E+07  0.370991E+07  0.368940E+07 -0.882113E-01  0.195928E+07  0.195908E+07  0.915511E+00
  0.800027E-01  0.351248E+07  0.349864E+07  0.193049E+02 -0.131030E+02  0.396676E+06  0.349077E+07  0.351033E+07  0.349077E+07 -0.834623E-01  0.185385E+07  0.185364E+07  0.881837E+00
  0.836695E-01  0.331721E+07  0.330250E+07  0.166646E+02 -0.113148E+02  0.353263E+06  0.329632E+07  0.331493E+07  0.329632E+07 -0.788131E-01  0.175062E+07  0.175040E+07  0.861586E+00
  0.873363E-01  0.312965E+07  0.311397E+07  0.144263E+02 -0.979818E+01  0.314835E+06  0.310955E+07  0.312722E+07  0.310955E+07 -0.743474E-01  0.165146E+07  0.165124E+07  0.843841E+00
  0.910031E-01  0.295382E+07  0.293730E+07  0.125378E+02 -0.851800E+01  0.281161E+06  0.293449E+07  0.295126E+07  0.293449E+07 -0.701618E-01  0.155851E+07  0.155829E+07  0.820912E+00
  0.959109E-01  0.274275E+07  0.272563E+07  0.104780E+02 -0.712116E+01  0.243036E+06  0.272440E+07  0.274009E+07  0.272440E+07 -0.651389E-01  0.144697E+07  0.144675E+07  0.774798E+00
  0.100819E+00  0.256321E+07  0.254631E+07  0.886024E+01 -0.602348E+01  0.211995E+06  0.254583E+07  0.256059E+07  0.254583E+07 -0.608693E-01  0.135216E+07  0.135194E+07  0.709108E+00
  0.105726E+00  0.241525E+07  0.239938E+07  0.759085E+01 -0.516178E+01  0.186911E+06  0.239881E+07  0.241279E+07  0.239881E+07 -0.573540E-01  0.127409E+07  0.127389E+07  0.628311E+00
  0.110634E+00  0.229576E+07  0.228155E+07  0.658917E+01 -0.448154E+01  0.166620E+06  0.228020E+07  0.229356E+07  0.228020E+07 -0.545181E-01  0.121111E+07  0.121093E+07  0.541043E+00
  0.115542E+00  0.219869E+07  0.218644E+07  0.578599E+01 -0.393592E+01  0.149973E+06  0.218393E+07  0.219679E+07  0.218393E+07 -0.522165E-01  0.115999E+07  0.115983E+07  0.456947E+00
  0.120450E+00  0.211563E+07  0.210530E+07  0.512320E+01 -0.348557E+01  0.135892E+06  0.210160E+07  0.211403E+07  0.210160E+07 -0.502480E-01  0.111628E+07  0.111614E+07  0.384108E+00
  0.125357E+00  0.203802E+07  0.202928E+07  0.455655E+01 -0.310048E+01  0.123498E+06  0.202465E+07  0.203667E+07  0.202465E+07 -0.484082E-01  0.107541E+07  0.107529E+07  0.327537E+00
  0.130265E+00  0.195951E+07  0.195182E+07  0.405709E+01 -0.276101E+01  0.112209E+06  0.194672E+07  0.195831E+07  0.194672E+07 -0.465448E-01  0.103403E+07  0.103392E+07  0.288693E+00
  0.135173E+00  0.187693E+07  0.186972E+07  0.360885E+01 -0.245634E+01  0.101730E+06  0.186467E+07  0.187581E+07  0.186467E+07 -0.445831E-01  0.990459E+06  0.990351E+06  0.265821E+00
  0.140081E+00  0.179031E+07  0.178307E+07  0.320497E+01 -0.218178E+01  0.919794E+05  0.177852E+07  0.178919E+07  0.177852E+07 -0.425234E-01  0.944710E+06  0.944603E+06  0.254879E+00
  0.144989E+00  0.170187E+07  0.169428E+07  0.284348E+01 -0.193601E+01  0.829980E+05  0.169053E+07  0.170069E+07  0.169053E+07 -0.404196E-01  0.897980E+06  0.897871E+06  0.250749E+00
  0.149896E+00  0.161486E+07  0.160680E+07  0.252391E+01 -0.171870E+01  0.748585E+05  0.160394E+07  0.161361E+07  0.160394E+07 -0.383494E-01  0.851995E+06  0.851883E+06  0.248442E+00
  0.154804E+00  0.153270E+07  0.152424E+07  0.224567E+01 -0.152945E+01  0.676226E+05  0.152220E+07  0.153139E+07  0.152220E+07 -0.363948E-01  0.808578E+06  0.808465E+06  0.244058E+00
  0.159712E+00  0.145859E+07  0.144994E+07  0.200750E+01 -0.136742E+01  0.613251E+05  0.144848E+07  0.145725E+07  0.144848E+07 -0.346322E-01  0.769426E+06  0.769313E+06  0.235348E+00
  0.164620E+00  0.139466E+07  0.138614E+07  0.180662E+01 -0.123073E+01  0.559460E+05  0.138494E+07  0.139334E+07  0.138494E+07 -0.331130E-01  0.735678E+06  0.735568E+06  0.221793E+00
  0.169527E+00  0.134112E+07  0.133301E+07  0.163810E+01 -0.111601E+01  0.513885E+05  0.133177E+07  0.133986E+07  0.133177E+07 -0.318418E-01  0.707440E+06  0.707336E+06  0.204287E+00
  0.174435E+00  0.129634E+07  0.128886E+07  0.149558E+01 -0.101898E+01  0.474995E+05  0.128735E+07  0.129518E+07  0.128735E+07 -0.307797E-01  0.683845E+06  0.683748E+06  0.184630E+00
  0.179343E+00  0.125787E+07  0.125112E+07  0.137292E+01 -0.935452E+00  0.441187E+05  0.124920E+07  0.125682E+07  0.124920E+07 -0.298677E-01  0.663585E+06  0.663497E+06  0.164962E+00
  0.184251E+00  0.122309E+07  0.121707E+07  0.126486E+01 -0.861863E+00  0.411043E+05  0.121474E+07  0.122216E+07  0.121474E+07 -0.290437E-01  0.645280E+06  0.645199E+06  0.147232E+00
  0.189158E+00  0.118949E+07  0.118406E+07  0.116715E+01 -0.795324E+00  0.383377E+05  0.118142E+07  0.118865E+07  0.118142E+07 -0.282471E-01  0.627585E+06  0.627510E+06  0.132786E+00
  0.194066E+00  0.115502E+07  0.115001E+07  0.107674E+01 -0.733756E+00  0.357326E+05  0.114721E+07  0.115424E+07  0.114721E+07 -0.274292E-01  0.609416E+06  0.609345E+06  0.122179E+00
  0.198974E+00  0.111868E+07  0.111388E+07  0.992037E+00 -0.676074E+00  0.332467E+05  0.111112E+07  0.111794E+07  0.111112E+07 -0.265663E-01  0.590246E+06  0.590177E+06  0.115211E+00
  0.203882E+00  0.108061E+07  0.107585E+07  0.912649E+00 -0.622013E+00  0.308759E+05  0.107328E+07  0.107987E+07  0.107328E+07 -0.256615E-01  0.570146E+06  0.570078E+06  0.111099E+00
  0.208790E+00  0.104162E+07  0.103677E+07  0.838784E+00 -0.571713E+00  0.286351E+05  0.103451E+07  0.104087E+07  0.103451E+07 -0.247344E-01  0.549552E+06  0.549483E+06  0.108730E+00
  0.213697E+00  0.100290E+07  0.997912E+06  0.770867E+00 -0.525461E+00  0.265463E+05  0.995995E+06  0.100212E+07  0.995995E+06 -0.238137E-01  0.529096E+06  0.529027E+06  0.106945E+00
  0.218605E+00  0.965833E+06  0.960734E+06  0.709360E+00 -0.483568E+00  0.246331E+05  0.959135E+06  0.965043E+06  0.959135E+06 -0.229323E-01  0.509517E+06  0.509448E+06  0.104782E+00
  0.223513E+00  0.931666E+06  0.926528E+06  0.654502E+00 -0.446200E+00  0.229114E+05  0.925165E+06  0.930870E+06  0.925165E+06 -0.221202E-01  0.491473E+06  0.491405E+06  0.101629E+00
  0.228421E+00  0.901118E+06  0.896043E+06  0.606105E+00 -0.413227E+00  0.213818E+05  0.894809E+06  0.900331E+06  0.894809E+06 -0.213944E-01  0.475348E+06  0.475282E+06  0.972755E-01
  0.233328E+00  0.874298E+06  0.869390E+06  0.563579E+00 -0.384248E+00  0.200301E+05  0.868174E+06  0.873537E+06  0.868174E+06 -0.207575E-01  0.461201E+06  0.461137E+06  0.918689E-01
  0.238236E+00  0.850810E+06  0.846150E+06  0.526080E+00 -0.358692E+00  0.188318E+05  0.844865E+06  0.850087E+06  0.844865E+06 -0.202002E-01  0.448819E+06  0.448758E+06  0.858164E-01
  0.243144E+00  0.829866E+06  0.825499E+06  0.492637E+00 -0.335897E+00  0.177568E+05  0.824091E+06  0.829189E+06  0.824091E+06 -0.197035E-01  0.437784E+06  0.437726E+06  0.796445E-01
  0.248052E+00  0.810466E+06  0.806393E+06  0.462285E+00 -0.315208E+00  0.167742E+05  0.804852E+06  0.809835E+06  0.804852E+06 -0.192435E-01  0.427565E+06  0.427510E+06  0.738620E-01
  0.252959E+00  0.791668E+06  0.787853E+06  0.434221E+00 -0.296079E+00  0.158577E+05  0.786206E+06  0.791077E+06  0.786206E+06 -0.187977E-01  0.417660E+06  0.417608E+06  0.688552E-01
  0.257867E+00  0.772792E+06  0.769173E+06  0.407892E+00 -0.278133E+00  0.149891E+05  0.767474E+06  0.772231E+06  0.767474E+06 -0.183498E-01  0.407709E+06  0.407659E+06  0.648282E-01
  0.262775E+00  0.753455E+06  0.749961E+06  0.382967E+00 -0.261145E+00  0.141582E+05  0.748272E+06  0.752913E+06  0.748272E+06 -0.178907E-01  0.397510E+06  0.397461E+06  0.617888E-01
  0.267683E+00  0.733568E+06  0.730134E+06  0.359304E+00 -0.245018E+00  0.133610E+05  0.728515E+06  0.733036E+06  0.728515E+06 -0.174184E-01  0.387015E+06  0.386967E+06  0.595784E-01
  0.272591E+00  0.713354E+06  0.709932E+06  0.336922E+00 -0.229764E+00  0.125997E+05  0.708424E+06  0.712824E+06  0.708424E+06 -0.169380E-01  0.376343E+06  0.376295E+06  0.579337E-01
  0.277498E+00  0.693269E+06  0.689834E+06  0.315942E+00 -0.215465E+00  0.118799E+05  0.688459E+06  0.692736E+06  0.688459E+06 -0.164606E-01  0.365737E+06  0.365690E+06  0.565576E-01
  0.282406E+00  0.673825E+06  0.670378E+06  0.296488E+00 -0.202205E+00  0.112076E+05  0.669131E+06  0.673290E+06  0.669131E+06 -0.159985E-01  0.355470E+06  0.355423E+06  0.551827E-01
  0.287314E+00  0.655439E+06  0.652000E+06  0.278619E+00 -0.190025E+00  0.105863E+05  0.650858E+06  0.654906E+06  0.650858E+06 -0.155616E-01  0.345763E+06  0.345717E+06  0.536171E-01
  0.292222E+00  0.638381E+06  0.634984E+06  0.262323E+00 -0.178915E+00  0.100169E+05  0.633910E+06  0.637854E+06  0.633910E+06 -0.151564E-01  0.336760E+06  0.336715E+06  0.517694E-01
  0.297129E+00  0.622762E+06  0.619442E+06  0.247518E+00 -0.168822E+00  0.949723E+04  0.618398E+06  0.622247E+06  0.618398E+06 -0.147855E-01  0.328520E+06  0.328476E+06  0.496479E-01
  0.302037E+00  0.608509E+06  0.605296E+06  0.234057E+00 -0.159644E+00  0.902290E+04  0.604248E+06  0.608011E+06  0.604248E+06 -0.144472E-01  0.321004E+06  0.320961E+06  0.473387E-01
  0.306945E+00  0.595364E+06  0.592276E+06  0.221738E+00 -0.151243E+00  0.858692E+04  0.591201E+06  0.594885E+06  0.591201E+06 -0.141353E-01  0.314073E+06  0.314032E+06  0.449706E-01
  0.311853E+00  0.582993E+06  0.580036E+06  0.210353E+00 -0.143480E+00  0.818206E+04  0.578926E+06  0.582535E+06  0.578926E+06 -0.138418E-01  0.307552E+06  0.307512E+06  0.426823E-01
  0.316760E+00  0.571075E+06  0.568239E+06  0.199720E+00 -0.136228E+00  0.780184E+04  0.567099E+06  0.570635E+06  0.567099E+06 -0.135590E-01  0.301270E+06  0.301231E+06  0.405907E-01
  0.321668E+00  0.559348E+06  0.556615E+06  0.189697E+00 -0.129393E+00  0.744125E+04  0.555460E+06  0.558925E+06  0.555460E+06 -0.132807E-01  0.295087E+06  0.295049E+06  0.387693E-01
  0.326576E+00  0.547633E+06  0.544977E+06  0.180183E+00 -0.122906E+00  0.709679E+04  0.543828E+06  0.547221E+06  0.543828E+06 -0.130026E-01  0.288907E+06  0.288871E+06  0.372396E-01
  0.331484E+00  0.535845E+06  0.533244E+06  0.171121E+00 -0.116727E+00  0.676652E+04  0.532120E+06  0.535442E+06  0.532120E+06 -0.127227E-01  0.282688E+06  0.282652E+06  0.359744E-01
  0.336392E+00  0.524020E+06  0.521453E+06  0.162495E+00 -0.110845E+00  0.645017E+04  0.520373E+06  0.523622E+06  0.520373E+06 -0.124418E-01  0.276448E+06  0.276413E+06  0.349122E-01
  0.341299E+00  0.512292E+06  0.509747E+06  0.154319E+00 -0.105270E+00  0.614861E+04  0.508720E+06  0.511897E+06  0.508720E+06 -0.121632E-01  0.270257E+06  0.270223E+06  0.339748E-01
  0.346207E+00  0.500835E+06  0.498309E+06  0.146617E+00 -0.100018E+00  0.586308E+04  0.497336E+06  0.500443E+06  0.497336E+06 -0.118910E-01  0.264210E+06  0.264176E+06  0.330851E-01
  0.351115E+00  0.489806E+06  0.487303E+06  0.139405E+00 -0.951004E-01  0.559451E+04  0.486378E+06  0.489418E+06  0.486378E+06 -0.116290E-01  0.258389E+06  0.258355E+06  0.321815E-01
  0.356023E+00  0.479312E+06  0.476841E+06  0.132681E+00 -0.905150E-01  0.534311E+04  0.475953E+06  0.478929E+06  0.475953E+06 -0.113798E-01  0.252851E+06  0.252818E+06  0.312265E-01
  0.360930E+00  0.469404E+06  0.466976E+06  0.126428E+00 -0.862502E-01  0.510847E+04  0.466113E+06  0.469028E+06  0.466113E+06 -0.111445E-01  0.247624E+06  0.247591E+06  0.302101E-01
  0.365838E+00  0.460079E+06  0.457705E+06  0.120614E+00 -0.822846E-01  0.488957E+04  0.456854E+06  0.459711E+06  0.456854E+06 -0.109231E-01  0.242705E+06  0.242673E+06  0.291461E-01
  0.370746E+00  0.451279E+06  0.448967E+06  0.115195E+00 -0.785890E-01  0.468490E+04  0.448117E+06  0.450921E+06  0.448117E+06 -0.107142E-01  0.238064E+06  0.238033E+06  0.280650E-01
  0.375654E+00  0.442902E+06  0.440654E+06  0.110123E+00 -0.751289E-01  0.449260E+04  0.439801E+06  0.442554E+06  0.439801E+06 -0.105154E-01  0.233646E+06  0.233616E+06  0.270038E-01
  0.380561E+00  0.434828E+06  0.432642E+06  0.105345E+00 -0.718700E-01  0.431080E+04  0.431786E+06  0.434489E+06  0.431786E+06 -0.103238E-01  0.229388E+06  0.229358E+06  0.259968E-01
  0.385469E+00  0.426945E+06  0.424817E+06  0.100818E+00 -0.687825E-01  0.413787E+04  0.423961E+06  0.426615E+06  0.423961E+06 -0.101367E-01  0.225231E+06  0.225202E+06  0.250694E-01
  0.390377E+00  0.419176E+06  0.417097E+06  0.965105E-01 -0.658441E-01  0.397259E+04  0.416247E+06  0.418853E+06  0.416247E+06 -0.995222E-02  0.221133E+06  0.221105E+06  0.242336E-01
  0.395285E+00  0.411482E+06  0.409444E+06  0.924007E-01 -0.630410E-01  0.381423E+04  0.408607E+06  0.411166E+06  0.408607E+06 -0.976954E-02  0.217074E+06  0.217046E+06  0.234880E-01
  0.400193E+00  0.403865E+06  0.401860E+06  0.884789E-01 -0.603660E-01  0.366248E+04  0.401041E+06  0.403554E+06  0.401041E+06 -0.958867E-02  0.213056E+06  0.213028E+06  0.228199E-01
  0.405100E+00  0.396351E+06  0.394374E+06  0.847409E-01 -0.578164E-01  0.351726E+04  0.393579E+06  0.396045E+06  0.393579E+06 -0.941023E-02  0.209091E+06  0.209064E+06  0.222091E-01
  0.410008E+00  0.388982E+06  0.387029E+06  0.811854E-01 -0.553912E-01  0.337863E+04  0.386259E+06  0.388679E+06  0.386259E+06 -0.923522E-02  0.205202E+06  0.205176E+06  0.216333E-01
  0.414916E+00  0.381805E+06  0.379875E+06  0.778125E-01 -0.530906E-01  0.324666E+04  0.379129E+06  0.381506E+06  0.379129E+06 -0.906475E-02  0.201415E+06  0.201389E+06  0.210725E-01
  0.419824E+00  0.374864E+06  0.372961E+06  0.746216E-01 -0.509140E-01  0.312141E+04  0.372235E+06  0.374569E+06  0.372235E+06 -0.889993E-02  0.197753E+06  0.197727E+06  0.205123E-01
  0.424731E+00  0.368191E+06  0.366316E+06  0.716086E-01 -0.488588E-01  0.300280E+04  0.365607E+06  0.367900E+06  0.365607E+06 -0.874146E-02  0.194232E+06  0.194206E+06  0.199458E-01
  0.429639E+00  0.361791E+06  0.359948E+06  0.687653E-01 -0.469192E-01  0.289055E+04  0.359252E+06  0.361505E+06  0.359252E+06 -0.858950E-02  0.190855E+06  0.190830E+06  0.193732E-01
  0.434547E+00  0.355650E+06  0.353842E+06  0.660797E-01 -0.450871E-01  0.278424E+04  0.353154E+06  0.355370E+06  0.353154E+06 -0.844371E-02  0.187616E+06  0.187592E+06  0.188002E-01
  0.439455E+00  0.349738E+06  0.347967E+06  0.635379E-01 -0.433532E-01  0.268336E+04  0.347285E+06  0.349463E+06  0.347285E+06 -0.830337E-02  0.184498E+06  0.184474E+06  0.182359E-01
  0.444362E+00  0.344016E+06  0.342281E+06  0.611255E-01 -0.417074E-01  0.258733E+04  0.341603E+06  0.343747E+06  0.341603E+06 -0.816754E-02  0.181480E+06  0.181456E+06  0.176899E-01
  0.449270E+00  0.338443E+06  0.336744E+06  0.588288E-01 -0.401406E-01  0.249564E+04  0.336071E+06  0.338180E+06  0.336071E+06 -0.803526E-02  0.178541E+06  0.178518E+06  0.171706E-01
  0.454178E+00  0.332990E+06  0.331322E+06  0.566367E-01 -0.386451E-01  0.240787E+04  0.330656E+06  0.332732E+06  0.330656E+06 -0.790579E-02  0.175664E+06  0.175641E+06  0.166830E-01
  0.459086E+00  0.327635E+06  0.325997E+06  0.545407E-01 -0.372152E-01  0.232371E+04  0.325339E+06  0.327381E+06  0.325339E+06 -0.777867E-02  0.172839E+06  0.172817E+06  0.162287E-01
  0.463994E+00  0.322368E+06  0.320756E+06  0.525344E-01 -0.358465E-01  0.224290E+04  0.320108E+06  0.322118E+06  0.320108E+06 -0.765360E-02  0.170061E+06  0.170039E+06  0.158055E-01
  0.468901E+00  0.317185E+06  0.315596E+06  0.506132E-01 -0.345358E-01  0.216529E+04  0.314961E+06  0.316939E+06  0.314961E+06 -0.753053E-02  0.167326E+06  0.167305E+06  0.154083E-01
  0.473809E+00  0.312097E+06  0.310530E+06  0.487747E-01 -0.332816E-01  0.209082E+04  0.309908E+06  0.311854E+06  0.309908E+06 -0.740971E-02  0.164642E+06  0.164620E+06  0.150312E-01
  0.478717E+00  0.307121E+06  0.305575E+06  0.470177E-01 -0.320830E-01  0.201946E+04  0.304966E+06  0.306881E+06  0.304966E+06 -0.729156E-02  0.162016E+06  0.161995E+06  0.146680E-01
  0.483625E+00  0.302274E+06  0.300749E+06  0.453410E-01 -0.309391E-01  0.195119E+04  0.300152E+06  0.302038E+06  0.300152E+06 -0.717647E-02  0.159459E+06  0.159438E+06  0.143136E-01
  0.488532E+00  0.297564E+06  0.296060E+06  0.437421E-01 -0.298482E-01  0.188593E+04  0.295475E+06  0.297331E+06  0.295475E+06 -0.706463E-02  0.156974E+06  0.156954E+06  0.139645E-01
  0.493440E+00  0.292993E+06  0.291512E+06  0.422175E-01 -0.288081E-01  0.182357E+04  0.290936E+06  0.292764E+06  0.290936E+06 -0.695610E-02  0.154563E+06  0.154543E+06  0.136193E-01
  0.498348E+00  0.288559E+06  0.287100E+06  0.407635E-01 -0.278161E-01  0.176395E+04  0.286532E+06  0.288332E+06  0.286532E+06 -0.685081E-02  0.152223E+06  0.152204E+06  0.132784E-01
  0.503256E+00  0.284254E+06  0.282818E+06  0.393759E-01 -0.268694E-01  0.170694E+04  0.282258E+06  0.284031E+06  0.282258E+06 -0.674861E-02  0.149953E+06  0.149933E+06  0.129437E-01
  0.508163E+00  0.280068E+06  0.278656E+06  0.380503E-01 -0.259649E-01  0.165235E+04  0.278102E+06  0.279849E+06  0.278102E+06 -0.664924E-02  0.147745E+06  0.147725E+06  0.126177E-01
  0.513071E+00  0.275987E+06  0.274598E+06  0.367820E-01 -0.250995E-01  0.160001E+04  0.274050E+06  0.275772E+06  0.274050E+06 -0.655236E-02  0.145592E+06  0.145573E+06  0.123026E-01
  0.517979E+00  0.271997E+06  0.270630E+06  0.355665E-01 -0.242702E-01  0.154973E+04  0.270087E+06  0.271785E+06  0.270087E+06 -0.645763E-02  0.143487E+06  0.143469E+06  0.120002E-01
  0.522887E+00  0.268087E+06  0.266740E+06  0.344001E-01 -0.234744E-01  0.150138E+04  0.266204E+06  0.267878E+06  0.266204E+06 -0.636479E-02  0.141424E+06  0.141406E+06  0.117115E-01
  0.527795E+00  0.264250E+06  0.262923E+06  0.332800E-01 -0.227102E-01  0.145485E+04  0.262394E+06  0.264044E+06  0.262394E+06 -0.627369E-02  0.139400E+06  0.139382E+06  0.114363E-01
  0.532702E+00  0.260485E+06  0.259177E+06  0.322041E-01 -0.219761E-01  0.141005E+04  0.258656E+06  0.260282E+06  0.258656E+06 -0.618430E-02  0.137414E+06  0.137396E+06  0.111736E-01
  0.537610E+00  0.256792E+06  0.255502E+06  0.311705E-01 -0.212709E-01  0.136692E+04  0.254989E+06  0.256592E+06  0.254989E+06 -0.609663E-02  0.135466E+06  0.135448E+06  0.109219E-01
  0.542518E+00  0.253173E+06  0.251899E+06  0.301776E-01 -0.205934E-01  0.132540E+04  0.251394E+06  0.252975E+06  0.251394E+06 -0.601069E-02  0.133556E+06  0.133539E+06  0.106792E-01
  0.547426E+00  0.249629E+06  0.248372E+06  0.292239E-01 -0.199427E-01  0.128545E+04  0.247875E+06  0.249434E+06  0.247875E+06 -0.592654E-02  0.131687E+06  0.131670E+06  0.104437E-01
  0.552333E+00  0.246164E+06  0.244924E+06  0.283083E-01 -0.193180E-01  0.124702E+04  0.244434E+06  0.245972E+06  0.244434E+06 -0.584428E-02  0.129859E+06  0.129842E+06  0.102141E-01
  0.557241E+00  0.242781E+06  0.241557E+06  0.274296E-01 -0.187185E-01  0.121006E+04  0.241075E+06  0.242591E+06  0.241075E+06 -0.576396E-02  0.128074E+06  0.128058E+06  0.998940E-02
  0.562149E+00  0.239480E+06  0.238273E+06  0.265863E-01 -0.181430E-01  0.117453E+04  0.237797E+06  0.239293E+06  0.237797E+06 -0.568559E-02  0.126333E+06  0.126317E+06  0.976937E-02
  0.567057E+00  0.236259E+06  0.235068E+06  0.257766E-01 -0.175905E-01  0.114035E+04  0.234598E+06  0.236074E+06  0.234598E+06 -0.560910E-02  0.124634E+06  0.124617E+06  0.955411E-02
  0.571964E+00  0.233112E+06  0.231937E+06  0.249986E-01 -0.170597E-01  0.110746E+04  0.231473E+06  0.232930E+06  0.231473E+06 -0.553439E-02  0.122973E+06  0.122957E+06  0.934403E-02
  0.576872E+00  0.230035E+06  0.228876E+06  0.242506E-01 -0.165493E-01  0.107577E+04  0.228418E+06  0.229855E+06  0.228418E+06 -0.546133E-02  0.121350E+06  0.121334E+06  0.913969E-02
  0.581780E+00  0.227023E+06  0.225880E+06  0.235310E-01 -0.160583E-01  0.104524E+04  0.225427E+06  0.226846E+06  0.225427E+06 -0.538982E-02  0.119761E+06  0.119746E+06  0.894161E-02
  0.586688E+00  0.224072E+06  0.222945E+06  0.228381E-01 -0.155855E-01  0.101579E+04  0.222497E+06  0.223897E+06  0.222497E+06 -0.531976E-02  0.118204E+06  0.118189E+06  0.875011E-02
  0.591596E+00  0.221177E+06  0.220065E+06  0.221706E-01 -0.151300E-01  0.987366E+03  0.219622E+06  0.221005E+06  0.219622E+06 -0.525104E-02  0.116678E+06  0.116662E+06  0.856524E-02
  0.596503E+00  0.218336E+06  0.217238E+06  0.215271E-01 -0.146910E-01  0.959922E+03  0.216801E+06  0.218166E+06  0.216801E+06 -0.518359E-02  0.115179E+06  0.115164E+06  0.838678E-02
  0.601411E+00  0.215547E+06  0.214463E+06  0.209067E-01 -0.142676E-01  0.933414E+03  0.214032E+06  0.215379E+06  0.214032E+06 -0.511737E-02  0.113708E+06  0.113693E+06  0.821432E-02
  0.606319E+00  0.212810E+06  0.211740E+06  0.203084E-01 -0.138593E-01  0.907810E+03  0.211314E+06  0.212644E+06  0.211314E+06 -0.505240E-02  0.112264E+06  0.112249E+06  0.804733E-02
  0.611227E+00  0.210127E+06  0.209069E+06  0.197315E-01 -0.134657E-01  0.883083E+03  0.208649E+06  0.209963E+06  0.208649E+06 -0.498868E-02  0.110848E+06  0.110834E+06  0.788525E-02
  0.616134E+00  0.207496E+06  0.206452E+06  0.191753E-01 -0.130862E-01  0.859206E+03  0.206037E+06  0.207334E+06  0.206037E+06 -0.492622E-02  0.109460E+06  0.109446E+06  0.772753E-02
  0.621042E+00  0.204918E+06  0.203887E+06  0.186389E-01 -0.127202E-01  0.836146E+03  0.203477E+06  0.204758E+06  0.203477E+06 -0.486502E-02  0.108100E+06  0.108086E+06  0.757373E-02
  0.625950E+00  0.202392E+06  0.201373E+06  0.181216E-01 -0.123671E-01  0.813869E+03  0.200969E+06  0.202234E+06  0.200969E+06 -0.480504E-02  0.106768E+06  0.106754E+06  0.742355E-02
  0.630858E+00  0.199917E+06  0.198910E+06  0.176225E-01 -0.120266E-01  0.792345E+03  0.198511E+06  0.199761E+06  0.198511E+06 -0.474627E-02  0.105462E+06  0.105448E+06  0.727686E-02
  0.635765E+00  0.197492E+06  0.196497E+06  0.171409E-01 -0.116980E-01  0.771548E+03  0.196102E+06  0.197337E+06  0.196102E+06 -0.468869E-02  0.104182E+06  0.104169E+06  0.713367E-02
  0.640673E+00  0.195115E+06  0.194133E+06  0.166762E-01 -0.113808E-01  0.751449E+03  0.193742E+06  0.194963E+06  0.193742E+06 -0.463227E-02  0.102929E+06  0.102915E+06  0.699404E-02
  0.645581E+00  0.192784E+06  0.191814E+06  0.162274E-01 -0.110746E-01  0.732013E+03  0.191428E+06  0.192634E+06  0.191428E+06 -0.457694E-02  0.101699E+06  0.101686E+06  0.685806E-02
  0.650489E+00  0.190498E+06  0.189539E+06  0.157939E-01 -0.107787E-01  0.713209E+03  0.189158E+06  0.190349E+06  0.189158E+06 -0.452264E-02  0.100493E+06  0.100480E+06  0.672576E-02
  0.655397E+00  0.188252E+06  0.187305E+06  0.153748E-01 -0.104928E-01  0.695009E+03  0.186928E+06  0.188105E+06  0.186928E+06 -0.446934E-02  0.993085E+05  0.992955E+05  0.659717E-02
  0.660304E+00  0.186048E+06  0.185112E+06  0.149697E-01 -0.102163E-01  0.677390E+03  0.184739E+06  0.185902E+06  0.184739E+06 -0.441700E-02  0.981455E+05  0.981326E+05  0.647224E-02
  0.665212E+00  0.183883E+06  0.182958E+06  0.145780E-01 -0.994904E-02  0.660331E+03  0.182589E+06  0.183739E+06  0.182589E+06 -0.436560E-02  0.970034E+05  0.969907E+05  0.635085E-02
  0.670120E+00  0.181756E+06  0.180842E+06  0.141991E-01 -0.969048E-02  0.643809E+03  0.180477E+06  0.181614E+06  0.180477E+06 -0.431511E-02  0.958815E+05  0.958690E+05  0.623281E-02
  0.675028E+00  0.179666E+06  0.178763E+06  0.138325E-01 -0.944030E-02  0.627801E+03  0.178402E+06  0.179526E+06  0.178402E+06 -0.426550E-02  0.947792E+05  0.947668E+05  0.611790E-02
  0.679935E+00  0.177613E+06  0.176720E+06  0.134777E-01 -0.919820E-02  0.612288E+03  0.176364E+06  0.177475E+06  0.176364E+06 -0.421675E-02  0.936961E+05  0.936839E+05  0.600592E-02
  0.684843E+00  0.175597E+06  0.174713E+06  0.131344E-01 -0.896391E-02  0.597258E+03  0.174361E+06  0.175460E+06  0.174361E+06 -0.416888E-02  0.926323E+05  0.926202E+05  0.589670E-02
  0.689751E+00  0.173617E+06  0.172744E+06  0.128022E-01 -0.873720E-02  0.582697E+03  0.172396E+06  0.173482E+06  0.172396E+06 -0.412188E-02  0.915881E+05  0.915761E+05  0.579010E-02
  0.694659E+00  0.171674E+06  0.170810E+06  0.124806E-01 -0.851777E-02  0.568587E+03  0.170466E+06  0.171540E+06  0.170466E+06 -0.407574E-02  0.905629E+05  0.905511E+05  0.568601E-02
  0.739114E+00  0.155539E+06  0.154757E+06  0.998821E-02 -0.681690E-02  0.458590E+03  0.154444E+06  0.155418E+06  0.154444E+06 -0.369268E-02  0.820513E+05  0.820406E+05  0.484906E-02
  0.786413E+00  0.140848E+06  0.140140E+06  0.798944E-02 -0.545285E-02  0.369493E+03  0.139857E+06  0.140739E+06  0.139857E+06 -0.334389E-02  0.743014E+05  0.742917E+05  0.413521E-02
  0.836740E+00  0.127484E+06  0.126843E+06  0.638761E-02 -0.435966E-02  0.297418E+03  0.126587E+06  0.127385E+06  0.126587E+06 -0.302661E-02  0.672515E+05  0.672426E+05  0.352565E-02
  0.890288E+00  0.115335E+06  0.114755E+06  0.510458E-02 -0.348402E-02  0.239179E+03  0.114522E+06  0.115245E+06  0.114522E+06 -0.273817E-02  0.608423E+05  0.608343E+05  0.300538E-02
  0.947262E+00  0.104298E+06  0.103773E+06  0.407749E-02 -0.278304E-02  0.192176E+03  0.103563E+06  0.104217E+06  0.103563E+06 -0.247613E-02  0.550199E+05  0.550126E+05  0.256168E-02
  0.990988E+00  0.969126E+05  0.964250E+05  0.346177E-02 -0.236281E-02  0.163810E+03  0.962296E+05  0.968370E+05  0.962296E+05 -0.230079E-02  0.511239E+05  0.511171E+05  0.228057E-02
  0.121284E+01  0.695691E+05  0.692190E+05  0.165903E-02 -0.113240E-02  0.797212E+02  0.690786E+05  0.695148E+05  0.690786E+05 -0.165163E-02  0.366994E+05  0.366945E+05  0.135582E-02
  0.148436E+01  0.497377E+05  0.494873E+05  0.791853E-03 -0.540509E-03  0.385035E+02  0.493869E+05  0.496989E+05  0.493869E+05 -0.118081E-02  0.262379E+05  0.262343E+05  0.808091E-03
  0.181667E+01  0.354272E+05  0.352487E+05  0.376547E-03 -0.257030E-03  0.254965E+02  0.351773E+05  0.353995E+05  0.351773E+05 -0.841068E-03  0.186887E+05  0.186861E+05  0.484353E-03
  0.222338E+01  0.251486E+05  0.250218E+05  0.178449E-03 -0.121813E-03  0.122182E+02  0.249711E+05  0.251289E+05  0.249711E+05 -0.597045E-03  0.132665E+05  0.132645E+05  0.293169E-03
