  0.959383E-05  0.197094E+08  0.197094E+08  0.262680E+08  0.262676E+08  0.197106E+08  0.197094E+08  0.197094E+08  0.197160E+08 -0.474554E+00  0.104835E+08  0.104835E+08  0.535551E+01
  0.105028E-04  0.197094E+08  0.197094E+08  0.262657E+08  0.262653E+08  0.197106E+08  0.197094E+08  0.197094E+08  0.197160E+08 -0.474554E+00  0.104835E+08  0.104835E+08  0.586280E+01
  0.114979E-04  0.197094E+08  0.197094E+08  0.262630E+08  0.262625E+08  0.197106E+08  0.197094E+08  0.197094E+08  0.197160E+08 -0.474554E+00  0.104835E+08  0.104835E+08  0.641811E+01
  0.125873E-04  0.197094E+08  0.197094E+08  0.262598E+08  0.262592E+08  0.197106E+08  0.197094E+08  0.197094E+08  0.197160E+08 -0.474553E+00  0.104835E+08  0.104835E+08  0.702599E+01
  0.137799E-04  0.197094E+08  0.197094E+08  0.262559E+08  0.262552E+08  0.197106E+08  0.197094E+08  0.197094E+08  0.197160E+08 -0.474553E+00  0.104835E+08  0.104835E+08  0.769138E+01
  0.150856E-04  0.197094E+08  0.197094E+08  0.262513E+08  0.262505E+08  0.197106E+08  0.197094E+08  0.197094E+08  0.197160E+08 -0.474553E+00  0.104835E+08  0.104835E+08  0.841973E+01
  0.165149E-04  0.197094E+08  0.197094E+08  0.262458E+08  0.262448E+08  0.197106E+08  0.197094E+08  0.197094E+08  0.197160E+08 -0.474553E+00  0.104835E+08  0.104835E+08  0.921697E+01
  0.180796E-04  0.197094E+08  0.197094E+08  0.262391E+08  0.262379E+08  0.197105E+08  0.197094E+08  0.197094E+08  0.197160E+08 -0.474552E+00  0.104835E+08  0.104835E+08  0.100896E+02
  0.197926E-04  0.197094E+08  0.197094E+08  0.262312E+08  0.262297E+08  0.197105E+08  0.197094E+08  0.197094E+08  0.197159E+08 -0.474552E+00  0.104835E+08  0.104835E+08  0.110447E+02
  0.216679E-04  0.197093E+08  0.197093E+08  0.262216E+08  0.262199E+08  0.197105E+08  0.197093E+08  0.197093E+08  0.197159E+08 -0.474551E+00  0.104835E+08  0.104835E+08  0.120900E+02
  0.237209E-04  0.197093E+08  0.197093E+08  0.262102E+08  0.262081E+08  0.197104E+08  0.197093E+08  0.197093E+08  0.197159E+08 -0.474551E+00  0.104835E+08  0.104835E+08  0.132339E+02
  0.259684E-04  0.197093E+08  0.197093E+08  0.261965E+08  0.261940E+08  0.197104E+08  0.197093E+08  0.197093E+08  0.197159E+08 -0.474550E+00  0.104835E+08  0.104835E+08  0.144858E+02
  0.284288E-04  0.197093E+08  0.197093E+08  0.261801E+08  0.261772E+08  0.197103E+08  0.197093E+08  0.197093E+08  0.197158E+08 -0.474549E+00  0.104834E+08  0.104834E+08  0.158557E+02
  0.311223E-04  0.197092E+08  0.197092E+08  0.261605E+08  0.261569E+08  0.197103E+08  0.197092E+08  0.197092E+08  0.197158E+08 -0.474548E+00  0.104834E+08  0.104834E+08  0.173546E+02
  0.340711E-04  0.197092E+08  0.197092E+08  0.261370E+08  0.261327E+08  0.197102E+08  0.197092E+08  0.197092E+08  0.197157E+08 -0.474547E+00  0.104834E+08  0.104834E+08  0.189945E+02
  0.372992E-04  0.197091E+08  0.197091E+08  0.261088E+08  0.261037E+08  0.197101E+08  0.197091E+08  0.197091E+08  0.197157E+08 -0.474545E+00  0.104834E+08  0.104834E+08  0.207883E+02
  0.408332E-04  0.197091E+08  0.197091E+08  0.260751E+08  0.260690E+08  0.197100E+08  0.197091E+08  0.197091E+08  0.197156E+08 -0.474543E+00  0.104833E+08  0.104833E+08  0.227502E+02
  0.447021E-04  0.197090E+08  0.197090E+08  0.260348E+08  0.260275E+08  0.197098E+08  0.197090E+08  0.197090E+08  0.197155E+08 -0.474541E+00  0.104833E+08  0.104833E+08  0.248957E+02
  0.489375E-04  0.197089E+08  0.197089E+08  0.259865E+08  0.259778E+08  0.197097E+08  0.197089E+08  0.197089E+08  0.197154E+08 -0.474538E+00  0.104833E+08  0.104833E+08  0.272413E+02
  0.535742E-04  0.197088E+08  0.197088E+08  0.259288E+08  0.259183E+08  0.197095E+08  0.197088E+08  0.197088E+08  0.197153E+08 -0.474535E+00  0.104832E+08  0.104832E+08  0.298050E+02
  0.586502E-04  0.197087E+08  0.197087E+08  0.258597E+08  0.258472E+08  0.197092E+08  0.197087E+08  0.197087E+08  0.197152E+08 -0.474531E+00  0.104831E+08  0.104831E+08  0.326062E+02
  0.642071E-04  0.197085E+08  0.197085E+08  0.257772E+08  0.257623E+08  0.197090E+08  0.197085E+08  0.197085E+08  0.197150E+08 -0.474527E+00  0.104830E+08  0.104830E+08  0.356658E+02
  0.702906E-04  0.197083E+08  0.197083E+08  0.256786E+08  0.256608E+08  0.197086E+08  0.197083E+08  0.197083E+08  0.197148E+08 -0.474521E+00  0.104830E+08  0.104829E+08  0.390061E+02
  0.769504E-04  0.197081E+08  0.197081E+08  0.255609E+08  0.255396E+08  0.197082E+08  0.197081E+08  0.197081E+08  0.197145E+08 -0.474515E+00  0.104828E+08  0.104828E+08  0.426507E+02
  0.842412E-04  0.197079E+08  0.197078E+08  0.254206E+08  0.253951E+08  0.197077E+08  0.197079E+08  0.197079E+08  0.197142E+08 -0.474507E+00  0.104827E+08  0.104827E+08  0.466249E+02
  0.922229E-04  0.197076E+08  0.197075E+08  0.252532E+08  0.252229E+08  0.197071E+08  0.197075E+08  0.197075E+08  0.197139E+08 -0.474497E+00  0.104825E+08  0.104825E+08  0.509549E+02
  0.100961E-03  0.197072E+08  0.197071E+08  0.250540E+08  0.250179E+08  0.197064E+08  0.197072E+08  0.197072E+08  0.197134E+08 -0.474486E+00  0.104823E+08  0.104823E+08  0.556682E+02
  0.110526E-03  0.197067E+08  0.197067E+08  0.248172E+08  0.247743E+08  0.197056E+08  0.197067E+08  0.197067E+08  0.197129E+08 -0.474473E+00  0.104821E+08  0.104821E+08  0.607928E+02
  0.120999E-03  0.197062E+08  0.197061E+08  0.245361E+08  0.244851E+08  0.197046E+08  0.197062E+08  0.197062E+08  0.197123E+08 -0.474456E+00  0.104818E+08  0.104818E+08  0.663570E+02
  0.132463E-03  0.197056E+08  0.197055E+08  0.242031E+08  0.241427E+08  0.197034E+08  0.197055E+08  0.197055E+08  0.197116E+08 -0.474437E+00  0.104814E+08  0.104814E+08  0.723886E+02
  0.145013E-03  0.197048E+08  0.197047E+08  0.238095E+08  0.237381E+08  0.197019E+08  0.197048E+08  0.197048E+08  0.197107E+08 -0.474414E+00  0.104810E+08  0.104810E+08  0.789137E+02
  0.158753E-03  0.197039E+08  0.197037E+08  0.233455E+08  0.232613E+08  0.197002E+08  0.197038E+08  0.197039E+08  0.197097E+08 -0.474387E+00  0.104805E+08  0.104805E+08  0.859560E+02
  0.173794E-03  0.197028E+08  0.197026E+08  0.228006E+08  0.227016E+08  0.196982E+08  0.197027E+08  0.197028E+08  0.197084E+08 -0.474354E+00  0.104799E+08  0.104799E+08  0.935345E+02
  0.190261E-03  0.197015E+08  0.197013E+08  0.221629E+08  0.220470E+08  0.196957E+08  0.197014E+08  0.197014E+08  0.197069E+08 -0.474315E+00  0.104792E+08  0.104792E+08  0.101662E+03
  0.208288E-03  0.196999E+08  0.196997E+08  0.214205E+08  0.212855E+08  0.196927E+08  0.196998E+08  0.196999E+08  0.197052E+08 -0.474268E+00  0.104784E+08  0.104783E+08  0.110341E+03
  0.228022E-03  0.196980E+08  0.196978E+08  0.205612E+08  0.204047E+08  0.196892E+08  0.196979E+08  0.196980E+08  0.197031E+08 -0.474213E+00  0.104774E+08  0.104773E+08  0.119563E+03
  0.249627E-03  0.196958E+08  0.196955E+08  0.195736E+08  0.193936E+08  0.196850E+08  0.196957E+08  0.196958E+08  0.197006E+08 -0.474148E+00  0.104761E+08  0.104760E+08  0.129300E+03
  0.273278E-03  0.196932E+08  0.196928E+08  0.184483E+08  0.182429E+08  0.196800E+08  0.196930E+08  0.196931E+08  0.196976E+08 -0.474070E+00  0.104747E+08  0.104746E+08  0.139504E+03
  0.299171E-03  0.196900E+08  0.196895E+08  0.171795E+08  0.169475E+08  0.196740E+08  0.196898E+08  0.196899E+08  0.196941E+08 -0.473978E+00  0.104730E+08  0.104729E+08  0.150100E+03
  0.327516E-03  0.196862E+08  0.196857E+08  0.157669E+08  0.155082E+08  0.196668E+08  0.196860E+08  0.196861E+08  0.196900E+08 -0.473870E+00  0.104709E+08  0.104708E+08  0.160978E+03
  0.358547E-03  0.196818E+08  0.196811E+08  0.142185E+08  0.139343E+08  0.196583E+08  0.196815E+08  0.196817E+08  0.196851E+08 -0.473743E+00  0.104685E+08  0.104683E+08  0.171988E+03
  0.392519E-03  0.196765E+08  0.196757E+08  0.125535E+08  0.122471E+08  0.196481E+08  0.196762E+08  0.196764E+08  0.196793E+08 -0.473593E+00  0.104656E+08  0.104654E+08  0.182939E+03
  0.429709E-03  0.196702E+08  0.196693E+08  0.108045E+08  0.104820E+08  0.196360E+08  0.196699E+08  0.196701E+08  0.196726E+08 -0.473418E+00  0.104622E+08  0.104620E+08  0.193587E+03
  0.470423E-03  0.196629E+08  0.196618E+08  0.902056E+07  0.869074E+07  0.196217E+08  0.196624E+08  0.196627E+08  0.196647E+08 -0.473215E+00  0.104582E+08  0.104579E+08  0.203644E+03
  0.514994E-03  0.196542E+08  0.196529E+08  0.726634E+07  0.694144E+07  0.196047E+08  0.196537E+08  0.196540E+08  0.196555E+08 -0.472978E+00  0.104535E+08  0.104532E+08  0.212777E+03
  0.563788E-03  0.196440E+08  0.196425E+08  0.561967E+07  0.531470E+07  0.195846E+08  0.196434E+08  0.196437E+08  0.196448E+08 -0.472705E+00  0.104480E+08  0.104476E+08  0.220623E+03
  0.617206E-03  0.196320E+08  0.196304E+08  0.416344E+07  0.389503E+07  0.195608E+08  0.196313E+08  0.196318E+08  0.196323E+08 -0.472390E+00  0.104415E+08  0.104410E+08  0.226815E+03
  0.675684E-03  0.196181E+08  0.196162E+08  0.297199E+07  0.275606E+07  0.195328E+08  0.196172E+08  0.196178E+08  0.196180E+08 -0.472029E+00  0.104339E+08  0.104334E+08  0.231006E+03
  0.739703E-03  0.196019E+08  0.195997E+08  0.209259E+07  0.194095E+07  0.194998E+08  0.196009E+08  0.196015E+08  0.196014E+08 -0.471615E+00  0.104251E+08  0.104246E+08  0.232911E+03
  0.809788E-03  0.195830E+08  0.195806E+08  0.152626E+07  0.144265E+07  0.194611E+08  0.195819E+08  0.195827E+08  0.195823E+08 -0.471141E+00  0.104149E+08  0.104143E+08  0.232342E+03
  0.886513E-03  0.195613E+08  0.195586E+08  0.121628E+07  0.119321E+07  0.194157E+08  0.195600E+08  0.195609E+08  0.195603E+08 -0.470601E+00  0.104031E+08  0.104025E+08  0.229235E+03
  0.970508E-03  0.195362E+08  0.195332E+08  0.105621E+07  0.107447E+07  0.193628E+08  0.195347E+08  0.195358E+08  0.195349E+08 -0.469983E+00  0.103896E+08  0.103889E+08  0.223654E+03
  0.106246E-02  0.195074E+08  0.195042E+08  0.925172E+06  0.958077E+06  0.193011E+08  0.195056E+08  0.195069E+08  0.195059E+08 -0.469277E+00  0.103740E+08  0.103733E+08  0.215772E+03
  0.116313E-02  0.194744E+08  0.194709E+08  0.743812E+06  0.766261E+06  0.192294E+08  0.194723E+08  0.194739E+08  0.194725E+08 -0.468471E+00  0.103562E+08  0.103555E+08  0.205826E+03
  0.127333E-02  0.194367E+08  0.194330E+08  0.518979E+06  0.517922E+06  0.191462E+08  0.194343E+08  0.194361E+08  0.194344E+08 -0.467550E+00  0.103359E+08  0.103352E+08  0.194089E+03
  0.139397E-02  0.193936E+08  0.193897E+08  0.330551E+06  0.310032E+06  0.190503E+08  0.193908E+08  0.193930E+08  0.193909E+08 -0.466500E+00  0.103128E+08  0.103121E+08  0.180877E+03
  0.152605E-02  0.193445E+08  0.193406E+08  0.245083E+06  0.220391E+06  0.189403E+08  0.193414E+08  0.193439E+08  0.193414E+08 -0.465307E+00  0.102865E+08  0.102857E+08  0.166603E+03
  0.167064E-02  0.192888E+08  0.192848E+08  0.228411E+06  0.212685E+06  0.188145E+08  0.192852E+08  0.192881E+08  0.192852E+08 -0.463952E+00  0.102566E+08  0.102559E+08  0.151813E+03
  0.182893E-02  0.192256E+08  0.192216E+08  0.182111E+06 -0.132542E+06  0.186713E+08  0.192215E+08  0.192250E+08  0.192216E+08 -0.462418E+00  0.102228E+08  0.102220E+08  0.137150E+03
  0.200221E-02  0.191542E+08  0.191502E+08  0.933379E+05 -0.110177E+06  0.185094E+08  0.191496E+08  0.191536E+08  0.191496E+08 -0.460685E+00  0.101845E+08  0.101838E+08  0.123221E+03
  0.219192E-02  0.190737E+08  0.190697E+08  0.547189E+05 -0.915421E+05  0.183272E+08  0.190684E+08  0.190731E+08  0.190684E+08 -0.458732E+00  0.101414E+08  0.101407E+08  0.110506E+03
  0.239959E-02  0.189832E+08  0.189791E+08  0.680953E+05 -0.760191E+05  0.181238E+08  0.189772E+08  0.189825E+08  0.189772E+08 -0.456535E+00  0.100929E+08  0.100922E+08  0.993521E+02
  0.262695E-02  0.188816E+08  0.188775E+08  0.411837E+05 -0.630908E+05  0.178982E+08  0.188748E+08  0.188809E+08  0.188748E+08 -0.454071E+00  0.100385E+08  0.100378E+08  0.899000E+02
  0.287585E-02  0.187680E+08  0.187637E+08  0.181957E+05 -0.523268E+05  0.176496E+08  0.187603E+08  0.187673E+08  0.187603E+08 -0.451316E+00  0.997773E+07  0.997702E+07  0.819646E+02
  0.314832E-02  0.186413E+08  0.186369E+08  0.239177E+05 -0.433681E+05  0.173778E+08  0.186327E+08  0.186406E+08  0.186327E+08 -0.448246E+00  0.990997E+07  0.990926E+07  0.751177E+02
  0.344662E-02  0.185006E+08  0.184960E+08  0.423572E+04 -0.359147E+05  0.170825E+08  0.184910E+08  0.184999E+08  0.184910E+08 -0.444837E+00  0.983471E+07  0.983400E+07  0.688657E+02
  0.377318E-02  0.183448E+08  0.183399E+08  0.528652E+04 -0.297165E+05  0.167633E+08  0.183342E+08  0.183440E+08  0.183342E+08 -0.441063E+00  0.975141E+07  0.975070E+07  0.628287E+02
  0.413067E-02  0.181729E+08  0.181678E+08 -0.436423E+04 -0.245649E+05  0.164197E+08  0.181612E+08  0.181721E+08  0.181612E+08 -0.436901E+00  0.965955E+07  0.965884E+07  0.569605E+02
  0.452204E-02  0.179840E+08  0.179785E+08  0.391791E+04 -0.202856E+05  0.160507E+08  0.179710E+08  0.179831E+08  0.179710E+08 -0.432326E+00  0.955856E+07  0.955787E+07  0.514905E+02
  0.495050E-02  0.177768E+08  0.177711E+08  0.136645E+04 -0.167332E+05  0.156547E+08  0.177627E+08  0.177759E+08  0.177627E+08 -0.427314E+00  0.944793E+07  0.944724E+07  0.466798E+02
  0.541954E-02  0.175506E+08  0.175444E+08 -0.314912E+04 -0.137863E+05  0.152300E+08  0.175351E+08  0.175496E+08  0.175351E+08 -0.421839E+00  0.932709E+07  0.932640E+07  0.425130E+02
  0.593303E-02  0.173042E+08  0.172974E+08 -0.377102E+03 -0.113435E+05  0.147758E+08  0.172873E+08  0.173031E+08  0.172873E+08 -0.415878E+00  0.919553E+07  0.919484E+07  0.387149E+02
  0.649517E-02  0.170373E+08  0.170299E+08 -0.403731E+03 -0.932061E+04  0.142823E+08  0.170189E+08  0.170361E+08  0.170189E+08 -0.409421E+00  0.905300E+07  0.905232E+07  0.351087E+02
  0.711057E-02  0.167476E+08  0.167395E+08 -0.101928E+04 -0.764633E+04  0.137656E+08  0.167277E+08  0.167463E+08  0.167277E+08 -0.402415E+00  0.889836E+07  0.889768E+07  0.318217E+02
  0.778427E-02  0.164348E+08  0.164259E+08 -0.212686E+04 -0.626223E+04  0.132231E+08  0.164133E+08  0.164334E+08  0.164133E+08 -0.394852E+00  0.873141E+07  0.873074E+07  0.289551E+02
  0.852181E-02  0.160977E+08  0.160877E+08 -0.145944E+03 -0.511920E+04  0.126548E+08  0.160746E+08  0.160961E+08  0.160746E+08 -0.386703E+00  0.855151E+07  0.855084E+07  0.263368E+02
  0.932923E-02  0.157356E+08  0.157245E+08 -0.195435E+04 -0.417646E+04  0.120608E+08  0.157109E+08  0.157338E+08  0.157109E+08 -0.377954E+00  0.835836E+07  0.835770E+07  0.239258E+02
  0.102131E-01  0.153476E+08  0.153350E+08 -0.197406E+04 -0.339983E+04  0.114422E+08  0.153212E+08  0.153456E+08  0.153212E+08 -0.368578E+00  0.815137E+07  0.815070E+07  0.218041E+02
  0.111808E-01  0.149324E+08  0.149182E+08 -0.853386E+03 -0.276089E+04  0.108045E+08  0.149043E+08  0.149301E+08  0.149043E+08 -0.358550E+00  0.792996E+07  0.792929E+07  0.198685E+02
  0.122402E-01  0.144892E+08  0.144732E+08 -0.168111E+04 -0.223602E+04  0.101532E+08  0.144596E+08  0.144866E+08  0.144596E+08 -0.347851E+00  0.769368E+07  0.769302E+07  0.181319E+02
  0.133999E-01  0.140173E+08  0.139993E+08 -0.134602E+04 -0.180559E+04  0.948950E+07  0.139862E+08  0.140144E+08  0.139862E+08 -0.336462E+00  0.744217E+07  0.744150E+07  0.165711E+02
  0.146695E-01  0.135161E+08  0.134957E+08 -0.766465E+03 -0.145324E+04  0.881506E+07  0.134835E+08  0.135128E+08  0.134835E+08 -0.324368E+00  0.717507E+07  0.717440E+07  0.151672E+02
  0.160594E-01  0.129850E+08  0.129620E+08 -0.838818E+03 -0.116538E+04  0.813613E+07  0.129511E+08  0.129813E+08  0.129511E+08 -0.311561E+00  0.689216E+07  0.689149E+07  0.138978E+02
  0.175810E-01  0.124242E+08  0.123983E+08 -0.701852E+03 -0.930764E+03  0.745750E+07  0.123891E+08  0.124201E+08  0.123891E+08 -0.298041E+00  0.659348E+07  0.659280E+07  0.127539E+02
  0.192467E-01  0.118343E+08  0.118052E+08 -0.412989E+03 -0.740061E+03  0.678513E+07  0.117982E+08  0.118297E+08  0.117982E+08 -0.283826E+00  0.627940E+07  0.627872E+07  0.117071E+02
  0.210703E-01  0.112170E+08  0.111846E+08 -0.468068E+03 -0.585545E+03  0.612354E+07  0.111800E+08  0.112118E+08  0.111800E+08 -0.268956E+00  0.595081E+07  0.595013E+07  0.107426E+02
  0.230666E-01  0.105752E+08  0.105394E+08 -0.375586E+03 -0.460823E+03  0.547921E+07  0.105377E+08  0.105695E+08  0.105377E+08 -0.253502E+00  0.560927E+07  0.560859E+07  0.984207E+01
  0.252521E-01  0.991346E+07  0.987447E+07 -0.282947E+03 -0.360611E+03  0.485906E+07  0.987570E+07  0.990722E+07  0.987570E+07 -0.237577E+00  0.525726E+07  0.525658E+07  0.898632E+01
  0.276447E-01  0.923863E+07  0.919668E+07 -0.180982E+03 -0.280537E+03  0.426928E+07  0.920092E+07  0.923191E+07  0.920092E+07 -0.221344E+00  0.489840E+07  0.489772E+07  0.815791E+01
  0.302640E-01  0.855987E+07  0.851553E+07 -0.182965E+03 -0.216980E+03  0.371670E+07  0.852257E+07  0.855277E+07  0.852257E+07 -0.205025E+00  0.453759E+07  0.453692E+07  0.733920E+01
  0.331314E-01  0.788895E+07  0.784310E+07 -0.135635E+03 -0.166935E+03  0.320714E+07  0.785242E+07  0.788161E+07  0.785242E+07 -0.188904E+00  0.418109E+07  0.418044E+07  0.652011E+01
  0.362705E-01  0.723983E+07  0.719369E+07 -0.118912E+03 -0.127890E+03  0.274606E+07  0.720442E+07  0.723244E+07  0.720442E+07 -0.173315E+00  0.383634E+07  0.383572E+07  0.569345E+01
  0.397070E-01  0.662763E+07  0.658271E+07 -0.707705E+02 -0.977357E+02  0.233699E+07  0.659369E+07  0.662044E+07  0.659369E+07 -0.158623E+00  0.351138E+07  0.351080E+07  0.486148E+01
  0.434692E-01  0.606666E+07  0.602465E+07 -0.517679E+02 -0.746871E+02  0.198151E+07  0.603446E+07  0.605993E+07  0.603446E+07 -0.145170E+00  0.321379E+07  0.321327E+07  0.403609E+01
  0.471473E-01  0.561570E+07  0.557773E+07 -0.401932E+02 -0.587987E+02  0.170716E+07  0.558525E+07  0.560962E+07  0.558525E+07 -0.134363E+00  0.297474E+07  0.297427E+07  0.332030E+01
  0.508255E-01  0.524625E+07  0.521302E+07  0.775419E+02 -0.472912E+02  0.148849E+07  0.521750E+07  0.524093E+07  0.521750E+07 -0.125516E+00  0.277902E+07  0.277861E+07  0.270101E+01
  0.545037E-01  0.493853E+07  0.491022E+07  0.634598E+02 -0.387303E+02  0.131108E+07  0.491137E+07  0.493399E+07  0.491137E+07 -0.118151E+00  0.261610E+07  0.261574E+07  0.218165E+01
  0.581818E-01  0.467836E+07  0.465471E+07  0.527464E+02 -0.322125E+02  0.116488E+07  0.465266E+07  0.467457E+07  0.465266E+07 -0.111928E+00  0.247840E+07  0.247810E+07  0.176266E+01
  0.618600E-01  0.445073E+07  0.443110E+07  0.443828E+02 -0.271208E+02  0.104163E+07  0.442632E+07  0.444758E+07  0.442632E+07 -0.106483E+00  0.235793E+07  0.235767E+07  0.143925E+01
  0.655382E-01  0.424201E+07  0.422552E+07  0.376804E+02 -0.230378E+02  0.935010E+06  0.421873E+07  0.423937E+07  0.421873E+07 -0.101489E+00  0.224744E+07  0.224720E+07  0.120210E+01
  0.692163E-01  0.404208E+07  0.402773E+07  0.321842E+02 -0.196876E+02  0.840660E+06  0.401981E+07  0.403978E+07  0.401981E+07 -0.967035E-01  0.214154E+07  0.214133E+07  0.103848E+01
  0.728945E-01  0.384467E+07  0.383146E+07  0.275953E+02 -0.168888E+02  0.755785E+06  0.382328E+07  0.384256E+07  0.382328E+07 -0.919757E-01  0.203691E+07  0.203671E+07  0.933485E+00
  0.765726E-01  0.364813E+07  0.363519E+07  0.237239E+02 -0.145263E+02  0.678949E+06  0.362753E+07  0.364606E+07  0.362753E+07 -0.872665E-01  0.193268E+07  0.193248E+07  0.871659E+00
  0.802508E-01  0.345319E+07  0.343986E+07  0.204396E+02 -0.125209E+02  0.609367E+06  0.343331E+07  0.345106E+07  0.343331E+07 -0.825943E-01  0.182926E+07  0.182906E+07  0.838017E+00
  0.839290E-01  0.326174E+07  0.324760E+07  0.176464E+02 -0.108145E+02  0.546546E+06  0.324253E+07  0.325947E+07  0.324253E+07 -0.780047E-01  0.172766E+07  0.172746E+07  0.819132E+00
  0.876071E-01  0.307683E+07  0.306174E+07  0.152733E+02 -0.936395E+01  0.490229E+06  0.305828E+07  0.307441E+07  0.305828E+07 -0.735721E-01  0.162953E+07  0.162932E+07  0.804076E+00
  0.912853E-01  0.290233E+07  0.288638E+07  0.132659E+02 -0.813629E+01  0.440278E+06  0.288442E+07  0.289977E+07  0.288442E+07 -0.693897E-01  0.153693E+07  0.153672E+07  0.784950E+00
  0.962058E-01  0.269147E+07  0.267482E+07  0.110723E+02 -0.679403E+01  0.383094E+06  0.267440E+07  0.268880E+07  0.267440E+07 -0.643374E-01  0.142507E+07  0.142486E+07  0.745099E+00
  0.101126E+00  0.251131E+07  0.249474E+07  0.934786E+01 -0.573825E+01  0.336103E+06  0.249509E+07  0.250866E+07  0.249509E+07 -0.600237E-01  0.132956E+07  0.132935E+07  0.686095E+00
  0.106047E+00  0.236293E+07  0.234724E+07  0.799695E+01 -0.491069E+01  0.297955E+06  0.234754E+07  0.236042E+07  0.234754E+07 -0.564741E-01  0.125096E+07  0.125077E+07  0.611378E+00
  0.110967E+00  0.224364E+07  0.222948E+07  0.693422E+01 -0.425935E+01  0.267052E+06  0.222904E+07  0.224137E+07  0.222904E+07 -0.536234E-01  0.118784E+07  0.118767E+07  0.528732E+00
  0.115888E+00  0.214753E+07  0.213525E+07  0.608547E+01 -0.373895E+01  0.241707E+06  0.213368E+07  0.214556E+07  0.213368E+07 -0.513293E-01  0.113705E+07  0.113689E+07  0.447348E+00
  0.120809E+00  0.206642E+07  0.205605E+07  0.538844E+01 -0.331144E+01  0.220283E+06  0.205324E+07  0.206476E+07  0.205324E+07 -0.493944E-01  0.109420E+07  0.109407E+07  0.375346E+00
  0.125729E+00  0.199192E+07  0.198317E+07  0.479561E+01 -0.294774E+01  0.201419E+06  0.197934E+07  0.199051E+07  0.197934E+07 -0.476165E-01  0.105484E+07  0.105472E+07  0.318171E+00
  0.130650E+00  0.191743E+07  0.190982E+07  0.427500E+01 -0.262829E+01  0.184173E+06  0.190539E+07  0.191621E+07  0.190539E+07 -0.458375E-01  0.101544E+07  0.101533E+07  0.277930E+00
  0.135570E+00  0.183914E+07  0.183211E+07  0.380794E+01 -0.234164E+01  0.168023E+06  0.182759E+07  0.183802E+07  0.182759E+07 -0.439658E-01  0.973991E+06  0.973888E+06  0.253537E+00
  0.140491E+00  0.175624E+07  0.174928E+07  0.338563E+01 -0.208240E+01  0.152800E+06  0.174512E+07  0.175512E+07  0.174512E+07 -0.419819E-01  0.930054E+06  0.929952E+06  0.241504E+00
  0.145411E+00  0.167045E+07  0.166319E+07  0.300550E+01 -0.184900E+01  0.138571E+06  0.165973E+07  0.166928E+07  0.165973E+07 -0.399276E-01  0.884556E+06  0.884453E+06  0.237080E+00
  0.150332E+00  0.158496E+07  0.157724E+07  0.266756E+01 -0.164145E+01  0.125503E+06  0.157462E+07  0.158372E+07  0.157462E+07 -0.378801E-01  0.839207E+06  0.839101E+06  0.235405E+00
  0.155252E+00  0.150338E+07  0.149523E+07  0.237197E+01 -0.145987E+01  0.113756E+06  0.149340E+07  0.150207E+07  0.149340E+07 -0.359264E-01  0.795934E+06  0.795826E+06  0.232466E+00
  0.160173E+00  0.142908E+07  0.142070E+07  0.211801E+01 -0.130380E+01  0.103443E+06  0.141947E+07  0.142774E+07  0.141947E+07 -0.341477E-01  0.756539E+06  0.756430E+06  0.225708E+00
  0.165093E+00  0.136446E+07  0.135611E+07  0.190328E+01 -0.117180E+01  0.945781E+05  0.135520E+07  0.136312E+07  0.135520E+07 -0.326017E-01  0.722295E+06  0.722189E+06  0.214223E+00
  0.170014E+00  0.131014E+07  0.130212E+07  0.172315E+01 -0.106104E+01  0.870495E+05  0.130122E+07  0.130885E+07  0.130122E+07 -0.313032E-01  0.693532E+06  0.693431E+06  0.198540E+00
  0.174935E+00  0.126496E+07  0.125751E+07  0.157144E+01 -0.967736E+00  0.806420E+05  0.125638E+07  0.126377E+07  0.125638E+07 -0.302245E-01  0.669637E+06  0.669543E+06  0.180204E+00
  0.179855E+00  0.122681E+07  0.122005E+07  0.144183E+01 -0.887999E+00  0.751078E+05  0.121854E+07  0.122573E+07  0.121854E+07 -0.293142E-01  0.649474E+06  0.649387E+06  0.161240E+00
  0.184776E+00  0.119314E+07  0.118710E+07  0.132862E+01 -0.818347E+00  0.702094E+05  0.118517E+07  0.119218E+07  0.118517E+07 -0.285113E-01  0.631691E+06  0.631612E+06  0.143618E+00
  0.189696E+00  0.116128E+07  0.115587E+07  0.122696E+01 -0.755793E+00  0.657324E+05  0.115358E+07  0.116041E+07  0.115358E+07 -0.277513E-01  0.614856E+06  0.614782E+06  0.128822E+00
  0.194617E+00  0.112887E+07  0.112392E+07  0.113318E+01 -0.698083E+00  0.615110E+05  0.112141E+07  0.112807E+07  0.112141E+07 -0.269776E-01  0.597716E+06  0.597648E+06  0.117619E+00
  0.199537E+00  0.109461E+07  0.108994E+07  0.104525E+01 -0.643973E+00  0.574578E+05  0.108739E+07  0.109386E+07  0.108739E+07 -0.261591E-01  0.579586E+06  0.579521E+06  0.110039E+00
  0.204458E+00  0.105841E+07  0.105382E+07  0.962563E+00 -0.593090E+00  0.535572E+05  0.105140E+07  0.105767E+07  0.105140E+07 -0.252934E-01  0.560408E+06  0.560344E+06  0.105499E+00
  0.209378E+00  0.102089E+07  0.101624E+07  0.885245E+00 -0.545506E+00  0.498319E+05  0.101409E+07  0.102015E+07  0.101409E+07 -0.243957E-01  0.540523E+06  0.540458E+06  0.103008E+00
  0.214299E+00  0.983098E+06  0.978319E+06  0.813693E+00 -0.501467E+00  0.463199E+05  0.976488E+06  0.982332E+06  0.976488E+06 -0.234911E-01  0.520484E+06  0.520419E+06  0.101438E+00
  0.219219E+00  0.946355E+06  0.941446E+06  0.748438E+00 -0.461298E+00  0.430668E+05  0.939933E+06  0.945568E+06  0.939933E+06 -0.226117E-01  0.501003E+06  0.500937E+06  0.997757E-01
  0.224140E+00  0.912018E+06  0.907036E+06  0.689901E+00 -0.425258E+00  0.401125E+05  0.905781E+06  0.911220E+06  0.905781E+06 -0.217901E-01  0.482802E+06  0.482736E+06  0.973058E-01
  0.229060E+00  0.881080E+06  0.876118E+06  0.638130E+00 -0.393378E+00  0.374752E+05  0.875023E+06  0.880285E+06  0.875023E+06 -0.210502E-01  0.466410E+06  0.466345E+06  0.936875E-01
  0.233981E+00  0.853906E+06  0.849068E+06  0.592689E+00 -0.365391E+00  0.351437E+05  0.848023E+06  0.853131E+06  0.848023E+06 -0.204007E-01  0.452020E+06  0.451958E+06  0.889447E-01
  0.238902E+00  0.830264E+06  0.825641E+06  0.552781E+00 -0.340807E+00  0.330835E+05  0.824550E+06  0.829523E+06  0.824550E+06 -0.198360E-01  0.439510E+06  0.439451E+06  0.833880E-01
  0.243822E+00  0.809461E+06  0.805112E+06  0.517405E+00 -0.319011E+00  0.312454E+05  0.803910E+06  0.808764E+06  0.803910E+06 -0.193394E-01  0.428510E+06  0.428453E+06  0.774947E-01
  0.248743E+00  0.790540E+06  0.786482E+06  0.485527E+00 -0.299370E+00  0.295758E+05  0.785142E+06  0.789890E+06  0.785142E+06 -0.188880E-01  0.418508E+06  0.418454E+06  0.717771E-01
  0.253663E+00  0.772540E+06  0.768753E+06  0.456253E+00 -0.281331E+00  0.280267E+05  0.767289E+06  0.771934E+06  0.767289E+06 -0.184585E-01  0.408992E+06  0.408942E+06  0.666689E-01
  0.258584E+00  0.754693E+06  0.751125E+06  0.428916E+00 -0.264486E+00  0.265622E+05  0.749578E+06  0.754121E+06  0.749578E+06 -0.180324E-01  0.399553E+06  0.399505E+06  0.624477E-01
  0.263504E+00  0.736467E+06  0.733051E+06  0.403069E+00 -0.248559E+00  0.251586E+05  0.731481E+06  0.735919E+06  0.731481E+06 -0.175970E-01  0.389908E+06  0.389861E+06  0.592006E-01
  0.268425E+00  0.717606E+06  0.714273E+06  0.378471E+00 -0.233402E+00  0.238040E+05  0.712743E+06  0.717072E+06  0.712743E+06 -0.171463E-01  0.379921E+06  0.379876E+06  0.568372E-01
  0.273345E+00  0.698197E+06  0.694892E+06  0.355083E+00 -0.218991E+00  0.224987E+05  0.693452E+06  0.697668E+06  0.693452E+06 -0.166822E-01  0.369640E+06  0.369595E+06  0.551398E-01
  0.278266E+00  0.678644E+06  0.675331E+06  0.333024E+00 -0.205398E+00  0.212528E+05  0.674012E+06  0.678114E+06  0.674012E+06 -0.162145E-01  0.359279E+06  0.359234E+06  0.538288E-01
  0.283186E+00  0.659479E+06  0.656148E+06  0.312454E+00 -0.192722E+00  0.200793E+05  0.654956E+06  0.658945E+06  0.654956E+06 -0.157561E-01  0.349122E+06  0.349078E+06  0.526265E-01
  0.288107E+00  0.641170E+06  0.637833E+06  0.293477E+00 -0.181026E+00  0.189875E+05  0.636754E+06  0.640635E+06  0.636754E+06 -0.153182E-01  0.339420E+06  0.339376E+06  0.513079E-01
  0.293028E+00  0.624051E+06  0.620736E+06  0.276118E+00 -0.170327E+00  0.179819E+05  0.619739E+06  0.623520E+06  0.619739E+06 -0.149089E-01  0.330352E+06  0.330308E+06  0.497360E-01
  0.297948E+00  0.608321E+06  0.605062E+06  0.260335E+00 -0.160597E+00  0.170623E+05  0.604110E+06  0.607799E+06  0.604110E+06 -0.145329E-01  0.322022E+06  0.321979E+06  0.478736E-01
  0.302869E+00  0.594007E+06  0.590839E+06  0.246014E+00 -0.151768E+00  0.162237E+05  0.589895E+06  0.593500E+06  0.589895E+06 -0.141909E-01  0.314445E+06  0.314404E+06  0.457712E-01
  0.307789E+00  0.580947E+06  0.577893E+06  0.232973E+00 -0.143727E+00  0.154564E+05  0.576930E+06  0.580458E+06  0.576930E+06 -0.138790E-01  0.307535E+06  0.307494E+06  0.435386E-01
  0.312710E+00  0.568830E+06  0.565903E+06  0.220993E+00 -0.136340E+00  0.147475E+05  0.564904E+06  0.568361E+06  0.564904E+06 -0.135897E-01  0.301125E+06  0.301086E+06  0.413104E-01
  0.317630E+00  0.557308E+06  0.554506E+06  0.209862E+00 -0.129476E+00  0.140846E+05  0.553470E+06  0.556859E+06  0.553470E+06 -0.133147E-01  0.295030E+06  0.294993E+06  0.392147E-01
  0.322551E+00  0.546075E+06  0.543385E+06  0.199408E+00 -0.123029E+00  0.134573E+05  0.542321E+06  0.545644E+06  0.542321E+06 -0.130465E-01  0.289088E+06  0.289052E+06  0.373478E-01
  0.327471E+00  0.534903E+06  0.532302E+06  0.189502E+00 -0.116921E+00  0.128580E+05  0.531230E+06  0.534486E+06  0.531230E+06 -0.127796E-01  0.283176E+06  0.283141E+06  0.357585E-01
  0.332392E+00  0.523656E+06  0.521119E+06  0.180064E+00 -0.111101E+00  0.122820E+05  0.520059E+06  0.523249E+06  0.520059E+06 -0.125109E-01  0.277222E+06  0.277188E+06  0.344457E-01
  0.337312E+00  0.512307E+06  0.509812E+06  0.171056E+00 -0.105546E+00  0.117275E+05  0.508784E+06  0.511907E+06  0.508784E+06 -0.122397E-01  0.271212E+06  0.271179E+06  0.333664E-01
  0.342233E+00  0.500942E+06  0.498473E+06  0.162483E+00 -0.100259E+00  0.111955E+05  0.497491E+06  0.500547E+06  0.497491E+06 -0.119680E-01  0.265193E+06  0.265160E+06  0.324512E-01
  0.347154E+00  0.489723E+06  0.487272E+06  0.154369E+00 -0.952555E-01  0.106884E+05  0.486342E+06  0.489330E+06  0.486342E+06 -0.116998E-01  0.259250E+06  0.259218E+06  0.316222E-01
  0.352074E+00  0.478827E+06  0.476393E+06  0.146741E+00 -0.905515E-01  0.102087E+05  0.475514E+06  0.478437E+06  0.475514E+06 -0.114393E-01  0.253479E+06  0.253446E+06  0.308089E-01
  0.356995E+00  0.468399E+06  0.465989E+06  0.139612E+00 -0.861549E-01  0.975786E+04  0.465152E+06  0.468013E+06  0.465152E+06 -0.111900E-01  0.247956E+06  0.247924E+06  0.299600E-01
  0.361915E+00  0.458527E+06  0.456151E+06  0.132976E+00 -0.820621E-01  0.933622E+04  0.455344E+06  0.458147E+06  0.455344E+06 -0.109541E-01  0.242728E+06  0.242697E+06  0.290498E-01
  0.366836E+00  0.449241E+06  0.446911E+06  0.126810E+00 -0.782586E-01  0.894270E+04  0.446121E+06  0.448867E+06  0.446121E+06 -0.107322E-01  0.237812E+06  0.237781E+06  0.280782E-01
  0.371756E+00  0.440513E+06  0.438238E+06  0.121076E+00 -0.747214E-01  0.857521E+04  0.437453E+06  0.440148E+06  0.437453E+06 -0.105237E-01  0.233192E+06  0.233162E+06  0.270664E-01
  0.376677E+00  0.432267E+06  0.430054E+06  0.115726E+00 -0.714208E-01  0.823088E+04  0.429267E+06  0.431912E+06  0.429267E+06 -0.103268E-01  0.228828E+06  0.228799E+06  0.260481E-01
  0.381597E+00  0.424394E+06  0.422243E+06  0.110707E+00 -0.683246E-01  0.790638E+04  0.421451E+06  0.424049E+06  0.421451E+06 -0.101387E-01  0.224662E+06  0.224633E+06  0.250602E-01
  0.386518E+00  0.416771E+06  0.414680E+06  0.105968E+00 -0.654011E-01  0.759844E+04  0.413883E+06  0.416436E+06  0.413883E+06 -0.995667E-02  0.220628E+06  0.220600E+06  0.241341E-01
  0.391438E+00  0.409292E+06  0.407255E+06  0.101466E+00 -0.626239E-01  0.730432E+04  0.406457E+06  0.408965E+06  0.406457E+06 -0.977804E-02  0.216670E+06  0.216643E+06  0.232906E-01
  0.396359E+00  0.401890E+06  0.399898E+06  0.971725E-01 -0.599749E-01  0.702217E+04  0.399107E+06  0.401571E+06  0.399107E+06 -0.960121E-02  0.212752E+06  0.212725E+06  0.225369E-01
  0.401280E+00  0.394543E+06  0.392587E+06  0.930702E-01 -0.574440E-01  0.675106E+04  0.391810E+06  0.394229E+06  0.391810E+06 -0.942567E-02  0.208863E+06  0.208836E+06  0.218679E-01
  0.406200E+00  0.387265E+06  0.385339E+06  0.891526E-01 -0.550271E-01  0.649074E+04  0.384581E+06  0.386957E+06  0.384581E+06 -0.925176E-02  0.205009E+06  0.204983E+06  0.212684E-01
  0.411121E+00  0.380084E+06  0.378182E+06  0.854163E-01 -0.527220E-01  0.624115E+04  0.377447E+06  0.379779E+06  0.377447E+06 -0.908014E-02  0.201207E+06  0.201181E+06  0.207168E-01
  0.416041E+00  0.373046E+06  0.371166E+06  0.818622E-01 -0.505292E-01  0.600259E+04  0.370455E+06  0.372745E+06  0.370455E+06 -0.891194E-02  0.197480E+06  0.197454E+06  0.201914E-01
  0.420962E+00  0.366205E+06  0.364348E+06  0.784921E-01 -0.484500E-01  0.577538E+04  0.363658E+06  0.365907E+06  0.363658E+06 -0.874843E-02  0.193857E+06  0.193832E+06  0.196741E-01
  0.425882E+00  0.359607E+06  0.357775E+06  0.753062E-01 -0.464843E-01  0.555972E+04  0.357104E+06  0.359313E+06  0.357104E+06 -0.859076E-02  0.190363E+06  0.190339E+06  0.191529E-01
  0.430803E+00  0.353278E+06  0.351474E+06  0.722999E-01 -0.446293E-01  0.535546E+04  0.350818E+06  0.352989E+06  0.350818E+06 -0.843954E-02  0.187012E+06  0.186988E+06  0.186230E-01
  0.435723E+00  0.347218E+06  0.345446E+06  0.694634E-01 -0.428790E-01  0.516204E+04  0.344800E+06  0.346934E+06  0.344800E+06 -0.829475E-02  0.183804E+06  0.183781E+06  0.180864E-01
  0.440644E+00  0.341405E+06  0.339667E+06  0.667833E-01 -0.412252E-01  0.497866E+04  0.339027E+06  0.341126E+06  0.339027E+06 -0.815589E-02  0.180727E+06  0.180704E+06  0.175498E-01
  0.445564E+00  0.335805E+06  0.334102E+06  0.642449E-01 -0.396587E-01  0.480435E+04  0.333467E+06  0.335532E+06  0.333467E+06 -0.802212E-02  0.177763E+06  0.177741E+06  0.170228E-01
  0.450485E+00  0.330377E+06  0.328710E+06  0.618333E-01 -0.381704E-01  0.463812E+04  0.328078E+06  0.330110E+06  0.328078E+06 -0.789248E-02  0.174891E+06  0.174868E+06  0.165149E-01
  0.455405E+00  0.325084E+06  0.323450E+06  0.595349E-01 -0.367521E-01  0.447908E+04  0.322822E+06  0.324822E+06  0.322822E+06 -0.776605E-02  0.172089E+06  0.172067E+06  0.160339E-01
  0.460326E+00  0.319896E+06  0.318292E+06  0.573387E-01 -0.353968E-01  0.432652E+04  0.317670E+06  0.319639E+06  0.317670E+06 -0.764210E-02  0.169343E+06  0.169321E+06  0.155842E-01
  0.465247E+00  0.314790E+06  0.313214E+06  0.552362E-01 -0.340992E-01  0.417986E+04  0.312600E+06  0.314538E+06  0.312600E+06 -0.752013E-02  0.166640E+06  0.166619E+06  0.151664E-01
  0.470167E+00  0.309759E+06  0.308207E+06  0.532212E-01 -0.328558E-01  0.403876E+04  0.307603E+06  0.309510E+06  0.307603E+06 -0.739991E-02  0.163976E+06  0.163956E+06  0.147776E-01
  0.475088E+00  0.304806E+06  0.303277E+06  0.512907E-01 -0.316644E-01  0.390304E+04  0.302684E+06  0.304561E+06  0.302684E+06 -0.728157E-02  0.161354E+06  0.161334E+06  0.144129E-01
  0.480008E+00  0.299947E+06  0.298438E+06  0.494433E-01 -0.305242E-01  0.377269E+04  0.297858E+06  0.299706E+06  0.297858E+06 -0.716548E-02  0.158782E+06  0.158762E+06  0.140661E-01
  0.484929E+00  0.295199E+06  0.293710E+06  0.476777E-01 -0.294346E-01  0.364767E+04  0.293141E+06  0.294960E+06  0.293141E+06 -0.705202E-02  0.156268E+06  0.156248E+06  0.137311E-01
  0.489849E+00  0.290572E+06  0.289103E+06  0.459920E-01 -0.283943E-01  0.352792E+04  0.288546E+06  0.290337E+06  0.288546E+06 -0.694148E-02  0.153818E+06  0.153799E+06  0.134030E-01
  0.494770E+00  0.286076E+06  0.284627E+06  0.443839E-01 -0.274018E-01  0.341331E+04  0.284081E+06  0.285844E+06  0.284081E+06 -0.683405E-02  0.151438E+06  0.151419E+06  0.130787E-01
  0.499690E+00  0.281717E+06  0.280289E+06  0.428508E-01 -0.264555E-01  0.330372E+04  0.279751E+06  0.281488E+06  0.279751E+06 -0.672989E-02  0.149130E+06  0.149111E+06  0.127572E-01
  0.504611E+00  0.277493E+06  0.276087E+06  0.413890E-01 -0.255533E-01  0.319892E+04  0.275556E+06  0.277268E+06  0.275556E+06 -0.662898E-02  0.146894E+06  0.146875E+06  0.124394E-01
  0.509531E+00  0.273395E+06  0.272012E+06  0.399938E-01 -0.246922E-01  0.309861E+04  0.271487E+06  0.273173E+06  0.271487E+06 -0.653109E-02  0.144725E+06  0.144706E+06  0.121271E-01
  0.514452E+00  0.269407E+06  0.268047E+06  0.386601E-01 -0.238690E-01  0.300243E+04  0.267527E+06  0.269189E+06  0.267527E+06 -0.643583E-02  0.142614E+06  0.142596E+06  0.118229E-01
  0.519373E+00  0.265515E+06  0.264177E+06  0.373830E-01 -0.230807E-01  0.291006E+04  0.263662E+06  0.265301E+06  0.263662E+06 -0.634286E-02  0.140554E+06  0.140536E+06  0.115291E-01
  0.524293E+00  0.261708E+06  0.260390E+06  0.361585E-01 -0.223248E-01  0.282122E+04  0.259881E+06  0.261497E+06  0.259881E+06 -0.625190E-02  0.138538E+06  0.138521E+06  0.112475E-01
  0.529214E+00  0.257977E+06  0.256679E+06  0.349831E-01 -0.215994E-01  0.273570E+04  0.256176E+06  0.257769E+06  0.256176E+06 -0.616276E-02  0.136563E+06  0.136546E+06  0.109791E-01
  0.534134E+00  0.254315E+06  0.253036E+06  0.338540E-01 -0.209024E-01  0.265330E+04  0.252540E+06  0.254110E+06  0.252540E+06 -0.607528E-02  0.134625E+06  0.134608E+06  0.107236E-01
  0.539055E+00  0.250718E+06  0.249457E+06  0.327685E-01 -0.202323E-01  0.257384E+04  0.248967E+06  0.250516E+06  0.248967E+06 -0.598934E-02  0.132721E+06  0.132704E+06  0.104800E-01
  0.543975E+00  0.247185E+06  0.245941E+06  0.317247E-01 -0.195881E-01  0.249722E+04  0.245459E+06  0.246985E+06  0.245459E+06 -0.590493E-02  0.130850E+06  0.130833E+06  0.102464E-01
  0.548896E+00  0.243721E+06  0.242493E+06  0.307217E-01 -0.189689E-01  0.242338E+04  0.242018E+06  0.243524E+06  0.242018E+06 -0.582217E-02  0.129016E+06  0.129000E+06  0.100212E-01
  0.553816E+00  0.240332E+06  0.239120E+06  0.297585E-01 -0.183743E-01  0.235228E+04  0.238653E+06  0.240137E+06  0.238653E+06 -0.574120E-02  0.127222E+06  0.127206E+06  0.980262E-02
  0.558737E+00  0.237021E+06  0.235824E+06  0.288337E-01 -0.178035E-01  0.228385E+04  0.235365E+06  0.236829E+06  0.235365E+06 -0.566210E-02  0.125469E+06  0.125453E+06  0.958924E-02
  0.563657E+00  0.233787E+06  0.232607E+06  0.279459E-01 -0.172554E-01  0.221798E+04  0.232153E+06  0.233598E+06  0.232153E+06 -0.558485E-02  0.123758E+06  0.123742E+06  0.938018E-02
  0.568578E+00  0.230630E+06  0.229465E+06  0.270933E-01 -0.167291E-01  0.215457E+04  0.229018E+06  0.230443E+06  0.229018E+06 -0.550942E-02  0.122086E+06  0.122071E+06  0.917511E-02
  0.573498E+00  0.227548E+06  0.226399E+06  0.262744E-01 -0.162236E-01  0.209351E+04  0.225957E+06  0.227364E+06  0.225957E+06 -0.543579E-02  0.120455E+06  0.120439E+06  0.897423E-02
  0.578419E+00  0.224539E+06  0.223406E+06  0.254876E-01 -0.157379E-01  0.203471E+04  0.222969E+06  0.224357E+06  0.222969E+06 -0.536391E-02  0.118862E+06  0.118847E+06  0.877806E-02
  0.583340E+00  0.221598E+06  0.220480E+06  0.247312E-01 -0.152710E-01  0.197805E+04  0.220049E+06  0.221419E+06  0.220049E+06 -0.529366E-02  0.117305E+06  0.117290E+06  0.858719E-02
  0.588260E+00  0.218719E+06  0.217616E+06  0.240032E-01 -0.148215E-01  0.192338E+04  0.217190E+06  0.218542E+06  0.217190E+06 -0.522487E-02  0.115781E+06  0.115766E+06  0.840214E-02
  0.593181E+00  0.215895E+06  0.214808E+06  0.233018E-01 -0.143885E-01  0.187058E+04  0.214386E+06  0.215721E+06  0.214386E+06 -0.515742E-02  0.114286E+06  0.114272E+06  0.822325E-02
  0.598101E+00  0.213125E+06  0.212052E+06  0.226258E-01 -0.139712E-01  0.181958E+04  0.211635E+06  0.212953E+06  0.211635E+06 -0.509124E-02  0.112820E+06  0.112805E+06  0.805062E-02
  0.603022E+00  0.210407E+06  0.209348E+06  0.219742E-01 -0.135689E-01  0.177030E+04  0.208936E+06  0.210238E+06  0.208936E+06 -0.502631E-02  0.111381E+06  0.111367E+06  0.788412E-02
  0.607942E+00  0.207740E+06  0.206694E+06  0.213458E-01 -0.131809E-01  0.172267E+04  0.206287E+06  0.207572E+06  0.206287E+06 -0.496259E-02  0.109969E+06  0.109955E+06  0.772333E-02
  0.612863E+00  0.205121E+06  0.204087E+06  0.207395E-01 -0.128067E-01  0.167661E+04  0.203686E+06  0.204955E+06  0.203686E+06 -0.490001E-02  0.108582E+06  0.108569E+06  0.756768E-02
  0.617783E+00  0.202549E+06  0.201529E+06  0.201545E-01 -0.124455E-01  0.163207E+04  0.201132E+06  0.202386E+06  0.201132E+06 -0.483859E-02  0.107221E+06  0.107208E+06  0.741655E-02
  0.622704E+00  0.200028E+06  0.199019E+06  0.195902E-01 -0.120972E-01  0.158902E+04  0.198628E+06  0.199866E+06  0.198628E+06 -0.477834E-02  0.105886E+06  0.105873E+06  0.726943E-02
  0.627624E+00  0.197557E+06  0.196561E+06  0.190460E-01 -0.117612E-01  0.154741E+04  0.196175E+06  0.197398E+06  0.196175E+06 -0.471932E-02  0.104579E+06  0.104565E+06  0.712593E-02
  0.632545E+00  0.195137E+06  0.194153E+06  0.185212E-01 -0.114371E-01  0.150719E+04  0.193772E+06  0.194980E+06  0.193772E+06 -0.466151E-02  0.103298E+06  0.103284E+06  0.698574E-02
  0.637466E+00  0.192766E+06  0.191794E+06  0.180147E-01 -0.111244E-01  0.146830E+04  0.191417E+06  0.192610E+06  0.191417E+06 -0.460486E-02  0.102042E+06  0.102029E+06  0.684872E-02
  0.642386E+00  0.190442E+06  0.189481E+06  0.175258E-01 -0.108226E-01  0.143069E+04  0.189109E+06  0.190288E+06  0.189109E+06 -0.454933E-02  0.100812E+06  0.100799E+06  0.671484E-02
  0.647307E+00  0.188163E+06  0.187215E+06  0.170538E-01 -0.105312E-01  0.139431E+04  0.186846E+06  0.188011E+06  0.186846E+06 -0.449491E-02  0.996057E+05  0.995929E+05  0.658422E-02
  0.652227E+00  0.185930E+06  0.184993E+06  0.165981E-01 -0.102498E-01  0.135912E+04  0.184629E+06  0.185780E+06  0.184629E+06 -0.444156E-02  0.984236E+05  0.984110E+05  0.645697E-02
  0.657148E+00  0.183740E+06  0.182814E+06  0.161579E-01 -0.997801E-02  0.132505E+04  0.182454E+06  0.183592E+06  0.182454E+06 -0.438924E-02  0.972643E+05  0.972518E+05  0.633317E-02
  0.662068E+00  0.181590E+06  0.180675E+06  0.157322E-01 -0.971523E-02  0.129205E+04  0.180318E+06  0.181443E+06  0.180318E+06 -0.433787E-02  0.961259E+05  0.961136E+05  0.621283E-02
  0.666989E+00  0.179477E+06  0.178572E+06  0.153206E-01 -0.946104E-02  0.126007E+04  0.178220E+06  0.179332E+06  0.178220E+06 -0.428739E-02  0.950072E+05  0.949950E+05  0.609589E-02
  0.671909E+00  0.177400E+06  0.176506E+06  0.149223E-01 -0.921513E-02  0.122907E+04  0.176158E+06  0.177257E+06  0.176158E+06 -0.423778E-02  0.939079E+05  0.938959E+05  0.598226E-02
  0.676830E+00  0.175360E+06  0.174477E+06  0.145370E-01 -0.897724E-02  0.119903E+04  0.174132E+06  0.175219E+06  0.174132E+06 -0.418905E-02  0.928282E+05  0.928163E+05  0.587180E-02
  0.681750E+00  0.173357E+06  0.172484E+06  0.141642E-01 -0.874706E-02  0.116991E+04  0.172143E+06  0.173217E+06  0.172143E+06 -0.414119E-02  0.917677E+05  0.917560E+05  0.576432E-02
  0.686671E+00  0.171389E+06  0.170525E+06  0.138033E-01 -0.852427E-02  0.114168E+04  0.170188E+06  0.171250E+06  0.170188E+06 -0.409417E-02  0.907257E+05  0.907140E+05  0.565959E-02
  0.691592E+00  0.169454E+06  0.168600E+06  0.134540E-01 -0.830857E-02  0.111429E+04  0.168267E+06  0.169317E+06  0.168267E+06 -0.404795E-02  0.897015E+05  0.896900E+05  0.555740E-02
  0.696512E+00  0.167553E+06  0.166709E+06  0.131158E-01 -0.809973E-02  0.108773E+04  0.166379E+06  0.167418E+06  0.166379E+06 -0.400255E-02  0.886954E+05  0.886840E+05  0.545762E-02
  0.741086E+00  0.151797E+06  0.151032E+06  0.104958E-01 -0.648202E-02  0.880354E+03  0.150733E+06  0.151674E+06  0.150733E+06 -0.362614E-02  0.803545E+05  0.803442E+05  0.465391E-02
  0.788512E+00  0.137450E+06  0.136757E+06  0.839484E-02 -0.518466E-02  0.711666E+03  0.136486E+06  0.137339E+06  0.136486E+06 -0.328340E-02  0.727596E+05  0.727503E+05  0.396873E-02
  0.838973E+00  0.124401E+06  0.123774E+06  0.671131E-02 -0.414503E-02  0.574667E+03  0.123528E+06  0.124301E+06  0.123528E+06 -0.297168E-02  0.658521E+05  0.658436E+05  0.338344E-02
  0.892663E+00  0.112539E+06  0.111972E+06  0.536293E-02 -0.331234E-02  0.463543E+03  0.111749E+06  0.112448E+06  0.111749E+06 -0.268832E-02  0.595730E+05  0.595652E+05  0.288398E-02
  0.949789E+00  0.101764E+06  0.101251E+06  0.428360E-02 -0.264577E-02  0.373525E+03  0.101049E+06  0.101682E+06  0.101049E+06 -0.243091E-02  0.538690E+05  0.538620E+05  0.245808E-02
  0.990988E+00  0.949655E+05  0.944870E+05  0.367194E-02 -0.226801E-02  0.322020E+03  0.942984E+05  0.948888E+05  0.942984E+05 -0.226851E-02  0.502702E+05  0.502637E+05  0.220338E-02
  0.121284E+01  0.681645E+05  0.678210E+05  0.175956E-02 -0.108688E-02  0.158018E+03  0.676852E+05  0.681095E+05  0.676852E+05 -0.162828E-02  0.360829E+05  0.360782E+05  0.130973E-02
  0.148436E+01  0.487291E+05  0.484835E+05  0.839752E-03 -0.518739E-03  0.768465E+02  0.483862E+05  0.486898E+05  0.483862E+05 -0.116401E-02  0.257947E+05  0.257913E+05  0.780465E-03
  0.181667E+01  0.347063E+05  0.345312E+05  0.399294E-03 -0.246660E-03  0.506226E+02  0.344620E+05  0.346782E+05  0.344620E+05 -0.829043E-03  0.183717E+05  0.183692E+05  0.467712E-03
  0.222338E+01  0.246352E+05  0.245108E+05  0.189216E-03 -0.116891E-03  0.244161E+02  0.244617E+05  0.246153E+05  0.244617E+05 -0.588469E-03  0.130406E+05  0.130387E+05  0.283053E-03
