  0.958217E-05  0.197560E+08  0.197560E+08  0.263300E+08  0.263297E+08  0.197572E+08  0.197560E+08  0.197560E+08  0.197626E+08 -0.474221E+00  0.104902E+08  0.104902E+08  0.540695E+01
  0.104903E-04  0.197560E+08  0.197560E+08  0.263278E+08  0.263274E+08  0.197572E+08  0.197560E+08  0.197560E+08  0.197626E+08 -0.474220E+00  0.104902E+08  0.104902E+08  0.591925E+01
  0.114845E-04  0.197560E+08  0.197560E+08  0.263251E+08  0.263246E+08  0.197572E+08  0.197560E+08  0.197560E+08  0.197626E+08 -0.474220E+00  0.104902E+08  0.104902E+08  0.648007E+01
  0.125729E-04  0.197560E+08  0.197560E+08  0.263219E+08  0.263213E+08  0.197572E+08  0.197560E+08  0.197560E+08  0.197626E+08 -0.474220E+00  0.104902E+08  0.104902E+08  0.709398E+01
  0.137645E-04  0.197560E+08  0.197560E+08  0.263180E+08  0.263173E+08  0.197572E+08  0.197560E+08  0.197560E+08  0.197626E+08 -0.474220E+00  0.104902E+08  0.104902E+08  0.776600E+01
  0.150690E-04  0.197560E+08  0.197560E+08  0.263133E+08  0.263125E+08  0.197572E+08  0.197560E+08  0.197560E+08  0.197626E+08 -0.474220E+00  0.104902E+08  0.104902E+08  0.850162E+01
  0.164972E-04  0.197560E+08  0.197560E+08  0.263078E+08  0.263068E+08  0.197571E+08  0.197560E+08  0.197560E+08  0.197626E+08 -0.474219E+00  0.104902E+08  0.104902E+08  0.930684E+01
  0.180607E-04  0.197560E+08  0.197560E+08  0.263011E+08  0.262999E+08  0.197571E+08  0.197560E+08  0.197560E+08  0.197626E+08 -0.474219E+00  0.104902E+08  0.104902E+08  0.101882E+02
  0.197723E-04  0.197559E+08  0.197559E+08  0.262931E+08  0.262917E+08  0.197571E+08  0.197559E+08  0.197559E+08  0.197626E+08 -0.474218E+00  0.104901E+08  0.104901E+08  0.111529E+02
  0.216462E-04  0.197559E+08  0.197559E+08  0.262836E+08  0.262818E+08  0.197570E+08  0.197559E+08  0.197559E+08  0.197625E+08 -0.474218E+00  0.104901E+08  0.104901E+08  0.122087E+02
  0.236977E-04  0.197559E+08  0.197559E+08  0.262721E+08  0.262700E+08  0.197570E+08  0.197559E+08  0.197559E+08  0.197625E+08 -0.474217E+00  0.104901E+08  0.104901E+08  0.133643E+02
  0.259437E-04  0.197559E+08  0.197559E+08  0.262584E+08  0.262559E+08  0.197570E+08  0.197559E+08  0.197559E+08  0.197625E+08 -0.474217E+00  0.104901E+08  0.104901E+08  0.146289E+02
  0.284024E-04  0.197558E+08  0.197558E+08  0.262419E+08  0.262390E+08  0.197569E+08  0.197559E+08  0.197558E+08  0.197624E+08 -0.474216E+00  0.104901E+08  0.104901E+08  0.160127E+02
  0.310942E-04  0.197558E+08  0.197558E+08  0.262222E+08  0.262187E+08  0.197568E+08  0.197558E+08  0.197558E+08  0.197624E+08 -0.474215E+00  0.104901E+08  0.104901E+08  0.175268E+02
  0.340411E-04  0.197558E+08  0.197558E+08  0.261986E+08  0.261944E+08  0.197568E+08  0.197558E+08  0.197558E+08  0.197624E+08 -0.474213E+00  0.104901E+08  0.104901E+08  0.191834E+02
  0.372673E-04  0.197557E+08  0.197557E+08  0.261704E+08  0.261653E+08  0.197567E+08  0.197557E+08  0.197557E+08  0.197623E+08 -0.474212E+00  0.104900E+08  0.104900E+08  0.209956E+02
  0.407993E-04  0.197557E+08  0.197556E+08  0.261365E+08  0.261305E+08  0.197565E+08  0.197557E+08  0.197557E+08  0.197622E+08 -0.474210E+00  0.104900E+08  0.104900E+08  0.229777E+02
  0.446660E-04  0.197556E+08  0.197556E+08  0.260960E+08  0.260888E+08  0.197564E+08  0.197556E+08  0.197556E+08  0.197621E+08 -0.474208E+00  0.104900E+08  0.104899E+08  0.251452E+02
  0.488991E-04  0.197555E+08  0.197555E+08  0.260476E+08  0.260389E+08  0.197562E+08  0.197555E+08  0.197555E+08  0.197620E+08 -0.474205E+00  0.104899E+08  0.104899E+08  0.275150E+02
  0.535335E-04  0.197554E+08  0.197554E+08  0.259896E+08  0.259792E+08  0.197560E+08  0.197554E+08  0.197554E+08  0.197619E+08 -0.474202E+00  0.104898E+08  0.104898E+08  0.301052E+02
  0.586070E-04  0.197553E+08  0.197552E+08  0.259203E+08  0.259078E+08  0.197558E+08  0.197553E+08  0.197553E+08  0.197618E+08 -0.474198E+00  0.104898E+08  0.104898E+08  0.329355E+02
  0.641614E-04  0.197551E+08  0.197551E+08  0.258375E+08  0.258226E+08  0.197555E+08  0.197551E+08  0.197551E+08  0.197616E+08 -0.474193E+00  0.104897E+08  0.104897E+08  0.360269E+02
  0.702422E-04  0.197549E+08  0.197549E+08  0.257385E+08  0.257207E+08  0.197552E+08  0.197549E+08  0.197549E+08  0.197614E+08 -0.474188E+00  0.104896E+08  0.104896E+08  0.394021E+02
  0.768993E-04  0.197547E+08  0.197547E+08  0.256203E+08  0.255991E+08  0.197548E+08  0.197547E+08  0.197547E+08  0.197611E+08 -0.474181E+00  0.104895E+08  0.104895E+08  0.430849E+02
  0.841873E-04  0.197544E+08  0.197544E+08  0.254794E+08  0.254540E+08  0.197543E+08  0.197544E+08  0.197544E+08  0.197608E+08 -0.474173E+00  0.104893E+08  0.104893E+08  0.471008E+02
  0.921660E-04  0.197541E+08  0.197541E+08  0.253114E+08  0.252811E+08  0.197537E+08  0.197541E+08  0.197541E+08  0.197605E+08 -0.474164E+00  0.104892E+08  0.104892E+08  0.514764E+02
  0.100901E-03  0.197538E+08  0.197537E+08  0.251113E+08  0.250753E+08  0.197530E+08  0.197537E+08  0.197537E+08  0.197600E+08 -0.474152E+00  0.104890E+08  0.104889E+08  0.562396E+02
  0.110464E-03  0.197533E+08  0.197532E+08  0.248735E+08  0.248307E+08  0.197521E+08  0.197533E+08  0.197533E+08  0.197595E+08 -0.474139E+00  0.104887E+08  0.104887E+08  0.614186E+02
  0.120933E-03  0.197528E+08  0.197527E+08  0.245912E+08  0.245404E+08  0.197511E+08  0.197527E+08  0.197527E+08  0.197589E+08 -0.474123E+00  0.104884E+08  0.104884E+08  0.670421E+02
  0.132394E-03  0.197521E+08  0.197520E+08  0.242568E+08  0.241965E+08  0.197499E+08  0.197521E+08  0.197521E+08  0.197582E+08 -0.474103E+00  0.104881E+08  0.104880E+08  0.731382E+02
  0.144941E-03  0.197513E+08  0.197512E+08  0.238615E+08  0.237903E+08  0.197485E+08  0.197513E+08  0.197513E+08  0.197573E+08 -0.474080E+00  0.104877E+08  0.104876E+08  0.797335E+02
  0.158678E-03  0.197504E+08  0.197503E+08  0.233956E+08  0.233116E+08  0.197467E+08  0.197504E+08  0.197504E+08  0.197562E+08 -0.474053E+00  0.104872E+08  0.104871E+08  0.868519E+02
  0.173716E-03  0.197493E+08  0.197491E+08  0.228483E+08  0.227495E+08  0.197447E+08  0.197493E+08  0.197493E+08  0.197550E+08 -0.474020E+00  0.104866E+08  0.104865E+08  0.945128E+02
  0.190180E-03  0.197480E+08  0.197478E+08  0.222079E+08  0.220923E+08  0.197422E+08  0.197479E+08  0.197480E+08  0.197535E+08 -0.473981E+00  0.104858E+08  0.104858E+08  0.102729E+03
  0.208204E-03  0.197464E+08  0.197462E+08  0.214623E+08  0.213276E+08  0.197392E+08  0.197463E+08  0.197464E+08  0.197517E+08 -0.473934E+00  0.104850E+08  0.104849E+08  0.111504E+03
  0.227936E-03  0.197445E+08  0.197442E+08  0.205993E+08  0.204433E+08  0.197357E+08  0.197444E+08  0.197445E+08  0.197496E+08 -0.473879E+00  0.104840E+08  0.104839E+08  0.120828E+03
  0.249539E-03  0.197423E+08  0.197419E+08  0.196076E+08  0.194280E+08  0.197314E+08  0.197422E+08  0.197422E+08  0.197471E+08 -0.473813E+00  0.104828E+08  0.104827E+08  0.130674E+03
  0.273188E-03  0.197396E+08  0.197392E+08  0.184776E+08  0.182728E+08  0.197264E+08  0.197395E+08  0.197396E+08  0.197441E+08 -0.473735E+00  0.104813E+08  0.104812E+08  0.140994E+03
  0.299079E-03  0.197364E+08  0.197360E+08  0.172036E+08  0.169724E+08  0.197203E+08  0.197363E+08  0.197364E+08  0.197406E+08 -0.473643E+00  0.104796E+08  0.104794E+08  0.151712E+03
  0.327424E-03  0.197327E+08  0.197321E+08  0.157854E+08  0.155276E+08  0.197131E+08  0.197324E+08  0.197326E+08  0.197364E+08 -0.473534E+00  0.104775E+08  0.104774E+08  0.162717E+03
  0.358455E-03  0.197282E+08  0.197275E+08  0.142312E+08  0.139481E+08  0.197045E+08  0.197279E+08  0.197281E+08  0.197315E+08 -0.473406E+00  0.104751E+08  0.104749E+08  0.173859E+03
  0.392427E-03  0.197228E+08  0.197220E+08  0.125602E+08  0.122552E+08  0.196943E+08  0.197225E+08  0.197227E+08  0.197257E+08 -0.473256E+00  0.104722E+08  0.104720E+08  0.184943E+03
  0.429619E-03  0.197165E+08  0.197156E+08  0.108055E+08  0.104846E+08  0.196821E+08  0.197162E+08  0.197164E+08  0.197189E+08 -0.473080E+00  0.104688E+08  0.104685E+08  0.195726E+03
  0.470336E-03  0.197091E+08  0.197080E+08  0.901638E+07  0.868853E+07  0.196677E+08  0.197087E+08  0.197089E+08  0.197109E+08 -0.472876E+00  0.104647E+08  0.104644E+08  0.205916E+03
  0.514911E-03  0.197004E+08  0.196991E+08  0.725798E+07  0.693541E+07  0.196506E+08  0.196998E+08  0.197002E+08  0.197016E+08 -0.472638E+00  0.104600E+08  0.104597E+08  0.215178E+03
  0.563711E-03  0.196901E+08  0.196886E+08  0.560854E+07  0.530625E+07  0.196303E+08  0.196895E+08  0.196898E+08  0.196909E+08 -0.472364E+00  0.104544E+08  0.104540E+08  0.223146E+03
  0.617136E-03  0.196780E+08  0.196763E+08  0.415121E+07  0.388579E+07  0.196064E+08  0.196773E+08  0.196778E+08  0.196783E+08 -0.472048E+00  0.104479E+08  0.104475E+08  0.229450E+03
  0.675624E-03  0.196640E+08  0.196620E+08  0.296041E+07  0.274767E+07  0.195782E+08  0.196631E+08  0.196637E+08  0.196639E+08 -0.471685E+00  0.104403E+08  0.104398E+08  0.233739E+03
  0.739655E-03  0.196476E+08  0.196454E+08  0.208314E+07  0.193467E+07  0.195450E+08  0.196467E+08  0.196473E+08  0.196472E+08 -0.471269E+00  0.104314E+08  0.104309E+08  0.235727E+03
  0.809755E-03  0.196287E+08  0.196262E+08  0.151971E+07  0.143899E+07  0.195061E+08  0.196275E+08  0.196283E+08  0.196279E+08 -0.470794E+00  0.104211E+08  0.104206E+08  0.235223E+03
  0.886498E-03  0.196068E+08  0.196040E+08  0.121245E+07  0.119164E+07  0.194604E+08  0.196054E+08  0.196064E+08  0.196057E+08 -0.470250E+00  0.104093E+08  0.104087E+08  0.232160E+03
  0.970515E-03  0.195815E+08  0.195785E+08  0.105399E+07  0.107360E+07  0.194072E+08  0.195800E+08  0.195811E+08  0.195802E+08 -0.469630E+00  0.103957E+08  0.103950E+08  0.226603E+03
  0.106249E-02  0.195525E+08  0.195492E+08  0.923129E+06  0.956376E+06  0.193451E+08  0.195507E+08  0.195520E+08  0.195509E+08 -0.468921E+00  0.103801E+08  0.103794E+08  0.218719E+03
  0.116319E-02  0.195193E+08  0.195157E+08  0.741063E+06  0.763034E+06  0.192728E+08  0.195172E+08  0.195187E+08  0.195174E+08 -0.468111E+00  0.103622E+08  0.103614E+08  0.208743E+03
  0.127343E-02  0.194812E+08  0.194774E+08  0.515846E+06  0.513972E+06  0.191891E+08  0.194788E+08  0.194806E+08  0.194789E+08 -0.467187E+00  0.103418E+08  0.103410E+08  0.196944E+03
  0.139412E-02  0.194378E+08  0.194339E+08  0.328132E+06  0.307038E+06  0.190927E+08  0.194351E+08  0.194372E+08  0.194351E+08 -0.466133E+00  0.103185E+08  0.103177E+08  0.183635E+03
  0.152624E-02  0.193884E+08  0.193844E+08  0.243799E+06  0.219127E+06  0.189819E+08  0.193852E+08  0.193878E+08  0.193853E+08 -0.464934E+00  0.102920E+08  0.102913E+08  0.169229E+03
  0.167089E-02  0.193323E+08  0.193282E+08  0.227169E+06  0.211957E+06  0.188553E+08  0.193287E+08  0.193316E+08  0.193287E+08 -0.463574E+00  0.102620E+08  0.102612E+08  0.154274E+03
  0.182925E-02  0.192687E+08  0.192645E+08  0.179876E+06 -0.134206E+06  0.187113E+08  0.192646E+08  0.192680E+08  0.192646E+08 -0.462034E+00  0.102280E+08  0.102272E+08  0.139418E+03
  0.200261E-02  0.191968E+08  0.191927E+08  0.912484E+05 -0.111553E+06  0.185484E+08  0.191921E+08  0.191961E+08  0.191921E+08 -0.460294E+00  0.101895E+08  0.101888E+08  0.125274E+03
  0.219240E-02  0.191157E+08  0.191116E+08  0.542389E+05 -0.926793E+05  0.183652E+08  0.191104E+08  0.191151E+08  0.191104E+08 -0.458333E+00  0.101462E+08  0.101454E+08  0.112335E+03
  0.240019E-02  0.190245E+08  0.190204E+08  0.677318E+05 -0.769580E+05  0.181605E+08  0.190185E+08  0.190239E+08  0.190185E+08 -0.456127E+00  0.100974E+08  0.100967E+08  0.100965E+03
  0.262766E-02  0.189222E+08  0.189180E+08  0.398722E+05 -0.638653E+05  0.179336E+08  0.189154E+08  0.189216E+08  0.189154E+08 -0.453654E+00  0.100428E+08  0.100420E+08  0.913197E+02
  0.287669E-02  0.188079E+08  0.188035E+08  0.176817E+05 -0.529652E+05  0.176837E+08  0.188001E+08  0.188072E+08  0.188001E+08 -0.450890E+00  0.998165E+07  0.998094E+07  0.832247E+02
  0.314933E-02  0.186804E+08  0.186758E+08  0.234016E+05 -0.438937E+05  0.174104E+08  0.186717E+08  0.186796E+08  0.186717E+08 -0.447809E+00  0.991356E+07  0.991284E+07  0.762565E+02
  0.344780E-02  0.185387E+08  0.185340E+08  0.372043E+04 -0.363469E+05  0.171135E+08  0.185290E+08  0.185380E+08  0.185290E+08 -0.444387E+00  0.983793E+07  0.983721E+07  0.699138E+02
  0.377456E-02  0.183819E+08  0.183769E+08  0.480647E+04 -0.300716E+05  0.167927E+08  0.183712E+08  0.183811E+08  0.183712E+08 -0.440600E+00  0.975424E+07  0.975352E+07  0.638002E+02
  0.413229E-02  0.182089E+08  0.182037E+08 -0.442897E+04 -0.248562E+05  0.164474E+08  0.181971E+08  0.182081E+08  0.181971E+08 -0.436425E+00  0.966195E+07  0.966123E+07  0.578520E+02
  0.452392E-02  0.180188E+08  0.180132E+08  0.368737E+04 -0.205242E+05  0.160765E+08  0.180057E+08  0.180179E+08  0.180057E+08 -0.431835E+00  0.956051E+07  0.955980E+07  0.522920E+02
  0.495267E-02  0.178104E+08  0.178045E+08  0.131179E+04 -0.169284E+05  0.156786E+08  0.177961E+08  0.178095E+08  0.177961E+08 -0.426808E+00  0.944940E+07  0.944869E+07  0.473909E+02
  0.542205E-02  0.175828E+08  0.175765E+08 -0.350086E+04 -0.139456E+05  0.152518E+08  0.175672E+08  0.175818E+08  0.175672E+08 -0.421317E+00  0.932805E+07  0.932735E+07  0.431506E+02
  0.593591E-02  0.173350E+08  0.173281E+08 -0.535888E+03 -0.114734E+05  0.147955E+08  0.173180E+08  0.173339E+08  0.173180E+08 -0.415341E+00  0.919595E+07  0.919525E+07  0.392985E+02
  0.649848E-02  0.170666E+08  0.170591E+08 -0.711143E+03 -0.942631E+04  0.142996E+08  0.170481E+08  0.170654E+08  0.170481E+08 -0.408867E+00  0.905287E+07  0.905218E+07  0.356413E+02
  0.711437E-02  0.167753E+08  0.167671E+08 -0.964654E+03 -0.773215E+04  0.137807E+08  0.167553E+08  0.167740E+08  0.167553E+08 -0.401844E+00  0.889766E+07  0.889697E+07  0.322971E+02
  0.778862E-02  0.164609E+08  0.164518E+08 -0.221574E+04 -0.633177E+04  0.132361E+08  0.164393E+08  0.164594E+08  0.164392E+08 -0.394265E+00  0.873012E+07  0.872943E+07  0.293811E+02
  0.852677E-02  0.161220E+08  0.161119E+08 -0.204035E+03 -0.517540E+04  0.126656E+08  0.160988E+08  0.161204E+08  0.160988E+08 -0.386099E+00  0.854962E+07  0.854894E+07  0.267257E+02
  0.933489E-02  0.157582E+08  0.157469E+08 -0.216396E+04 -0.422177E+04  0.120693E+08  0.157333E+08  0.157564E+08  0.157333E+08 -0.377335E+00  0.835587E+07  0.835519E+07  0.242753E+02
  0.102196E-01  0.153684E+08  0.153556E+08 -0.202669E+04 -0.343627E+04  0.114485E+08  0.153418E+08  0.153664E+08  0.153418E+08 -0.367945E+00  0.814828E+07  0.814760E+07  0.221180E+02
  0.111881E-01  0.149514E+08  0.149370E+08 -0.868114E+03 -0.279010E+04  0.108088E+08  0.149232E+08  0.149491E+08  0.149232E+08 -0.357904E+00  0.792628E+07  0.792561E+07  0.201540E+02
  0.122485E-01  0.145064E+08  0.144902E+08 -0.167605E+04 -0.225937E+04  0.101557E+08  0.144766E+08  0.145038E+08  0.144766E+08 -0.347193E+00  0.768945E+07  0.768878E+07  0.183873E+02
  0.134093E-01  0.140327E+08  0.140144E+08 -0.139451E+04 -0.182418E+04  0.949020E+07  0.140014E+08  0.140298E+08  0.140014E+08 -0.335796E+00  0.743742E+07  0.743674E+07  0.168030E+02
  0.146801E-01  0.135297E+08  0.135090E+08 -0.857265E+03 -0.146799E+04  0.881416E+07  0.134969E+08  0.135264E+08  0.134969E+08 -0.323698E+00  0.716985E+07  0.716917E+07  0.153751E+02
  0.160714E-01  0.129970E+08  0.129736E+08 -0.896921E+03 -0.117705E+04  0.813386E+07  0.129628E+08  0.129933E+08  0.129628E+08 -0.310889E+00  0.688654E+07  0.688587E+07  0.140855E+02
  0.175946E-01  0.124346E+08  0.124083E+08 -0.683515E+03 -0.939954E+03  0.745410E+07  0.123993E+08  0.124305E+08  0.123993E+08 -0.297373E+00  0.658755E+07  0.658687E+07  0.129224E+02
  0.192621E-01  0.118433E+08  0.118139E+08 -0.422868E+03 -0.747271E+03  0.678087E+07  0.118070E+08  0.118387E+08  0.118070E+08 -0.283169E+00  0.627328E+07  0.627260E+07  0.118576E+02
  0.210876E-01  0.112248E+08  0.111920E+08 -0.446066E+03 -0.591181E+03  0.611866E+07  0.111877E+08  0.112197E+08  0.111877E+08 -0.268316E+00  0.594464E+07  0.594395E+07  0.108764E+02
  0.230862E-01  0.105821E+08  0.105459E+08 -0.344636E+03 -0.465214E+03  0.547404E+07  0.105445E+08  0.105764E+08  0.105445E+08 -0.252889E+00  0.560322E+07  0.560253E+07  0.996010E+01
  0.252741E-01  0.991986E+07  0.988042E+07 -0.297201E+03 -0.364023E+03  0.485388E+07  0.988195E+07  0.991364E+07  0.988195E+07 -0.237000E+00  0.525154E+07  0.525085E+07  0.908896E+01
  0.276694E-01  0.924489E+07  0.920250E+07 -0.177759E+03 -0.283186E+03  0.426437E+07  0.920705E+07  0.923820E+07  0.920705E+07 -0.220813E+00  0.489323E+07  0.489254E+07  0.824548E+01
  0.302918E-01  0.856645E+07  0.852170E+07 -0.188346E+03 -0.219037E+03  0.371233E+07  0.852904E+07  0.855940E+07  0.852904E+07 -0.204553E+00  0.453322E+07  0.453254E+07  0.741197E+01
  0.331626E-01  0.789633E+07  0.785012E+07 -0.137570E+03 -0.168537E+03  0.320352E+07  0.785970E+07  0.788905E+07  0.785970E+07 -0.188500E+00  0.417777E+07  0.417711E+07  0.657852E+01
  0.363056E-01  0.724847E+07  0.720204E+07 -0.122360E+03 -0.129143E+03  0.274332E+07  0.721298E+07  0.724115E+07  0.721298E+07 -0.172989E+00  0.383429E+07  0.383366E+07  0.573801E+01
  0.397464E-01  0.663787E+07  0.659275E+07 -0.657129E+02 -0.987230E+02  0.233519E+07  0.660385E+07  0.663075E+07  0.660385E+07 -0.158381E+00  0.351074E+07  0.351015E+07  0.489320E+01
  0.435133E-01  0.607860E+07  0.603650E+07 -0.632793E+02 -0.754696E+02  0.198057E+07  0.604634E+07  0.607196E+07  0.604634E+07 -0.145010E+00  0.321458E+07  0.321405E+07  0.405663E+01
  0.471952E-01  0.562909E+07  0.559114E+07 -0.394290E+02 -0.594392E+02  0.170689E+07  0.559858E+07  0.562311E+07  0.559858E+07 -0.134271E+00  0.297671E+07  0.297624E+07  0.333302E+01
  0.508770E-01  0.526048E+07  0.522734E+07  0.746388E+02 -0.478218E+02  0.148860E+07  0.523166E+07  0.525525E+07  0.523166E+07 -0.125471E+00  0.278178E+07  0.278136E+07  0.270866E+01
  0.545589E-01  0.495289E+07  0.492472E+07  0.610953E+02 -0.391723E+02  0.131132E+07  0.492567E+07  0.494845E+07  0.492567E+07 -0.118133E+00  0.261920E+07  0.261885E+07  0.218670E+01
  0.582408E-01  0.469219E+07  0.466870E+07  0.507829E+02 -0.325815E+02  0.116505E+07  0.466642E+07  0.468848E+07  0.466642E+07 -0.111915E+00  0.248146E+07  0.248115E+07  0.176717E+01
  0.619227E-01  0.446335E+07  0.444386E+07  0.427250E+02 -0.274280E+02  0.104158E+07  0.443886E+07  0.446027E+07  0.443886E+07 -0.106458E+00  0.236055E+07  0.236028E+07  0.144472E+01
  0.656046E-01  0.425291E+07  0.423652E+07  0.362630E+02 -0.232924E+02  0.934646E+06  0.422956E+07  0.425032E+07  0.422956E+07 -0.101438E+00  0.224933E+07  0.224909E+07  0.120945E+01
  0.692865E-01  0.405089E+07  0.403656E+07  0.309610E+02 -0.198973E+02  0.839946E+06  0.402853E+07  0.404863E+07  0.402853E+07 -0.966166E-01  0.214250E+07  0.214228E+07  0.104803E+01
  0.729684E-01  0.385140E+07  0.383815E+07  0.265349E+02 -0.170613E+02  0.754771E+06  0.382993E+07  0.384931E+07  0.382993E+07 -0.918535E-01  0.203695E+07  0.203674E+07  0.945087E+00
  0.766503E-01  0.365306E+07  0.364000E+07  0.228029E+02 -0.146687E+02  0.677726E+06  0.363238E+07  0.365100E+07  0.363238E+07 -0.871155E-01  0.193194E+07  0.193173E+07  0.884786E+00
  0.803322E-01  0.345673E+07  0.344323E+07  0.196396E+02 -0.126395E+02  0.608037E+06  0.343678E+07  0.345461E+07  0.343678E+07 -0.824245E-01  0.182796E+07  0.182776E+07  0.851890E+00
  0.840141E-01  0.326440E+07  0.325006E+07  0.169521E+02 -0.109146E+02  0.545211E+06  0.324512E+07  0.326214E+07  0.324512E+07 -0.778280E-01  0.172607E+07  0.172586E+07  0.832868E+00
  0.876960E-01  0.307919E+07  0.306388E+07  0.146715E+02 -0.945011E+01  0.488982E+06  0.306057E+07  0.307677E+07  0.306057E+07 -0.734018E-01  0.162795E+07  0.162773E+07  0.816834E+00
  0.913779E-01  0.290495E+07  0.288879E+07  0.127449E+02 -0.821226E+01  0.439199E+06  0.288698E+07  0.290240E+07  0.288698E+07 -0.692386E-01  0.153565E+07  0.153544E+07  0.796044E+00
  0.962908E-01  0.269565E+07  0.267886E+07  0.106471E+02 -0.686372E+01  0.382444E+06  0.267853E+07  0.269300E+07  0.267853E+07 -0.642394E-01  0.142482E+07  0.142460E+07  0.753440E+00
  0.101204E+00  0.251733E+07  0.250069E+07  0.899862E+01 -0.580337E+01  0.335849E+06  0.250106E+07  0.251471E+07  0.250106E+07 -0.599831E-01  0.133045E+07  0.133024E+07  0.691604E+00
  0.106117E+00  0.237062E+07  0.235493E+07  0.770645E+01 -0.497175E+01  0.298012E+06  0.235518E+07  0.236815E+07  0.235518E+07 -0.564845E-01  0.125288E+07  0.125268E+07  0.614515E+00
  0.111029E+00  0.225250E+07  0.223840E+07  0.668829E+01 -0.431616E+01  0.267312E+06  0.223786E+07  0.225028E+07  0.223786E+07 -0.536707E-01  0.119049E+07  0.119032E+07  0.530298E+00
  0.115942E+00  0.215685E+07  0.214466E+07  0.587295E+01 -0.379096E+01  0.242056E+06  0.214295E+07  0.215493E+07  0.214295E+07 -0.513945E-01  0.114002E+07  0.113987E+07  0.448253E+00
  0.120855E+00  0.207543E+07  0.206515E+07  0.520119E+01 -0.335810E+01  0.220622E+06  0.206221E+07  0.207381E+07  0.206221E+07 -0.494580E-01  0.109709E+07  0.109695E+07  0.376399E+00
  0.125768E+00  0.200000E+07  0.199130E+07  0.462823E+01 -0.298882E+01  0.201681E+06  0.198737E+07  0.199863E+07  0.198737E+07 -0.476633E-01  0.105729E+07  0.105717E+07  0.319939E+00
  0.130681E+00  0.192423E+07  0.191663E+07  0.412425E+01 -0.266393E+01  0.184331E+06  0.191215E+07  0.192304E+07  0.191215E+07 -0.458591E-01  0.101729E+07  0.101718E+07  0.280664E+00
  0.135594E+00  0.184464E+07  0.183757E+07  0.367204E+01 -0.237235E+01  0.168083E+06  0.183303E+07  0.184352E+07  0.183303E+07 -0.439616E-01  0.975210E+06  0.975106E+06  0.257182E+00
  0.140507E+00  0.176066E+07  0.175362E+07  0.326364E+01 -0.210896E+01  0.152792E+06  0.174949E+07  0.175955E+07  0.174949E+07 -0.419581E-01  0.930778E+06  0.930675E+06  0.245772E+00
  0.145420E+00  0.167423E+07  0.166686E+07  0.289678E+01 -0.187232E+01  0.138536E+06  0.166345E+07  0.167306E+07  0.166345E+07 -0.398947E-01  0.885019E+06  0.884914E+06  0.241557E+00
  0.150333E+00  0.158859E+07  0.158076E+07  0.257140E+01 -0.166237E+01  0.125481E+06  0.157820E+07  0.158735E+07  0.157820E+07 -0.378500E-01  0.839669E+06  0.839562E+06  0.239667E+00
  0.155246E+00  0.150730E+07  0.149905E+07  0.228742E+01 -0.147909E+01  0.113779E+06  0.149728E+07  0.150600E+07  0.149728E+07 -0.359093E-01  0.796629E+06  0.796519E+06  0.236174E+00
  0.160159E+00  0.143361E+07  0.142515E+07  0.204385E+01 -0.132183E+01  0.103527E+06  0.142395E+07  0.143228E+07  0.142395E+07 -0.341508E-01  0.757625E+06  0.757515E+06  0.228669E+00
  0.165072E+00  0.136972E+07  0.136133E+07  0.183806E+01 -0.118893E+01  0.947249E+05  0.136042E+07  0.136840E+07  0.136042E+07 -0.326270E-01  0.723829E+06  0.723722E+06  0.216408E+00
  0.169984E+00  0.131603E+07  0.130801E+07  0.166531E+01 -0.107733E+01  0.872451E+05  0.130708E+07  0.131477E+07  0.130708E+07 -0.313478E-01  0.695455E+06  0.695353E+06  0.200065E+00
  0.174897E+00  0.127125E+07  0.126381E+07  0.151953E+01 -0.983129E+00  0.808649E+05  0.126263E+07  0.127008E+07  0.126263E+07 -0.302818E-01  0.671811E+06  0.671716E+06  0.181280E+00
  0.179810E+00  0.123318E+07  0.122645E+07  0.139461E+01 -0.902388E+00  0.753352E+05  0.122487E+07  0.123212E+07  0.122487E+07 -0.293762E-01  0.651725E+06  0.651638E+06  0.162117E+00
  0.184723E+00  0.119928E+07  0.119327E+07  0.128513E+01 -0.831621E+00  0.704211E+05  0.119127E+07  0.119833E+07  0.119127E+07 -0.285702E-01  0.633848E+06  0.633768E+06  0.144525E+00
  0.189636E+00  0.116691E+07  0.116151E+07  0.118653E+01 -0.767877E+00  0.659138E+05  0.115917E+07  0.116606E+07  0.115917E+07 -0.278004E-01  0.616773E+06  0.616699E+06  0.129922E+00
  0.194549E+00  0.113384E+07  0.112889E+07  0.109541E+01 -0.708975E+00  0.616559E+05  0.112635E+07  0.113306E+07  0.112635E+07 -0.270134E-01  0.599316E+06  0.599246E+06  0.118988E+00
  0.199462E+00  0.109894E+07  0.109423E+07  0.101000E+01 -0.653758E+00  0.575686E+05  0.109168E+07  0.109819E+07  0.109168E+07 -0.261817E-01  0.580869E+06  0.580803E+06  0.111667E+00
  0.204375E+00  0.106220E+07  0.105756E+07  0.929816E+00 -0.601914E+00  0.536427E+05  0.105516E+07  0.106147E+07  0.105516E+07 -0.253059E-01  0.561442E+06  0.561377E+06  0.107304E+00
  0.209288E+00  0.102434E+07  0.101963E+07  0.854997E+00 -0.553539E+00  0.499029E+05  0.101750E+07  0.102360E+07  0.101750E+07 -0.244028E-01  0.541409E+06  0.541344E+06  0.104870E+00
  0.214201E+00  0.986417E+06  0.981577E+06  0.785928E+00 -0.508876E+00  0.463872E+05  0.979771E+06  0.985654E+06  0.979771E+06 -0.234979E-01  0.521336E+06  0.521270E+06  0.103228E+00
  0.219114E+00  0.949749E+06  0.944784E+06  0.723087E+00 -0.468234E+00  0.431399E+05  0.943293E+06  0.948966E+06  0.943293E+06 -0.226231E-01  0.501929E+06  0.501863E+06  0.101388E+00
  0.224026E+00  0.915638E+06  0.910613E+06  0.666820E+00 -0.431838E+00  0.401972E+05  0.909368E+06  0.914846E+06  0.909368E+06 -0.218094E-01  0.483880E+06  0.483814E+06  0.986784E-01
  0.228939E+00  0.884991E+06  0.880002E+06  0.617099E+00 -0.399671E+00  0.375732E+05  0.878902E+06  0.884205E+06  0.878902E+06 -0.210788E-01  0.467672E+06  0.467607E+06  0.948063E-01
  0.233852E+00  0.858082E+06  0.853231E+06  0.573440E+00 -0.371420E+00  0.352525E+05  0.852168E+06  0.857317E+06  0.852168E+06 -0.204376E-01  0.453449E+06  0.453386E+06  0.898406E-01
  0.238765E+00  0.834606E+06  0.829981E+06  0.535031E+00 -0.346562E+00  0.331981E+05  0.828862E+06  0.833877E+06  0.828862E+06 -0.198787E-01  0.441049E+06  0.440989E+06  0.841239E-01
  0.243678E+00  0.813830E+06  0.809485E+06  0.500894E+00 -0.324465E+00  0.313598E+05  0.808249E+06  0.813146E+06  0.808249E+06 -0.193843E-01  0.430082E+06  0.430025E+06  0.781477E-01
  0.248591E+00  0.794794E+06  0.790740E+06  0.470044E+00 -0.304494E+00  0.296843E+05  0.789367E+06  0.794155E+06  0.789367E+06 -0.189314E-01  0.420036E+06  0.419982E+06  0.724206E-01
  0.253504E+00  0.776565E+06  0.772777E+06  0.441643E+00 -0.286108E+00  0.281253E+05  0.771284E+06  0.775968E+06  0.771284E+06 -0.184978E-01  0.410415E+06  0.410364E+06  0.673587E-01
  0.258417E+00  0.758421E+06  0.754843E+06  0.415082E+00 -0.268913E+00  0.266491E+05  0.753277E+06  0.757857E+06  0.753277E+06 -0.180659E-01  0.400835E+06  0.400786E+06  0.632130E-01
  0.263330E+00  0.739880E+06  0.736445E+06  0.389963E+00 -0.252651E+00  0.252338E+05  0.734866E+06  0.739339E+06  0.734866E+06 -0.176243E-01  0.391039E+06  0.390992E+06  0.600427E-01
  0.268243E+00  0.720740E+06  0.717380E+06  0.366077E+00 -0.237188E+00  0.238693E+05  0.715849E+06  0.720210E+06  0.715849E+06 -0.171682E-01  0.380921E+06  0.380874E+06  0.577339E-01
  0.273156E+00  0.701130E+06  0.697792E+06  0.343408E+00 -0.222513E+00  0.225571E+05  0.696357E+06  0.700604E+06  0.696357E+06 -0.167008E-01  0.370550E+06  0.370504E+06  0.560546E-01
  0.278068E+00  0.681476E+06  0.678129E+06  0.322075E+00 -0.208702E+00  0.213079E+05  0.676817E+06  0.680949E+06  0.676817E+06 -0.162322E-01  0.360154E+06  0.360108E+06  0.547209E-01
  0.282981E+00  0.662303E+06  0.658940E+06  0.302223E+00 -0.195849E+00  0.201339E+05  0.657754E+06  0.661773E+06  0.657754E+06 -0.157750E-01  0.350011E+06  0.349966E+06  0.534601E-01
  0.287894E+00  0.644052E+06  0.640688E+06  0.283936E+00 -0.184008E+00  0.190437E+05  0.639611E+06  0.643522E+06  0.639611E+06 -0.153398E-01  0.340357E+06  0.340312E+06  0.520591E-01
  0.292807E+00  0.627026E+06  0.623690E+06  0.267222E+00 -0.173184E+00  0.180404E+05  0.622690E+06  0.626501E+06  0.622690E+06 -0.149340E-01  0.331354E+06  0.331310E+06  0.503965E-01
  0.297720E+00  0.611391E+06  0.608118E+06  0.252024E+00 -0.163341E+00  0.171229E+05  0.607156E+06  0.610875E+06  0.607156E+06 -0.145615E-01  0.323089E+06  0.323046E+06  0.484501E-01
  0.302633E+00  0.597144E+06  0.593966E+06  0.238222E+00 -0.154401E+00  0.162854E+05  0.593008E+06  0.596643E+06  0.593008E+06 -0.142222E-01  0.315561E+06  0.315519E+06  0.462821E-01
  0.307546E+00  0.584097E+06  0.581037E+06  0.225632E+00 -0.146245E+00  0.155177E+05  0.580056E+06  0.583614E+06  0.580056E+06 -0.139115E-01  0.308670E+06  0.308629E+06  0.440082E-01
  0.312459E+00  0.571932E+06  0.569000E+06  0.214041E+00 -0.138736E+00  0.148067E+05  0.567983E+06  0.571470E+06  0.567983E+06 -0.136220E-01  0.302246E+06  0.302207E+06  0.417636E-01
  0.317372E+00  0.560309E+06  0.557501E+06  0.203251E+00 -0.131746E+00  0.141405E+05  0.556448E+06  0.559866E+06  0.556448E+06 -0.133453E-01  0.296108E+06  0.296070E+06  0.396719E-01
  0.322285E+00  0.548940E+06  0.546240E+06  0.193103E+00 -0.125171E+00  0.135090E+05  0.545164E+06  0.548515E+06  0.545164E+06 -0.130747E-01  0.290104E+06  0.290067E+06  0.378214E-01
  0.327198E+00  0.537619E+06  0.535005E+06  0.183484E+00 -0.118939E+00  0.129054E+05  0.533923E+06  0.537207E+06  0.533923E+06 -0.128051E-01  0.284123E+06  0.284087E+06  0.362522E-01
  0.332110E+00  0.526230E+06  0.523677E+06  0.174320E+00 -0.113002E+00  0.123255E+05  0.522612E+06  0.525828E+06  0.522612E+06 -0.125338E-01  0.278104E+06  0.278069E+06  0.349548E-01
  0.337023E+00  0.514765E+06  0.512251E+06  0.165584E+00 -0.107342E+00  0.117679E+05  0.511221E+06  0.514369E+06  0.511221E+06 -0.122607E-01  0.272043E+06  0.272009E+06  0.338804E-01
  0.341936E+00  0.503322E+06  0.500833E+06  0.157280E+00 -0.101963E+00  0.112337E+05  0.499850E+06  0.502930E+06  0.499850E+06 -0.119879E-01  0.265993E+06  0.265959E+06  0.329571E-01
  0.346849E+00  0.492065E+06  0.489594E+06  0.149433E+00 -0.968788E-01  0.107253E+05  0.488664E+06  0.491676E+06  0.488664E+06 -0.117197E-01  0.260040E+06  0.260007E+06  0.321076E-01
  0.351762E+00  0.481166E+06  0.478714E+06  0.142066E+00 -0.921056E-01  0.102451E+05  0.477832E+06  0.480779E+06  0.477832E+06 -0.114599E-01  0.254277E+06  0.254244E+06  0.312646E-01
  0.356675E+00  0.470755E+06  0.468329E+06  0.135187E+00 -0.876479E-01  0.979425E+04  0.467488E+06  0.470373E+06  0.467488E+06 -0.112118E-01  0.248773E+06  0.248740E+06  0.303814E-01
  0.361588E+00  0.460906E+06  0.458517E+06  0.128784E+00 -0.834989E-01  0.937266E+04  0.457704E+06  0.460529E+06  0.457704E+06 -0.109771E-01  0.243566E+06  0.243535E+06  0.294373E-01
  0.366501E+00  0.451635E+06  0.449294E+06  0.122832E+00 -0.796415E-01  0.897900E+04  0.448496E+06  0.451266E+06  0.448496E+06 -0.107563E-01  0.238667E+06  0.238636E+06  0.284366E-01
  0.371414E+00  0.442906E+06  0.440622E+06  0.117292E+00 -0.760508E-01  0.861103E+04  0.439828E+06  0.442546E+06  0.439828E+06 -0.105484E-01  0.234055E+06  0.234024E+06  0.274033E-01
  0.376327E+00  0.434638E+06  0.432416E+06  0.112116E+00 -0.726965E-01  0.826579E+04  0.431619E+06  0.434288E+06  0.431619E+06 -0.103516E-01  0.229687E+06  0.229657E+06  0.263718E-01
  0.381240E+00  0.426719E+06  0.424561E+06  0.107255E+00 -0.695457E-01  0.793997E+04  0.423758E+06  0.426379E+06  0.423758E+06 -0.101630E-01  0.225504E+06  0.225475E+06  0.253783E-01
  0.386152E+00  0.419033E+06  0.416933E+06  0.102660E+00 -0.665675E-01  0.763042E+04  0.416127E+06  0.418702E+06  0.416127E+06 -0.998000E-02  0.221443E+06  0.221415E+06  0.244520E-01
  0.391065E+00  0.411480E+06  0.409432E+06  0.982926E-01 -0.637365E-01  0.733455E+04  0.408628E+06  0.411157E+06  0.408628E+06 -0.980015E-02  0.217453E+06  0.217425E+06  0.236108E-01
  0.395978E+00  0.404004E+06  0.402000E+06  0.941263E-01 -0.610361E-01  0.705071E+04  0.401204E+06  0.403688E+06  0.401204E+06 -0.962210E-02  0.213502E+06  0.213475E+06  0.228593E-01
  0.400891E+00  0.396591E+06  0.394623E+06  0.901477E-01 -0.584573E-01  0.677812E+04  0.393842E+06  0.396281E+06  0.393842E+06 -0.944553E-02  0.209585E+06  0.209558E+06  0.221899E-01
  0.405804E+00  0.389262E+06  0.387322E+06  0.863511E-01 -0.559965E-01  0.651658E+04  0.386561E+06  0.388956E+06  0.386561E+06 -0.927091E-02  0.205710E+06  0.205684E+06  0.215862E-01
  0.410717E+00  0.382043E+06  0.380127E+06  0.827331E-01 -0.536514E-01  0.626606E+04  0.379389E+06  0.381741E+06  0.379389E+06 -0.909891E-02  0.201894E+06  0.201868E+06  0.210263E-01
  0.415630E+00  0.374981E+06  0.373088E+06  0.792944E-01 -0.514224E-01  0.602682E+04  0.372374E+06  0.374683E+06  0.372374E+06 -0.893067E-02  0.198161E+06  0.198136E+06  0.204891E-01
  0.420543E+00  0.368128E+06  0.366258E+06  0.760360E-01 -0.493102E-01  0.579913E+04  0.365566E+06  0.367833E+06  0.365566E+06 -0.876739E-02  0.194538E+06  0.194513E+06  0.199578E-01
  0.425456E+00  0.361525E+06  0.359682E+06  0.729568E-01 -0.473141E-01  0.558310E+04  0.359007E+06  0.361234E+06  0.359007E+06 -0.861009E-02  0.191048E+06  0.191024E+06  0.194220E-01
  0.430369E+00  0.355192E+06  0.353378E+06  0.700510E-01 -0.454304E-01  0.537849E+04  0.352717E+06  0.354906E+06  0.352717E+06 -0.845923E-02  0.187701E+06  0.187677E+06  0.188786E-01
  0.435282E+00  0.349122E+06  0.347341E+06  0.673080E-01 -0.436521E-01  0.518465E+04  0.346689E+06  0.348842E+06  0.346689E+06 -0.831467E-02  0.184494E+06  0.184470E+06  0.183305E-01
  0.440194E+00  0.343292E+06  0.341546E+06  0.647147E-01 -0.419708E-01  0.500073E+04  0.340900E+06  0.343017E+06  0.340900E+06 -0.817583E-02  0.181413E+06  0.181390E+06  0.177851E-01
  0.445107E+00  0.337667E+06  0.335956E+06  0.622567E-01 -0.403772E-01  0.482578E+04  0.335314E+06  0.337397E+06  0.335314E+06 -0.804186E-02  0.178441E+06  0.178418E+06  0.172521E-01
  0.450020E+00  0.332207E+06  0.330531E+06  0.599199E-01 -0.388621E-01  0.465881E+04  0.329893E+06  0.331943E+06  0.329893E+06 -0.791185E-02  0.175556E+06  0.175533E+06  0.167404E-01
  0.454933E+00  0.326877E+06  0.325234E+06  0.576918E-01 -0.374175E-01  0.449900E+04  0.324600E+06  0.326618E+06  0.324600E+06 -0.778491E-02  0.172740E+06  0.172717E+06  0.162571E-01
  0.459846E+00  0.321648E+06  0.320036E+06  0.555623E-01 -0.360368E-01  0.434564E+04  0.319408E+06  0.321394E+06  0.319408E+06 -0.766039E-02  0.169977E+06  0.169955E+06  0.158056E-01
  0.464759E+00  0.316503E+06  0.314918E+06  0.535235E-01 -0.347149E-01  0.419822E+04  0.314299E+06  0.316253E+06  0.314299E+06 -0.753785E-02  0.167258E+06  0.167236E+06  0.153856E-01
  0.469672E+00  0.311436E+06  0.309875E+06  0.515702E-01 -0.334485E-01  0.405643E+04  0.309267E+06  0.311190E+06  0.309267E+06 -0.741716E-02  0.164580E+06  0.164559E+06  0.149937E-01
  0.474585E+00  0.306454E+06  0.304915E+06  0.496997E-01 -0.322357E-01  0.392013E+04  0.304318E+06  0.306212E+06  0.304318E+06 -0.729849E-02  0.161947E+06  0.161926E+06  0.146247E-01
  0.479498E+00  0.301573E+06  0.300054E+06  0.479106E-01 -0.310757E-01  0.378927E+04  0.299470E+06  0.301334E+06  0.299470E+06 -0.718221E-02  0.159367E+06  0.159346E+06  0.142723E-01
  0.484411E+00  0.296807E+06  0.295308E+06  0.462014E-01 -0.299674E-01  0.366384E+04  0.294736E+06  0.296571E+06  0.294736E+06 -0.706867E-02  0.156848E+06  0.156828E+06  0.139309E-01
  0.489324E+00  0.292166E+06  0.290687E+06  0.445700E-01 -0.289096E-01  0.354371E+04  0.290126E+06  0.291932E+06  0.290126E+06 -0.695812E-02  0.154395E+06  0.154375E+06  0.135959E-01
  0.494236E+00  0.287656E+06  0.286199E+06  0.430138E-01 -0.279005E-01  0.342876E+04  0.285648E+06  0.287427E+06  0.285648E+06 -0.685071E-02  0.152012E+06  0.151992E+06  0.132648E-01
  0.499149E+00  0.283284E+06  0.281848E+06  0.415300E-01 -0.269383E-01  0.331883E+04  0.281306E+06  0.283058E+06  0.281306E+06 -0.674658E-02  0.149701E+06  0.149682E+06  0.129371E-01
  0.504062E+00  0.279046E+06  0.277633E+06  0.401150E-01 -0.260208E-01  0.321369E+04  0.277097E+06  0.278823E+06  0.277097E+06 -0.664564E-02  0.147461E+06  0.147442E+06  0.126138E-01
  0.508975E+00  0.274931E+06  0.273540E+06  0.387640E-01 -0.251446E-01  0.311300E+04  0.273011E+06  0.274712E+06  0.273011E+06 -0.654763E-02  0.145287E+06  0.145268E+06  0.122971E-01
  0.513888E+00  0.270923E+06  0.269555E+06  0.374718E-01 -0.243067E-01  0.301642E+04  0.269031E+06  0.270707E+06  0.269031E+06 -0.645218E-02  0.143169E+06  0.143150E+06  0.119892E-01
  0.518801E+00  0.267008E+06  0.265662E+06  0.362342E-01 -0.235041E-01  0.292363E+04  0.265143E+06  0.266796E+06  0.265143E+06 -0.635895E-02  0.141100E+06  0.141082E+06  0.116925E-01
  0.523714E+00  0.263177E+06  0.261852E+06  0.350472E-01 -0.227344E-01  0.283438E+04  0.261339E+06  0.262968E+06  0.261339E+06 -0.626771E-02  0.139076E+06  0.139058E+06  0.114084E-01
  0.528627E+00  0.259422E+06  0.258117E+06  0.339079E-01 -0.219955E-01  0.274845E+04  0.257610E+06  0.259216E+06  0.257610E+06 -0.617828E-02  0.137091E+06  0.137074E+06  0.111376E-01
  0.533540E+00  0.255737E+06  0.254451E+06  0.328134E-01 -0.212857E-01  0.266565E+04  0.253950E+06  0.255534E+06  0.253950E+06 -0.609051E-02  0.135144E+06  0.135127E+06  0.108796E-01
  0.538453E+00  0.252118E+06  0.250849E+06  0.317613E-01 -0.206034E-01  0.258582E+04  0.250356E+06  0.251918E+06  0.250356E+06 -0.600431E-02  0.133231E+06  0.133214E+06  0.106330E-01
  0.543366E+00  0.248565E+06  0.247314E+06  0.307499E-01 -0.199475E-01  0.250887E+04  0.246828E+06  0.248368E+06  0.246828E+06 -0.591970E-02  0.131354E+06  0.131337E+06  0.103963E-01
  0.548279E+00  0.245085E+06  0.243849E+06  0.297782E-01 -0.193174E-01  0.243473E+04  0.243372E+06  0.244890E+06  0.243372E+06 -0.583680E-02  0.129515E+06  0.129498E+06  0.101676E-01
  0.553191E+00  0.241681E+06  0.240462E+06  0.288453E-01 -0.187123E-01  0.236336E+04  0.239991E+06  0.241489E+06  0.239991E+06 -0.575573E-02  0.127716E+06  0.127699E+06  0.994537E-02
  0.558104E+00  0.238357E+06  0.237153E+06  0.279497E-01 -0.181315E-01  0.229466E+04  0.236690E+06  0.238167E+06  0.236690E+06 -0.567654E-02  0.125959E+06  0.125942E+06  0.972827E-02
  0.563017E+00  0.235110E+06  0.233922E+06  0.270899E-01 -0.175738E-01  0.222854E+04  0.233465E+06  0.234923E+06  0.233465E+06 -0.559921E-02  0.124243E+06  0.124227E+06  0.951558E-02
  0.567930E+00  0.231939E+06  0.230767E+06  0.262641E-01 -0.170382E-01  0.216488E+04  0.230316E+06  0.231754E+06  0.230316E+06 -0.552369E-02  0.122567E+06  0.122551E+06  0.930712E-02
  0.572843E+00  0.228843E+06  0.227687E+06  0.254708E-01 -0.165238E-01  0.210358E+04  0.227242E+06  0.228661E+06  0.227242E+06 -0.544996E-02  0.120931E+06  0.120916E+06  0.910316E-02
  0.577756E+00  0.225820E+06  0.224680E+06  0.247086E-01 -0.160294E-01  0.204454E+04  0.224240E+06  0.225640E+06  0.224240E+06 -0.537796E-02  0.119334E+06  0.119318E+06  0.890424E-02
  0.582669E+00  0.222864E+06  0.221739E+06  0.239756E-01 -0.155540E-01  0.198763E+04  0.221304E+06  0.222687E+06  0.221304E+06 -0.530756E-02  0.117772E+06  0.117756E+06  0.871092E-02
  0.587582E+00  0.219968E+06  0.218859E+06  0.232700E-01 -0.150963E-01  0.193270E+04  0.218429E+06  0.219793E+06  0.218429E+06 -0.523859E-02  0.116241E+06  0.116226E+06  0.852364E-02
  0.592495E+00  0.217128E+06  0.216034E+06  0.225901E-01 -0.146554E-01  0.187966E+04  0.215608E+06  0.216956E+06  0.215608E+06 -0.517095E-02  0.114740E+06  0.114726E+06  0.834264E-02
  0.597408E+00  0.214342E+06  0.213262E+06  0.219349E-01 -0.142304E-01  0.182842E+04  0.212842E+06  0.214172E+06  0.212842E+06 -0.510460E-02  0.113268E+06  0.113254E+06  0.816798E-02
  0.602321E+00  0.211609E+06  0.210542E+06  0.213033E-01 -0.138207E-01  0.177891E+04  0.210127E+06  0.211440E+06  0.210127E+06 -0.503950E-02  0.111824E+06  0.111809E+06  0.799943E-02
  0.607233E+00  0.208926E+06  0.207873E+06  0.206943E-01 -0.134257E-01  0.173106E+04  0.207464E+06  0.208760E+06  0.207464E+06 -0.497561E-02  0.110406E+06  0.110392E+06  0.783652E-02
  0.612146E+00  0.206293E+06  0.205253E+06  0.201067E-01 -0.130446E-01  0.168479E+04  0.204848E+06  0.206129E+06  0.204848E+06 -0.491289E-02  0.109014E+06  0.109000E+06  0.767866E-02
  0.617059E+00  0.203708E+06  0.202681E+06  0.195398E-01 -0.126769E-01  0.164006E+04  0.202282E+06  0.203546E+06  0.202282E+06 -0.485134E-02  0.107649E+06  0.107635E+06  0.752527E-02
  0.621972E+00  0.201174E+06  0.200160E+06  0.189931E-01 -0.123223E-01  0.159682E+04  0.199766E+06  0.201015E+06  0.199766E+06 -0.479099E-02  0.106310E+06  0.106296E+06  0.737588E-02
  0.626885E+00  0.198692E+06  0.197690E+06  0.184658E-01 -0.119803E-01  0.155503E+04  0.197301E+06  0.198534E+06  0.197301E+06 -0.473188E-02  0.104998E+06  0.104984E+06  0.723012E-02
  0.631798E+00  0.196261E+06  0.195271E+06  0.179572E-01 -0.116504E-01  0.151464E+04  0.194886E+06  0.196105E+06  0.194886E+06 -0.467397E-02  0.103713E+06  0.103700E+06  0.708774E-02
  0.636711E+00  0.193878E+06  0.192900E+06  0.174665E-01 -0.113320E-01  0.147559E+04  0.192520E+06  0.193724E+06  0.192520E+06 -0.461721E-02  0.102454E+06  0.102440E+06  0.694863E-02
  0.641624E+00  0.191542E+06  0.190575E+06  0.169927E-01 -0.110247E-01  0.143781E+04  0.190200E+06  0.191389E+06  0.190200E+06 -0.456157E-02  0.101219E+06  0.101206E+06  0.681278E-02
  0.646537E+00  0.189252E+06  0.188297E+06  0.165353E-01 -0.107280E-01  0.140127E+04  0.187926E+06  0.189101E+06  0.187926E+06 -0.450704E-02  0.100009E+06  0.999960E+05  0.668031E-02
  0.651450E+00  0.187007E+06  0.186064E+06  0.160936E-01 -0.104415E-01  0.136591E+04  0.185697E+06  0.186858E+06  0.185697E+06 -0.445358E-02  0.988228E+05  0.988100E+05  0.655134E-02
  0.656363E+00  0.184805E+06  0.183873E+06  0.156669E-01 -0.101647E-01  0.133169E+04  0.183510E+06  0.184658E+06  0.183510E+06 -0.440113E-02  0.976591E+05  0.976465E+05  0.642590E-02
  0.661275E+00  0.182642E+06  0.181722E+06  0.152543E-01 -0.989707E-02  0.129853E+04  0.181362E+06  0.182497E+06  0.181362E+06 -0.434963E-02  0.965163E+05  0.965038E+05  0.630397E-02
  0.666188E+00  0.180517E+06  0.179607E+06  0.148552E-01 -0.963819E-02  0.126640E+04  0.179252E+06  0.180374E+06  0.179252E+06 -0.429901E-02  0.953932E+05  0.953808E+05  0.618547E-02
  0.671101E+00  0.178429E+06  0.177530E+06  0.144692E-01 -0.938776E-02  0.123526E+04  0.177178E+06  0.178287E+06  0.177178E+06 -0.424928E-02  0.942897E+05  0.942775E+05  0.607031E-02
  0.676014E+00  0.176379E+06  0.175489E+06  0.140957E-01 -0.914550E-02  0.120508E+04  0.175142E+06  0.176238E+06  0.175142E+06 -0.420045E-02  0.932061E+05  0.931940E+05  0.595832E-02
  0.680927E+00  0.174365E+06  0.173486E+06  0.137344E-01 -0.891110E-02  0.117582E+04  0.173142E+06  0.174226E+06  0.173142E+06 -0.415248E-02  0.921418E+05  0.921299E+05  0.584930E-02
  0.685840E+00  0.172386E+06  0.171516E+06  0.133846E-01 -0.868422E-02  0.114745E+04  0.171177E+06  0.172249E+06  0.171177E+06 -0.410535E-02  0.910960E+05  0.910841E+05  0.574302E-02
  0.690753E+00  0.170441E+06  0.169581E+06  0.130460E-01 -0.846456E-02  0.111994E+04  0.169246E+06  0.170305E+06  0.169246E+06 -0.405903E-02  0.900681E+05  0.900565E+05  0.563931E-02
  0.695666E+00  0.168530E+06  0.167680E+06  0.127182E-01 -0.825191E-02  0.109326E+04  0.167349E+06  0.168396E+06  0.167349E+06 -0.401353E-02  0.890587E+05  0.890471E+05  0.553804E-02
  0.740185E+00  0.152684E+06  0.151914E+06  0.101778E-01 -0.660389E-02  0.884844E+03  0.151613E+06  0.152563E+06  0.151613E+06 -0.363614E-02  0.806847E+05  0.806743E+05  0.472258E-02
  0.787554E+00  0.138255E+06  0.137558E+06  0.814061E-02 -0.528222E-02  0.715309E+03  0.137285E+06  0.138145E+06  0.137285E+06 -0.329251E-02  0.730598E+05  0.730503E+05  0.402728E-02
  0.837953E+00  0.125132E+06  0.124501E+06  0.650814E-02 -0.422308E-02  0.577617E+03  0.124253E+06  0.125032E+06  0.124253E+06 -0.297996E-02  0.661246E+05  0.661159E+05  0.343341E-02
  0.891578E+00  0.113201E+06  0.112631E+06  0.520064E-02 -0.337475E-02  0.465929E+03  0.112406E+06  0.113111E+06  0.112406E+06 -0.269584E-02  0.598201E+05  0.598123E+05  0.292661E-02
  0.948635E+00  0.102364E+06  0.101848E+06  0.415402E-02 -0.269565E-02  0.375453E+03  0.101644E+06  0.102283E+06  0.101644E+06 -0.243775E-02  0.540932E+05  0.540861E+05  0.249443E-02
  0.990988E+00  0.953369E+05  0.948563E+05  0.354520E-02 -0.230061E-02  0.322310E+03  0.946666E+05  0.952612E+05  0.946666E+05 -0.227039E-02  0.503797E+05  0.503731E+05  0.222890E-02
  0.121284E+01  0.684317E+05  0.680867E+05  0.169884E-02 -0.110251E-02  0.158158E+03  0.679500E+05  0.683773E+05  0.679500E+05 -0.162965E-02  0.361619E+05  0.361570E+05  0.132494E-02
  0.148436E+01  0.489204E+05  0.486737E+05  0.810777E-03 -0.526202E-03  0.769138E+02  0.485758E+05  0.488815E+05  0.485758E+05 -0.116500E-02  0.258513E+05  0.258478E+05  0.789585E-03
  0.181667E+01  0.348428E+05  0.346669E+05  0.385520E-03 -0.250210E-03  0.506686E+02  0.345973E+05  0.348150E+05  0.345973E+05 -0.829749E-03  0.184122E+05  0.184096E+05  0.473190E-03
  0.222338E+01  0.247321E+05  0.246071E+05  0.182689E-03 -0.118574E-03  0.244380E+02  0.245578E+05  0.247124E+05  0.245578E+05 -0.588971E-03  0.130693E+05  0.130674E+05  0.286380E-03
