    0.10000E-03    0.51013E+03
    0.10202E-03    0.52004E+03
    0.10408E-03    0.53014E+03
    0.10618E-03    0.54043E+03
    0.10833E-03    0.55093E+03
    0.11052E-03    0.56163E+03
    0.11275E-03    0.57254E+03
    0.11503E-03    0.58366E+03
    0.11735E-03    0.59499E+03
    0.11972E-03    0.60654E+03
    0.12214E-03    0.61832E+03
    0.12461E-03    0.63033E+03
    0.12712E-03    0.64257E+03
    0.12969E-03    0.65505E+03
    0.13231E-03    0.66776E+03
    0.13499E-03    0.68073E+03
    0.13771E-03    0.69394E+03
    0.14049E-03    0.70742E+03
    0.14333E-03    0.72115E+03
    0.14623E-03    0.73515E+03
    0.14918E-03    0.74942E+03
    0.15220E-03    0.76396E+03
    0.15527E-03    0.77879E+03
    0.15841E-03    0.79391E+03
    0.16161E-03    0.80931E+03
    0.16487E-03    0.82502E+03
    0.16820E-03    0.84103E+03
    0.17160E-03    0.85735E+03
    0.17507E-03    0.87398E+03
    0.17860E-03    0.89094E+03
    0.18221E-03    0.90822E+03
    0.18589E-03    0.92584E+03
    0.18965E-03    0.94380E+03
    0.19348E-03    0.96210E+03
    0.19739E-03    0.98076E+03
    0.20138E-03    0.99978E+03
    0.20544E-03    0.10192E+04
    0.20959E-03    0.10389E+04
    0.21383E-03    0.10591E+04
    0.21815E-03    0.10796E+04
    0.22255E-03    0.11005E+04
    0.22705E-03    0.11218E+04
    0.23164E-03    0.11436E+04
    0.23632E-03    0.11657E+04
    0.24109E-03    0.11883E+04
    0.24596E-03    0.12114E+04
    0.25093E-03    0.12348E+04
    0.25600E-03    0.12587E+04
    0.26117E-03    0.12831E+04
    0.26645E-03    0.13079E+04
    0.27183E-03    0.13333E+04
    0.27732E-03    0.13591E+04
    0.28292E-03    0.13854E+04
    0.28864E-03    0.14122E+04
    0.29447E-03    0.14395E+04
    0.30042E-03    0.14673E+04
    0.30649E-03    0.14957E+04
    0.31268E-03    0.15246E+04
    0.31899E-03    0.15541E+04
    0.32544E-03    0.15841E+04
    0.33201E-03    0.16147E+04
    0.33872E-03    0.16459E+04
    0.34556E-03    0.16777E+04
    0.35254E-03    0.17101E+04
    0.35966E-03    0.17431E+04
    0.36693E-03    0.17768E+04
    0.37434E-03    0.18111E+04
    0.38190E-03    0.18460E+04
    0.38962E-03    0.18816E+04
    0.39749E-03    0.19179E+04
    0.40552E-03    0.19548E+04
    0.41371E-03    0.19925E+04
    0.42207E-03    0.20309E+04
    0.43060E-03    0.20700E+04
    0.43929E-03    0.21098E+04
    0.44817E-03    0.21504E+04
    0.45722E-03    0.21918E+04
    0.46646E-03    0.22339E+04
    0.47588E-03    0.22768E+04
    0.48550E-03    0.23206E+04
    0.49530E-03    0.23651E+04
    0.50531E-03    0.24105E+04
    0.51552E-03    0.24568E+04
    0.52593E-03    0.25039E+04
    0.53656E-03    0.25519E+04
    0.54739E-03    0.26007E+04
    0.55845E-03    0.26505E+04
    0.56973E-03    0.27013E+04
    0.58124E-03    0.27529E+04
    0.59299E-03    0.28055E+04
    0.60496E-03    0.28591E+04
    0.61719E-03    0.29137E+04
    0.62965E-03    0.29693E+04
    0.64237E-03    0.30259E+04
    0.65535E-03    0.30836E+04
    0.66859E-03    0.31423E+04
    0.68210E-03    0.32021E+04
    0.69588E-03    0.32630E+04
    0.70993E-03    0.33250E+04
    0.72427E-03    0.33882E+04
    0.73891E-03    0.34524E+04
    0.75383E-03    0.35179E+04
    0.76906E-03    0.35845E+04
    0.78460E-03    0.36524E+04
    0.80045E-03    0.37214E+04
    0.81662E-03    0.37917E+04
    0.83311E-03    0.38633E+04
    0.84994E-03    0.39362E+04
    0.86711E-03    0.40103E+04
    0.88463E-03    0.40858E+04
    0.90250E-03    0.41626E+04
    0.92073E-03    0.42408E+04
    0.93933E-03    0.43203E+04
    0.95831E-03    0.44013E+04
    0.97767E-03    0.44837E+04
    0.99742E-03    0.45675E+04
    0.10176E-02    0.46528E+04
    0.10381E-02    0.47395E+04
    0.10591E-02    0.48278E+04
    0.10805E-02    0.49176E+04
    0.11023E-02    0.50089E+04
    0.11246E-02    0.51018E+04
    0.11473E-02    0.51963E+04
    0.11705E-02    0.52924E+04
    0.11941E-02    0.53901E+04
    0.12182E-02    0.54895E+04
    0.12429E-02    0.55905E+04
    0.12680E-02    0.56933E+04
    0.12936E-02    0.57977E+04
    0.13197E-02    0.59039E+04
    0.13464E-02    0.60118E+04
    0.13736E-02    0.61215E+04
    0.14013E-02    0.62329E+04
    0.14296E-02    0.63462E+04
    0.14585E-02    0.64613E+04
    0.14880E-02    0.65783E+04
    0.15180E-02    0.66971E+04
    0.15487E-02    0.68178E+04
    0.15800E-02    0.69404E+04
    0.16119E-02    0.70649E+04
    0.16445E-02    0.71913E+04
    0.16777E-02    0.73197E+04
    0.17116E-02    0.74501E+04
    0.17462E-02    0.75824E+04
    0.17814E-02    0.77167E+04
    0.18174E-02    0.78531E+04
    0.18541E-02    0.79914E+04
    0.18916E-02    0.81318E+04
    0.19298E-02    0.82743E+04
    0.19688E-02    0.84188E+04
    0.20086E-02    0.85653E+04
    0.20491E-02    0.87140E+04
    0.20905E-02    0.88647E+04
    0.21328E-02    0.90176E+04
    0.21758E-02    0.91725E+04
    0.22198E-02    0.93295E+04
    0.22646E-02    0.94887E+04
    0.23104E-02    0.96499E+04
    0.23571E-02    0.98133E+04
    0.24047E-02    0.99788E+04
    0.24533E-02    0.10146E+05
    0.25028E-02    0.10316E+05
    0.25534E-02    0.10488E+05
    0.26050E-02    0.10662E+05
    0.26576E-02    0.10838E+05
    0.27113E-02    0.11016E+05
    0.27660E-02    0.11196E+05
    0.28219E-02    0.11379E+05
    0.28789E-02    0.11563E+05
    0.29371E-02    0.11749E+05
    0.29964E-02    0.11938E+05
    0.30569E-02    0.12128E+05
    0.31187E-02    0.12321E+05
    0.31817E-02    0.12515E+05
    0.32460E-02    0.12711E+05
    0.33115E-02    0.12910E+05
    0.33784E-02    0.13110E+05
    0.34467E-02    0.13312E+05
    0.35163E-02    0.13516E+05
    0.35874E-02    0.13721E+05
    0.36598E-02    0.13929E+05
    0.37338E-02    0.14138E+05
    0.38092E-02    0.14349E+05
    0.38861E-02    0.14561E+05
    0.39646E-02    0.14775E+05
    0.40447E-02    0.14991E+05
    0.41264E-02    0.15208E+05
    0.42098E-02    0.15427E+05
    0.42948E-02    0.15646E+05
    0.43816E-02    0.15868E+05
    0.44701E-02    0.16090E+05
    0.45604E-02    0.16314E+05
    0.46525E-02    0.16538E+05
    0.47465E-02    0.16763E+05
    0.48424E-02    0.16995E+05
    0.49402E-02    0.17218E+05
    0.50400E-02    0.17413E+05
    0.51419E-02    0.17615E+05
    0.52457E-02    0.17846E+05
    0.53517E-02    0.18078E+05
    0.54598E-02    0.18305E+05
    0.55701E-02    0.18533E+05
    0.56826E-02    0.18762E+05
    0.57974E-02    0.18991E+05
    0.59145E-02    0.19220E+05
    0.60340E-02    0.19448E+05
    0.61559E-02    0.19676E+05
    0.62803E-02    0.19904E+05
    0.64072E-02    0.20131E+05
    0.65366E-02    0.20357E+05
    0.66686E-02    0.20582E+05
    0.68033E-02    0.20806E+05
    0.69408E-02    0.21029E+05
    0.70810E-02    0.21251E+05
    0.72240E-02    0.21471E+05
    0.73700E-02    0.21689E+05
    0.75189E-02    0.21905E+05
    0.76708E-02    0.22119E+05
    0.78257E-02    0.22331E+05
    0.79838E-02    0.22541E+05
    0.81451E-02    0.22748E+05
    0.83096E-02    0.22952E+05
    0.84775E-02    0.23152E+05
    0.86488E-02    0.23350E+05
    0.88235E-02    0.23544E+05
    0.90017E-02    0.23735E+05
    0.91836E-02    0.23921E+05
    0.93691E-02    0.24104E+05
    0.95583E-02    0.24282E+05
    0.97514E-02    0.24455E+05
    0.99484E-02    0.24623E+05
    0.10149E-01    0.24787E+05
    0.10354E-01    0.24945E+05
    0.10564E-01    0.25097E+05
    0.10777E-01    0.25243E+05
    0.10995E-01    0.25384E+05
    0.11217E-01    0.25518E+05
    0.11443E-01    0.25645E+05
    0.11675E-01    0.25765E+05
    0.11910E-01    0.25878E+05
    0.12151E-01    0.25984E+05
    0.12397E-01    0.26081E+05
    0.12647E-01    0.26171E+05
    0.12902E-01    0.26252E+05
    0.13163E-01    0.26325E+05
    0.13429E-01    0.26389E+05
    0.13700E-01    0.26444E+05
    0.13977E-01    0.26489E+05
    0.14259E-01    0.26524E+05
    0.14547E-01    0.26550E+05
    0.14841E-01    0.26565E+05
    0.15141E-01    0.26570E+05
    0.15447E-01    0.26564E+05
    0.15759E-01    0.26547E+05
    0.16077E-01    0.26518E+05
    0.16402E-01    0.26479E+05
    0.16734E-01    0.26427E+05
    0.17072E-01    0.26364E+05
    0.17416E-01    0.26289E+05
    0.17768E-01    0.26202E+05
    0.18127E-01    0.26102E+05
    0.18493E-01    0.25990E+05
    0.18867E-01    0.25866E+05
    0.19248E-01    0.25728E+05
    0.19637E-01    0.25579E+05
    0.20034E-01    0.25416E+05
    0.20438E-01    0.25241E+05
    0.20851E-01    0.25053E+05
    0.21272E-01    0.24853E+05
    0.21702E-01    0.24641E+05
    0.22141E-01    0.24416E+05
    0.22588E-01    0.24179E+05
    0.23044E-01    0.23930E+05
    0.23510E-01    0.23670E+05
    0.23985E-01    0.23399E+05
    0.24469E-01    0.23116E+05
    0.24964E-01    0.22824E+05
    0.25468E-01    0.22521E+05
    0.25982E-01    0.22209E+05
    0.26507E-01    0.21888E+05
    0.27043E-01    0.21559E+05
    0.27589E-01    0.21222E+05
    0.28146E-01    0.20879E+05
    0.28715E-01    0.20529E+05
    0.29295E-01    0.20173E+05
    0.29887E-01    0.19813E+05
    0.30490E-01    0.19450E+05
    0.31106E-01    0.19083E+05
    0.31735E-01    0.18715E+05
    0.32376E-01    0.18345E+05
    0.33030E-01    0.17976E+05
    0.33697E-01    0.17607E+05
    0.34378E-01    0.17241E+05
    0.35072E-01    0.16877E+05
    0.35781E-01    0.16517E+05
    0.36504E-01    0.16162E+05
    0.37241E-01    0.15812E+05
    0.37993E-01    0.15469E+05
    0.38761E-01    0.15134E+05
    0.39544E-01    0.14807E+05
    0.40343E-01    0.14488E+05
    0.41158E-01    0.14180E+05
    0.41989E-01    0.13881E+05
    0.42838E-01    0.13594E+05
    0.43703E-01    0.13317E+05
    0.44586E-01    0.13052E+05
    0.45486E-01    0.12799E+05
    0.46405E-01    0.12558E+05
    0.47343E-01    0.12329E+05
    0.48299E-01    0.12111E+05
    0.49275E-01    0.11905E+05
    0.50270E-01    0.11709E+05
    0.51286E-01    0.11524E+05
    0.52322E-01    0.11349E+05
    0.53379E-01    0.11183E+05
    0.54457E-01    0.11025E+05
    0.55557E-01    0.10873E+05
    0.56680E-01    0.10727E+05
    0.57825E-01    0.10584E+05
    0.58993E-01    0.10445E+05
    0.60184E-01    0.10306E+05
    0.61400E-01    0.10167E+05
    0.62641E-01    0.10026E+05
    0.63906E-01    0.98801E+04
    0.65197E-01    0.97293E+04
    0.66514E-01    0.95714E+04
    0.67858E-01    0.94053E+04
    0.69229E-01    0.92298E+04
    0.70627E-01    0.90440E+04
    0.72054E-01    0.88475E+04
    0.73510E-01    0.86401E+04
    0.74994E-01    0.84220E+04
    0.76509E-01    0.81938E+04
    0.78055E-01    0.79565E+04
    0.79632E-01    0.77117E+04
    0.81241E-01    0.74611E+04
    0.82882E-01    0.72069E+04
    0.84556E-01    0.69516E+04
    0.86264E-01    0.66978E+04
    0.88007E-01    0.64482E+04
    0.89785E-01    0.62055E+04
    0.91598E-01    0.59722E+04
    0.93449E-01    0.57509E+04
    0.95337E-01    0.55434E+04
    0.97263E-01    0.53515E+04
    0.99227E-01    0.51763E+04
    0.10123E+00    0.50185E+04
    0.10328E+00    0.48782E+04
    0.10536E+00    0.47550E+04
    0.10749E+00    0.46476E+04
    0.10966E+00    0.45545E+04
    0.11188E+00    0.44734E+04
    0.11414E+00    0.44018E+04
    0.11644E+00    0.43364E+04
    0.11880E+00    0.42740E+04
    0.12120E+00    0.42109E+04
    0.12365E+00    0.41441E+04
    0.12614E+00    0.40706E+04
    0.12869E+00    0.39880E+04
    0.13129E+00    0.38949E+04
    0.13394E+00    0.37906E+04
    0.13665E+00    0.36756E+04
    0.13941E+00    0.35518E+04
    0.14223E+00    0.34217E+04
    0.14510E+00    0.32887E+04
    0.14803E+00    0.31565E+04
    0.15102E+00    0.30287E+04
    0.15407E+00    0.29089E+04
    0.15718E+00    0.27999E+04
    0.16036E+00    0.27035E+04
    0.16360E+00    0.26206E+04
    0.16690E+00    0.25509E+04
    0.17028E+00    0.24930E+04
    0.17371E+00    0.24448E+04
    0.17722E+00    0.24030E+04
    0.18080E+00    0.23641E+04
    0.18446E+00    0.23245E+04
    0.18818E+00    0.22811E+04
    0.19198E+00    0.22316E+04
    0.19586E+00    0.21747E+04
    0.19982E+00    0.21108E+04
    0.20386E+00    0.20415E+04
    0.20797E+00    0.19697E+04
    0.21218E+00    0.18985E+04
    0.21646E+00    0.18311E+04
    0.22083E+00    0.17700E+04
    0.22530E+00    0.17167E+04
    0.22985E+00    0.16714E+04
    0.23449E+00    0.16334E+04
    0.23923E+00    0.16005E+04
    0.24406E+00    0.15701E+04
    0.24899E+00    0.15397E+04
    0.25402E+00    0.15071E+04
    0.25915E+00    0.14710E+04
    0.26439E+00    0.14316E+04
    0.26973E+00    0.13899E+04
    0.27518E+00    0.13479E+04
    0.28074E+00    0.13077E+04
    0.28641E+00    0.12709E+04
    0.29219E+00    0.12384E+04
    0.29810E+00    0.12099E+04
    0.30412E+00    0.11842E+04
    0.31026E+00    0.11599E+04
    0.31653E+00    0.11355E+04
    0.32292E+00    0.11099E+04
    0.32945E+00    0.10830E+04
    0.33610E+00    0.10555E+04
    0.34289E+00    0.10285E+04
    0.34982E+00    0.10029E+04
    0.35689E+00    0.97946E+03
    0.36409E+00    0.95796E+03
    0.37145E+00    0.93784E+03
    0.37895E+00    0.91830E+03
    0.38661E+00    0.89868E+03
    0.39442E+00    0.87880E+03
    0.40239E+00    0.85891E+03
    0.41052E+00    0.83952E+03
    0.41881E+00    0.82107E+03
    0.42727E+00    0.80367E+03
    0.43590E+00    0.78713E+03
    0.44471E+00    0.77108E+03
    0.45369E+00    0.75523E+03
    0.46286E+00    0.73950E+03
    0.47221E+00    0.72406E+03
    0.48174E+00    0.70909E+03
    0.49148E+00    0.69471E+03
    0.50141E+00    0.68085E+03
    0.51153E+00    0.66736E+03
    0.52187E+00    0.65413E+03
    0.53241E+00    0.64113E+03
    0.54317E+00    0.62844E+03
    0.55414E+00    0.61610E+03
    0.56533E+00    0.60412E+03
    0.57675E+00    0.59243E+03
    0.58840E+00    0.58099E+03
    0.60029E+00    0.56978E+03
    0.61242E+00    0.55882E+03
    0.62479E+00    0.54812E+03
    0.63741E+00    0.53767E+03
    0.65029E+00    0.52743E+03
    0.66342E+00    0.51740E+03
    0.67683E+00    0.50757E+03
    0.69050E+00    0.49795E+03
    0.70445E+00    0.48851E+03
    0.71868E+00    0.47926E+03
    0.73320E+00    0.47019E+03
    0.74801E+00    0.46128E+03
    0.76312E+00    0.45253E+03
    0.77854E+00    0.44394E+03
    0.79426E+00    0.43550E+03
    0.81031E+00    0.42721E+03
    0.82668E+00    0.41906E+03
    0.84338E+00    0.41104E+03
    0.86041E+00    0.40315E+03
    0.87780E+00    0.39539E+03
    0.89553E+00    0.38775E+03
    0.91362E+00    0.38023E+03
    0.93208E+00    0.37283E+03
    0.95091E+00    0.36554E+03
    0.97011E+00    0.35835E+03
    0.98971E+00    0.35127E+03
    0.10097E+01    0.34429E+03
    0.10301E+01    0.33742E+03
    0.10509E+01    0.33063E+03
    0.10721E+01    0.32395E+03
    0.10938E+01    0.31736E+03
    0.11159E+01    0.31085E+03
    0.11384E+01    0.30444E+03
    0.11614E+01    0.29812E+03
    0.11849E+01    0.29188E+03
    0.12088E+01    0.28572E+03
    0.12333E+01    0.27965E+03
    0.12582E+01    0.27366E+03
    0.12836E+01    0.26775E+03
    0.13095E+01    0.26192E+03
    0.13360E+01    0.25617E+03
    0.13630E+01    0.25049E+03
    0.13905E+01    0.24490E+03
    0.14186E+01    0.23938E+03
    0.14472E+01    0.23393E+03
    0.14765E+01    0.22856E+03
    0.15063E+01    0.22327E+03
    0.15367E+01    0.21805E+03
    0.15678E+01    0.21290E+03
    0.15994E+01    0.20783E+03
    0.16318E+01    0.20283E+03
    0.16647E+01    0.19791E+03
    0.16984E+01    0.19305E+03
    0.17327E+01    0.18828E+03
    0.17677E+01    0.18357E+03
    0.18034E+01    0.17895E+03
    0.18398E+01    0.17439E+03
    0.18770E+01    0.16990E+03
    0.19149E+01    0.16547E+03
    0.19536E+01    0.16112E+03
    0.19930E+01    0.15685E+03
    0.20333E+01    0.15268E+03
