  0.969675E-05  0.193053E+08  0.193053E+08  0.257294E+08  0.257290E+08  0.193065E+08  0.193053E+08  0.193053E+08  0.193116E+08 -0.477479E+00  0.104252E+08  0.104252E+08  0.522597E+01
  0.106155E-04  0.193053E+08  0.193053E+08  0.257272E+08  0.257268E+08  0.193065E+08  0.193053E+08  0.193053E+08  0.193116E+08 -0.477479E+00  0.104252E+08  0.104252E+08  0.572097E+01
  0.116212E-04  0.193053E+08  0.193053E+08  0.257245E+08  0.257241E+08  0.193065E+08  0.193053E+08  0.193053E+08  0.193116E+08 -0.477479E+00  0.104252E+08  0.104252E+08  0.626283E+01
  0.127223E-04  0.193053E+08  0.193053E+08  0.257214E+08  0.257208E+08  0.193065E+08  0.193053E+08  0.193053E+08  0.193116E+08 -0.477479E+00  0.104252E+08  0.104252E+08  0.685598E+01
  0.139276E-04  0.193053E+08  0.193053E+08  0.257176E+08  0.257169E+08  0.193065E+08  0.193053E+08  0.193053E+08  0.193116E+08 -0.477478E+00  0.104252E+08  0.104252E+08  0.750526E+01
  0.152472E-04  0.193053E+08  0.193053E+08  0.257131E+08  0.257123E+08  0.193064E+08  0.193053E+08  0.193053E+08  0.193116E+08 -0.477478E+00  0.104252E+08  0.104252E+08  0.821597E+01
  0.166918E-04  0.193053E+08  0.193053E+08  0.257077E+08  0.257067E+08  0.193064E+08  0.193053E+08  0.193053E+08  0.193116E+08 -0.477478E+00  0.104252E+08  0.104252E+08  0.899389E+01
  0.182732E-04  0.193053E+08  0.193053E+08  0.257012E+08  0.257000E+08  0.193064E+08  0.193053E+08  0.193053E+08  0.193115E+08 -0.477477E+00  0.104252E+08  0.104252E+08  0.984537E+01
  0.200045E-04  0.193052E+08  0.193052E+08  0.256934E+08  0.256920E+08  0.193064E+08  0.193053E+08  0.193052E+08  0.193115E+08 -0.477477E+00  0.104252E+08  0.104252E+08  0.107773E+02
  0.218998E-04  0.193052E+08  0.193052E+08  0.256840E+08  0.256824E+08  0.193063E+08  0.193052E+08  0.193052E+08  0.193115E+08 -0.477477E+00  0.104251E+08  0.104251E+08  0.117973E+02
  0.239747E-04  0.193052E+08  0.193052E+08  0.256729E+08  0.256709E+08  0.193063E+08  0.193052E+08  0.193052E+08  0.193115E+08 -0.477476E+00  0.104251E+08  0.104251E+08  0.129136E+02
  0.262462E-04  0.193052E+08  0.193052E+08  0.256595E+08  0.256571E+08  0.193063E+08  0.193052E+08  0.193052E+08  0.193115E+08 -0.477475E+00  0.104251E+08  0.104251E+08  0.141351E+02
  0.287328E-04  0.193052E+08  0.193052E+08  0.256434E+08  0.256406E+08  0.193062E+08  0.193052E+08  0.193052E+08  0.193114E+08 -0.477474E+00  0.104251E+08  0.104251E+08  0.154719E+02
  0.314551E-04  0.193051E+08  0.193051E+08  0.256242E+08  0.256208E+08  0.193061E+08  0.193051E+08  0.193051E+08  0.193114E+08 -0.477473E+00  0.104251E+08  0.104251E+08  0.169344E+02
  0.344353E-04  0.193051E+08  0.193051E+08  0.256012E+08  0.255971E+08  0.193061E+08  0.193051E+08  0.193051E+08  0.193113E+08 -0.477472E+00  0.104251E+08  0.104251E+08  0.185346E+02
  0.376978E-04  0.193050E+08  0.193050E+08  0.255737E+08  0.255688E+08  0.193060E+08  0.193050E+08  0.193050E+08  0.193113E+08 -0.477470E+00  0.104250E+08  0.104250E+08  0.202850E+02
  0.412695E-04  0.193050E+08  0.193050E+08  0.255407E+08  0.255348E+08  0.193059E+08  0.193050E+08  0.193050E+08  0.193112E+08 -0.477469E+00  0.104250E+08  0.104250E+08  0.221994E+02
  0.451795E-04  0.193049E+08  0.193049E+08  0.255012E+08  0.254942E+08  0.193057E+08  0.193049E+08  0.193049E+08  0.193111E+08 -0.477466E+00  0.104250E+08  0.104250E+08  0.242930E+02
  0.494601E-04  0.193048E+08  0.193048E+08  0.254540E+08  0.254456E+08  0.193056E+08  0.193048E+08  0.193048E+08  0.193110E+08 -0.477464E+00  0.104249E+08  0.104249E+08  0.265819E+02
  0.541461E-04  0.193047E+08  0.193047E+08  0.253975E+08  0.253874E+08  0.193054E+08  0.193047E+08  0.193047E+08  0.193109E+08 -0.477461E+00  0.104249E+08  0.104249E+08  0.290837E+02
  0.592761E-04  0.193046E+08  0.193046E+08  0.253299E+08  0.253179E+08  0.193052E+08  0.193046E+08  0.193046E+08  0.193108E+08 -0.477457E+00  0.104248E+08  0.104248E+08  0.318173E+02
  0.648922E-04  0.193045E+08  0.193044E+08  0.252491E+08  0.252348E+08  0.193049E+08  0.193045E+08  0.193044E+08  0.193106E+08 -0.477452E+00  0.104247E+08  0.104247E+08  0.348031E+02
  0.710404E-04  0.193043E+08  0.193043E+08  0.251527E+08  0.251355E+08  0.193046E+08  0.193043E+08  0.193043E+08  0.193104E+08 -0.477447E+00  0.104246E+08  0.104246E+08  0.380629E+02
  0.777711E-04  0.193041E+08  0.193040E+08  0.250375E+08  0.250171E+08  0.193042E+08  0.193041E+08  0.193041E+08  0.193102E+08 -0.477441E+00  0.104245E+08  0.104245E+08  0.416199E+02
  0.851394E-04  0.193038E+08  0.193038E+08  0.249001E+08  0.248757E+08  0.193037E+08  0.193038E+08  0.193038E+08  0.193099E+08 -0.477433E+00  0.104244E+08  0.104244E+08  0.454986E+02
  0.932059E-04  0.193035E+08  0.193035E+08  0.247363E+08  0.247073E+08  0.193031E+08  0.193035E+08  0.193035E+08  0.193096E+08 -0.477424E+00  0.104242E+08  0.104242E+08  0.497250E+02
  0.102037E-03  0.193032E+08  0.193031E+08  0.245414E+08  0.245068E+08  0.193025E+08  0.193032E+08  0.193032E+08  0.193091E+08 -0.477413E+00  0.104240E+08  0.104240E+08  0.543257E+02
  0.111704E-03  0.193027E+08  0.193027E+08  0.243097E+08  0.242686E+08  0.193017E+08  0.193027E+08  0.193027E+08  0.193087E+08 -0.477400E+00  0.104238E+08  0.104238E+08  0.593283E+02
  0.122287E-03  0.193022E+08  0.193022E+08  0.240346E+08  0.239858E+08  0.193007E+08  0.193022E+08  0.193022E+08  0.193081E+08 -0.477384E+00  0.104235E+08  0.104235E+08  0.647605E+02
  0.133873E-03  0.193016E+08  0.193015E+08  0.237087E+08  0.236509E+08  0.192995E+08  0.193016E+08  0.193016E+08  0.193074E+08 -0.477365E+00  0.104232E+08  0.104231E+08  0.706497E+02
  0.146557E-03  0.193009E+08  0.193008E+08  0.233235E+08  0.232551E+08  0.192981E+08  0.193009E+08  0.193009E+08  0.193065E+08 -0.477342E+00  0.104228E+08  0.104227E+08  0.770218E+02
  0.160443E-03  0.193000E+08  0.192999E+08  0.228695E+08  0.227889E+08  0.192965E+08  0.193000E+08  0.193000E+08  0.193055E+08 -0.477316E+00  0.104223E+08  0.104222E+08  0.839001E+02
  0.175644E-03  0.192990E+08  0.192988E+08  0.223362E+08  0.222414E+08  0.192945E+08  0.192989E+08  0.192989E+08  0.193044E+08 -0.477284E+00  0.104217E+08  0.104217E+08  0.913038E+02
  0.192285E-03  0.192977E+08  0.192975E+08  0.217122E+08  0.216013E+08  0.192921E+08  0.192977E+08  0.192977E+08  0.193029E+08 -0.477245E+00  0.104210E+08  0.104210E+08  0.992456E+02
  0.210503E-03  0.192962E+08  0.192960E+08  0.209857E+08  0.208564E+08  0.192893E+08  0.192961E+08  0.192962E+08  0.193013E+08 -0.477200E+00  0.104202E+08  0.104201E+08  0.107730E+03
  0.230447E-03  0.192944E+08  0.192942E+08  0.201447E+08  0.199950E+08  0.192859E+08  0.192944E+08  0.192944E+08  0.192993E+08 -0.477146E+00  0.104192E+08  0.104191E+08  0.116747E+03
  0.252280E-03  0.192923E+08  0.192920E+08  0.191782E+08  0.190061E+08  0.192818E+08  0.192922E+08  0.192923E+08  0.192969E+08 -0.477082E+00  0.104180E+08  0.104179E+08  0.126274E+03
  0.276182E-03  0.192898E+08  0.192894E+08  0.180769E+08  0.178806E+08  0.192770E+08  0.192896E+08  0.192897E+08  0.192940E+08 -0.477006E+00  0.104166E+08  0.104165E+08  0.136264E+03
  0.302349E-03  0.192868E+08  0.192863E+08  0.168351E+08  0.166135E+08  0.192712E+08  0.192866E+08  0.192867E+08  0.192907E+08 -0.476916E+00  0.104150E+08  0.104148E+08  0.146645E+03
  0.330995E-03  0.192832E+08  0.192826E+08  0.154526E+08  0.152056E+08  0.192643E+08  0.192830E+08  0.192831E+08  0.192867E+08 -0.476810E+00  0.104130E+08  0.104128E+08  0.157313E+03
  0.362354E-03  0.192789E+08  0.192783E+08  0.139371E+08  0.136660E+08  0.192561E+08  0.192787E+08  0.192788E+08  0.192821E+08 -0.476685E+00  0.104107E+08  0.104105E+08  0.168125E+03
  0.396685E-03  0.192739E+08  0.192731E+08  0.123072E+08  0.120153E+08  0.192463E+08  0.192736E+08  0.192738E+08  0.192766E+08 -0.476539E+00  0.104079E+08  0.104077E+08  0.178897E+03
  0.434269E-03  0.192679E+08  0.192670E+08  0.105952E+08  0.102882E+08  0.192347E+08  0.192676E+08  0.192678E+08  0.192701E+08 -0.476368E+00  0.104046E+08  0.104043E+08  0.189395E+03
  0.475414E-03  0.192609E+08  0.192598E+08  0.884875E+07  0.853538E+07  0.192209E+08  0.192605E+08  0.192607E+08  0.192626E+08 -0.476169E+00  0.104007E+08  0.104004E+08  0.199342E+03
  0.520456E-03  0.192526E+08  0.192513E+08  0.713122E+07  0.682322E+07  0.192045E+08  0.192521E+08  0.192524E+08  0.192538E+08 -0.475937E+00  0.103961E+08  0.103958E+08  0.208416E+03
  0.569767E-03  0.192428E+08  0.192414E+08  0.551879E+07  0.523060E+07  0.191851E+08  0.192423E+08  0.192426E+08  0.192436E+08 -0.475670E+00  0.103907E+08  0.103904E+08  0.216270E+03
  0.623749E-03  0.192314E+08  0.192298E+08  0.409262E+07  0.384015E+07  0.191622E+08  0.192308E+08  0.192312E+08  0.192318E+08 -0.475361E+00  0.103845E+08  0.103840E+08  0.222545E+03
  0.682845E-03  0.192181E+08  0.192162E+08  0.292558E+07  0.272394E+07  0.191352E+08  0.192173E+08  0.192178E+08  0.192180E+08 -0.475007E+00  0.103771E+08  0.103766E+08  0.226905E+03
  0.747541E-03  0.192026E+08  0.192005E+08  0.206410E+07  0.192432E+07  0.191035E+08  0.192017E+08  0.192023E+08  0.192022E+08 -0.474601E+00  0.103686E+08  0.103681E+08  0.229071E+03
  0.818366E-03  0.191847E+08  0.191822E+08  0.150933E+07  0.143455E+07  0.190662E+08  0.191836E+08  0.191843E+08  0.191839E+08 -0.474137E+00  0.103587E+08  0.103581E+08  0.228855E+03
  0.895902E-03  0.191639E+08  0.191612E+08  0.120595E+07  0.118837E+07  0.190225E+08  0.191626E+08  0.191635E+08  0.191629E+08 -0.473606E+00  0.103473E+08  0.103467E+08  0.226184E+03
  0.980783E-03  0.191400E+08  0.191369E+08  0.104976E+07  0.107036E+07  0.189714E+08  0.191385E+08  0.191395E+08  0.191387E+08 -0.473000E+00  0.103341E+08  0.103335E+08  0.221110E+03
  0.107371E-02  0.191124E+08  0.191091E+08  0.922199E+06  0.955012E+06  0.189120E+08  0.191107E+08  0.191119E+08  0.191109E+08 -0.472307E+00  0.103191E+08  0.103184E+08  0.213782E+03
  0.117543E-02  0.190809E+08  0.190773E+08  0.745037E+06  0.766078E+06  0.188428E+08  0.190789E+08  0.190803E+08  0.190791E+08 -0.471515E+00  0.103018E+08  0.103011E+08  0.204409E+03
  0.128680E-02  0.190448E+08  0.190410E+08  0.524312E+06  0.521755E+06  0.187625E+08  0.190425E+08  0.190442E+08  0.190426E+08 -0.470611E+00  0.102821E+08  0.102814E+08  0.193235E+03
  0.140872E-02  0.190035E+08  0.189996E+08  0.337875E+06  0.316723E+06  0.186700E+08  0.190009E+08  0.190029E+08  0.190010E+08 -0.469579E+00  0.102596E+08  0.102589E+08  0.180545E+03
  0.154219E-02  0.189566E+08  0.189525E+08  0.251339E+06  0.227247E+06  0.185638E+08  0.189536E+08  0.189560E+08  0.189537E+08 -0.468406E+00  0.102341E+08  0.102333E+08  0.166715E+03
  0.168830E-02  0.189033E+08  0.188991E+08  0.232452E+06  0.218199E+06  0.184423E+08  0.188998E+08  0.189026E+08  0.188999E+08 -0.467075E+00  0.102050E+08  0.102043E+08  0.152262E+03
  0.184825E-02  0.188428E+08  0.188386E+08  0.185866E+06 -0.115001E+06  0.183040E+08  0.188389E+08  0.188422E+08  0.188389E+08 -0.465566E+00  0.101721E+08  0.101714E+08  0.137803E+03
  0.202337E-02  0.187744E+08  0.187703E+08  0.987834E+05 -0.956045E+05  0.181475E+08  0.187700E+08  0.187738E+08  0.187700E+08 -0.463861E+00  0.101350E+08  0.101342E+08  0.123934E+03
  0.221507E-02  0.186973E+08  0.186931E+08  0.607269E+05 -0.794426E+05  0.179715E+08  0.186922E+08  0.186966E+08  0.186922E+08 -0.461939E+00  0.100930E+08  0.100923E+08  0.111153E+03
  0.242493E-02  0.186105E+08  0.186063E+08  0.728193E+05 -0.659789E+05  0.177748E+08  0.186048E+08  0.186098E+08  0.186048E+08 -0.459776E+00  0.100458E+08  0.100451E+08  0.998439E+02
  0.265468E-02  0.185131E+08  0.185088E+08  0.450308E+05 -0.547651E+05  0.175565E+08  0.185066E+08  0.185124E+08  0.185066E+08 -0.457349E+00  0.999289E+07  0.999217E+07  0.902052E+02
  0.290620E-02  0.184041E+08  0.183997E+08  0.215699E+05 -0.454281E+05  0.173160E+08  0.183968E+08  0.184034E+08  0.183968E+08 -0.454635E+00  0.993367E+07  0.993296E+07  0.821177E+02
  0.318154E-02  0.182825E+08  0.182780E+08  0.271383E+05 -0.376565E+05  0.170529E+08  0.182744E+08  0.182818E+08  0.182744E+08 -0.451608E+00  0.986765E+07  0.986693E+07  0.752048E+02
  0.348298E-02  0.181474E+08  0.181427E+08  0.723383E+04 -0.311901E+05  0.167669E+08  0.181383E+08  0.181467E+08  0.181383E+08 -0.448245E+00  0.979428E+07  0.979356E+07  0.689832E+02
  0.381297E-02  0.179977E+08  0.179927E+08  0.750799E+04 -0.258123E+05  0.164577E+08  0.179876E+08  0.179970E+08  0.179876E+08 -0.444521E+00  0.971304E+07  0.971232E+07  0.630309E+02
  0.417423E-02  0.178325E+08  0.178273E+08 -0.166175E+04 -0.213420E+05  0.161247E+08  0.178213E+08  0.178317E+08  0.178213E+08 -0.440412E+00  0.962339E+07  0.962268E+07  0.572264E+02
  0.456971E-02  0.176507E+08  0.176452E+08  0.601044E+04 -0.176282E+05  0.157669E+08  0.176385E+08  0.176499E+08  0.176385E+08 -0.435892E+00  0.952479E+07  0.952408E+07  0.517469E+02
  0.500266E-02  0.174514E+08  0.174456E+08  0.270985E+04 -0.145448E+05  0.153826E+08  0.174380E+08  0.174506E+08  0.174380E+08 -0.430937E+00  0.941671E+07  0.941600E+07  0.468722E+02
  0.547664E-02  0.172336E+08  0.172273E+08 -0.206858E+04 -0.119866E+05  0.149706E+08  0.172189E+08  0.172326E+08  0.172189E+08 -0.425522E+00  0.929859E+07  0.929789E+07  0.426627E+02
  0.599552E-02  0.169962E+08  0.169893E+08  0.945114E+03 -0.986561E+04  0.145295E+08  0.169802E+08  0.169952E+08  0.169802E+08 -0.419623E+00  0.916990E+07  0.916920E+07  0.388845E+02
  0.656356E-02  0.167389E+08  0.167314E+08  0.216668E+03 -0.810891E+04  0.140500E+08  0.167214E+08  0.167378E+08  0.167214E+08 -0.413228E+00  0.903040E+07  0.902971E+07  0.353062E+02
  0.718542E-02  0.164594E+08  0.164512E+08 -0.115399E+03 -0.665461E+04  0.135475E+08  0.164405E+08  0.164582E+08  0.164405E+08 -0.406287E+00  0.887896E+07  0.887827E+07  0.319953E+02
  0.786620E-02  0.161575E+08  0.161485E+08 -0.158776E+04 -0.545209E+04  0.130197E+08  0.161371E+08  0.161562E+08  0.161371E+08 -0.398788E+00  0.871536E+07  0.871468E+07  0.291014E+02
  0.861147E-02  0.158319E+08  0.158218E+08  0.403420E+03 -0.445876E+04  0.124663E+08  0.158099E+08  0.158304E+08  0.158099E+08 -0.390703E+00  0.853897E+07  0.853829E+07  0.264972E+02
  0.942736E-02  0.154820E+08  0.154708E+08 -0.156737E+04 -0.363926E+04  0.118875E+08  0.154585E+08  0.154803E+08  0.154585E+08 -0.382018E+00  0.834948E+07  0.834880E+07  0.240791E+02
  0.103205E-01  0.151068E+08  0.150942E+08 -0.168277E+04 -0.296397E+04  0.112843E+08  0.150817E+08  0.151049E+08  0.150817E+08 -0.372706E+00  0.814629E+07  0.814561E+07  0.219395E+02
  0.112984E-01  0.147051E+08  0.146909E+08 -0.518438E+03 -0.240822E+04  0.106621E+08  0.146785E+08  0.147030E+08  0.146785E+08 -0.362741E+00  0.792882E+07  0.792814E+07  0.200101E+02
  0.123688E-01  0.142762E+08  0.142602E+08 -0.144211E+04 -0.195152E+04  0.100262E+08  0.142480E+08  0.142738E+08  0.142480E+08 -0.352103E+00  0.769665E+07  0.769598E+07  0.182566E+02
  0.135407E-01  0.138193E+08  0.138011E+08 -0.114653E+04 -0.157686E+04  0.937744E+07  0.137896E+08  0.138166E+08  0.137896E+08 -0.340775E+00  0.744940E+07  0.744872E+07  0.166962E+02
  0.148236E-01  0.133337E+08  0.133132E+08 -0.621966E+03 -0.127004E+04  0.871831E+07  0.133026E+08  0.133307E+08  0.133026E+08 -0.328741E+00  0.718672E+07  0.718604E+07  0.152792E+02
  0.162280E-01  0.128192E+08  0.127960E+08 -0.714607E+03 -0.101928E+04  0.805405E+07  0.127867E+08  0.128157E+08  0.127867E+08 -0.315992E+00  0.690840E+07  0.690772E+07  0.140065E+02
  0.177656E-01  0.122756E+08  0.122496E+08 -0.573085E+03 -0.814804E+03  0.738965E+07  0.122420E+08  0.122717E+08  0.122420E+08 -0.302531E+00  0.661449E+07  0.661380E+07  0.128526E+02
  0.194487E-01  0.117037E+08  0.116746E+08 -0.317133E+03 -0.648514E+03  0.673093E+07  0.116692E+08  0.116994E+08  0.116692E+08 -0.288374E+00  0.630536E+07  0.630468E+07  0.117962E+02
  0.212914E-01  0.111052E+08  0.110728E+08 -0.409894E+03 -0.513705E+03  0.608235E+07  0.110699E+08  0.111004E+08  0.110699E+08 -0.273564E+00  0.598191E+07  0.598122E+07  0.108233E+02
  0.233086E-01  0.104828E+08  0.104472E+08 -0.320251E+03 -0.404821E+03  0.545020E+07  0.104469E+08  0.104775E+08  0.104469E+08 -0.258170E+00  0.564567E+07  0.564498E+07  0.991331E+01
  0.255170E-01  0.984115E+07  0.980228E+07 -0.241968E+03 -0.317272E+03  0.484132E+07  0.980496E+07  0.983532E+07  0.980496E+07 -0.242305E+00  0.529910E+07  0.529840E+07  0.904698E+01
  0.279346E-01  0.918663E+07  0.914488E+07 -0.144851E+03 -0.247257E+03  0.426171E+07  0.915047E+07  0.918037E+07  0.915047E+07 -0.226131E+00  0.494572E+07  0.494503E+07  0.820734E+01
  0.305812E-01  0.852814E+07  0.848410E+07 -0.154432E+03 -0.191626E+03  0.371807E+07  0.849234E+07  0.852153E+07  0.849234E+07 -0.209867E+00  0.459033E+07  0.458965E+07  0.737787E+01
  0.334786E-01  0.787691E+07  0.783148E+07 -0.117686E+03 -0.147764E+03  0.321604E+07  0.784181E+07  0.787010E+07  0.784181E+07 -0.193790E+00  0.423900E+07  0.423835E+07  0.654718E+01
  0.366505E-01  0.724623E+07  0.720063E+07 -0.109807E+03 -0.113486E+03  0.276092E+07  0.721217E+07  0.723939E+07  0.721217E+07 -0.178230E+00  0.389892E+07  0.389829E+07  0.571038E+01
  0.401230E-01  0.665036E+07  0.660609E+07 -0.643427E+02 -0.869563E+02  0.235612E+07  0.661766E+07  0.664372E+07  0.661766E+07 -0.163539E+00  0.357777E+07  0.357719E+07  0.486966E+01
  0.439244E-01  0.610262E+07  0.606136E+07 -0.433861E+02 -0.666208E+02  0.200312E+07  0.607155E+07  0.609643E+07  0.607155E+07 -0.150043E+00  0.328275E+07  0.328222E+07  0.403817E+01
  0.476411E-01  0.566010E+07  0.562294E+07 -0.382480E+02 -0.525550E+02  0.172949E+07  0.563067E+07  0.565453E+07  0.563067E+07 -0.139148E+00  0.304456E+07  0.304409E+07  0.331977E+01
  0.513577E-01  0.529505E+07  0.526261E+07  0.768199E+02 -0.423302E+02  0.151029E+07  0.526721E+07  0.529018E+07  0.526721E+07 -0.130166E+00  0.284818E+07  0.284777E+07  0.270104E+01
  0.550744E-01  0.498842E+07  0.496085E+07  0.629185E+02 -0.346965E+02  0.133152E+07  0.496208E+07  0.498429E+07  0.496208E+07 -0.122625E+00  0.268332E+07  0.268296E+07  0.218487E+01
  0.587911E-01  0.472675E+07  0.470372E+07  0.523083E+02 -0.288655E+02  0.118347E+07  0.470178E+07  0.472330E+07  0.470178E+07 -0.116193E+00  0.254267E+07  0.254236E+07  0.177095E+01
  0.625078E-01  0.449582E+07  0.447665E+07  0.440043E+02 -0.242985E+02  0.105815E+07  0.447206E+07  0.449294E+07  0.447206E+07 -0.110516E+00  0.241854E+07  0.241827E+07  0.145359E+01
  0.662245E-01  0.428277E+07  0.426656E+07  0.373393E+02 -0.206304E+02  0.949444E+06  0.426009E+07  0.428034E+07  0.426009E+07 -0.105277E+00  0.230399E+07  0.230375E+07  0.122255E+01
  0.699411E-01  0.407864E+07  0.406438E+07  0.318746E+02 -0.176209E+02  0.853240E+06  0.405691E+07  0.407650E+07  0.405691E+07 -0.100256E+00  0.219418E+07  0.219396E+07  0.106436E+01
  0.736578E-01  0.387767E+07  0.386438E+07  0.273170E+02 -0.151093E+02  0.766812E+06  0.385678E+07  0.387567E+07  0.385678E+07 -0.953104E-01  0.208601E+07  0.208580E+07  0.963448E+00
  0.773745E-01  0.367850E+07  0.366535E+07  0.234786E+02 -0.129928E+02  0.688738E+06  0.365837E+07  0.367653E+07  0.365837E+07 -0.904073E-01  0.197876E+07  0.197855E+07  0.903898E+00
  0.810912E-01  0.348217E+07  0.346853E+07  0.202296E+02 -0.112002E+02  0.618243E+06  0.346273E+07  0.348012E+07  0.346273E+07 -0.855725E-01  0.187299E+07  0.187278E+07  0.870573E+00
  0.848079E-01  0.329070E+07  0.327622E+07  0.174736E+02 -0.967874E+01  0.554820E+06  0.327191E+07  0.328852E+07  0.327191E+07 -0.808569E-01  0.176983E+07  0.176961E+07  0.850147E+00
  0.885245E-01  0.310713E+07  0.309171E+07  0.151384E+02 -0.838886E+01  0.498166E+06  0.308897E+07  0.310481E+07  0.308897E+07 -0.763360E-01  0.167092E+07  0.167069E+07  0.832001E+00
  0.922412E-01  0.293503E+07  0.291882E+07  0.131674E+02 -0.729954E+01  0.448070E+06  0.291750E+07  0.293260E+07  0.291750E+07 -0.720985E-01  0.157820E+07  0.157798E+07  0.808682E+00
  0.972147E-01  0.272815E+07  0.271138E+07  0.110156E+02 -0.610964E+01  0.390815E+06  0.271144E+07  0.272564E+07  0.271144E+07 -0.670064E-01  0.146678E+07  0.146656E+07  0.762394E+00
  0.102188E+00  0.255180E+07  0.253527E+07  0.932281E+01 -0.517298E+01  0.343745E+06  0.253591E+07  0.254932E+07  0.253591E+07 -0.626686E-01  0.137186E+07  0.137164E+07  0.697169E+00
  0.107162E+00  0.240610E+07  0.239059E+07  0.799230E+01 -0.443634E+01  0.305392E+06  0.239102E+07  0.240377E+07  0.239102E+07 -0.590879E-01  0.129350E+07  0.129331E+07  0.617513E+00
  0.112135E+00  0.228785E+07  0.227397E+07  0.693985E+01 -0.385336E+01  0.274118E+06  0.227354E+07  0.228576E+07  0.227354E+07 -0.561847E-01  0.122997E+07  0.122980E+07  0.531875E+00
  0.117109E+00  0.219095E+07  0.217898E+07  0.609331E+01 -0.338424E+01  0.248236E+06  0.217735E+07  0.218915E+07  0.217735E+07 -0.538078E-01  0.117796E+07  0.117780E+07  0.449604E+00
  0.122082E+00  0.210730E+07  0.209719E+07  0.539290E+01 -0.299598E+01  0.226143E+06  0.209436E+07  0.210578E+07  0.209436E+07 -0.517568E-01  0.113308E+07  0.113294E+07  0.378512E+00
  0.127056E+00  0.202896E+07  0.202037E+07  0.479382E+01 -0.266379E+01  0.206540E+06  0.201660E+07  0.202767E+07  0.201660E+07 -0.498352E-01  0.109103E+07  0.109091E+07  0.323411E+00
  0.132029E+00  0.195010E+07  0.194253E+07  0.426675E+01 -0.237146E+01  0.188570E+06  0.193827E+07  0.194897E+07  0.193827E+07 -0.478994E-01  0.104866E+07  0.104855E+07  0.285646E+00
  0.137003E+00  0.186782E+07  0.186069E+07  0.379504E+01 -0.210978E+01  0.171791E+06  0.185645E+07  0.186675E+07  0.185645E+07 -0.458773E-01  0.100441E+07  0.100430E+07  0.263417E+00
  0.141976E+00  0.178198E+07  0.177482E+07  0.337096E+01 -0.187446E+01  0.156085E+06  0.177103E+07  0.178090E+07  0.177103E+07 -0.437664E-01  0.958209E+06  0.958101E+06  0.252708E+00
  0.146950E+00  0.169463E+07  0.168713E+07  0.299191E+01 -0.166408E+01  0.141529E+06  0.168407E+07  0.169350E+07  0.168407E+07 -0.416175E-01  0.911174E+06  0.911065E+06  0.248500E+00
  0.151923E+00  0.160893E+07  0.160097E+07  0.265719E+01 -0.147825E+01  0.128266E+06  0.159874E+07  0.160773E+07  0.159874E+07 -0.395088E-01  0.865018E+06  0.864906E+06  0.245949E+00
  0.156897E+00  0.152822E+07  0.151988E+07  0.236602E+01 -0.131654E+01  0.116425E+06  0.151840E+07  0.152697E+07  0.151840E+07 -0.375233E-01  0.821556E+06  0.821442E+06  0.241306E+00
  0.161870E+00  0.145548E+07  0.144698E+07  0.211676E+01 -0.117807E+01  0.106075E+06  0.144601E+07  0.145421E+07  0.144601E+07 -0.357345E-01  0.782400E+06  0.782287E+06  0.232431E+00
  0.166844E+00  0.139258E+07  0.138422E+07  0.190615E+01 -0.106103E+01  0.971911E+05  0.138346E+07  0.139132E+07  0.138346E+07 -0.341886E-01  0.748562E+06  0.748452E+06  0.218858E+00
  0.171818E+00  0.133957E+07  0.133162E+07  0.172890E+01 -0.962499E+00  0.896192E+05  0.133078E+07  0.133838E+07  0.133078E+07 -0.328870E-01  0.720068E+06  0.719964E+06  0.201494E+00
  0.176791E+00  0.129488E+07  0.128754E+07  0.157850E+01 -0.878876E+00  0.831199E+05  0.128642E+07  0.129378E+07  0.128642E+07 -0.317905E-01  0.696067E+06  0.695970E+06  0.182116E+00
  0.181765E+00  0.125621E+07  0.124960E+07  0.144875E+01 -0.806711E+00  0.774404E+05  0.124806E+07  0.125522E+07  0.124806E+07 -0.308426E-01  0.675317E+06  0.675229E+06  0.162821E+00
  0.186738E+00  0.122114E+07  0.121522E+07  0.133432E+01 -0.743066E+00  0.723544E+05  0.121328E+07  0.122026E+07  0.121328E+07 -0.299831E-01  0.656501E+06  0.656419E+06  0.145495E+00
  0.191712E+00  0.118725E+07  0.118191E+07  0.123087E+01 -0.685521E+00  0.676675E+05  0.117965E+07  0.118645E+07  0.117965E+07 -0.291521E-01  0.638310E+06  0.638234E+06  0.131418E+00
  0.196685E+00  0.115256E+07  0.114761E+07  0.113523E+01 -0.632315E+00  0.632360E+05  0.114520E+07  0.115182E+07  0.114520E+07 -0.283007E-01  0.619671E+06  0.619600E+06  0.121098E+00
  0.201659E+00  0.111613E+07  0.111139E+07  0.104576E+01 -0.582538E+00  0.589919E+05  0.110900E+07  0.111542E+07  0.110900E+07 -0.274061E-01  0.600087E+06  0.600018E+06  0.114310E+00
  0.206632E+00  0.107818E+07  0.107347E+07  0.962088E+00 -0.535990E+00  0.549341E+05  0.107126E+07  0.107747E+07  0.107126E+07 -0.264734E-01  0.579668E+06  0.579600E+06  0.110274E+00
  0.211606E+00  0.103955E+07  0.103475E+07  0.884448E+00 -0.492790E+00  0.510927E+05  0.103282E+07  0.103883E+07  0.103282E+07 -0.255236E-01  0.558875E+06  0.558807E+06  0.107901E+00
  0.216579E+00  0.100135E+07  0.996425E+06  0.813195E+00 -0.453140E+00  0.475059E+05  0.994819E+06  0.100061E+07  0.994819E+06 -0.245844E-01  0.538314E+06  0.538245E+06  0.106061E+00
  0.221553E+00  0.964835E+06  0.959804E+06  0.748689E+00 -0.417239E+00  0.442117E+05  0.958489E+06  0.964080E+06  0.958489E+06 -0.236866E-01  0.518659E+06  0.518590E+06  0.103825E+00
  0.226526E+00  0.931118E+06  0.926055E+06  0.691095E+00 -0.385179E+00  0.412365E+05  0.924954E+06  0.930359E+06  0.924954E+06 -0.228579E-01  0.500515E+06  0.500447E+06  0.100611E+00
  0.231500E+00  0.900904E+06  0.895910E+06  0.640215E+00 -0.356850E+00  0.385845E+05  0.894918E+06  0.900155E+06  0.894918E+06 -0.221156E-01  0.484264E+06  0.484197E+06  0.962323E-01
  0.236473E+00  0.874308E+06  0.869482E+06  0.595440E+00 -0.331915E+00  0.362336E+05  0.868494E+06  0.873584E+06  0.868494E+06 -0.214626E-01  0.469968E+06  0.469903E+06  0.908487E-01
  0.241447E+00  0.850921E+06  0.846341E+06  0.555883E+00 -0.309883E+00  0.341426E+05  0.845274E+06  0.850234E+06  0.845274E+06 -0.208888E-01  0.457404E+06  0.457342E+06  0.848648E-01
  0.246420E+00  0.829945E+06  0.825650E+06  0.520522E+00 -0.290186E+00  0.322591E+05  0.824456E+06  0.829301E+06  0.824456E+06 -0.203743E-01  0.446140E+06  0.446082E+06  0.787933E-01
  0.251394E+00  0.810406E+06  0.806396E+06  0.488363E+00 -0.272271E+00  0.305299E+05  0.805068E+06  0.809804E+06  0.805068E+06 -0.198952E-01  0.435650E+06  0.435595E+06  0.731250E-01
  0.256367E+00  0.791433E+06  0.787672E+06  0.458610E+00 -0.255695E+00  0.289116E+05  0.786238E+06  0.790869E+06  0.786238E+06 -0.194299E-01  0.425462E+06  0.425410E+06  0.682295E-01
  0.261341E+00  0.772427E+06  0.768855E+06  0.430723E+00 -0.240158E+00  0.273750E+05  0.767366E+06  0.771891E+06  0.767366E+06 -0.189635E-01  0.415251E+06  0.415201E+06  0.642976E-01
  0.266314E+00  0.753051E+06  0.749598E+06  0.404374E+00 -0.225479E+00  0.259034E+05  0.748116E+06  0.752533E+06  0.748116E+06 -0.184878E-01  0.404836E+06  0.404787E+06  0.613279E-01
  0.271288E+00  0.733211E+06  0.729815E+06  0.379405E+00 -0.211568E+00  0.244900E+05  0.728397E+06  0.732702E+06  0.728397E+06 -0.180005E-01  0.394167E+06  0.394118E+06  0.591575E-01
  0.276261E+00  0.713099E+06  0.709714E+06  0.355816E+00 -0.198426E+00  0.231378E+05  0.708400E+06  0.712591E+06  0.708400E+06 -0.175063E-01  0.383347E+06  0.383299E+06  0.575248E-01
  0.281235E+00  0.693151E+06  0.689756E+06  0.333721E+00 -0.186116E+00  0.218573E+05  0.688565E+06  0.692642E+06  0.688565E+06 -0.170161E-01  0.372614E+06  0.372567E+06  0.561405E-01
  0.286209E+00  0.673882E+06  0.670477E+06  0.313251E+00 -0.174709E+00  0.206598E+05  0.669404E+06  0.673371E+06  0.669404E+06 -0.165426E-01  0.362246E+06  0.362199E+06  0.547483E-01
  0.291182E+00  0.655690E+06  0.652296E+06  0.294459E+00 -0.164237E+00  0.195520E+05  0.651317E+06  0.655181E+06  0.651317E+06 -0.160956E-01  0.352460E+06  0.352414E+06  0.531670E-01
  0.296156E+00  0.638802E+06  0.635452E+06  0.277313E+00 -0.154681E+00  0.185345E+05  0.634533E+06  0.638300E+06  0.634533E+06 -0.156809E-01  0.343378E+06  0.343332E+06  0.513121E-01
  0.301129E+00  0.623288E+06  0.620015E+06  0.261709E+00 -0.145983E+00  0.176033E+05  0.619118E+06  0.622797E+06  0.619118E+06 -0.152999E-01  0.335037E+06  0.334993E+06  0.491953E-01
  0.306103E+00  0.609064E+06  0.605898E+06  0.247492E+00 -0.138058E+00  0.167503E+05  0.604992E+06  0.608589E+06  0.604992E+06 -0.149508E-01  0.327393E+06  0.327350E+06  0.469033E-01
  0.311076E+00  0.595907E+06  0.592865E+06  0.234465E+00 -0.130795E+00  0.159643E+05  0.591929E+06  0.595451E+06  0.591929E+06 -0.146280E-01  0.320325E+06  0.320283E+06  0.445646E-01
  0.316050E+00  0.583507E+06  0.580592E+06  0.222419E+00 -0.124079E+00  0.152329E+05  0.579618E+06  0.583070E+06  0.579618E+06 -0.143238E-01  0.313664E+06  0.313624E+06  0.423137E-01
  0.321023E+00  0.571548E+06  0.568750E+06  0.211163E+00 -0.117803E+00  0.145445E+05  0.567745E+06  0.571128E+06  0.567745E+06 -0.140304E-01  0.307239E+06  0.307200E+06  0.402613E-01
  0.325997E+00  0.559770E+06  0.557071E+06  0.200549E+00 -0.111885E+00  0.138902E+05  0.556050E+06  0.559366E+06  0.556050E+06 -0.137414E-01  0.300911E+06  0.300873E+06  0.384754E-01
  0.330970E+00  0.548009E+06  0.545385E+06  0.190478E+00 -0.106270E+00  0.132640E+05  0.544368E+06  0.547616E+06  0.544368E+06 -0.134527E-01  0.294590E+06  0.294553E+06  0.369735E-01
  0.335944E+00  0.536205E+06  0.533633E+06  0.180895E+00 -0.100927E+00  0.126631E+05  0.532640E+06  0.535820E+06  0.532640E+06 -0.131628E-01  0.288243E+06  0.288207E+06  0.357274E-01
  0.340917E+00  0.524405E+06  0.521867E+06  0.171786E+00 -0.958478E-01  0.120873E+05  0.520913E+06  0.524025E+06  0.520913E+06 -0.128730E-01  0.281898E+06  0.281862E+06  0.346760E-01
  0.345891E+00  0.512734E+06  0.510218E+06  0.163163E+00 -0.910397E-01  0.115380E+05  0.509312E+06  0.512356E+06  0.509312E+06 -0.125864E-01  0.275620E+06  0.275585E+06  0.337426E-01
  0.350864E+00  0.501344E+06  0.498847E+06  0.155044E+00 -0.865123E-01  0.110174E+05  0.497991E+06  0.500969E+06  0.497991E+06 -0.123066E-01  0.269495E+06  0.269460E+06  0.328523E-01
  0.355838E+00  0.490378E+06  0.487905E+06  0.147440E+00 -0.822718E-01  0.105269E+05  0.487093E+06  0.490007E+06  0.487093E+06 -0.120373E-01  0.263597E+06  0.263563E+06  0.319464E-01
  0.360811E+00  0.479940E+06  0.477500E+06  0.140348E+00 -0.783169E-01  0.100672E+05  0.476720E+06  0.479574E+06  0.476720E+06 -0.117809E-01  0.257985E+06  0.257951E+06  0.309903E-01
  0.365785E+00  0.470081E+06  0.467684E+06  0.133750E+00 -0.746373E-01  0.963742E+04  0.466925E+06  0.469722E+06  0.466925E+06 -0.115389E-01  0.252684E+06  0.252651E+06  0.299761E-01
  0.370758E+00  0.460789E+06  0.458446E+06  0.127612E+00 -0.712135E-01  0.923579E+04  0.457695E+06  0.460438E+06  0.457695E+06 -0.113108E-01  0.247690E+06  0.247657E+06  0.289187E-01
  0.375732E+00  0.451998E+06  0.449715E+06  0.121885E+00 -0.680190E-01  0.885940E+04  0.448964E+06  0.451656E+06  0.448964E+06 -0.110950E-01  0.242965E+06  0.242934E+06  0.278477E-01
  0.380705E+00  0.443606E+06  0.441387E+06  0.116517E+00 -0.650246E-01  0.850495E+04  0.440631E+06  0.443273E+06  0.440631E+06 -0.108891E-01  0.238455E+06  0.238425E+06  0.267992E-01
  0.385679E+00  0.435506E+06  0.433348E+06  0.111458E+00 -0.622026E-01  0.816923E+04  0.432587E+06  0.435183E+06  0.432587E+06 -0.106903E-01  0.234103E+06  0.234073E+06  0.258062E-01
  0.390652E+00  0.427603E+06  0.425501E+06  0.106666E+00 -0.595297E-01  0.784953E+04  0.424738E+06  0.427288E+06  0.424738E+06 -0.104963E-01  0.229855E+06  0.229826E+06  0.248929E-01
  0.395626E+00  0.419823E+06  0.417769E+06  0.102109E+00 -0.569872E-01  0.754373E+04  0.417011E+06  0.419515E+06  0.417011E+06 -0.103054E-01  0.225674E+06  0.225645E+06  0.240697E-01
  0.400599E+00  0.412125E+06  0.410111E+06  0.977623E-01 -0.545626E-01  0.725044E+04  0.409364E+06  0.411823E+06  0.409364E+06 -0.101164E-01  0.221536E+06  0.221508E+06  0.233342E-01
  0.405573E+00  0.404507E+06  0.402525E+06  0.936152E-01 -0.522491E-01  0.696903E+04  0.401795E+06  0.404210E+06  0.401795E+06 -0.992934E-02  0.217440E+06  0.217413E+06  0.226730E-01
  0.410547E+00  0.397000E+06  0.395045E+06  0.896641E-01 -0.500449E-01  0.669950E+04  0.394336E+06  0.396707E+06  0.394336E+06 -0.974501E-02  0.213404E+06  0.213377E+06  0.220665E-01
  0.415520E+00  0.389646E+06  0.387714E+06  0.859078E-01 -0.479494E-01  0.644199E+04  0.387028E+06  0.389356E+06  0.387028E+06 -0.956442E-02  0.209449E+06  0.209423E+06  0.214930E-01
  0.420494E+00  0.382492E+06  0.380585E+06  0.823465E-01 -0.459626E-01  0.619674E+04  0.379921E+06  0.382206E+06  0.379921E+06 -0.938877E-02  0.205603E+06  0.205577E+06  0.209335E-01
  0.425467E+00  0.375576E+06  0.373695E+06  0.789773E-01 -0.440829E-01  0.596373E+04  0.373049E+06  0.375294E+06  0.373049E+06 -0.921896E-02  0.201885E+06  0.201859E+06  0.203747E-01
  0.430441E+00  0.368920E+06  0.367067E+06  0.757945E-01 -0.423071E-01  0.574275E+04  0.366436E+06  0.368642E+06  0.366436E+06 -0.905554E-02  0.198306E+06  0.198281E+06  0.198101E-01
  0.435414E+00  0.362528E+06  0.360708E+06  0.727891E-01 -0.406302E-01  0.553331E+04  0.360087E+06  0.362255E+06  0.360087E+06 -0.889864E-02  0.194870E+06  0.194845E+06  0.192404E-01
  0.440388E+00  0.356392E+06  0.354606E+06  0.699495E-01 -0.390458E-01  0.533469E+04  0.353992E+06  0.356124E+06  0.353992E+06 -0.874800E-02  0.191572E+06  0.191547E+06  0.186717E-01
  0.445361E+00  0.350482E+06  0.348732E+06  0.672617E-01 -0.375459E-01  0.514600E+04  0.348122E+06  0.350220E+06  0.348122E+06 -0.860296E-02  0.188396E+06  0.188372E+06  0.181127E-01
  0.450335E+00  0.344759E+06  0.343045E+06  0.647098E-01 -0.361220E-01  0.496619E+04  0.342438E+06  0.344502E+06  0.342438E+06 -0.846249E-02  0.185320E+06  0.185296E+06  0.175728E-01
  0.455308E+00  0.339179E+06  0.337499E+06  0.622791E-01 -0.347656E-01  0.479423E+04  0.336896E+06  0.338927E+06  0.336896E+06 -0.832554E-02  0.182321E+06  0.182298E+06  0.170595E-01
  0.460282E+00  0.333714E+06  0.332065E+06  0.599582E-01 -0.334705E-01  0.462937E+04  0.331468E+06  0.333466E+06  0.331468E+06 -0.819137E-02  0.179383E+06  0.179360E+06  0.165775E-01
  0.465255E+00  0.328348E+06  0.326727E+06  0.577393E-01 -0.322323E-01  0.447113E+04  0.326138E+06  0.328105E+06  0.326138E+06 -0.805966E-02  0.176499E+06  0.176476E+06  0.161280E-01
  0.470229E+00  0.323076E+06  0.321481E+06  0.556165E-01 -0.310477E-01  0.431913E+04  0.320900E+06  0.322836E+06  0.320900E+06 -0.793024E-02  0.173665E+06  0.173642E+06  0.157088E-01
  0.475202E+00  0.317895E+06  0.316324E+06  0.535848E-01 -0.299139E-01  0.417310E+04  0.315754E+06  0.317659E+06  0.315754E+06 -0.780305E-02  0.170880E+06  0.170858E+06  0.153150E-01
  0.480176E+00  0.312811E+06  0.311261E+06  0.516409E-01 -0.288291E-01  0.403284E+04  0.310703E+06  0.312579E+06  0.310703E+06 -0.767824E-02  0.168146E+06  0.168125E+06  0.149403E-01
  0.485149E+00  0.307839E+06  0.306310E+06  0.497830E-01 -0.277923E-01  0.389831E+04  0.305764E+06  0.307610E+06  0.305764E+06 -0.755617E-02  0.165473E+06  0.165452E+06  0.145790E-01
  0.490123E+00  0.302996E+06  0.301488E+06  0.480101E-01 -0.268028E-01  0.376950E+04  0.300952E+06  0.302770E+06  0.300952E+06 -0.743727E-02  0.162870E+06  0.162849E+06  0.142261E-01
  0.495096E+00  0.298291E+06  0.296804E+06  0.463195E-01 -0.258594E-01  0.364628E+04  0.296279E+06  0.298068E+06  0.296279E+06 -0.732178E-02  0.160341E+06  0.160320E+06  0.138787E-01
  0.500070E+00  0.293726E+06  0.292261E+06  0.447076E-01 -0.249598E-01  0.352842E+04  0.291744E+06  0.293506E+06  0.291744E+06 -0.720970E-02  0.157886E+06  0.157866E+06  0.135354E-01
  0.505043E+00  0.289294E+06  0.287851E+06  0.431698E-01 -0.241015E-01  0.341564E+04  0.287341E+06  0.289077E+06  0.287341E+06 -0.710090E-02  0.155504E+06  0.155484E+06  0.131968E-01
  0.510017E+00  0.284987E+06  0.283568E+06  0.417017E-01 -0.232821E-01  0.330765E+04  0.283064E+06  0.284774E+06  0.283064E+06 -0.699520E-02  0.153189E+06  0.153169E+06  0.128646E-01
  0.514990E+00  0.280797E+06  0.279401E+06  0.402987E-01 -0.224990E-01  0.320413E+04  0.278902E+06  0.280588E+06  0.278902E+06 -0.689235E-02  0.150937E+06  0.150918E+06  0.125412E-01
  0.519964E+00  0.276712E+06  0.275338E+06  0.389562E-01 -0.217497E-01  0.310478E+04  0.274844E+06  0.276506E+06  0.274844E+06 -0.679208E-02  0.148741E+06  0.148722E+06  0.122289E-01
  0.524937E+00  0.272718E+06  0.271365E+06  0.376696E-01 -0.210316E-01  0.300928E+04  0.270877E+06  0.272515E+06  0.270877E+06 -0.669403E-02  0.146594E+06  0.146575E+06  0.119294E-01
  0.529911E+00  0.268802E+06  0.267470E+06  0.364350E-01 -0.203425E-01  0.291736E+04  0.266988E+06  0.268603E+06  0.266988E+06 -0.659792E-02  0.144489E+06  0.144471E+06  0.116433E-01
  0.534885E+00  0.264960E+06  0.263648E+06  0.352493E-01 -0.196807E-01  0.282881E+04  0.263171E+06  0.264763E+06  0.263171E+06 -0.650360E-02  0.142424E+06  0.142406E+06  0.113705E-01
  0.539858E+00  0.261191E+06  0.259896E+06  0.341104E-01 -0.190450E-01  0.274350E+04  0.259427E+06  0.260996E+06  0.259427E+06 -0.641107E-02  0.140398E+06  0.140380E+06  0.111098E-01
  0.544832E+00  0.257495E+06  0.256219E+06  0.330165E-01 -0.184344E-01  0.266133E+04  0.255756E+06  0.257304E+06  0.255756E+06 -0.632036E-02  0.138411E+06  0.138394E+06  0.108599E-01
  0.549805E+00  0.253876E+06  0.252616E+06  0.319660E-01 -0.178480E-01  0.258218E+04  0.252160E+06  0.253687E+06  0.252160E+06 -0.623150E-02  0.136465E+06  0.136448E+06  0.106187E-01
  0.554779E+00  0.250332E+06  0.249088E+06  0.309570E-01 -0.172849E-01  0.250597E+04  0.248640E+06  0.250145E+06  0.248640E+06 -0.614451E-02  0.134560E+06  0.134543E+06  0.103846E-01
  0.559752E+00  0.246867E+06  0.245640E+06  0.299883E-01 -0.167441E-01  0.243259E+04  0.245198E+06  0.246683E+06  0.245198E+06 -0.605945E-02  0.132698E+06  0.132681E+06  0.101563E-01
  0.564726E+00  0.243483E+06  0.242273E+06  0.290585E-01 -0.162251E-01  0.236199E+04  0.241837E+06  0.243302E+06  0.241837E+06 -0.597639E-02  0.130879E+06  0.130862E+06  0.993290E-02
  0.569699E+00  0.240182E+06  0.238988E+06  0.281661E-01 -0.157270E-01  0.229405E+04  0.238558E+06  0.240003E+06  0.238558E+06 -0.589536E-02  0.129104E+06  0.129088E+06  0.971425E-02
  0.574673E+00  0.236959E+06  0.235781E+06  0.273092E-01 -0.152486E-01  0.222865E+04  0.235357E+06  0.236783E+06  0.235357E+06 -0.581625E-02  0.127372E+06  0.127356E+06  0.950042E-02
  0.579646E+00  0.233809E+06  0.232647E+06  0.264856E-01 -0.147889E-01  0.216565E+04  0.232228E+06  0.233635E+06  0.232228E+06 -0.573892E-02  0.125679E+06  0.125663E+06  0.929180E-02
  0.584620E+00  0.230727E+06  0.229581E+06  0.256936E-01 -0.143467E-01  0.210490E+04  0.229166E+06  0.230555E+06  0.229166E+06 -0.566326E-02  0.124022E+06  0.124006E+06  0.908893E-02
  0.589593E+00  0.227709E+06  0.226579E+06  0.249315E-01 -0.139213E-01  0.204632E+04  0.226169E+06  0.227540E+06  0.226169E+06 -0.558920E-02  0.122400E+06  0.122384E+06  0.889232E-02
  0.594567E+00  0.224754E+06  0.223639E+06  0.241979E-01 -0.135118E-01  0.198978E+04  0.223234E+06  0.224587E+06  0.223234E+06 -0.551665E-02  0.120811E+06  0.120796E+06  0.870229E-02
  0.599540E+00  0.221856E+06  0.220756E+06  0.234912E-01 -0.131173E-01  0.193519E+04  0.220356E+06  0.221691E+06  0.220356E+06 -0.544553E-02  0.119254E+06  0.119238E+06  0.851884E-02
  0.604514E+00  0.219013E+06  0.217926E+06  0.228100E-01 -0.127370E-01  0.188245E+04  0.217531E+06  0.218850E+06  0.217531E+06 -0.537572E-02  0.117725E+06  0.117710E+06  0.834171E-02
  0.609487E+00  0.216221E+06  0.215148E+06  0.221532E-01 -0.123703E-01  0.183147E+04  0.214758E+06  0.216060E+06  0.214758E+06 -0.530719E-02  0.116224E+06  0.116209E+06  0.817046E-02
  0.614461E+00  0.213481E+06  0.212422E+06  0.215197E-01 -0.120167E-01  0.178220E+04  0.212036E+06  0.213322E+06  0.212036E+06 -0.523994E-02  0.114752E+06  0.114737E+06  0.800458E-02
  0.619434E+00  0.210795E+06  0.209749E+06  0.209091E-01 -0.116757E-01  0.173459E+04  0.209368E+06  0.210638E+06  0.209368E+06 -0.517400E-02  0.113308E+06  0.113293E+06  0.784351E-02
  0.624408E+00  0.208162E+06  0.207129E+06  0.203203E-01 -0.113470E-01  0.168858E+04  0.206753E+06  0.208007E+06  0.206753E+06 -0.510938E-02  0.111893E+06  0.111878E+06  0.768674E-02
  0.629381E+00  0.205582E+06  0.204561E+06  0.197524E-01 -0.110300E-01  0.164412E+04  0.204190E+06  0.205429E+06  0.204190E+06 -0.504604E-02  0.110506E+06  0.110491E+06  0.753385E-02
  0.634355E+00  0.203052E+06  0.202044E+06  0.192046E-01 -0.107242E-01  0.160114E+04  0.201678E+06  0.202901E+06  0.201678E+06 -0.498395E-02  0.109146E+06  0.109132E+06  0.738454E-02
  0.639328E+00  0.200573E+06  0.199577E+06  0.186761E-01 -0.104291E-01  0.155958E+04  0.199215E+06  0.200424E+06  0.199215E+06 -0.492310E-02  0.107813E+06  0.107799E+06  0.723873E-02
  0.644302E+00  0.198145E+06  0.197161E+06  0.181662E-01 -0.101444E-01  0.151941E+04  0.196803E+06  0.197997E+06  0.196803E+06 -0.486349E-02  0.106508E+06  0.106494E+06  0.709645E-02
  0.649275E+00  0.195766E+06  0.194793E+06  0.176741E-01 -0.986967E-02  0.148056E+04  0.194440E+06  0.195620E+06  0.194440E+06 -0.480508E-02  0.105229E+06  0.105215E+06  0.695775E-02
  0.654249E+00  0.193432E+06  0.192472E+06  0.171988E-01 -0.960435E-02  0.144297E+04  0.192122E+06  0.193288E+06  0.192122E+06 -0.474780E-02  0.103974E+06  0.103961E+06  0.682269E-02
  0.659223E+00  0.191141E+06  0.190192E+06  0.167397E-01 -0.934798E-02  0.140658E+04  0.189847E+06  0.190999E+06  0.189847E+06 -0.469157E-02  0.102743E+06  0.102730E+06  0.669130E-02
  0.664196E+00  0.188892E+06  0.187955E+06  0.162958E-01 -0.910019E-02  0.137134E+04  0.187613E+06  0.188752E+06  0.187613E+06 -0.463637E-02  0.101534E+06  0.101521E+06  0.656358E-02
  0.669170E+00  0.186684E+06  0.185758E+06  0.158668E-01 -0.886065E-02  0.133720E+04  0.185420E+06  0.186545E+06  0.185420E+06 -0.458217E-02  0.100347E+06  0.100334E+06  0.643949E-02
  0.674143E+00  0.184516E+06  0.183601E+06  0.154520E-01 -0.862904E-02  0.130413E+04  0.183266E+06  0.184379E+06  0.183266E+06 -0.452896E-02  0.991820E+05  0.991692E+05  0.631890E-02
  0.679117E+00  0.182386E+06  0.181481E+06  0.150507E-01 -0.840498E-02  0.127208E+04  0.181151E+06  0.182251E+06  0.181151E+06 -0.447668E-02  0.980371E+05  0.980245E+05  0.620161E-02
  0.684090E+00  0.180293E+06  0.179398E+06  0.146624E-01 -0.818818E-02  0.124101E+04  0.179072E+06  0.180159E+06  0.179072E+06 -0.442530E-02  0.969119E+05  0.968994E+05  0.608740E-02
  0.689064E+00  0.178237E+06  0.177352E+06  0.142866E-01 -0.797837E-02  0.121089E+04  0.177029E+06  0.178104E+06  0.177029E+06 -0.437482E-02  0.958065E+05  0.957941E+05  0.597610E-02
  0.694037E+00  0.176218E+06  0.175343E+06  0.139230E-01 -0.777536E-02  0.118170E+04  0.175023E+06  0.176086E+06  0.175023E+06 -0.432525E-02  0.947211E+05  0.947089E+05  0.586753E-02
  0.699011E+00  0.174235E+06  0.173370E+06  0.135712E-01 -0.757891E-02  0.115339E+04  0.173054E+06  0.174106E+06  0.173054E+06 -0.427660E-02  0.936556E+05  0.936435E+05  0.576156E-02
  0.703984E+00  0.172289E+06  0.171433E+06  0.132306E-01 -0.738874E-02  0.112595E+04  0.171121E+06  0.172160E+06  0.171121E+06 -0.422881E-02  0.926092E+05  0.925972E+05  0.565808E-02
  0.749036E+00  0.156124E+06  0.155349E+06  0.105902E-01 -0.591444E-02  0.911485E+03  0.155065E+06  0.156008E+06  0.155065E+06 -0.383204E-02  0.839202E+05  0.839093E+05  0.482621E-02
  0.796971E+00  0.141402E+06  0.140700E+06  0.847238E-02 -0.473183E-02  0.736995E+03  0.140442E+06  0.141297E+06  0.140442E+06 -0.347067E-02  0.760066E+05  0.759967E+05  0.411645E-02
  0.847973E+00  0.128007E+06  0.127371E+06  0.677482E-02 -0.378387E-02  0.595242E+03  0.127138E+06  0.127912E+06  0.127138E+06 -0.314188E-02  0.688064E+05  0.687974E+05  0.351029E-02
  0.902239E+00  0.115827E+06  0.115252E+06  0.541490E-02 -0.302442E-02  0.480238E+03  0.115040E+06  0.115741E+06  0.115040E+06 -0.284293E-02  0.622594E+05  0.622514E+05  0.299283E-02
  0.959978E+00  0.104760E+06  0.104240E+06  0.432605E-02 -0.241632E-02  0.387054E+03  0.104048E+06  0.104682E+06  0.104048E+06 -0.257128E-02  0.563106E+05  0.563032E+05  0.255143E-02
  0.999135E+00  0.981708E+05  0.976835E+05  0.374240E-02 -0.209035E-02  0.336634E+03  0.975035E+05  0.980977E+05  0.975035E+05 -0.240955E-02  0.527687E+05  0.527618E+05  0.230206E-02
  0.122281E+01  0.705139E+05  0.701639E+05  0.179456E-02 -0.100243E-02  0.165303E+03  0.700342E+05  0.704614E+05  0.700342E+05 -0.173072E-02  0.379025E+05  0.378975E+05  0.136926E-02
  0.149657E+01  0.504403E+05  0.501898E+05  0.857007E-03 -0.478729E-03  0.108973E+03  0.500970E+05  0.504028E+05  0.500970E+05 -0.123802E-02  0.271125E+05  0.271089E+05  0.816422E-03
  0.183161E+01  0.359452E+05  0.357665E+05  0.407722E-03 -0.227767E-03  0.530101E+02  0.357004E+05  0.359184E+05  0.357004E+05 -0.882244E-03  0.193211E+05  0.193184E+05  0.489498E-03
  0.224166E+01  0.255277E+05  0.254007E+05  0.193309E-03 -0.107994E-03  0.255801E+02  0.253537E+05  0.255086E+05  0.253537E+05 -0.626553E-03  0.137215E+05  0.137195E+05  0.296351E-03
