  0.957095E-05  0.198009E+08  0.198009E+08  0.263899E+08  0.263896E+08  0.198021E+08  0.198009E+08  0.198009E+08  0.198076E+08 -0.473900E+00  0.104966E+08  0.104966E+08  0.545815E+01
  0.104783E-04  0.198009E+08  0.198009E+08  0.263876E+08  0.263872E+08  0.198021E+08  0.198009E+08  0.198009E+08  0.198076E+08 -0.473900E+00  0.104966E+08  0.104966E+08  0.597545E+01
  0.114716E-04  0.198009E+08  0.198009E+08  0.263849E+08  0.263844E+08  0.198021E+08  0.198009E+08  0.198009E+08  0.198076E+08 -0.473900E+00  0.104966E+08  0.104966E+08  0.654175E+01
  0.125591E-04  0.198009E+08  0.198009E+08  0.263817E+08  0.263811E+08  0.198021E+08  0.198009E+08  0.198009E+08  0.198076E+08 -0.473899E+00  0.104966E+08  0.104966E+08  0.716167E+01
  0.137497E-04  0.198009E+08  0.198009E+08  0.263778E+08  0.263771E+08  0.198020E+08  0.198009E+08  0.198009E+08  0.198076E+08 -0.473899E+00  0.104966E+08  0.104966E+08  0.784030E+01
  0.150532E-04  0.198009E+08  0.198009E+08  0.263731E+08  0.263723E+08  0.198020E+08  0.198009E+08  0.198009E+08  0.198075E+08 -0.473899E+00  0.104966E+08  0.104966E+08  0.858316E+01
  0.164802E-04  0.198009E+08  0.198009E+08  0.263676E+08  0.263666E+08  0.198020E+08  0.198009E+08  0.198009E+08  0.198075E+08 -0.473899E+00  0.104966E+08  0.104966E+08  0.939633E+01
  0.180425E-04  0.198009E+08  0.198009E+08  0.263609E+08  0.263597E+08  0.198020E+08  0.198009E+08  0.198009E+08  0.198075E+08 -0.473898E+00  0.104965E+08  0.104965E+08  0.102864E+02
  0.197530E-04  0.198009E+08  0.198009E+08  0.263529E+08  0.263514E+08  0.198020E+08  0.198009E+08  0.198009E+08  0.198075E+08 -0.473898E+00  0.104965E+08  0.104965E+08  0.112607E+02
  0.216255E-04  0.198008E+08  0.198008E+08  0.263433E+08  0.263416E+08  0.198019E+08  0.198008E+08  0.198008E+08  0.198075E+08 -0.473897E+00  0.104965E+08  0.104965E+08  0.123270E+02
  0.236756E-04  0.198008E+08  0.198008E+08  0.263318E+08  0.263297E+08  0.198019E+08  0.198008E+08  0.198008E+08  0.198075E+08 -0.473897E+00  0.104965E+08  0.104965E+08  0.134941E+02
  0.259201E-04  0.198008E+08  0.198008E+08  0.263180E+08  0.263155E+08  0.198018E+08  0.198008E+08  0.198008E+08  0.198074E+08 -0.473896E+00  0.104965E+08  0.104965E+08  0.147713E+02
  0.283773E-04  0.198008E+08  0.198008E+08  0.263015E+08  0.262985E+08  0.198018E+08  0.198008E+08  0.198008E+08  0.198074E+08 -0.473895E+00  0.104965E+08  0.104965E+08  0.161690E+02
  0.310674E-04  0.198007E+08  0.198007E+08  0.262817E+08  0.262782E+08  0.198017E+08  0.198007E+08  0.198007E+08  0.198074E+08 -0.473894E+00  0.104965E+08  0.104965E+08  0.176984E+02
  0.340126E-04  0.198007E+08  0.198007E+08  0.262580E+08  0.262538E+08  0.198016E+08  0.198007E+08  0.198007E+08  0.198073E+08 -0.473893E+00  0.104964E+08  0.104964E+08  0.193716E+02
  0.372370E-04  0.198006E+08  0.198006E+08  0.262297E+08  0.262246E+08  0.198015E+08  0.198006E+08  0.198006E+08  0.198072E+08 -0.473891E+00  0.104964E+08  0.104964E+08  0.212021E+02
  0.407670E-04  0.198006E+08  0.198006E+08  0.261957E+08  0.261897E+08  0.198014E+08  0.198006E+08  0.198006E+08  0.198072E+08 -0.473889E+00  0.104964E+08  0.104964E+08  0.232043E+02
  0.446317E-04  0.198005E+08  0.198005E+08  0.261551E+08  0.261478E+08  0.198013E+08  0.198005E+08  0.198005E+08  0.198071E+08 -0.473887E+00  0.104963E+08  0.104963E+08  0.253938E+02
  0.488628E-04  0.198004E+08  0.198004E+08  0.261065E+08  0.260978E+08  0.198011E+08  0.198004E+08  0.198004E+08  0.198070E+08 -0.473884E+00  0.104963E+08  0.104963E+08  0.277877E+02
  0.534950E-04  0.198003E+08  0.198003E+08  0.260483E+08  0.260379E+08  0.198009E+08  0.198003E+08  0.198003E+08  0.198069E+08 -0.473881E+00  0.104962E+08  0.104962E+08  0.304044E+02
  0.585663E-04  0.198002E+08  0.198001E+08  0.259787E+08  0.259663E+08  0.198007E+08  0.198002E+08  0.198002E+08  0.198067E+08 -0.473877E+00  0.104962E+08  0.104962E+08  0.332637E+02
  0.641184E-04  0.198000E+08  0.198000E+08  0.258955E+08  0.258807E+08  0.198004E+08  0.198000E+08  0.198000E+08  0.198065E+08 -0.473873E+00  0.104961E+08  0.104961E+08  0.363868E+02
  0.701968E-04  0.197998E+08  0.197998E+08  0.257962E+08  0.257784E+08  0.198001E+08  0.197998E+08  0.197998E+08  0.198063E+08 -0.473867E+00  0.104960E+08  0.104960E+08  0.397967E+02
  0.768514E-04  0.197996E+08  0.197996E+08  0.256775E+08  0.256563E+08  0.197997E+08  0.197996E+08  0.197996E+08  0.198061E+08 -0.473860E+00  0.104959E+08  0.104959E+08  0.435176E+02
  0.841369E-04  0.197993E+08  0.197993E+08  0.255360E+08  0.255107E+08  0.197992E+08  0.197993E+08  0.197993E+08  0.198058E+08 -0.473853E+00  0.104957E+08  0.104957E+08  0.475751E+02
  0.921130E-04  0.197990E+08  0.197990E+08  0.253673E+08  0.253372E+08  0.197986E+08  0.197990E+08  0.197990E+08  0.198054E+08 -0.473843E+00  0.104956E+08  0.104955E+08  0.519963E+02
  0.100845E-03  0.197986E+08  0.197986E+08  0.251665E+08  0.251306E+08  0.197979E+08  0.197986E+08  0.197986E+08  0.198050E+08 -0.473832E+00  0.104954E+08  0.104953E+08  0.568091E+02
  0.110405E-03  0.197982E+08  0.197981E+08  0.249277E+08  0.248850E+08  0.197971E+08  0.197982E+08  0.197982E+08  0.198045E+08 -0.473818E+00  0.104951E+08  0.104951E+08  0.620424E+02
  0.120872E-03  0.197977E+08  0.197976E+08  0.246443E+08  0.245936E+08  0.197961E+08  0.197976E+08  0.197976E+08  0.198038E+08 -0.473802E+00  0.104948E+08  0.104948E+08  0.677251E+02
  0.132330E-03  0.197970E+08  0.197969E+08  0.243085E+08  0.242484E+08  0.197949E+08  0.197970E+08  0.197970E+08  0.198031E+08 -0.473782E+00  0.104945E+08  0.104944E+08  0.738856E+02
  0.144875E-03  0.197962E+08  0.197961E+08  0.239115E+08  0.238405E+08  0.197934E+08  0.197962E+08  0.197962E+08  0.198022E+08 -0.473759E+00  0.104940E+08  0.104940E+08  0.805509E+02
  0.158609E-03  0.197953E+08  0.197952E+08  0.234437E+08  0.233599E+08  0.197917E+08  0.197953E+08  0.197953E+08  0.198012E+08 -0.473732E+00  0.104935E+08  0.104935E+08  0.877453E+02
  0.173646E-03  0.197942E+08  0.197940E+08  0.228940E+08  0.227956E+08  0.197897E+08  0.197941E+08  0.197942E+08  0.197999E+08 -0.473699E+00  0.104929E+08  0.104929E+08  0.954885E+02
  0.190107E-03  0.197929E+08  0.197926E+08  0.222510E+08  0.221357E+08  0.197872E+08  0.197928E+08  0.197928E+08  0.197984E+08 -0.473659E+00  0.104922E+08  0.104922E+08  0.103793E+03
  0.208129E-03  0.197913E+08  0.197910E+08  0.215023E+08  0.213680E+08  0.197843E+08  0.197912E+08  0.197912E+08  0.197966E+08 -0.473612E+00  0.104914E+08  0.104913E+08  0.112664E+03
  0.227860E-03  0.197894E+08  0.197891E+08  0.206357E+08  0.204801E+08  0.197808E+08  0.197893E+08  0.197893E+08  0.197945E+08 -0.473557E+00  0.104903E+08  0.104903E+08  0.122090E+03
  0.249461E-03  0.197871E+08  0.197868E+08  0.196398E+08  0.194609E+08  0.197766E+08  0.197870E+08  0.197871E+08  0.197919E+08 -0.473491E+00  0.104891E+08  0.104890E+08  0.132046E+03
  0.273110E-03  0.197844E+08  0.197840E+08  0.185053E+08  0.183012E+08  0.197715E+08  0.197843E+08  0.197844E+08  0.197889E+08 -0.473412E+00  0.104877E+08  0.104875E+08  0.142481E+03
  0.299000E-03  0.197812E+08  0.197807E+08  0.172262E+08  0.169958E+08  0.197655E+08  0.197810E+08  0.197811E+08  0.197854E+08 -0.473320E+00  0.104859E+08  0.104858E+08  0.153321E+03
  0.327345E-03  0.197774E+08  0.197768E+08  0.158026E+08  0.155458E+08  0.197584E+08  0.197772E+08  0.197773E+08  0.197812E+08 -0.473211E+00  0.104839E+08  0.104837E+08  0.164453E+03
  0.358378E-03  0.197729E+08  0.197722E+08  0.142426E+08  0.139608E+08  0.197499E+08  0.197726E+08  0.197728E+08  0.197762E+08 -0.473082E+00  0.104814E+08  0.104812E+08  0.175726E+03
  0.392352E-03  0.197675E+08  0.197667E+08  0.125658E+08  0.122623E+08  0.197398E+08  0.197672E+08  0.197674E+08  0.197704E+08 -0.472931E+00  0.104785E+08  0.104783E+08  0.186945E+03
  0.429546E-03  0.197612E+08  0.197602E+08  0.108055E+08  0.104864E+08  0.197277E+08  0.197608E+08  0.197610E+08  0.197635E+08 -0.472755E+00  0.104751E+08  0.104748E+08  0.197863E+03
  0.470267E-03  0.197537E+08  0.197526E+08  0.901141E+07  0.868568E+07  0.197134E+08  0.197533E+08  0.197535E+08  0.197555E+08 -0.472550E+00  0.104710E+08  0.104707E+08  0.208187E+03
  0.514848E-03  0.197449E+08  0.197436E+08  0.724902E+07  0.692892E+07  0.196965E+08  0.197444E+08  0.197447E+08  0.197462E+08 -0.472312E+00  0.104662E+08  0.104659E+08  0.217578E+03
  0.563656E-03  0.197345E+08  0.197330E+08  0.559695E+07  0.529749E+07  0.196765E+08  0.197339E+08  0.197343E+08  0.197353E+08 -0.472036E+00  0.104606E+08  0.104602E+08  0.225670E+03
  0.617090E-03  0.197224E+08  0.197207E+08  0.413868E+07  0.387638E+07  0.196528E+08  0.197217E+08  0.197222E+08  0.197227E+08 -0.471719E+00  0.104541E+08  0.104536E+08  0.232087E+03
  0.675590E-03  0.197083E+08  0.197063E+08  0.294868E+07  0.273921E+07  0.196249E+08  0.197074E+08  0.197080E+08  0.197082E+08 -0.471355E+00  0.104464E+08  0.104459E+08  0.236476E+03
  0.739636E-03  0.196918E+08  0.196896E+08  0.207364E+07  0.192840E+07  0.195920E+08  0.196908E+08  0.196915E+08  0.196914E+08 -0.470937E+00  0.104375E+08  0.104370E+08  0.238549E+03
  0.809753E-03  0.196728E+08  0.196702E+08  0.151317E+07  0.143534E+07  0.195535E+08  0.196716E+08  0.196724E+08  0.196720E+08 -0.470460E+00  0.104272E+08  0.104266E+08  0.238112E+03
  0.886517E-03  0.196507E+08  0.196479E+08  0.120866E+07  0.119008E+07  0.195084E+08  0.196494E+08  0.196503E+08  0.196497E+08 -0.469915E+00  0.104153E+08  0.104147E+08  0.235098E+03
  0.970559E-03  0.196253E+08  0.196222E+08  0.105182E+07  0.107273E+07  0.194557E+08  0.196237E+08  0.196248E+08  0.196240E+08 -0.469293E+00  0.104016E+08  0.104009E+08  0.229567E+03
  0.106257E-02  0.195961E+08  0.195927E+08  0.921120E+06  0.954654E+06  0.193942E+08  0.195943E+08  0.195955E+08  0.195945E+08 -0.468581E+00  0.103859E+08  0.103852E+08  0.221684E+03
  0.116330E-02  0.195626E+08  0.195589E+08  0.738344E+06  0.759798E+06  0.193228E+08  0.195605E+08  0.195620E+08  0.195607E+08 -0.467769E+00  0.103679E+08  0.103672E+08  0.211682E+03
  0.127358E-02  0.195243E+08  0.195204E+08  0.512748E+06  0.510051E+06  0.192400E+08  0.195219E+08  0.195237E+08  0.195220E+08 -0.466841E+00  0.103474E+08  0.103467E+08  0.199824E+03
  0.139431E-02  0.194806E+08  0.194766E+08  0.325750E+06  0.304107E+06  0.191446E+08  0.194778E+08  0.194800E+08  0.194779E+08 -0.465783E+00  0.103240E+08  0.103233E+08  0.186422E+03
  0.152649E-02  0.194309E+08  0.194267E+08  0.242533E+06  0.217919E+06  0.190350E+08  0.194277E+08  0.194302E+08  0.194278E+08 -0.464580E+00  0.102974E+08  0.102967E+08  0.171886E+03
  0.167120E-02  0.193744E+08  0.193702E+08  0.225924E+06  0.211250E+06  0.189096E+08  0.193708E+08  0.193737E+08  0.193708E+08 -0.463216E+00  0.102673E+08  0.102665E+08  0.156768E+03
  0.182963E-02  0.193104E+08  0.193061E+08  0.177656E+06 -0.135795E+06  0.187670E+08  0.193062E+08  0.193097E+08  0.193063E+08 -0.461670E+00  0.102331E+08  0.102323E+08  0.141719E+03
  0.200308E-02  0.192380E+08  0.192338E+08  0.892231E+05 -0.112866E+06  0.186056E+08  0.192333E+08  0.192374E+08  0.192333E+08 -0.459924E+00  0.101944E+08  0.101937E+08  0.127359E+03
  0.219297E-02  0.191564E+08  0.191522E+08  0.538168E+05 -0.937638E+05  0.184239E+08  0.191511E+08  0.191557E+08  0.191511E+08 -0.457956E+00  0.101509E+08  0.101501E+08  0.114194E+03
  0.240087E-02  0.190646E+08  0.190604E+08  0.673637E+05 -0.778531E+05  0.182210E+08  0.190586E+08  0.190640E+08  0.190586E+08 -0.455742E+00  0.101019E+08  0.101012E+08  0.102605E+03
  0.262847E-02  0.189617E+08  0.189574E+08  0.385672E+05 -0.646035E+05  0.179956E+08  0.189548E+08  0.189610E+08  0.189548E+08 -0.453261E+00  0.100470E+08  0.100462E+08  0.927622E+02
  0.287765E-02  0.188465E+08  0.188421E+08  0.172055E+05 -0.535733E+05  0.177473E+08  0.188388E+08  0.188459E+08  0.188388E+08 -0.450486E+00  0.998557E+07  0.998484E+07  0.845037E+02
  0.315045E-02  0.187182E+08  0.187136E+08  0.228946E+05 -0.443941E+05  0.174755E+08  0.187095E+08  0.187175E+08  0.187095E+08 -0.447394E+00  0.991715E+07  0.991642E+07  0.774109E+02
  0.344911E-02  0.185757E+08  0.185708E+08  0.322070E+04 -0.367582E+05  0.171800E+08  0.185660E+08  0.185749E+08  0.185660E+08 -0.443960E+00  0.984115E+07  0.984042E+07  0.709756E+02
  0.377608E-02  0.184178E+08  0.184127E+08  0.433284E+04 -0.304092E+05  0.168605E+08  0.184071E+08  0.184171E+08  0.184071E+08 -0.440161E+00  0.975706E+07  0.975633E+07  0.647848E+02
  0.413405E-02  0.182438E+08  0.182384E+08 -0.445375E+04 -0.251329E+05  0.165163E+08  0.182319E+08  0.182429E+08  0.182319E+08 -0.435970E+00  0.966432E+07  0.966359E+07  0.587565E+02
  0.452596E-02  0.180524E+08  0.180467E+08  0.344108E+04 -0.207507E+05  0.161465E+08  0.180393E+08  0.180515E+08  0.180393E+08 -0.431365E+00  0.956240E+07  0.956168E+07  0.531058E+02
  0.495502E-02  0.178427E+08  0.178366E+08  0.125527E+04 -0.171134E+05  0.157497E+08  0.178283E+08  0.178417E+08  0.178283E+08 -0.426320E+00  0.945076E+07  0.945005E+07  0.481126E+02
  0.542475E-02  0.176137E+08  0.176072E+08 -0.382683E+04 -0.140966E+05  0.153241E+08  0.175980E+08  0.176126E+08  0.175980E+08 -0.420812E+00  0.932886E+07  0.932815E+07  0.437967E+02
  0.593902E-02  0.173643E+08  0.173573E+08 -0.687548E+03 -0.115963E+05  0.148688E+08  0.173473E+08  0.173632E+08  0.173473E+08 -0.414816E+00  0.919618E+07  0.919547E+07  0.398892E+02
  0.650204E-02  0.170943E+08  0.170867E+08 -0.103358E+04 -0.952616E+04  0.143746E+08  0.170757E+08  0.170931E+08  0.170757E+08 -0.408323E+00  0.905248E+07  0.905178E+07  0.361808E+02
  0.711843E-02  0.168014E+08  0.167930E+08 -0.923990E+03 -0.781309E+04  0.138563E+08  0.167812E+08  0.168001E+08  0.167812E+08 -0.401281E+00  0.889663E+07  0.889593E+07  0.327788E+02
  0.779325E-02  0.164852E+08  0.164759E+08 -0.229220E+04 -0.639723E+04  0.133121E+08  0.164634E+08  0.164837E+08  0.164634E+08 -0.393681E+00  0.872843E+07  0.872773E+07  0.298119E+02
  0.853205E-02  0.161445E+08  0.161342E+08 -0.280019E+03 -0.522822E+04  0.127419E+08  0.161211E+08  0.161429E+08  0.161211E+08 -0.385495E+00  0.854726E+07  0.854656E+07  0.271189E+02
  0.934088E-02  0.157788E+08  0.157673E+08 -0.235931E+04 -0.426427E+04  0.121459E+08  0.157538E+08  0.157770E+08  0.157538E+08 -0.376711E+00  0.835283E+07  0.835214E+07  0.246289E+02
  0.102264E-01  0.153871E+08  0.153741E+08 -0.206917E+04 -0.347037E+04  0.115251E+08  0.153603E+08  0.153851E+08  0.153603E+08 -0.367303E+00  0.814457E+07  0.814388E+07  0.224349E+02
  0.111959E-01  0.149681E+08  0.149535E+08 -0.891800E+03 -0.281738E+04  0.108846E+08  0.149397E+08  0.149659E+08  0.149397E+08 -0.357245E+00  0.792191E+07  0.792123E+07  0.204423E+02
  0.122572E-01  0.145212E+08  0.145048E+08 -0.165259E+04 -0.228112E+04  0.102303E+08  0.144912E+08  0.145187E+08  0.144912E+08 -0.346520E+00  0.768445E+07  0.768377E+07  0.186452E+02
  0.134192E-01  0.140457E+08  0.140270E+08 -0.142233E+04 -0.184147E+04  0.956363E+07  0.140141E+08  0.140428E+08  0.140141E+08 -0.335111E+00  0.743183E+07  0.743114E+07  0.170370E+02
  0.146913E-01  0.135408E+08  0.135198E+08 -0.943311E+03 -0.148168E+04  0.888602E+07  0.135078E+08  0.135376E+08  0.135078E+08 -0.323004E+00  0.716373E+07  0.716305E+07  0.155847E+02
  0.160841E-01  0.130064E+08  0.129827E+08 -0.943281E+03 -0.118785E+04  0.820365E+07  0.129720E+08  0.130027E+08  0.129720E+08 -0.310192E+00  0.687998E+07  0.687929E+07  0.142748E+02
  0.176088E-01  0.124425E+08  0.124158E+08 -0.655281E+03 -0.948444E+03  0.752143E+07  0.124068E+08  0.124383E+08  0.124068E+08 -0.296677E+00  0.658064E+07  0.657994E+07  0.130922E+02
  0.192781E-01  0.118498E+08  0.118199E+08 -0.442714E+03 -0.753919E+03  0.684533E+07  0.118131E+08  0.118452E+08  0.118131E+08 -0.282480E+00  0.626614E+07  0.626544E+07  0.120090E+02
  0.211057E-01  0.112301E+08  0.111969E+08 -0.423538E+03 -0.596368E+03  0.618008E+07  0.111927E+08  0.112250E+08  0.111927E+08 -0.267644E+00  0.593743E+07  0.593673E+07  0.110111E+02
  0.231065E-01  0.105866E+08  0.105500E+08 -0.312492E+03 -0.469250E+03  0.553197E+07  0.105485E+08  0.105809E+08  0.105485E+08 -0.252241E+00  0.559613E+07  0.559543E+07  0.100787E+02
  0.252970E-01  0.992384E+07  0.988395E+07 -0.313399E+03 -0.367157E+03  0.490817E+07  0.988556E+07  0.991766E+07  0.988556E+07 -0.236388E+00  0.524478E+07  0.524408E+07  0.919201E+01
  0.276951E-01  0.924883E+07  0.920600E+07 -0.176866E+03 -0.285618E+03  0.431489E+07  0.921062E+07  0.924219E+07  0.921062E+07 -0.220248E+00  0.488705E+07  0.488635E+07  0.833325E+01
  0.303206E-01  0.857084E+07  0.852567E+07 -0.186393E+03 -0.220928E+03  0.375901E+07  0.853305E+07  0.856384E+07  0.853305E+07 -0.204046E+00  0.452787E+07  0.452719E+07  0.748503E+01
  0.331950E-01  0.790166E+07  0.785509E+07 -0.146685E+03 -0.170011E+03  0.324644E+07  0.786466E+07  0.789444E+07  0.786466E+07 -0.188063E+00  0.417352E+07  0.417286E+07  0.663670E+01
  0.363419E-01  0.725520E+07  0.720848E+07 -0.116421E+03 -0.130301E+03  0.278261E+07  0.721934E+07  0.724795E+07  0.721934E+07 -0.172632E+00  0.383135E+07  0.383072E+07  0.578219E+01
  0.397871E-01  0.664632E+07  0.660101E+07 -0.612233E+02 -0.996383E+02  0.237103E+07  0.661194E+07  0.663929E+07  0.661194E+07 -0.158108E+00  0.350926E+07  0.350867E+07  0.492441E+01
  0.435589E-01  0.608886E+07  0.604669E+07 -0.702718E+02 -0.761978E+02  0.201316E+07  0.605625E+07  0.608232E+07  0.605625E+07 -0.144820E+00  0.321456E+07  0.321403E+07  0.407662E+01
  0.472447E-01  0.564087E+07  0.560294E+07 -0.426846E+02 -0.600374E+02  0.173676E+07  0.561001E+07  0.563499E+07  0.561001E+07 -0.134149E+00  0.297789E+07  0.297742E+07  0.334522E+01
  0.509304E-01  0.527312E+07  0.524008E+07  0.717209E+02 -0.483183E+02  0.151601E+07  0.524396E+07  0.526800E+07  0.524396E+07 -0.125396E+00  0.278374E+07  0.278333E+07  0.271589E+01
  0.546162E-01  0.496568E+07  0.493766E+07  0.587161E+02 -0.395863E+02  0.133642E+07  0.493811E+07  0.496133E+07  0.493811E+07 -0.118082E+00  0.262152E+07  0.262116E+07  0.219147E+01
  0.583019E-01  0.470443E+07  0.468110E+07  0.488056E+02 -0.329268E+02  0.118799E+07  0.467831E+07  0.470081E+07  0.467831E+07 -0.111870E+00  0.248371E+07  0.248340E+07  0.177155E+01
  0.619877E-01  0.447436E+07  0.445502E+07  0.410548E+02 -0.277149E+02  0.106243E+07  0.444952E+07  0.447136E+07  0.444952E+07 -0.106399E+00  0.236235E+07  0.236208E+07  0.145021E+01
  0.656734E-01  0.426221E+07  0.424591E+07  0.348348E+02 -0.235296E+02  0.953519E+06  0.423850E+07  0.425968E+07  0.423850E+07 -0.101353E+00  0.225040E+07  0.225016E+07  0.121694E+01
  0.693592E-01  0.405812E+07  0.404381E+07  0.297291E+02 -0.200918E+02  0.856922E+06  0.403540E+07  0.405590E+07  0.403540E+07 -0.964962E-01  0.214265E+07  0.214243E+07  0.105780E+01
  0.730449E-01  0.385662E+07  0.384331E+07  0.254677E+02 -0.172207E+02  0.769998E+06  0.383479E+07  0.385455E+07  0.383479E+07 -0.916990E-01  0.203620E+07  0.203599E+07  0.956952E+00
  0.767307E-01  0.365655E+07  0.364337E+07  0.218767E+02 -0.147999E+02  0.691382E+06  0.363552E+07  0.365451E+07  0.363552E+07 -0.869341E-01  0.193046E+07  0.193025E+07  0.898163E+00
  0.804164E-01  0.345895E+07  0.344527E+07  0.188356E+02 -0.127485E+02  0.620314E+06  0.343865E+07  0.345683E+07  0.343865E+07 -0.822265E-01  0.182598E+07  0.182577E+07  0.865954E+00
  0.841022E-01  0.326586E+07  0.325130E+07  0.162547E+02 -0.110066E+02  0.556300E+06  0.324626E+07  0.326360E+07  0.324626E+07 -0.776258E-01  0.172386E+07  0.172365E+07  0.846706E+00
  0.877879E-01  0.308047E+07  0.306493E+07  0.140674E+02 -0.952956E+01  0.499072E+06  0.306153E+07  0.307806E+07  0.306153E+07 -0.732087E-01  0.162581E+07  0.162560E+07  0.829589E+00
  0.914737E-01  0.290661E+07  0.289025E+07  0.122219E+02 -0.828265E+01  0.448470E+06  0.288834E+07  0.290408E+07  0.288834E+07 -0.690673E-01  0.153388E+07  0.153366E+07  0.807033E+00
  0.964194E-01  0.269743E+07  0.268049E+07  0.102051E+02 -0.691925E+01  0.390568E+06  0.268004E+07  0.269480E+07  0.268004E+07 -0.640862E-01  0.142330E+07  0.142308E+07  0.761130E+00
  0.101365E+00  0.251997E+07  0.250327E+07  0.862390E+01 -0.584962E+01  0.343131E+06  0.250345E+07  0.251738E+07  0.250345E+07 -0.598635E-01  0.132956E+07  0.132935E+07  0.695673E+00
  0.106311E+00  0.237439E+07  0.235874E+07  0.738604E+01 -0.501178E+01  0.304653E+06  0.235872E+07  0.237197E+07  0.235872E+07 -0.564027E-01  0.125273E+07  0.125253E+07  0.615355E+00
  0.111257E+00  0.225720E+07  0.224322E+07  0.641061E+01 -0.435124E+01  0.273416E+06  0.224234E+07  0.225503E+07  0.224234E+07 -0.536197E-01  0.119094E+07  0.119076E+07  0.528885E+00
  0.116202E+00  0.216184E+07  0.214982E+07  0.562814E+01 -0.382115E+01  0.247647E+06  0.214772E+07  0.215997E+07  0.214772E+07 -0.513571E-01  0.114071E+07  0.114055E+07  0.445868E+00
  0.121148E+00  0.207979E+07  0.206968E+07  0.498149E+01 -0.338294E+01  0.225677E+06  0.206635E+07  0.207822E+07  0.206635E+07 -0.494115E-01  0.109751E+07  0.109738E+07  0.374306E+00
  0.126094E+00  0.200286E+07  0.199430E+07  0.442824E+01 -0.300791E+01  0.206171E+06  0.199003E+07  0.200153E+07  0.199003E+07 -0.475864E-01  0.105699E+07  0.105687E+07  0.319103E+00
  0.131039E+00  0.192501E+07  0.191747E+07  0.394072E+01 -0.267737E+01  0.188245E+06  0.191272E+07  0.192384E+07  0.191272E+07 -0.457378E-01  0.101595E+07  0.101584E+07  0.281572E+00
  0.135985E+00  0.184316E+07  0.183606E+07  0.350335E+01 -0.238076E+01  0.171449E+06  0.183135E+07  0.184206E+07  0.183135E+07 -0.437921E-01  0.972743E+06  0.972637E+06  0.259797E+00
  0.140931E+00  0.175722E+07  0.175007E+07  0.310924E+01 -0.211344E+01  0.155676E+06  0.174586E+07  0.175611E+07  0.174586E+07 -0.417477E-01  0.927345E+06  0.927240E+06  0.249615E+00
  0.145877E+00  0.166949E+07  0.166197E+07  0.275660E+01 -0.187417E+01  0.141031E+06  0.165854E+07  0.166832E+07  0.165854E+07 -0.396597E-01  0.880976E+06  0.880869E+06  0.245883E+00
  0.150822E+00  0.158339E+07  0.157540E+07  0.244530E+01 -0.166291E+01  0.127687E+06  0.157284E+07  0.158215E+07  0.157284E+07 -0.376103E-01  0.835465E+06  0.835354E+06  0.243670E+00
  0.155768E+00  0.150250E+07  0.149412E+07  0.217496E+01 -0.147938E+01  0.115793E+06  0.149232E+07  0.150120E+07  0.149232E+07 -0.356850E-01  0.792708E+06  0.792597E+06  0.239186E+00
  0.160714E+00  0.142991E+07  0.142138E+07  0.194415E+01 -0.132263E+01  0.105427E+06  0.142011E+07  0.142859E+07  0.142011E+07 -0.339582E-01  0.754358E+06  0.754248E+06  0.230304E+00
  0.165659E+00  0.136750E+07  0.135911E+07  0.174975E+01 -0.119057E+01  0.965594E+05  0.135806E+07  0.136620E+07  0.135806E+07 -0.324745E-01  0.721406E+06  0.721299E+06  0.216609E+00
  0.170605E+00  0.131523E+07  0.130727E+07  0.158664E+01 -0.107974E+01  0.890278E+05  0.130615E+07  0.131399E+07  0.130615E+07 -0.312331E-01  0.693835E+06  0.693733E+06  0.199080E+00
  0.175551E+00  0.127147E+07  0.126415E+07  0.144864E+01 -0.985936E+00  0.825845E+05  0.126273E+07  0.127034E+07  0.126273E+07 -0.301948E-01  0.670776E+06  0.670681E+06  0.179569E+00
  0.180497E+00  0.123386E+07  0.122727E+07  0.132983E+01 -0.905164E+00  0.769682E+05  0.122543E+07  0.123283E+07  0.122543E+07 -0.293029E-01  0.650968E+06  0.650881E+06  0.160230E+00
  0.185442E+00  0.119977E+07  0.119389E+07  0.122508E+01 -0.833939E+00  0.719394E+05  0.119164E+07  0.119886E+07  0.119164E+07 -0.284950E-01  0.633023E+06  0.632944E+06  0.142966E+00
  0.190388E+00  0.116660E+07  0.116130E+07  0.113014E+01 -0.769382E+00  0.672903E+05  0.115874E+07  0.116578E+07  0.115874E+07 -0.277082E-01  0.615549E+06  0.615475E+06  0.129044E+00
  0.195334E+00  0.113233E+07  0.112742E+07  0.104208E+01 -0.709503E+00  0.628770E+05  0.112472E+07  0.113156E+07  0.112472E+07 -0.268947E-01  0.597480E+06  0.597411E+06  0.118941E+00
  0.200279E+00  0.109616E+07  0.109144E+07  0.959549E+00 -0.653376E+00  0.586397E+05  0.108878E+07  0.109543E+07  0.108878E+07 -0.260354E-01  0.578395E+06  0.578328E+06  0.112397E+00
  0.205225E+00  0.105838E+07  0.105368E+07  0.882298E+00 -0.600840E+00  0.545828E+05  0.105122E+07  0.105765E+07  0.105122E+07 -0.251373E-01  0.558447E+06  0.558380E+06  0.108590E+00
  0.210171E+00  0.101984E+07  0.101505E+07  0.810554E+00 -0.552044E+00  0.507378E+05  0.101289E+07  0.101910E+07  0.101289E+07 -0.242207E-01  0.538088E+06  0.538021E+06  0.106392E+00
  0.215117E+00  0.981704E+06  0.976775E+06  0.744700E+00 -0.507249E+00  0.471460E+05  0.974957E+06  0.980940E+06  0.974957E+06 -0.233136E-01  0.517938E+06  0.517871E+06  0.104653E+00
  0.220062E+00  0.945328E+06  0.940292E+06  0.685167E+00 -0.466747E+00  0.438520E+05  0.938776E+06  0.944547E+06  0.938776E+06 -0.224484E-01  0.498721E+06  0.498653E+06  0.102448E+00
  0.225008E+00  0.911918E+06  0.906853E+06  0.632165E+00 -0.430681E+00  0.408862E+05  0.905557E+06  0.911133E+06  0.905557E+06 -0.216540E-01  0.481076E+06  0.481009E+06  0.992145E-01
  0.229954E+00  0.882173E+06  0.877184E+06  0.585490E+00 -0.398915E+00  0.382518E+05  0.875997E+06  0.881399E+06  0.875997E+06 -0.209472E-01  0.465375E+06  0.465309E+06  0.947897E-01
  0.234899E+00  0.856142E+06  0.851330E+06  0.544525E+00 -0.371029E+00  0.359235E+05  0.850145E+06  0.855396E+06  0.850145E+06 -0.203290E-01  0.451643E+06  0.451580E+06  0.893598E-01
  0.239845E+00  0.833338E+06  0.828780E+06  0.508387E+00 -0.346425E+00  0.338560E+05  0.827513E+06  0.832631E+06  0.827513E+06 -0.197878E-01  0.439621E+06  0.439561E+06  0.833507E-01
  0.244791E+00  0.812902E+06  0.808637E+06  0.476091E+00 -0.324433E+00  0.319940E+05  0.807242E+06  0.812241E+06  0.807242E+06 -0.193031E-01  0.428854E+06  0.428797E+06  0.772894E-01
  0.249737E+00  0.793844E+06  0.789866E+06  0.446705E+00 -0.304422E+00  0.302835E+05  0.788339E+06  0.793227E+06  0.788339E+06 -0.188511E-01  0.418813E+06  0.418759E+06  0.716719E-01
  0.254682E+00  0.775290E+06  0.771561E+06  0.419490E+00 -0.285889E+00  0.286807E+05  0.769932E+06  0.774712E+06  0.769932E+06 -0.184109E-01  0.409036E+06  0.408984E+06  0.668627E-01
  0.259628E+00  0.756616E+06  0.753071E+06  0.393936E+00 -0.268487E+00  0.271555E+05  0.751396E+06  0.756066E+06  0.751396E+06 -0.179677E-01  0.399189E+06  0.399140E+06  0.630378E-01
  0.264574E+00  0.737455E+06  0.734025E+06  0.369733E+00 -0.252004E+00  0.256905E+05  0.732366E+06  0.736923E+06  0.732366E+06 -0.175126E-01  0.389081E+06  0.389033E+06  0.601773E-01
  0.269519E+00  0.717746E+06  0.714366E+06  0.346753E+00 -0.236355E+00  0.242802E+05  0.712782E+06  0.717222E+06  0.712782E+06 -0.170443E-01  0.378678E+06  0.378631E+06  0.581031E-01
  0.274465E+00  0.697760E+06  0.694386E+06  0.325042E+00 -0.221570E+00  0.229307E+05  0.692916E+06  0.697237E+06  0.692916E+06 -0.165693E-01  0.368125E+06  0.368079E+06  0.565446E-01
  0.279411E+00  0.677993E+06  0.674606E+06  0.304736E+00 -0.207740E+00  0.216545E+05  0.673266E+06  0.677468E+06  0.673266E+06 -0.160994E-01  0.357687E+06  0.357641E+06  0.552084E-01
  0.284357E+00  0.658950E+06  0.655554E+06  0.285949E+00 -0.194944E+00  0.204628E+05  0.654336E+06  0.658424E+06  0.654336E+06 -0.156468E-01  0.347631E+06  0.347585E+06  0.538383E-01
  0.289302E+00  0.641008E+06  0.637625E+06  0.268722E+00 -0.183209E+00  0.193617E+05  0.636504E+06  0.640484E+06  0.636504E+06 -0.152203E-01  0.338159E+06  0.338114E+06  0.522579E-01
  0.294248E+00  0.624400E+06  0.621064E+06  0.253026E+00 -0.172516E+00  0.183520E+05  0.620003E+06  0.623883E+06  0.620003E+06 -0.148258E-01  0.329393E+06  0.329349E+06  0.503928E-01
  0.299194E+00  0.609213E+06  0.605958E+06  0.238773E+00 -0.162804E+00  0.174299E+05  0.604920E+06  0.608708E+06  0.604920E+06 -0.144651E-01  0.321381E+06  0.321337E+06  0.482662E-01
  0.304139E+00  0.595348E+06  0.592204E+06  0.225811E+00 -0.153971E+00  0.165871E+05  0.591156E+06  0.594861E+06  0.591156E+06 -0.141360E-01  0.314069E+06  0.314027E+06  0.459738E-01
  0.309085E+00  0.582539E+06  0.579521E+06  0.213938E+00 -0.145881E+00  0.158107E+05  0.578443E+06  0.582071E+06  0.578443E+06 -0.138320E-01  0.307316E+06  0.307275E+06  0.436480E-01
  0.314031E+00  0.570438E+06  0.567548E+06  0.202949E+00 -0.138391E+00  0.150874E+05  0.566434E+06  0.569990E+06  0.566434E+06 -0.135448E-01  0.300936E+06  0.300897E+06  0.414239E-01
  0.318977E+00  0.558724E+06  0.555951E+06  0.192666E+00 -0.131383E+00  0.144056E+05  0.554810E+06  0.558294E+06  0.554810E+06 -0.132668E-01  0.294761E+06  0.294723E+06  0.394103E-01
  0.323922E+00  0.547157E+06  0.544480E+06  0.182959E+00 -0.124767E+00  0.137566E+05  0.543327E+06  0.546742E+06  0.543327E+06 -0.129923E-01  0.288661E+06  0.288624E+06  0.376711E-01
  0.328868E+00  0.535580E+06  0.532976E+06  0.173740E+00 -0.118484E+00  0.131349E+05  0.531831E+06  0.535176E+06  0.531831E+06 -0.127174E-01  0.282554E+06  0.282518E+06  0.362184E-01
  0.333814E+00  0.523937E+06  0.521383E+06  0.164962E+00 -0.112501E+00  0.125377E+05  0.520267E+06  0.523541E+06  0.520267E+06 -0.124408E-01  0.276411E+06  0.276376E+06  0.350176E-01
  0.338759E+00  0.512280E+06  0.509757E+06  0.156613E+00 -0.106811E+00  0.119650E+05  0.508686E+06  0.511889E+06  0.508686E+06 -0.121639E-01  0.270259E+06  0.270224E+06  0.340031E-01
  0.343705E+00  0.500750E+06  0.498247E+06  0.148709E+00 -0.101424E+00  0.114187E+05  0.497229E+06  0.500362E+06  0.497229E+06 -0.118899E-01  0.264172E+06  0.264138E+06  0.330960E-01
  0.348651E+00  0.489521E+06  0.487037E+06  0.141276E+00 -0.963573E-01  0.109015E+05  0.486072E+06  0.489136E+06  0.486072E+06 -0.116231E-01  0.258245E+06  0.258211E+06  0.322223E-01
  0.353597E+00  0.478745E+06  0.476285E+06  0.134324E+00 -0.916190E-01  0.104150E+05  0.475365E+06  0.478363E+06  0.475365E+06 -0.113671E-01  0.252557E+06  0.252524E+06  0.313254E-01
  0.358542E+00  0.468517E+06  0.466091E+06  0.127850E+00 -0.872060E-01  0.995965E+04  0.465205E+06  0.468141E+06  0.465205E+06 -0.111242E-01  0.247160E+06  0.247127E+06  0.303737E-01
  0.363488E+00  0.458872E+06  0.456492E+06  0.121833E+00 -0.831034E-01  0.953437E+04  0.455627E+06  0.458503E+06  0.455627E+06 -0.108951E-01  0.242071E+06  0.242039E+06  0.293626E-01
  0.368434E+00  0.449791E+06  0.447466E+06  0.116236E+00 -0.792878E-01  0.913710E+04  0.446610E+06  0.449431E+06  0.446610E+06 -0.106795E-01  0.237281E+06  0.237250E+06  0.283100E-01
  0.373379E+00  0.441207E+06  0.438944E+06  0.111017E+00 -0.757291E-01  0.876495E+04  0.438087E+06  0.440856E+06  0.438087E+06 -0.104757E-01  0.232753E+06  0.232723E+06  0.272481E-01
  0.378325E+00  0.433016E+06  0.430817E+06  0.106126E+00 -0.723941E-01  0.841455E+04  0.429957E+06  0.432675E+06  0.429957E+06 -0.102813E-01  0.228434E+06  0.228404E+06  0.262139E-01
  0.383271E+00  0.425102E+06  0.422964E+06  0.101515E+00 -0.692499E-01  0.808249E+04  0.422101E+06  0.424771E+06  0.422101E+06 -0.100934E-01  0.224260E+06  0.224231E+06  0.252400E-01
  0.388217E+00  0.417359E+06  0.415275E+06  0.971421E-01 -0.662684E-01  0.776587E+04  0.414414E+06  0.417036E+06  0.414414E+06 -0.990963E-02  0.220176E+06  0.220148E+06  0.243485E-01
  0.393162E+00  0.409715E+06  0.407679E+06  0.929783E-01 -0.634292E-01  0.746262E+04  0.406824E+06  0.409399E+06  0.406824E+06 -0.972814E-02  0.216144E+06  0.216117E+06  0.235481E-01
  0.398108E+00  0.402144E+06  0.400146E+06  0.890061E-01 -0.607206E-01  0.717164E+04  0.399306E+06  0.401834E+06  0.399306E+06 -0.954836E-02  0.212150E+06  0.212123E+06  0.228345E-01
  0.403054E+00  0.394656E+06  0.392689E+06  0.852172E-01 -0.581370E-01  0.689252E+04  0.391868E+06  0.394351E+06  0.391868E+06 -0.937052E-02  0.208199E+06  0.208172E+06  0.221930E-01
  0.407999E+00  0.387279E+06  0.385338E+06  0.816081E-01 -0.556759E-01  0.662523E+04  0.384541E+06  0.386978E+06  0.384541E+06 -0.919531E-02  0.204307E+06  0.204280E+06  0.216026E-01
  0.412945E+00  0.380056E+06  0.378139E+06  0.781780E-01 -0.533370E-01  0.636993E+04  0.377367E+06  0.379759E+06  0.377367E+06 -0.902375E-02  0.200495E+06  0.200469E+06  0.210417E-01
  0.417891E+00  0.373031E+06  0.371138E+06  0.749264E-01 -0.511195E-01  0.612679E+04  0.370389E+06  0.372738E+06  0.370389E+06 -0.885688E-02  0.196788E+06  0.196762E+06  0.204911E-01
  0.422837E+00  0.366251E+06  0.364385E+06  0.718529E-01 -0.490235E-01  0.589601E+04  0.363655E+06  0.365962E+06  0.363655E+06 -0.869587E-02  0.193210E+06  0.193185E+06  0.199390E-01
  0.427782E+00  0.359742E+06  0.357905E+06  0.689528E-01 -0.470457E-01  0.567741E+04  0.357191E+06  0.359458E+06  0.357191E+06 -0.854129E-02  0.189776E+06  0.189751E+06  0.193804E-01
  0.432728E+00  0.353502E+06  0.351698E+06  0.662163E-01 -0.451794E-01  0.547037E+04  0.350995E+06  0.353223E+06  0.350995E+06 -0.839313E-02  0.186484E+06  0.186460E+06  0.188169E-01
  0.437674E+00  0.347510E+06  0.345740E+06  0.636307E-01 -0.434159E-01  0.527402E+04  0.345044E+06  0.347236E+06  0.345044E+06 -0.825085E-02  0.183323E+06  0.183299E+06  0.182552E-01
  0.442619E+00  0.341733E+06  0.339999E+06  0.611822E-01 -0.417458E-01  0.508738E+04  0.339309E+06  0.341464E+06  0.339309E+06 -0.811369E-02  0.180276E+06  0.180253E+06  0.177046E-01
  0.447565E+00  0.336134E+06  0.334436E+06  0.588570E-01 -0.401598E-01  0.490946E+04  0.333750E+06  0.335871E+06  0.333750E+06 -0.798077E-02  0.177323E+06  0.177300E+06  0.171746E-01
  0.452511E+00  0.330677E+06  0.329013E+06  0.566425E-01 -0.386493E-01  0.473934E+04  0.328332E+06  0.330419E+06  0.328332E+06 -0.785122E-02  0.174445E+06  0.174422E+06  0.166726E-01
  0.457457E+00  0.325331E+06  0.323698E+06  0.545282E-01 -0.372071E-01  0.457624E+04  0.323024E+06  0.325078E+06  0.323024E+06 -0.772429E-02  0.171625E+06  0.171602E+06  0.162027E-01
  0.462402E+00  0.320076E+06  0.318471E+06  0.525056E-01 -0.358275E-01  0.441959E+04  0.317806E+06  0.319827E+06  0.317806E+06 -0.759952E-02  0.168852E+06  0.168831E+06  0.157650E-01
  0.467348E+00  0.314904E+06  0.313323E+06  0.505692E-01 -0.345067E-01  0.426899E+04  0.312670E+06  0.314659E+06  0.312670E+06 -0.747669E-02  0.166123E+06  0.166102E+06  0.153567E-01
  0.472294E+00  0.309818E+06  0.308261E+06  0.487157E-01 -0.332424E-01  0.412427E+04  0.307620E+06  0.309577E+06  0.307620E+06 -0.735593E-02  0.163441E+06  0.163419E+06  0.149725E-01
  0.477239E+00  0.304836E+06  0.303300E+06  0.469436E-01 -0.320336E-01  0.398537E+04  0.302672E+06  0.304598E+06  0.302672E+06 -0.723761E-02  0.160812E+06  0.160791E+06  0.146064E-01
  0.482185E+00  0.299971E+06  0.298455E+06  0.452512E-01 -0.308791E-01  0.385227E+04  0.297840E+06  0.299736E+06  0.297840E+06 -0.712207E-02  0.158245E+06  0.158224E+06  0.142524E-01
  0.487131E+00  0.295233E+06  0.293738E+06  0.436364E-01 -0.297776E-01  0.372482E+04  0.293135E+06  0.295001E+06  0.293135E+06 -0.700956E-02  0.155745E+06  0.155725E+06  0.139058E-01
  0.492077E+00  0.290629E+06  0.289155E+06  0.420965E-01 -0.287271E-01  0.360289E+04  0.288563E+06  0.290400E+06  0.288563E+06 -0.690023E-02  0.153316E+06  0.153296E+06  0.135638E-01
  0.497022E+00  0.286163E+06  0.284711E+06  0.406286E-01 -0.277257E-01  0.348630E+04  0.284128E+06  0.285938E+06  0.284128E+06 -0.679419E-02  0.150960E+06  0.150940E+06  0.132258E-01
  0.501968E+00  0.281834E+06  0.280405E+06  0.392292E-01 -0.267710E-01  0.337480E+04  0.279830E+06  0.281612E+06  0.279830E+06 -0.669140E-02  0.148676E+06  0.148657E+06  0.128926E-01
  0.506914E+00  0.277632E+06  0.276226E+06  0.378937E-01 -0.258600E-01  0.326809E+04  0.275657E+06  0.277414E+06  0.275657E+06 -0.659163E-02  0.146459E+06  0.146440E+06  0.125663E-01
  0.511859E+00  0.273541E+06  0.272158E+06  0.366173E-01 -0.249891E-01  0.316578E+04  0.271596E+06  0.273327E+06  0.271596E+06 -0.649451E-02  0.144302E+06  0.144283E+06  0.122492E-01
  0.516805E+00  0.269547E+06  0.268187E+06  0.353952E-01 -0.241554E-01  0.306752E+04  0.267630E+06  0.269336E+06  0.267630E+06 -0.639968E-02  0.142195E+06  0.142176E+06  0.119435E-01
  0.521751E+00  0.265639E+06  0.264301E+06  0.342238E-01 -0.233562E-01  0.297304E+04  0.263750E+06  0.265432E+06  0.263750E+06 -0.630690E-02  0.140133E+06  0.140115E+06  0.116507E-01
  0.526697E+00  0.261810E+06  0.260492E+06  0.330999E-01 -0.225894E-01  0.288212E+04  0.259948E+06  0.261606E+06  0.259948E+06 -0.621599E-02  0.138113E+06  0.138095E+06  0.113715E-01
  0.531642E+00  0.258054E+06  0.256754E+06  0.320206E-01 -0.218530E-01  0.279453E+04  0.256218E+06  0.257852E+06  0.256218E+06 -0.612679E-02  0.136132E+06  0.136114E+06  0.111053E-01
  0.536588E+00  0.254366E+06  0.253085E+06  0.309838E-01 -0.211456E-01  0.271014E+04  0.252556E+06  0.254168E+06  0.252556E+06 -0.603923E-02  0.134186E+06  0.134169E+06  0.108509E-01
  0.541534E+00  0.250748E+06  0.249484E+06  0.299876E-01 -0.204659E-01  0.262881E+04  0.248964E+06  0.250552E+06  0.248964E+06 -0.595333E-02  0.132278E+06  0.132260E+06  0.106066E-01
  0.546479E+00  0.247205E+06  0.245957E+06  0.290310E-01 -0.198133E-01  0.255050E+04  0.245445E+06  0.247012E+06  0.245445E+06 -0.586919E-02  0.130408E+06  0.130391E+06  0.103706E-01
  0.551425E+00  0.243741E+06  0.242510E+06  0.281129E-01 -0.191868E-01  0.247512E+04  0.242005E+06  0.243550E+06  0.242005E+06 -0.578693E-02  0.128580E+06  0.128564E+06  0.101414E-01
  0.556371E+00  0.240357E+06  0.239142E+06  0.272318E-01 -0.185857E-01  0.240260E+04  0.238645E+06  0.240169E+06  0.238645E+06 -0.570659E-02  0.126796E+06  0.126779E+06  0.991755E-02
  0.561317E+00  0.237053E+06  0.235855E+06  0.263862E-01 -0.180087E-01  0.233281E+04  0.235365E+06  0.236868E+06  0.235365E+06 -0.562814E-02  0.125053E+06  0.125036E+06  0.969848E-02
  0.566262E+00  0.233828E+06  0.232645E+06  0.255744E-01 -0.174548E-01  0.226565E+04  0.232162E+06  0.233644E+06  0.232162E+06 -0.555155E-02  0.123351E+06  0.123335E+06  0.948395E-02
  0.571208E+00  0.230679E+06  0.229513E+06  0.247949E-01 -0.169229E-01  0.220099E+04  0.229036E+06  0.230498E+06  0.229036E+06 -0.547679E-02  0.121690E+06  0.121674E+06  0.927426E-02
  0.576154E+00  0.227604E+06  0.226454E+06  0.240462E-01 -0.164120E-01  0.213873E+04  0.225983E+06  0.227426E+06  0.225983E+06 -0.540379E-02  0.120068E+06  0.120052E+06  0.906991E-02
  0.581099E+00  0.224598E+06  0.223464E+06  0.233262E-01 -0.159208E-01  0.207872E+04  0.222997E+06  0.224422E+06  0.222997E+06 -0.533240E-02  0.118482E+06  0.118466E+06  0.887142E-02
  0.586045E+00  0.221652E+06  0.220533E+06  0.226333E-01 -0.154479E-01  0.202082E+04  0.220072E+06  0.221478E+06  0.220072E+06 -0.526246E-02  0.116928E+06  0.116912E+06  0.867919E-02
  0.590991E+00  0.218762E+06  0.217659E+06  0.219659E-01 -0.149925E-01  0.196491E+04  0.217203E+06  0.218591E+06  0.217203E+06 -0.519386E-02  0.115403E+06  0.115388E+06  0.849343E-02
  0.595937E+00  0.215929E+06  0.214840E+06  0.213229E-01 -0.145538E-01  0.191092E+04  0.214390E+06  0.215760E+06  0.214390E+06 -0.512657E-02  0.113909E+06  0.113894E+06  0.831417E-02
  0.600882E+00  0.213150E+06  0.212075E+06  0.207034E-01 -0.141310E-01  0.185877E+04  0.211630E+06  0.212983E+06  0.211630E+06 -0.506060E-02  0.112443E+06  0.112428E+06  0.814116E-02
  0.605828E+00  0.210424E+06  0.209363E+06  0.201062E-01 -0.137235E-01  0.180839E+04  0.208924E+06  0.210260E+06  0.208924E+06 -0.499587E-02  0.111005E+06  0.110990E+06  0.797391E-02
  0.610774E+00  0.207749E+06  0.206701E+06  0.195304E-01 -0.133305E-01  0.175970E+04  0.206267E+06  0.207586E+06  0.206267E+06 -0.493235E-02  0.109593E+06  0.109579E+06  0.781181E-02
  0.615719E+00  0.205124E+06  0.204089E+06  0.189750E-01 -0.129516E-01  0.171262E+04  0.203661E+06  0.204963E+06  0.203661E+06 -0.487003E-02  0.108209E+06  0.108194E+06  0.765428E-02
  0.620665E+00  0.202551E+06  0.201529E+06  0.184395E-01 -0.125862E-01  0.166714E+04  0.201107E+06  0.202393E+06  0.201107E+06 -0.480895E-02  0.106851E+06  0.106837E+06  0.750086E-02
  0.625611E+00  0.200032E+06  0.199022E+06  0.179234E-01 -0.122339E-01  0.162320E+04  0.198606E+06  0.199876E+06  0.198606E+06 -0.474914E-02  0.105523E+06  0.105509E+06  0.735122E-02
  0.630557E+00  0.197565E+06  0.196568E+06  0.174257E-01 -0.118943E-01  0.158075E+04  0.196156E+06  0.197411E+06  0.196156E+06 -0.469056E-02  0.104221E+06  0.104207E+06  0.720513E-02
  0.635502E+00  0.195148E+06  0.194162E+06  0.169455E-01 -0.115666E-01  0.153970E+04  0.193755E+06  0.194995E+06  0.193755E+06 -0.463316E-02  0.102946E+06  0.102932E+06  0.706245E-02
  0.640448E+00  0.192777E+06  0.191804E+06  0.164821E-01 -0.112504E-01  0.150000E+04  0.191402E+06  0.192626E+06  0.191402E+06 -0.457687E-02  0.101695E+06  0.101682E+06  0.692321E-02
  0.645394E+00  0.190453E+06  0.189492E+06  0.160347E-01 -0.109451E-01  0.146161E+04  0.189094E+06  0.190304E+06  0.189094E+06 -0.452170E-02  0.100469E+06  0.100456E+06  0.678750E-02
  0.650339E+00  0.188175E+06  0.187225E+06  0.156028E-01 -0.106503E-01  0.142446E+04  0.186832E+06  0.188028E+06  0.186832E+06 -0.446761E-02  0.992672E+05  0.992543E+05  0.665543E-02
  0.655285E+00  0.185940E+06  0.185002E+06  0.151857E-01 -0.103656E-01  0.138851E+04  0.184613E+06  0.185795E+06  0.184613E+06 -0.441454E-02  0.980882E+05  0.980754E+05  0.652703E-02
  0.660231E+00  0.183746E+06  0.182818E+06  0.147824E-01 -0.100904E-01  0.135369E+04  0.182434E+06  0.183602E+06  0.182434E+06 -0.436244E-02  0.969306E+05  0.969179E+05  0.640226E-02
  0.665177E+00  0.181590E+06  0.180674E+06  0.143925E-01 -0.982433E-02  0.131995E+04  0.180294E+06  0.181448E+06  0.180294E+06 -0.431125E-02  0.957933E+05  0.957808E+05  0.628103E-02
  0.670122E+00  0.179472E+06  0.178567E+06  0.140155E-01 -0.956702E-02  0.128727E+04  0.178191E+06  0.179332E+06  0.178191E+06 -0.426098E-02  0.946764E+05  0.946640E+05  0.616322E-02
  0.675068E+00  0.177394E+06  0.176499E+06  0.136509E-01 -0.931818E-02  0.125560E+04  0.176127E+06  0.177255E+06  0.176127E+06 -0.421163E-02  0.935798E+05  0.935675E+05  0.604864E-02
  0.680014E+00  0.175352E+06  0.174467E+06  0.132982E-01 -0.907748E-02  0.122492E+04  0.174100E+06  0.175215E+06  0.174100E+06 -0.416316E-02  0.925028E+05  0.924907E+05  0.593709E-02
  0.684959E+00  0.173347E+06  0.172472E+06  0.129569E-01 -0.884455E-02  0.119516E+04  0.172109E+06  0.173211E+06  0.172109E+06 -0.411554E-02  0.914447E+05  0.914328E+05  0.582833E-02
  0.689905E+00  0.171376E+06  0.170511E+06  0.126266E-01 -0.861913E-02  0.116632E+04  0.170152E+06  0.171242E+06  0.170152E+06 -0.406875E-02  0.904053E+05  0.903935E+05  0.572221E-02
  0.694851E+00  0.169442E+06  0.168586E+06  0.123069E-01 -0.840097E-02  0.113836E+04  0.168232E+06  0.169309E+06  0.168232E+06 -0.402282E-02  0.893847E+05  0.893730E+05  0.561861E-02
  0.739318E+00  0.153511E+06  0.152736E+06  0.984877E-02 -0.672325E-02  0.921551E+03  0.152414E+06  0.153391E+06  0.152414E+06 -0.364459E-02  0.809808E+05  0.809702E+05  0.479137E-02
  0.786631E+00  0.139006E+06  0.138305E+06  0.787751E-02 -0.537777E-02  0.745149E+03  0.138012E+06  0.138897E+06  0.138012E+06 -0.330020E-02  0.733289E+05  0.733193E+05  0.408591E-02
  0.836972E+00  0.125812E+06  0.125177E+06  0.629784E-02 -0.429950E-02  0.601839E+03  0.124912E+06  0.125714E+06  0.124912E+06 -0.298694E-02  0.663686E+05  0.663599E+05  0.348344E-02
  0.890534E+00  0.113818E+06  0.113244E+06  0.503264E-02 -0.343586E-02  0.485568E+03  0.113004E+06  0.113729E+06  0.113004E+06 -0.270219E-02  0.600416E+05  0.600336E+05  0.296929E-02
  0.947524E+00  0.102923E+06  0.102404E+06  0.401988E-02 -0.274451E-02  0.391357E+03  0.102186E+06  0.102843E+06  0.102186E+06 -0.244352E-02  0.542942E+05  0.542870E+05  0.253083E-02
  0.990988E+00  0.956755E+05  0.951928E+05  0.341618E-02 -0.233238E-02  0.334634E+03  0.949903E+05  0.956007E+05  0.949903E+05 -0.227145E-02  0.504708E+05  0.504641E+05  0.225463E-02
  0.121284E+01  0.686754E+05  0.683288E+05  0.163702E-02 -0.111774E-02  0.164290E+03  0.681830E+05  0.686217E+05  0.681830E+05 -0.163042E-02  0.362276E+05  0.362227E+05  0.134028E-02
  0.148436E+01  0.490950E+05  0.488471E+05  0.781281E-03 -0.533478E-03  0.799306E+02  0.487428E+05  0.490566E+05  0.487428E+05 -0.116556E-02  0.258985E+05  0.258949E+05  0.798711E-03
  0.181667E+01  0.349672E+05  0.347905E+05  0.371495E-03 -0.253671E-03  0.526411E+02  0.347163E+05  0.349398E+05  0.347163E+05 -0.830149E-03  0.184458E+05  0.184432E+05  0.478675E-03
  0.222338E+01  0.248205E+05  0.246950E+05  0.176043E-03 -0.120214E-03  0.253995E+02  0.246423E+05  0.248010E+05  0.246423E+05 -0.589257E-03  0.130932E+05  0.130913E+05  0.289703E-03
