  0.957050E-05  0.198028E+08  0.198028E+08  0.263924E+08  0.263921E+08  0.198040E+08  0.198028E+08  0.198028E+08  0.198095E+08 -0.473886E+00  0.104968E+08  0.104968E+08  0.540407E+01
  0.104778E-04  0.198028E+08  0.198028E+08  0.263902E+08  0.263898E+08  0.198040E+08  0.198028E+08  0.198028E+08  0.198095E+08 -0.473886E+00  0.104968E+08  0.104968E+08  0.591624E+01
  0.114711E-04  0.198028E+08  0.198028E+08  0.263875E+08  0.263870E+08  0.198040E+08  0.198028E+08  0.198028E+08  0.198095E+08 -0.473886E+00  0.104968E+08  0.104968E+08  0.647693E+01
  0.125585E-04  0.198028E+08  0.198028E+08  0.263842E+08  0.263837E+08  0.198040E+08  0.198028E+08  0.198028E+08  0.198095E+08 -0.473886E+00  0.104968E+08  0.104968E+08  0.709071E+01
  0.137491E-04  0.198028E+08  0.198028E+08  0.263803E+08  0.263797E+08  0.198040E+08  0.198028E+08  0.198028E+08  0.198095E+08 -0.473886E+00  0.104968E+08  0.104968E+08  0.776261E+01
  0.150525E-04  0.198028E+08  0.198028E+08  0.263757E+08  0.263749E+08  0.198040E+08  0.198028E+08  0.198028E+08  0.198095E+08 -0.473885E+00  0.104968E+08  0.104968E+08  0.849811E+01
  0.164794E-04  0.198028E+08  0.198028E+08  0.263701E+08  0.263691E+08  0.198040E+08  0.198028E+08  0.198028E+08  0.198095E+08 -0.473885E+00  0.104968E+08  0.104968E+08  0.930322E+01
  0.180417E-04  0.198028E+08  0.198028E+08  0.263634E+08  0.263622E+08  0.198039E+08  0.198028E+08  0.198028E+08  0.198094E+08 -0.473885E+00  0.104968E+08  0.104968E+08  0.101845E+02
  0.197520E-04  0.198028E+08  0.198028E+08  0.263554E+08  0.263540E+08  0.198039E+08  0.198028E+08  0.198028E+08  0.198094E+08 -0.473884E+00  0.104968E+08  0.104968E+08  0.111491E+02
  0.216245E-04  0.198027E+08  0.198027E+08  0.263458E+08  0.263441E+08  0.198039E+08  0.198028E+08  0.198027E+08  0.198094E+08 -0.473884E+00  0.104968E+08  0.104968E+08  0.122048E+02
  0.236745E-04  0.198027E+08  0.198027E+08  0.263343E+08  0.263323E+08  0.198038E+08  0.198027E+08  0.198027E+08  0.198094E+08 -0.473883E+00  0.104968E+08  0.104968E+08  0.133603E+02
  0.259189E-04  0.198027E+08  0.198027E+08  0.263205E+08  0.263181E+08  0.198038E+08  0.198027E+08  0.198027E+08  0.198093E+08 -0.473882E+00  0.104968E+08  0.104968E+08  0.146249E+02
  0.283760E-04  0.198027E+08  0.198027E+08  0.263040E+08  0.263011E+08  0.198037E+08  0.198027E+08  0.198027E+08  0.198093E+08 -0.473881E+00  0.104968E+08  0.104968E+08  0.160087E+02
  0.310660E-04  0.198026E+08  0.198026E+08  0.262842E+08  0.262807E+08  0.198037E+08  0.198026E+08  0.198026E+08  0.198093E+08 -0.473880E+00  0.104967E+08  0.104967E+08  0.175229E+02
  0.340111E-04  0.198026E+08  0.198026E+08  0.262605E+08  0.262563E+08  0.198036E+08  0.198026E+08  0.198026E+08  0.198092E+08 -0.473879E+00  0.104967E+08  0.104967E+08  0.191795E+02
  0.372353E-04  0.198025E+08  0.198025E+08  0.262321E+08  0.262272E+08  0.198035E+08  0.198025E+08  0.198025E+08  0.198092E+08 -0.473877E+00  0.104967E+08  0.104967E+08  0.209918E+02
  0.407652E-04  0.198025E+08  0.198025E+08  0.261981E+08  0.261922E+08  0.198034E+08  0.198025E+08  0.198025E+08  0.198091E+08 -0.473876E+00  0.104967E+08  0.104967E+08  0.229740E+02
  0.446297E-04  0.198024E+08  0.198024E+08  0.261575E+08  0.261504E+08  0.198032E+08  0.198024E+08  0.198024E+08  0.198090E+08 -0.473873E+00  0.104966E+08  0.104966E+08  0.251417E+02
  0.488606E-04  0.198023E+08  0.198023E+08  0.261088E+08  0.261003E+08  0.198031E+08  0.198023E+08  0.198023E+08  0.198089E+08 -0.473871E+00  0.104966E+08  0.104966E+08  0.275117E+02
  0.534926E-04  0.198022E+08  0.198022E+08  0.260506E+08  0.260404E+08  0.198029E+08  0.198022E+08  0.198022E+08  0.198088E+08 -0.473867E+00  0.104965E+08  0.104965E+08  0.301023E+02
  0.585637E-04  0.198021E+08  0.198021E+08  0.259809E+08  0.259688E+08  0.198026E+08  0.198021E+08  0.198021E+08  0.198086E+08 -0.473864E+00  0.104964E+08  0.104964E+08  0.329329E+02
  0.641155E-04  0.198019E+08  0.198019E+08  0.258977E+08  0.258832E+08  0.198023E+08  0.198019E+08  0.198019E+08  0.198085E+08 -0.473859E+00  0.104964E+08  0.104964E+08  0.360248E+02
  0.701936E-04  0.198017E+08  0.198017E+08  0.257983E+08  0.257809E+08  0.198020E+08  0.198017E+08  0.198017E+08  0.198082E+08 -0.473853E+00  0.104963E+08  0.104962E+08  0.394004E+02
  0.768480E-04  0.198015E+08  0.198015E+08  0.256795E+08  0.256588E+08  0.198016E+08  0.198015E+08  0.198015E+08  0.198080E+08 -0.473847E+00  0.104961E+08  0.104961E+08  0.430837E+02
  0.841331E-04  0.198013E+08  0.198012E+08  0.255379E+08  0.255132E+08  0.198011E+08  0.198013E+08  0.198013E+08  0.198077E+08 -0.473839E+00  0.104960E+08  0.104960E+08  0.471002E+02
  0.921089E-04  0.198009E+08  0.198009E+08  0.253691E+08  0.253396E+08  0.198005E+08  0.198009E+08  0.198009E+08  0.198073E+08 -0.473829E+00  0.104958E+08  0.104958E+08  0.514764E+02
  0.100841E-03  0.198006E+08  0.198005E+08  0.251681E+08  0.251330E+08  0.197998E+08  0.198006E+08  0.198006E+08  0.198069E+08 -0.473818E+00  0.104956E+08  0.104956E+08  0.562401E+02
  0.110401E-03  0.198001E+08  0.198000E+08  0.249292E+08  0.248874E+08  0.197990E+08  0.198001E+08  0.198001E+08  0.198064E+08 -0.473804E+00  0.104954E+08  0.104954E+08  0.614196E+02
  0.120866E-03  0.197996E+08  0.197995E+08  0.246455E+08  0.245959E+08  0.197979E+08  0.197995E+08  0.197996E+08  0.198058E+08 -0.473788E+00  0.104951E+08  0.104951E+08  0.670435E+02
  0.132325E-03  0.197989E+08  0.197988E+08  0.243094E+08  0.242507E+08  0.197967E+08  0.197989E+08  0.197989E+08  0.198050E+08 -0.473769E+00  0.104947E+08  0.104947E+08  0.731396E+02
  0.144869E-03  0.197981E+08  0.197980E+08  0.239122E+08  0.238427E+08  0.197953E+08  0.197981E+08  0.197981E+08  0.198041E+08 -0.473746E+00  0.104943E+08  0.104943E+08  0.797346E+02
  0.158602E-03  0.197972E+08  0.197971E+08  0.234440E+08  0.233621E+08  0.197935E+08  0.197972E+08  0.197972E+08  0.198031E+08 -0.473718E+00  0.104938E+08  0.104938E+08  0.868520E+02
  0.173638E-03  0.197961E+08  0.197959E+08  0.228940E+08  0.227977E+08  0.197914E+08  0.197960E+08  0.197961E+08  0.198018E+08 -0.473685E+00  0.104932E+08  0.104932E+08  0.945111E+02
  0.190099E-03  0.197948E+08  0.197946E+08  0.222505E+08  0.221378E+08  0.197889E+08  0.197947E+08  0.197947E+08  0.198003E+08 -0.473645E+00  0.104925E+08  0.104924E+08  0.102724E+03
  0.208120E-03  0.197932E+08  0.197929E+08  0.215013E+08  0.213699E+08  0.197859E+08  0.197931E+08  0.197931E+08  0.197985E+08 -0.473599E+00  0.104916E+08  0.104916E+08  0.111494E+03
  0.227850E-03  0.197913E+08  0.197910E+08  0.206342E+08  0.204820E+08  0.197824E+08  0.197912E+08  0.197912E+08  0.197964E+08 -0.473543E+00  0.104906E+08  0.104905E+08  0.120811E+03
  0.249450E-03  0.197890E+08  0.197887E+08  0.196377E+08  0.194627E+08  0.197781E+08  0.197889E+08  0.197890E+08  0.197938E+08 -0.473477E+00  0.104894E+08  0.104893E+08  0.130647E+03
  0.273098E-03  0.197863E+08  0.197859E+08  0.185026E+08  0.183028E+08  0.197730E+08  0.197862E+08  0.197863E+08  0.197908E+08 -0.473398E+00  0.104879E+08  0.104878E+08  0.140953E+03
  0.298987E-03  0.197831E+08  0.197826E+08  0.172229E+08  0.169973E+08  0.197669E+08  0.197829E+08  0.197830E+08  0.197873E+08 -0.473306E+00  0.104862E+08  0.104860E+08  0.151651E+03
  0.327331E-03  0.197793E+08  0.197787E+08  0.157986E+08  0.155471E+08  0.197597E+08  0.197791E+08  0.197792E+08  0.197831E+08 -0.473197E+00  0.104841E+08  0.104840E+08  0.162630E+03
  0.358362E-03  0.197748E+08  0.197741E+08  0.142380E+08  0.139619E+08  0.197510E+08  0.197745E+08  0.197747E+08  0.197781E+08 -0.473068E+00  0.104817E+08  0.104815E+08  0.173737E+03
  0.392335E-03  0.197694E+08  0.197686E+08  0.125608E+08  0.122633E+08  0.197407E+08  0.197691E+08  0.197693E+08  0.197723E+08 -0.472917E+00  0.104788E+08  0.104785E+08  0.184776E+03
  0.429528E-03  0.197631E+08  0.197621E+08  0.108003E+08  0.104872E+08  0.197285E+08  0.197627E+08  0.197629E+08  0.197654E+08 -0.472741E+00  0.104753E+08  0.104751E+08  0.195501E+03
  0.470247E-03  0.197556E+08  0.197545E+08  0.900616E+07  0.868630E+07  0.197139E+08  0.197552E+08  0.197554E+08  0.197574E+08 -0.472536E+00  0.104713E+08  0.104710E+08  0.205618E+03
  0.514827E-03  0.197468E+08  0.197455E+08  0.724413E+07  0.692935E+07  0.196967E+08  0.197463E+08  0.197466E+08  0.197481E+08 -0.472297E+00  0.104665E+08  0.104662E+08  0.214789E+03
  0.563632E-03  0.197364E+08  0.197349E+08  0.559283E+07  0.529777E+07  0.196763E+08  0.197358E+08  0.197362E+08  0.197372E+08 -0.472022E+00  0.104609E+08  0.104605E+08  0.222648E+03
  0.617064E-03  0.197243E+08  0.197226E+08  0.413573E+07  0.387654E+07  0.196522E+08  0.197236E+08  0.197240E+08  0.197246E+08 -0.471704E+00  0.104543E+08  0.104539E+08  0.228822E+03
  0.675562E-03  0.197101E+08  0.197082E+08  0.294723E+07  0.273928E+07  0.196239E+08  0.197093E+08  0.197098E+08  0.197100E+08 -0.471340E+00  0.104466E+08  0.104462E+08  0.232963E+03
  0.739605E-03  0.196937E+08  0.196915E+08  0.207384E+07  0.192841E+07  0.195905E+08  0.196927E+08  0.196933E+08  0.196932E+08 -0.470922E+00  0.104377E+08  0.104372E+08  0.234784E+03
  0.809719E-03  0.196746E+08  0.196721E+08  0.151487E+07  0.143534E+07  0.195513E+08  0.196734E+08  0.196742E+08  0.196738E+08 -0.470445E+00  0.104274E+08  0.104268E+08  0.234099E+03
  0.886480E-03  0.196525E+08  0.196498E+08  0.121130E+07  0.119007E+07  0.195053E+08  0.196512E+08  0.196521E+08  0.196515E+08 -0.469900E+00  0.104155E+08  0.104149E+08  0.230849E+03
  0.970518E-03  0.196271E+08  0.196241E+08  0.105453E+07  0.107273E+07  0.194517E+08  0.196255E+08  0.196266E+08  0.196258E+08 -0.469277E+00  0.104018E+08  0.104012E+08  0.225105E+03
  0.106252E-02  0.195979E+08  0.195946E+08  0.922930E+06  0.954652E+06  0.193892E+08  0.195960E+08  0.195973E+08  0.195963E+08 -0.468565E+00  0.103861E+08  0.103854E+08  0.217044E+03
  0.116325E-02  0.195644E+08  0.195608E+08  0.738617E+06  0.759779E+06  0.193165E+08  0.195623E+08  0.195638E+08  0.195624E+08 -0.467752E+00  0.103681E+08  0.103674E+08  0.206910E+03
  0.127353E-02  0.195260E+08  0.195223E+08  0.511587E+06  0.510012E+06  0.192323E+08  0.195236E+08  0.195255E+08  0.195238E+08 -0.466823E+00  0.103476E+08  0.103469E+08  0.194984E+03
  0.139426E-02  0.194823E+08  0.194784E+08  0.324078E+06  0.304059E+06  0.191352E+08  0.194796E+08  0.194817E+08  0.194796E+08 -0.465765E+00  0.103242E+08  0.103235E+08  0.181589E+03
  0.152643E-02  0.194326E+08  0.194286E+08  0.241550E+06  0.217878E+06  0.190238E+08  0.194294E+08  0.194319E+08  0.194294E+08 -0.464562E+00  0.102976E+08  0.102968E+08  0.167146E+03
  0.167114E-02  0.193760E+08  0.193720E+08  0.226169E+06  0.211219E+06  0.188964E+08  0.193724E+08  0.193754E+08  0.193725E+08 -0.463197E+00  0.102674E+08  0.102666E+08  0.152217E+03
  0.182956E-02  0.193120E+08  0.193079E+08  0.178517E+06 -0.135875E+06  0.187515E+08  0.193078E+08  0.193114E+08  0.193079E+08 -0.461650E+00  0.102332E+08  0.102325E+08  0.137449E+03
  0.200300E-02  0.192396E+08  0.192355E+08  0.896342E+05 -0.112932E+06  0.185875E+08  0.192349E+08  0.192390E+08  0.192349E+08 -0.459903E+00  0.101945E+08  0.101938E+08  0.123452E+03
  0.219289E-02  0.191579E+08  0.191539E+08  0.534873E+05 -0.938189E+05  0.184032E+08  0.191526E+08  0.191573E+08  0.191526E+08 -0.457934E+00  0.101510E+08  0.101502E+08  0.110706E+03
  0.240077E-02  0.190661E+08  0.190620E+08  0.669396E+05 -0.778988E+05  0.181975E+08  0.190600E+08  0.190655E+08  0.190600E+08 -0.455720E+00  0.101020E+08  0.101012E+08  0.995503E+02
  0.262836E-02  0.189631E+08  0.189590E+08  0.386155E+05 -0.646413E+05  0.179692E+08  0.189562E+08  0.189625E+08  0.189562E+08 -0.453238E+00  0.100470E+08  0.100463E+08  0.901104E+02
  0.287753E-02  0.188480E+08  0.188437E+08  0.175081E+05 -0.536046E+05  0.177179E+08  0.188402E+08  0.188473E+08  0.188402E+08 -0.450463E+00  0.998560E+07  0.998490E+07  0.821826E+02
  0.315032E-02  0.187196E+08  0.187151E+08  0.228614E+05 -0.444201E+05  0.174432E+08  0.187109E+08  0.187189E+08  0.187109E+08 -0.447370E+00  0.991717E+07  0.991646E+07  0.753263E+02
  0.344897E-02  0.185770E+08  0.185723E+08  0.317734E+04 -0.367797E+05  0.171448E+08  0.185673E+08  0.185763E+08  0.185673E+08 -0.443937E+00  0.984118E+07  0.984046E+07  0.690439E+02
  0.377593E-02  0.184192E+08  0.184143E+08  0.460785E+04 -0.304270E+05  0.168223E+08  0.184084E+08  0.184185E+08  0.184084E+08 -0.440137E+00  0.975709E+07  0.975638E+07  0.629664E+02
  0.413389E-02  0.182451E+08  0.182399E+08 -0.469549E+04 -0.251477E+05  0.164752E+08  0.182332E+08  0.182443E+08  0.182332E+08 -0.435948E+00  0.966437E+07  0.966367E+07  0.570671E+02
  0.452578E-02  0.180538E+08  0.180483E+08  0.312450E+04 -0.207630E+05  0.161024E+08  0.180407E+08  0.180529E+08  0.180407E+08 -0.431344E+00  0.956248E+07  0.956178E+07  0.515877E+02
  0.495482E-02  0.178441E+08  0.178383E+08  0.125165E+04 -0.171236E+05  0.157026E+08  0.178298E+08  0.178432E+08  0.178298E+08 -0.426302E+00  0.945088E+07  0.945018E+07  0.467818E+02
  0.542454E-02  0.176152E+08  0.176089E+08 -0.365388E+04 -0.141051E+05  0.152737E+08  0.175995E+08  0.176142E+08  0.175995E+08 -0.420796E+00  0.932902E+07  0.932833E+07  0.426143E+02
  0.593878E-02  0.173660E+08  0.173591E+08 -0.874061E+03 -0.116033E+05  0.148152E+08  0.173489E+08  0.173649E+08  0.173489E+08 -0.414803E+00  0.919639E+07  0.919570E+07  0.388013E+02
  0.650178E-02  0.170960E+08  0.170885E+08 -0.854827E+03 -0.953201E+04  0.143171E+08  0.170774E+08  0.170949E+08  0.170774E+08 -0.408312E+00  0.905275E+07  0.905207E+07  0.351822E+02
  0.711815E-02  0.168032E+08  0.167949E+08 -0.104159E+04 -0.781795E+04  0.137960E+08  0.167830E+08  0.168019E+08  0.167830E+08 -0.401273E+00  0.889696E+07  0.889628E+07  0.318974E+02
  0.779295E-02  0.164871E+08  0.164779E+08 -0.220572E+04 -0.640126E+04  0.132492E+08  0.164653E+08  0.164857E+08  0.164653E+08 -0.393677E+00  0.872884E+07  0.872816E+07  0.290322E+02
  0.853171E-02  0.161465E+08  0.161363E+08 -0.340522E+03 -0.523156E+04  0.126764E+08  0.161231E+08  0.161449E+08  0.161231E+08 -0.385496E+00  0.854774E+07  0.854706E+07  0.264064E+02
  0.934052E-02  0.157809E+08  0.157695E+08 -0.230536E+04 -0.426703E+04  0.120778E+08  0.157559E+08  0.157792E+08  0.157559E+08 -0.376716E+00  0.835339E+07  0.835272E+07  0.239964E+02
  0.102260E-01  0.153893E+08  0.153765E+08 -0.200548E+04 -0.347265E+04  0.114549E+08  0.153626E+08  0.153873E+08  0.153626E+08 -0.367311E+00  0.814520E+07  0.814453E+07  0.218764E+02
  0.111954E-01  0.149705E+08  0.149560E+08 -0.927463E+03 -0.281926E+04  0.108132E+08  0.149421E+08  0.149682E+08  0.149421E+08 -0.357258E+00  0.792263E+07  0.792196E+07  0.199383E+02
  0.122567E-01  0.145237E+08  0.145073E+08 -0.164510E+04 -0.228267E+04  0.101582E+08  0.144937E+08  0.145211E+08  0.144937E+08 -0.346537E+00  0.768524E+07  0.768457E+07  0.182053E+02
  0.134187E-01  0.140482E+08  0.140297E+08 -0.141823E+04 -0.184274E+04  0.949095E+07  0.140167E+08  0.140453E+08  0.140167E+08 -0.335131E+00  0.743269E+07  0.743202E+07  0.166432E+02
  0.146908E-01  0.135434E+08  0.135225E+08 -0.930874E+03 -0.148271E+04  0.881331E+07  0.135105E+08  0.135402E+08  0.135105E+08 -0.323028E+00  0.716466E+07  0.716399E+07  0.152417E+02
  0.160834E-01  0.130091E+08  0.129854E+08 -0.948160E+03 -0.118869E+04  0.813165E+07  0.129748E+08  0.130054E+08  0.129748E+08 -0.310219E+00  0.688097E+07  0.688029E+07  0.139719E+02
  0.176082E-01  0.124451E+08  0.124186E+08 -0.673377E+03 -0.949121E+03  0.745076E+07  0.124097E+08  0.124410E+08  0.124097E+08 -0.296708E+00  0.658168E+07  0.658100E+07  0.128276E+02
  0.192774E-01  0.118525E+08  0.118227E+08 -0.452898E+03 -0.754464E+03  0.677668E+07  0.118160E+08  0.118479E+08  0.118160E+08 -0.282514E+00  0.626723E+07  0.626654E+07  0.117800E+02
  0.211049E-01  0.112329E+08  0.111997E+08 -0.421540E+03 -0.596804E+03  0.611386E+07  0.111956E+08  0.112277E+08  0.111956E+08 -0.267680E+00  0.593855E+07  0.593786E+07  0.108127E+02
  0.231056E-01  0.105893E+08  0.105528E+08 -0.317767E+03 -0.469596E+03  0.546896E+07  0.105515E+08  0.105836E+08  0.105515E+08 -0.252280E+00  0.559727E+07  0.559658E+07  0.990776E+01
  0.252960E-01  0.992651E+07  0.988671E+07 -0.315602E+03 -0.367430E+03  0.484881E+07  0.988848E+07  0.992034E+07  0.988848E+07 -0.236428E+00  0.524593E+07  0.524524E+07  0.904573E+01
  0.276941E-01  0.925143E+07  0.920868E+07 -0.180955E+03 -0.285831E+03  0.425958E+07  0.921348E+07  0.924480E+07  0.921348E+07 -0.220289E+00  0.488819E+07  0.488751E+07  0.820893E+01
  0.303195E-01  0.857335E+07  0.852826E+07 -0.188954E+03 -0.221093E+03  0.370809E+07  0.853584E+07  0.856636E+07  0.853584E+07 -0.204087E+00  0.452900E+07  0.452833E+07  0.737964E+01
  0.331938E-01  0.790407E+07  0.785757E+07 -0.145226E+03 -0.170139E+03  0.320003E+07  0.786735E+07  0.789686E+07  0.786735E+07 -0.188104E+00  0.417461E+07  0.417396E+07  0.654823E+01
  0.363405E-01  0.725748E+07  0.721083E+07 -0.113706E+03 -0.130398E+03  0.274072E+07  0.722192E+07  0.725025E+07  0.722192E+07 -0.172672E+00  0.383241E+07  0.383179E+07  0.570804E+01
  0.397856E-01  0.664847E+07  0.660322E+07 -0.594175E+02 -0.997127E+02  0.233350E+07  0.661439E+07  0.664145E+07  0.661439E+07 -0.158146E+00  0.351027E+07  0.350969E+07  0.486244E+01
  0.435573E-01  0.609088E+07  0.604876E+07 -0.706045E+02 -0.762543E+02  0.197971E+07  0.605856E+07  0.608435E+07  0.605856E+07 -0.144857E+00  0.321552E+07  0.321499E+07  0.402477E+01
  0.472429E-01  0.564277E+07  0.560489E+07 -0.400730E+02 -0.600816E+02  0.170668E+07  0.561220E+07  0.563690E+07  0.561220E+07 -0.134184E+00  0.297880E+07  0.297834E+07  0.330096E+01
  0.509285E-01  0.527492E+07  0.524193E+07  0.717381E+02 -0.483536E+02  0.148876E+07  0.524605E+07  0.526981E+07  0.524605E+07 -0.125430E+00  0.278461E+07  0.278420E+07  0.267751E+01
  0.546141E-01  0.496739E+07  0.493942E+07  0.587310E+02 -0.396150E+02  0.131157E+07  0.494012E+07  0.496306E+07  0.494012E+07 -0.118115E+00  0.262235E+07  0.262200E+07  0.215775E+01
  0.582998E-01  0.470607E+07  0.468278E+07  0.488187E+02 -0.329505E+02  0.116522E+07  0.468024E+07  0.470246E+07  0.468024E+07 -0.111902E+00  0.248452E+07  0.248421E+07  0.174161E+01
  0.619854E-01  0.447595E+07  0.445664E+07  0.410664E+02 -0.277347E+02  0.104150E+07  0.445140E+07  0.447295E+07  0.445140E+07 -0.106430E+00  0.236313E+07  0.236287E+07  0.142339E+01
  0.656710E-01  0.426374E+07  0.424747E+07  0.348451E+02 -0.235463E+02  0.934256E+06  0.424032E+07  0.426122E+07  0.424032E+07 -0.101383E+00  0.225116E+07  0.225093E+07  0.119280E+01
  0.693566E-01  0.405960E+07  0.404533E+07  0.297383E+02 -0.201060E+02  0.839203E+06  0.403717E+07  0.405738E+07  0.403717E+07 -0.965263E-01  0.214339E+07  0.214317E+07  0.103601E+01
  0.730422E-01  0.385804E+07  0.384477E+07  0.254759E+02 -0.172328E+02  0.753735E+06  0.383650E+07  0.385599E+07  0.383650E+07 -0.917284E-01  0.203692E+07  0.203671E+07  0.937266E+00
  0.767278E-01  0.365793E+07  0.364478E+07  0.218841E+02 -0.148103E+02  0.676490E+06  0.363717E+07  0.365589E+07  0.363717E+07 -0.869626E-01  0.193115E+07  0.193095E+07  0.880381E+00
  0.804134E-01  0.346027E+07  0.344662E+07  0.188422E+02 -0.127575E+02  0.606705E+06  0.344024E+07  0.345816E+07  0.344024E+07 -0.822542E-01  0.182665E+07  0.182644E+07  0.849900E+00
  0.840991E-01  0.326713E+07  0.325260E+07  0.162606E+02 -0.110144E+02  0.543885E+06  0.324778E+07  0.326487E+07  0.324778E+07 -0.776525E-01  0.172451E+07  0.172430E+07  0.832214E+00
  0.877847E-01  0.308167E+07  0.306617E+07  0.140726E+02 -0.953622E+01  0.487756E+06  0.306299E+07  0.307927E+07  0.306299E+07 -0.732343E-01  0.162643E+07  0.162621E+07  0.816503E+00
  0.914703E-01  0.290776E+07  0.289143E+07  0.122265E+02 -0.828842E+01  0.438148E+06  0.288973E+07  0.290523E+07  0.288973E+07 -0.690918E-01  0.153447E+07  0.153425E+07  0.795197E+00
  0.964158E-01  0.269850E+07  0.268159E+07  0.102091E+02 -0.692404E+01  0.381408E+06  0.268134E+07  0.269588E+07  0.268134E+07 -0.641092E-01  0.142385E+07  0.142364E+07  0.750731E+00
  0.101361E+00  0.252097E+07  0.250429E+07  0.862733E+01 -0.585363E+01  0.334944E+06  0.250467E+07  0.251838E+07  0.250467E+07 -0.598851E-01  0.133007E+07  0.132986E+07  0.686452E+00
  0.106307E+00  0.237533E+07  0.235970E+07  0.738902E+01 -0.501518E+01  0.297265E+06  0.235987E+07  0.237291E+07  0.235987E+07 -0.564230E-01  0.125321E+07  0.125301E+07  0.607088E+00
  0.111252E+00  0.225809E+07  0.224413E+07  0.641321E+01 -0.435415E+01  0.266684E+06  0.224342E+07  0.225592E+07  0.224342E+07 -0.536390E-01  0.119140E+07  0.119122E+07  0.521384E+00
  0.116198E+00  0.216268E+07  0.215068E+07  0.563045E+01 -0.382368E+01  0.241464E+06  0.214876E+07  0.216082E+07  0.214876E+07 -0.513756E-01  0.114114E+07  0.114099E+07  0.438989E+00
  0.121143E+00  0.208061E+07  0.207051E+07  0.498357E+01 -0.338516E+01  0.219970E+06  0.206736E+07  0.207904E+07  0.206736E+07 -0.494294E-01  0.109793E+07  0.109780E+07  0.367951E+00
  0.126089E+00  0.200365E+07  0.199511E+07  0.443013E+01 -0.300989E+01  0.200895E+06  0.199101E+07  0.200233E+07  0.199101E+07 -0.476039E-01  0.105740E+07  0.105728E+07  0.313211E+00
  0.131034E+00  0.192578E+07  0.191826E+07  0.394244E+01 -0.267913E+01  0.183374E+06  0.191368E+07  0.192462E+07  0.191368E+07 -0.457549E-01  0.101635E+07  0.101624E+07  0.276111E+00
  0.135980E+00  0.184391E+07  0.183683E+07  0.350492E+01 -0.238234E+01  0.166967E+06  0.183228E+07  0.184281E+07  0.183228E+07 -0.438088E-01  0.973134E+06  0.973030E+06  0.254747E+00
  0.140925E+00  0.175795E+07  0.175082E+07  0.311067E+01 -0.211484E+01  0.151566E+06  0.174676E+07  0.175684E+07  0.174676E+07 -0.417640E-01  0.927725E+06  0.927622E+06  0.244963E+00
  0.145871E+00  0.167019E+07  0.166269E+07  0.275790E+01 -0.187543E+01  0.137273E+06  0.165941E+07  0.166903E+07  0.165941E+07 -0.396754E-01  0.881344E+06  0.881238E+06  0.241610E+00
  0.150816E+00  0.158407E+07  0.157609E+07  0.244648E+01 -0.166402E+01  0.124255E+06  0.157367E+07  0.158283E+07  0.157367E+07 -0.376254E-01  0.835817E+06  0.835708E+06  0.239752E+00
  0.155761E+00  0.150314E+07  0.149477E+07  0.217601E+01 -0.148036E+01  0.112654E+06  0.149311E+07  0.150184E+07  0.149311E+07 -0.356995E-01  0.793044E+06  0.792934E+06  0.235593E+00
  0.160707E+00  0.143052E+07  0.142200E+07  0.194510E+01 -0.132351E+01  0.102546E+06  0.142086E+07  0.142920E+07  0.142086E+07 -0.339720E-01  0.754676E+06  0.754567E+06  0.226997E+00
  0.165652E+00  0.136807E+07  0.135969E+07  0.175060E+01 -0.119135E+01  0.938999E+05  0.135878E+07  0.136677E+07  0.135878E+07 -0.324875E-01  0.721708E+06  0.721602E+06  0.213549E+00
  0.170598E+00  0.131577E+07  0.130782E+07  0.158741E+01 -0.108043E+01  0.865576E+05  0.130683E+07  0.131454E+07  0.130683E+07 -0.312455E-01  0.694122E+06  0.694021E+06  0.196227E+00
  0.175543E+00  0.127199E+07  0.126468E+07  0.144934E+01 -0.986566E+00  0.802768E+05  0.126338E+07  0.127086E+07  0.126338E+07 -0.302067E-01  0.671050E+06  0.670957E+06  0.176893E+00
  0.180489E+00  0.123436E+07  0.122778E+07  0.133047E+01 -0.905738E+00  0.748031E+05  0.122606E+07  0.123334E+07  0.122606E+07 -0.293144E-01  0.651233E+06  0.651147E+06  0.157704E+00
  0.185434E+00  0.120026E+07  0.119439E+07  0.122567E+01 -0.834467E+00  0.699029E+05  0.119226E+07  0.119935E+07  0.119226E+07 -0.285062E-01  0.633281E+06  0.633203E+06  0.140572E+00
  0.190380E+00  0.116708E+07  0.116179E+07  0.113069E+01 -0.769869E+00  0.653742E+05  0.115934E+07  0.116626E+07  0.115934E+07 -0.277192E-01  0.615802E+06  0.615730E+06  0.126772E+00
  0.195325E+00  0.113280E+07  0.112790E+07  0.104260E+01 -0.709954E+00  0.610765E+05  0.112531E+07  0.113204E+07  0.112531E+07 -0.269055E-01  0.597730E+06  0.597661E+06  0.116787E+00
  0.200271E+00  0.109662E+07  0.109191E+07  0.960036E+00 -0.653795E+00  0.569515E+05  0.108936E+07  0.109589E+07  0.108936E+07 -0.260461E-01  0.578640E+06  0.578574E+06  0.110359E+00
  0.205216E+00  0.105883E+07  0.105414E+07  0.882753E+00 -0.601228E+00  0.530034E+05  0.105179E+07  0.105811E+07  0.105179E+07 -0.251477E-01  0.558687E+06  0.558621E+06  0.106667E+00
  0.210162E+00  0.102029E+07  0.101550E+07  0.810977E+00 -0.552402E+00  0.492624E+05  0.101345E+07  0.101954E+07  0.101345E+07 -0.242309E-01  0.538323E+06  0.538257E+06  0.104581E+00
  0.215107E+00  0.982133E+06  0.977213E+06  0.745092E+00 -0.507578E+00  0.457685E+05  0.975493E+06  0.981371E+06  0.975493E+06 -0.233235E-01  0.518165E+06  0.518099E+06  0.102951E+00
  0.220053E+00  0.945738E+06  0.940711E+06  0.685528E+00 -0.467048E+00  0.425646E+05  0.939290E+06  0.944959E+06  0.939290E+06 -0.224579E-01  0.498938E+06  0.498871E+06  0.100848E+00
  0.224998E+00  0.912311E+06  0.907255E+06  0.632496E+00 -0.430957E+00  0.396803E+05  0.906050E+06  0.911527E+06  0.906050E+06 -0.216631E-01  0.481284E+06  0.481218E+06  0.977073E-01
  0.229944E+00  0.882552E+06  0.877571E+06  0.585798E+00 -0.399169E+00  0.371186E+05  0.876473E+06  0.881780E+06  0.876473E+06 -0.209560E-01  0.465576E+06  0.465511E+06  0.933658E-01
  0.234889E+00  0.856509E+06  0.851705E+06  0.544812E+00 -0.371264E+00  0.348548E+05  0.850607E+06  0.855765E+06  0.850607E+06 -0.203375E-01  0.451838E+06  0.451776E+06  0.880094E-01
  0.239835E+00  0.833693E+06  0.829142E+06  0.508654E+00 -0.346643E+00  0.328445E+05  0.827960E+06  0.832987E+06  0.827960E+06 -0.197960E-01  0.439809E+06  0.439750E+06  0.820646E-01
  0.244780E+00  0.813245E+06  0.808986E+06  0.476339E+00 -0.324636E+00  0.310343E+05  0.807675E+06  0.812585E+06  0.807675E+06 -0.193110E-01  0.429035E+06  0.428980E+06  0.760602E-01
  0.249725E+00  0.794176E+06  0.790205E+06  0.446937E+00 -0.304610E+00  0.293716E+05  0.788760E+06  0.793560E+06  0.788760E+06 -0.188588E-01  0.418989E+06  0.418936E+06  0.704944E-01
  0.254671E+00  0.775616E+06  0.771893E+06  0.419709E+00 -0.286066E+00  0.278139E+05  0.770344E+06  0.775039E+06  0.770344E+06 -0.184185E-01  0.409208E+06  0.409158E+06  0.657335E-01
  0.259616E+00  0.756938E+06  0.753400E+06  0.394145E+00 -0.268654E+00  0.263320E+05  0.751802E+06  0.756389E+06  0.751802E+06 -0.179751E-01  0.399360E+06  0.399312E+06  0.619552E-01
  0.264562E+00  0.737775E+06  0.734351E+06  0.369932E+00 -0.252163E+00  0.249089E+05  0.732769E+06  0.737244E+06  0.732769E+06 -0.175201E-01  0.389251E+06  0.389204E+06  0.591404E-01
  0.269507E+00  0.718061E+06  0.714688E+06  0.346942E+00 -0.236505E+00  0.235392E+05  0.713178E+06  0.717538E+06  0.713178E+06 -0.170517E-01  0.378845E+06  0.378799E+06  0.571113E-01
  0.274453E+00  0.698066E+06  0.694700E+06  0.325220E+00 -0.221711E+00  0.222286E+05  0.693302E+06  0.697544E+06  0.693302E+06 -0.165764E-01  0.368288E+06  0.368242E+06  0.555971E-01
  0.279398E+00  0.678290E+06  0.674909E+06  0.304903E+00 -0.207871E+00  0.209893E+05  0.673640E+06  0.677766E+06  0.673640E+06 -0.161063E-01  0.357845E+06  0.357799E+06  0.543040E-01
  0.284344E+00  0.659238E+06  0.655848E+06  0.286105E+00 -0.195067E+00  0.198323E+05  0.654699E+06  0.658713E+06  0.654699E+06 -0.156535E-01  0.347785E+06  0.347739E+06  0.529751E-01
  0.289289E+00  0.641289E+06  0.637912E+06  0.268869E+00 -0.183325E+00  0.187633E+05  0.636858E+06  0.640766E+06  0.636858E+06 -0.152269E-01  0.338308E+06  0.338264E+06  0.514335E-01
  0.294235E+00  0.624675E+06  0.621344E+06  0.253165E+00 -0.172625E+00  0.177832E+05  0.620349E+06  0.624158E+06  0.620349E+06 -0.148322E-01  0.329539E+06  0.329495E+06  0.496043E-01
  0.299180E+00  0.609479E+06  0.606230E+06  0.238904E+00 -0.162907E+00  0.168882E+05  0.605255E+06  0.608975E+06  0.605255E+06 -0.144713E-01  0.321522E+06  0.321480E+06  0.475104E-01
  0.304126E+00  0.595606E+06  0.592466E+06  0.225934E+00 -0.154067E+00  0.160700E+05  0.591481E+06  0.595119E+06  0.591481E+06 -0.141420E-01  0.314206E+06  0.314165E+06  0.452476E-01
  0.309071E+00  0.582789E+06  0.579775E+06  0.214055E+00 -0.145971E+00  0.153165E+05  0.578759E+06  0.582321E+06  0.578759E+06 -0.138378E-01  0.307448E+06  0.307409E+06  0.429489E-01
  0.314017E+00  0.570681E+06  0.567796E+06  0.203059E+00 -0.138476E+00  0.146145E+05  0.566743E+06  0.570234E+06  0.566743E+06 -0.135505E-01  0.301066E+06  0.301028E+06  0.407499E-01
  0.318962E+00  0.558964E+06  0.556196E+06  0.192771E+00 -0.131464E+00  0.139529E+05  0.555114E+06  0.558535E+06  0.555114E+06 -0.132724E-01  0.294889E+06  0.294852E+06  0.387599E-01
  0.323908E+00  0.547394E+06  0.544723E+06  0.183060E+00 -0.124844E+00  0.133234E+05  0.543628E+06  0.546980E+06  0.543628E+06 -0.129978E-01  0.288787E+06  0.288751E+06  0.370434E-01
  0.328853E+00  0.535814E+06  0.533216E+06  0.173837E+00 -0.118558E+00  0.127203E+05  0.532128E+06  0.535412E+06  0.532128E+06 -0.127229E-01  0.282679E+06  0.282644E+06  0.356126E-01
  0.333799E+00  0.524167E+06  0.521618E+06  0.165054E+00 -0.112571E+00  0.121410E+05  0.520558E+06  0.523772E+06  0.520558E+06 -0.124462E-01  0.276533E+06  0.276499E+06  0.344333E-01
  0.338744E+00  0.512505E+06  0.509986E+06  0.156700E+00 -0.106877E+00  0.115855E+05  0.508970E+06  0.512115E+06  0.508970E+06 -0.121692E-01  0.270378E+06  0.270344E+06  0.334398E-01
  0.343690E+00  0.500970E+06  0.498472E+06  0.148793E+00 -0.101487E+00  0.110558E+05  0.497507E+06  0.500582E+06  0.497507E+06 -0.118951E-01  0.264289E+06  0.264256E+06  0.325532E-01
  0.348635E+00  0.489737E+06  0.487258E+06  0.141355E+00 -0.964175E-01  0.105543E+05  0.486344E+06  0.489352E+06  0.486344E+06 -0.116282E-01  0.258360E+06  0.258327E+06  0.316994E-01
  0.353580E+00  0.478957E+06  0.476502E+06  0.134400E+00 -0.916764E-01  0.100826E+05  0.475633E+06  0.478576E+06  0.475633E+06 -0.113721E-01  0.252670E+06  0.252638E+06  0.308214E-01
  0.358526E+00  0.468724E+06  0.466303E+06  0.127923E+00 -0.872605E-01  0.964109E+04  0.465467E+06  0.468349E+06  0.465467E+06 -0.111290E-01  0.247270E+06  0.247238E+06  0.298876E-01
  0.363471E+00  0.459074E+06  0.456698E+06  0.121901E+00 -0.831551E-01  0.922876E+04  0.455882E+06  0.458706E+06  0.455882E+06 -0.108999E-01  0.242179E+06  0.242147E+06  0.288932E-01
  0.368417E+00  0.449987E+06  0.447666E+06  0.116301E+00 -0.793367E-01  0.884360E+04  0.446858E+06  0.449628E+06  0.446858E+06 -0.106841E-01  0.237385E+06  0.237355E+06  0.278562E-01
  0.373362E+00  0.441398E+06  0.439139E+06  0.111079E+00 -0.757757E-01  0.848282E+04  0.438330E+06  0.441048E+06  0.438330E+06 -0.104802E-01  0.232855E+06  0.232825E+06  0.268089E-01
  0.378308E+00  0.433205E+06  0.431009E+06  0.106185E+00 -0.724387E-01  0.814318E+04  0.430196E+06  0.432864E+06  0.430196E+06 -0.102857E-01  0.228534E+06  0.228505E+06  0.257885E-01
  0.383253E+00  0.425288E+06  0.423154E+06  0.101572E+00 -0.692927E-01  0.782137E+04  0.422337E+06  0.424957E+06  0.422337E+06 -0.100978E-01  0.224360E+06  0.224331E+06  0.248277E-01
  0.388199E+00  0.417542E+06  0.415463E+06  0.971971E-01 -0.663094E-01  0.751453E+04  0.414646E+06  0.417220E+06  0.414646E+06 -0.991394E-02  0.220274E+06  0.220247E+06  0.239486E-01
  0.393144E+00  0.409895E+06  0.407862E+06  0.930310E-01 -0.634684E-01  0.722065E+04  0.407052E+06  0.409580E+06  0.407052E+06 -0.973238E-02  0.216241E+06  0.216213E+06  0.231602E-01
  0.398090E+00  0.402321E+06  0.400326E+06  0.890565E-01 -0.607581E-01  0.693868E+04  0.399530E+06  0.402012E+06  0.399530E+06 -0.955251E-02  0.212245E+06  0.212218E+06  0.224583E-01
  0.403035E+00  0.394829E+06  0.392866E+06  0.852655E-01 -0.581728E-01  0.666825E+04  0.392088E+06  0.394525E+06  0.392088E+06 -0.937460E-02  0.208292E+06  0.208265E+06  0.218281E-01
  0.407981E+00  0.387452E+06  0.385514E+06  0.816549E-01 -0.557106E-01  0.640933E+04  0.384759E+06  0.387151E+06  0.384759E+06 -0.919937E-02  0.204399E+06  0.204373E+06  0.212490E-01
  0.412926E+00  0.380223E+06  0.378310E+06  0.782225E-01 -0.533699E-01  0.616197E+04  0.377579E+06  0.379927E+06  0.377579E+06 -0.902768E-02  0.200584E+06  0.200559E+06  0.206986E-01
  0.417872E+00  0.373195E+06  0.371306E+06  0.749690E-01 -0.511511E-01  0.592644E+04  0.370597E+06  0.372902E+06  0.370597E+06 -0.886075E-02  0.196875E+06  0.196850E+06  0.201584E-01
  0.422817E+00  0.366412E+06  0.364549E+06  0.718938E-01 -0.490537E-01  0.570290E+04  0.363859E+06  0.366123E+06  0.363859E+06 -0.869966E-02  0.193296E+06  0.193272E+06  0.196163E-01
  0.427763E+00  0.359900E+06  0.358066E+06  0.689920E-01 -0.470746E-01  0.549115E+04  0.357391E+06  0.359616E+06  0.357391E+06 -0.854501E-02  0.189861E+06  0.189836E+06  0.190671E-01
  0.432708E+00  0.353658E+06  0.351856E+06  0.662541E-01 -0.452071E-01  0.529063E+04  0.351192E+06  0.353378E+06  0.351192E+06 -0.839678E-02  0.186567E+06  0.186543E+06  0.185127E-01
  0.437654E+00  0.347664E+06  0.345897E+06  0.636672E-01 -0.434427E-01  0.510048E+04  0.345239E+06  0.347390E+06  0.345239E+06 -0.825447E-02  0.183405E+06  0.183382E+06  0.179596E-01
  0.442599E+00  0.341885E+06  0.340155E+06  0.612175E-01 -0.417717E-01  0.491975E+04  0.339502E+06  0.341617E+06  0.339502E+06 -0.811728E-02  0.180357E+06  0.180334E+06  0.174172E-01
  0.447544E+00  0.336284E+06  0.334589E+06  0.588911E-01 -0.401848E-01  0.474747E+04  0.333940E+06  0.336022E+06  0.333940E+06 -0.798432E-02  0.177403E+06  0.177381E+06  0.168951E-01
  0.452490E+00  0.330824E+06  0.329163E+06  0.566752E-01 -0.386733E-01  0.458272E+04  0.328519E+06  0.330567E+06  0.328519E+06 -0.785469E-02  0.174523E+06  0.174501E+06  0.164005E-01
  0.457435E+00  0.325475E+06  0.323844E+06  0.545594E-01 -0.372300E-01  0.442478E+04  0.323206E+06  0.325222E+06  0.323206E+06 -0.772767E-02  0.171701E+06  0.171679E+06  0.159377E-01
  0.462381E+00  0.320216E+06  0.318614E+06  0.525356E-01 -0.358495E-01  0.427310E+04  0.317985E+06  0.319968E+06  0.317985E+06 -0.760282E-02  0.168927E+06  0.168906E+06  0.155070E-01
  0.467326E+00  0.315041E+06  0.313464E+06  0.505981E-01 -0.345278E-01  0.412730E+04  0.312845E+06  0.314797E+06  0.312845E+06 -0.747994E-02  0.166197E+06  0.166176E+06  0.151054E-01
  0.472272E+00  0.309955E+06  0.308400E+06  0.487437E-01 -0.332628E-01  0.398720E+04  0.307793E+06  0.309714E+06  0.307793E+06 -0.735915E-02  0.163513E+06  0.163493E+06  0.147279E-01
  0.477217E+00  0.304970E+06  0.303437E+06  0.469706E-01 -0.320532E-01  0.385276E+04  0.302842E+06  0.304733E+06  0.302842E+06 -0.724078E-02  0.160884E+06  0.160863E+06  0.143681E-01
  0.482163E+00  0.300103E+06  0.298591E+06  0.452773E-01 -0.308981E-01  0.372391E+04  0.298008E+06  0.299869E+06  0.298008E+06 -0.712520E-02  0.158316E+06  0.158295E+06  0.140203E-01
  0.487108E+00  0.295364E+06  0.293871E+06  0.436616E-01 -0.297959E-01  0.360055E+04  0.293301E+06  0.295132E+06  0.293301E+06 -0.701265E-02  0.155815E+06  0.155795E+06  0.136798E-01
  0.492054E+00  0.290758E+06  0.289287E+06  0.421209E-01 -0.287448E-01  0.348254E+04  0.288726E+06  0.290530E+06  0.288726E+06 -0.690328E-02  0.153385E+06  0.153365E+06  0.133436E-01
  0.496999E+00  0.286290E+06  0.284842E+06  0.406522E-01 -0.277428E-01  0.336971E+04  0.284290E+06  0.286066E+06  0.284290E+06 -0.679720E-02  0.151028E+06  0.151009E+06  0.130111E-01
  0.501945E+00  0.281960E+06  0.280534E+06  0.392521E-01 -0.267876E-01  0.326182E+04  0.279990E+06  0.281739E+06  0.279990E+06 -0.669438E-02  0.148744E+06  0.148725E+06  0.126833E-01
  0.506890E+00  0.277756E+06  0.276353E+06  0.379159E-01 -0.258760E-01  0.315854E+04  0.275815E+06  0.277539E+06  0.275815E+06 -0.659457E-02  0.146526E+06  0.146507E+06  0.123621E-01
  0.511836E+00  0.273663E+06  0.272283E+06  0.366386E-01 -0.250045E-01  0.305953E+04  0.271750E+06  0.273449E+06  0.271750E+06 -0.649739E-02  0.144367E+06  0.144348E+06  0.120499E-01
  0.516781E+00  0.269666E+06  0.268308E+06  0.354157E-01 -0.241702E-01  0.296443E+04  0.267781E+06  0.269456E+06  0.267781E+06 -0.640249E-02  0.142258E+06  0.142240E+06  0.117489E-01
  0.521727E+00  0.265756E+06  0.264419E+06  0.342435E-01 -0.233704E-01  0.287301E+04  0.263898E+06  0.265549E+06  0.263898E+06 -0.630965E-02  0.140196E+06  0.140178E+06  0.114607E-01
  0.526672E+00  0.261925E+06  0.260609E+06  0.331189E-01 -0.226031E-01  0.278503E+04  0.260094E+06  0.261721E+06  0.260094E+06 -0.621870E-02  0.138175E+06  0.138157E+06  0.111859E-01
  0.531618E+00  0.258168E+06  0.256870E+06  0.320391E-01 -0.218664E-01  0.270030E+04  0.256363E+06  0.257966E+06  0.256363E+06 -0.612948E-02  0.136192E+06  0.136175E+06  0.109240E-01
  0.536563E+00  0.254479E+06  0.253200E+06  0.310018E-01 -0.211586E-01  0.261866E+04  0.252700E+06  0.254281E+06  0.252700E+06 -0.604190E-02  0.134247E+06  0.134229E+06  0.106739E-01
  0.541508E+00  0.250860E+06  0.249598E+06  0.300051E-01 -0.204785E-01  0.253999E+04  0.249106E+06  0.250664E+06  0.249106E+06 -0.595597E-02  0.132337E+06  0.132320E+06  0.104337E-01
  0.546454E+00  0.247315E+06  0.246070E+06  0.290479E-01 -0.198254E-01  0.246423E+04  0.245585E+06  0.247122E+06  0.245585E+06 -0.587179E-02  0.130467E+06  0.130450E+06  0.102017E-01
  0.551399E+00  0.243850E+06  0.242621E+06  0.281293E-01 -0.191986E-01  0.239132E+04  0.242143E+06  0.243659E+06  0.242143E+06 -0.578950E-02  0.128639E+06  0.128622E+06  0.997631E-02
  0.556345E+00  0.240465E+06  0.239252E+06  0.272478E-01 -0.185971E-01  0.232117E+04  0.238782E+06  0.240277E+06  0.238782E+06 -0.570914E-02  0.126853E+06  0.126837E+06  0.975624E-02
  0.561290E+00  0.237160E+06  0.235963E+06  0.264017E-01 -0.180198E-01  0.225367E+04  0.235500E+06  0.236975E+06  0.235500E+06 -0.563066E-02  0.125110E+06  0.125094E+06  0.954078E-02
  0.566236E+00  0.233933E+06  0.232753E+06  0.255894E-01 -0.174656E-01  0.218871E+04  0.232295E+06  0.233750E+06  0.232295E+06 -0.555404E-02  0.123407E+06  0.123391E+06  0.932974E-02
  0.571181E+00  0.230782E+06  0.229618E+06  0.248094E-01 -0.169333E-01  0.212617E+04  0.229166E+06  0.230602E+06  0.229166E+06 -0.547923E-02  0.121745E+06  0.121729E+06  0.912340E-02
  0.576127E+00  0.227705E+06  0.226557E+06  0.240601E-01 -0.164220E-01  0.206594E+04  0.226111E+06  0.227527E+06  0.226111E+06 -0.540617E-02  0.120122E+06  0.120106E+06  0.892229E-02
  0.581072E+00  0.224696E+06  0.223564E+06  0.233397E-01 -0.159304E-01  0.200791E+04  0.223123E+06  0.224521E+06  0.223123E+06 -0.533473E-02  0.118534E+06  0.118519E+06  0.872695E-02
  0.586018E+00  0.221749E+06  0.220633E+06  0.226464E-01 -0.154573E-01  0.195191E+04  0.220196E+06  0.221576E+06  0.220196E+06 -0.526476E-02  0.116980E+06  0.116965E+06  0.853779E-02
  0.590963E+00  0.218859E+06  0.217758E+06  0.219787E-01 -0.150017E-01  0.189785E+04  0.217327E+06  0.218689E+06  0.217327E+06 -0.519615E-02  0.115455E+06  0.115440E+06  0.835504E-02
  0.595909E+00  0.216025E+06  0.214938E+06  0.213354E-01 -0.145627E-01  0.184565E+04  0.214512E+06  0.215856E+06  0.214512E+06 -0.512885E-02  0.113960E+06  0.113945E+06  0.817871E-02
  0.600854E+00  0.213245E+06  0.212172E+06  0.207156E-01 -0.141397E-01  0.179523E+04  0.211752E+06  0.213079E+06  0.211752E+06 -0.506286E-02  0.112494E+06  0.112479E+06  0.800854E-02
  0.605800E+00  0.210518E+06  0.209459E+06  0.201181E-01 -0.137320E-01  0.174652E+04  0.209044E+06  0.210354E+06  0.209044E+06 -0.499811E-02  0.111055E+06  0.111041E+06  0.784404E-02
  0.610745E+00  0.207842E+06  0.206796E+06  0.195419E-01 -0.133387E-01  0.169943E+04  0.206386E+06  0.207680E+06  0.206386E+06 -0.493456E-02  0.109643E+06  0.109629E+06  0.768461E-02
  0.615691E+00  0.205216E+06  0.204183E+06  0.189862E-01 -0.129595E-01  0.165392E+04  0.203778E+06  0.205056E+06  0.203778E+06 -0.487221E-02  0.108258E+06  0.108244E+06  0.752968E-02
  0.620636E+00  0.202642E+06  0.201622E+06  0.184504E-01 -0.125939E-01  0.160995E+04  0.201222E+06  0.202484E+06  0.201222E+06 -0.481110E-02  0.106900E+06  0.106886E+06  0.737879E-02
  0.625582E+00  0.200122E+06  0.199114E+06  0.179339E-01 -0.122415E-01  0.156747E+04  0.198719E+06  0.199966E+06  0.198719E+06 -0.475126E-02  0.105571E+06  0.105557E+06  0.723160E-02
  0.630527E+00  0.197653E+06  0.196657E+06  0.174359E-01 -0.119016E-01  0.152642E+04  0.196268E+06  0.197499E+06  0.196268E+06 -0.469265E-02  0.104268E+06  0.104255E+06  0.708787E-02
  0.635472E+00  0.195234E+06  0.194250E+06  0.169554E-01 -0.115736E-01  0.148674E+04  0.193865E+06  0.195081E+06  0.193865E+06 -0.463520E-02  0.102992E+06  0.102978E+06  0.694749E-02
  0.640418E+00  0.192862E+06  0.191890E+06  0.164917E-01 -0.112572E-01  0.144836E+04  0.191510E+06  0.192711E+06  0.191510E+06 -0.457888E-02  0.101740E+06  0.101727E+06  0.681050E-02
  0.645363E+00  0.190537E+06  0.189577E+06  0.160441E-01 -0.109517E-01  0.141125E+04  0.189201E+06  0.190388E+06  0.189201E+06 -0.452369E-02  0.100514E+06  0.100501E+06  0.667700E-02
  0.650309E+00  0.188259E+06  0.187311E+06  0.156120E-01 -0.106568E-01  0.137535E+04  0.186939E+06  0.188112E+06  0.186939E+06 -0.446959E-02  0.993121E+05  0.992993E+05  0.654708E-02
  0.655254E+00  0.186023E+06  0.185087E+06  0.151946E-01 -0.103720E-01  0.134060E+04  0.184719E+06  0.185878E+06  0.184719E+06 -0.441652E-02  0.981329E+05  0.981203E+05  0.642078E-02
  0.660200E+00  0.183828E+06  0.182903E+06  0.147912E-01 -0.100966E-01  0.130695E+04  0.182539E+06  0.183685E+06  0.182539E+06 -0.436440E-02  0.969749E+05  0.969624E+05  0.629805E-02
  0.665145E+00  0.181671E+06  0.180757E+06  0.144010E-01 -0.983038E-02  0.127435E+04  0.180397E+06  0.181530E+06  0.180397E+06 -0.431319E-02  0.958371E+05  0.958248E+05  0.617879E-02
  0.670091E+00  0.179553E+06  0.178649E+06  0.140238E-01 -0.957290E-02  0.124276E+04  0.178294E+06  0.179413E+06  0.178294E+06 -0.426290E-02  0.947196E+05  0.947074E+05  0.606289E-02
  0.675036E+00  0.177473E+06  0.176580E+06  0.136589E-01 -0.932390E-02  0.121215E+04  0.176228E+06  0.177335E+06  0.176228E+06 -0.421351E-02  0.936224E+05  0.936103E+05  0.595019E-02
  0.679982E+00  0.175431E+06  0.174548E+06  0.133060E-01 -0.908305E-02  0.118250E+04  0.174200E+06  0.175294E+06  0.174200E+06 -0.416502E-02  0.925449E+05  0.925330E+05  0.584045E-02
  0.684927E+00  0.173424E+06  0.172551E+06  0.129645E-01 -0.884997E-02  0.115374E+04  0.172207E+06  0.173289E+06  0.172207E+06 -0.411738E-02  0.914863E+05  0.914745E+05  0.573347E-02
  0.689873E+00  0.171453E+06  0.170589E+06  0.126340E-01 -0.862439E-02  0.112587E+04  0.170249E+06  0.171319E+06  0.170249E+06 -0.407056E-02  0.904462E+05  0.904345E+05  0.562907E-02
  0.694818E+00  0.169517E+06  0.168663E+06  0.123141E-01 -0.840608E-02  0.109884E+04  0.168327E+06  0.169384E+06  0.168327E+06 -0.402460E-02  0.894249E+05  0.894134E+05  0.552715E-02
  0.739283E+00  0.153580E+06  0.152807E+06  0.985460E-02 -0.672735E-02  0.889374E+03  0.152501E+06  0.153460E+06  0.152501E+06 -0.364622E-02  0.810176E+05  0.810071E+05  0.471340E-02
  0.786594E+00  0.139068E+06  0.138368E+06  0.788220E-02 -0.538106E-02  0.718983E+03  0.138091E+06  0.138960E+06  0.138091E+06 -0.330168E-02  0.733624E+05  0.733529E+05  0.401946E-02
  0.836932E+00  0.125869E+06  0.125235E+06  0.630161E-02 -0.430215E-02  0.580592E+03  0.124984E+06  0.125771E+06  0.124984E+06 -0.298830E-02  0.663992E+05  0.663906E+05  0.342681E-02
  0.890492E+00  0.113870E+06  0.113297E+06  0.503566E-02 -0.343797E-02  0.468336E+03  0.113069E+06  0.113781E+06  0.113069E+06 -0.270341E-02  0.600692E+05  0.600614E+05  0.292103E-02
  0.947479E+00  0.102970E+06  0.102451E+06  0.402229E-02 -0.274619E-02  0.377398E+03  0.102245E+06  0.102890E+06  0.102245E+06 -0.244463E-02  0.543192E+05  0.543121E+05  0.248971E-02
  0.990988E+00  0.957114E+05  0.952295E+05  0.341764E-02 -0.233341E-02  0.322603E+03  0.950379E+05  0.956367E+05  0.950379E+05 -0.227230E-02  0.504901E+05  0.504835E+05  0.221775E-02
  0.121284E+01  0.687010E+05  0.683551E+05  0.163772E-02 -0.111823E-02  0.158300E+03  0.682171E+05  0.686474E+05  0.682171E+05 -0.163103E-02  0.362414E+05  0.362366E+05  0.131840E-02
  0.148436E+01  0.491133E+05  0.488659E+05  0.781616E-03 -0.533710E-03  0.769816E+02  0.487671E+05  0.490749E+05  0.487671E+05 -0.116599E-02  0.259083E+05  0.259048E+05  0.785705E-03
  0.181667E+01  0.349802E+05  0.348039E+05  0.371655E-03 -0.253781E-03  0.507152E+02  0.347336E+05  0.349529E+05  0.347336E+05 -0.830460E-03  0.184528E+05  0.184503E+05  0.470930E-03
  0.222338E+01  0.248298E+05  0.247045E+05  0.176119E-03 -0.120266E-03  0.244600E+02  0.246546E+05  0.248103E+05  0.246546E+05 -0.589478E-03  0.130982E+05  0.130963E+05  0.285044E-03
