  0.957050E-05  0.198028E+08  0.198028E+08  0.263924E+08  0.263921E+08  0.198040E+08  0.198028E+08  0.198028E+08  0.198095E+08 -0.473886E+00  0.104968E+08  0.104968E+08  0.548544E+01
  0.104778E-04  0.198028E+08  0.198028E+08  0.263902E+08  0.263898E+08  0.198040E+08  0.198028E+08  0.198028E+08  0.198095E+08 -0.473886E+00  0.104968E+08  0.104968E+08  0.600532E+01
  0.114711E-04  0.198028E+08  0.198028E+08  0.263875E+08  0.263870E+08  0.198040E+08  0.198028E+08  0.198028E+08  0.198095E+08 -0.473886E+00  0.104968E+08  0.104968E+08  0.657445E+01
  0.125585E-04  0.198028E+08  0.198028E+08  0.263842E+08  0.263837E+08  0.198040E+08  0.198028E+08  0.198028E+08  0.198095E+08 -0.473886E+00  0.104968E+08  0.104968E+08  0.719748E+01
  0.137491E-04  0.198028E+08  0.198028E+08  0.263804E+08  0.263797E+08  0.198040E+08  0.198028E+08  0.198028E+08  0.198095E+08 -0.473886E+00  0.104968E+08  0.104968E+08  0.787950E+01
  0.150525E-04  0.198028E+08  0.198028E+08  0.263757E+08  0.263749E+08  0.198040E+08  0.198028E+08  0.198028E+08  0.198095E+08 -0.473885E+00  0.104968E+08  0.104968E+08  0.862608E+01
  0.164794E-04  0.198028E+08  0.198028E+08  0.263701E+08  0.263691E+08  0.198040E+08  0.198028E+08  0.198028E+08  0.198095E+08 -0.473885E+00  0.104968E+08  0.104968E+08  0.944331E+01
  0.180417E-04  0.198028E+08  0.198028E+08  0.263634E+08  0.263622E+08  0.198040E+08  0.198028E+08  0.198028E+08  0.198094E+08 -0.473885E+00  0.104968E+08  0.104968E+08  0.103379E+02
  0.197520E-04  0.198028E+08  0.198028E+08  0.263554E+08  0.263540E+08  0.198039E+08  0.198028E+08  0.198028E+08  0.198094E+08 -0.473884E+00  0.104968E+08  0.104968E+08  0.113170E+02
  0.216245E-04  0.198027E+08  0.198027E+08  0.263458E+08  0.263441E+08  0.198039E+08  0.198028E+08  0.198027E+08  0.198094E+08 -0.473884E+00  0.104968E+08  0.104968E+08  0.123887E+02
  0.236745E-04  0.198027E+08  0.198027E+08  0.263343E+08  0.263323E+08  0.198039E+08  0.198027E+08  0.198027E+08  0.198094E+08 -0.473883E+00  0.104968E+08  0.104968E+08  0.135616E+02
  0.259189E-04  0.198027E+08  0.198027E+08  0.263206E+08  0.263181E+08  0.198038E+08  0.198027E+08  0.198027E+08  0.198093E+08 -0.473882E+00  0.104968E+08  0.104968E+08  0.148452E+02
  0.283760E-04  0.198027E+08  0.198027E+08  0.263041E+08  0.263011E+08  0.198038E+08  0.198027E+08  0.198027E+08  0.198093E+08 -0.473881E+00  0.104968E+08  0.104968E+08  0.162499E+02
  0.310660E-04  0.198026E+08  0.198026E+08  0.262843E+08  0.262807E+08  0.198037E+08  0.198026E+08  0.198026E+08  0.198093E+08 -0.473880E+00  0.104967E+08  0.104967E+08  0.177869E+02
  0.340111E-04  0.198026E+08  0.198026E+08  0.262606E+08  0.262563E+08  0.198036E+08  0.198026E+08  0.198026E+08  0.198092E+08 -0.473879E+00  0.104967E+08  0.104967E+08  0.194686E+02
  0.372353E-04  0.198025E+08  0.198025E+08  0.262323E+08  0.262272E+08  0.198035E+08  0.198025E+08  0.198025E+08  0.198092E+08 -0.473877E+00  0.104967E+08  0.104967E+08  0.213083E+02
  0.407652E-04  0.198025E+08  0.198025E+08  0.261983E+08  0.261922E+08  0.198034E+08  0.198025E+08  0.198025E+08  0.198091E+08 -0.473876E+00  0.104967E+08  0.104967E+08  0.233205E+02
  0.446297E-04  0.198024E+08  0.198024E+08  0.261577E+08  0.261504E+08  0.198032E+08  0.198024E+08  0.198024E+08  0.198090E+08 -0.473873E+00  0.104966E+08  0.104966E+08  0.255210E+02
  0.488606E-04  0.198023E+08  0.198023E+08  0.261091E+08  0.261003E+08  0.198031E+08  0.198023E+08  0.198023E+08  0.198089E+08 -0.473871E+00  0.104966E+08  0.104966E+08  0.279270E+02
  0.534926E-04  0.198022E+08  0.198022E+08  0.260509E+08  0.260404E+08  0.198029E+08  0.198022E+08  0.198022E+08  0.198088E+08 -0.473867E+00  0.104965E+08  0.104965E+08  0.305569E+02
  0.585637E-04  0.198021E+08  0.198021E+08  0.259814E+08  0.259688E+08  0.198026E+08  0.198021E+08  0.198021E+08  0.198086E+08 -0.473864E+00  0.104964E+08  0.104964E+08  0.334306E+02
  0.641155E-04  0.198019E+08  0.198019E+08  0.258982E+08  0.258832E+08  0.198024E+08  0.198019E+08  0.198019E+08  0.198085E+08 -0.473859E+00  0.104964E+08  0.104964E+08  0.365696E+02
  0.701936E-04  0.198017E+08  0.198017E+08  0.257989E+08  0.257809E+08  0.198020E+08  0.198017E+08  0.198017E+08  0.198082E+08 -0.473853E+00  0.104963E+08  0.104963E+08  0.399968E+02
  0.768480E-04  0.198015E+08  0.198015E+08  0.256803E+08  0.256588E+08  0.198016E+08  0.198015E+08  0.198015E+08  0.198080E+08 -0.473847E+00  0.104961E+08  0.104961E+08  0.437366E+02
  0.841331E-04  0.198013E+08  0.198012E+08  0.255388E+08  0.255132E+08  0.198011E+08  0.198013E+08  0.198013E+08  0.198077E+08 -0.473839E+00  0.104960E+08  0.104960E+08  0.478148E+02
  0.921089E-04  0.198009E+08  0.198009E+08  0.253701E+08  0.253396E+08  0.198005E+08  0.198009E+08  0.198009E+08  0.198073E+08 -0.473829E+00  0.104958E+08  0.104958E+08  0.522587E+02
  0.100841E-03  0.198006E+08  0.198005E+08  0.251693E+08  0.251330E+08  0.197998E+08  0.198006E+08  0.198006E+08  0.198069E+08 -0.473818E+00  0.104956E+08  0.104956E+08  0.570963E+02
  0.110401E-03  0.198001E+08  0.198000E+08  0.249306E+08  0.248874E+08  0.197990E+08  0.198001E+08  0.198001E+08  0.198064E+08 -0.473804E+00  0.104954E+08  0.104954E+08  0.623567E+02
  0.120866E-03  0.197996E+08  0.197995E+08  0.246472E+08  0.245959E+08  0.197979E+08  0.197995E+08  0.197996E+08  0.198058E+08 -0.473788E+00  0.104951E+08  0.104951E+08  0.680691E+02
  0.132325E-03  0.197989E+08  0.197988E+08  0.243114E+08  0.242507E+08  0.197967E+08  0.197989E+08  0.197989E+08  0.198050E+08 -0.473769E+00  0.104947E+08  0.104947E+08  0.742620E+02
  0.144869E-03  0.197981E+08  0.197980E+08  0.239146E+08  0.238427E+08  0.197953E+08  0.197981E+08  0.197981E+08  0.198041E+08 -0.473745E+00  0.104943E+08  0.104943E+08  0.809628E+02
  0.158602E-03  0.197972E+08  0.197971E+08  0.234468E+08  0.233621E+08  0.197935E+08  0.197972E+08  0.197972E+08  0.198031E+08 -0.473718E+00  0.104938E+08  0.104938E+08  0.881959E+02
  0.173638E-03  0.197961E+08  0.197959E+08  0.228973E+08  0.227977E+08  0.197914E+08  0.197960E+08  0.197961E+08  0.198018E+08 -0.473685E+00  0.104932E+08  0.104932E+08  0.959814E+02
  0.190099E-03  0.197948E+08  0.197946E+08  0.222543E+08  0.221378E+08  0.197889E+08  0.197947E+08  0.197947E+08  0.198003E+08 -0.473645E+00  0.104925E+08  0.104924E+08  0.104333E+03
  0.208120E-03  0.197932E+08  0.197929E+08  0.215057E+08  0.213699E+08  0.197859E+08  0.197931E+08  0.197931E+08  0.197985E+08 -0.473599E+00  0.104916E+08  0.104916E+08  0.113253E+03
  0.227850E-03  0.197913E+08  0.197910E+08  0.206392E+08  0.204820E+08  0.197824E+08  0.197912E+08  0.197912E+08  0.197964E+08 -0.473543E+00  0.104906E+08  0.104905E+08  0.122734E+03
  0.249450E-03  0.197890E+08  0.197887E+08  0.196435E+08  0.194627E+08  0.197781E+08  0.197889E+08  0.197890E+08  0.197938E+08 -0.473477E+00  0.104894E+08  0.104893E+08  0.132750E+03
  0.273098E-03  0.197863E+08  0.197859E+08  0.185091E+08  0.183028E+08  0.197730E+08  0.197862E+08  0.197863E+08  0.197908E+08 -0.473398E+00  0.104879E+08  0.104878E+08  0.143251E+03
  0.298987E-03  0.197831E+08  0.197826E+08  0.172301E+08  0.169973E+08  0.197669E+08  0.197829E+08  0.197830E+08  0.197873E+08 -0.473306E+00  0.104862E+08  0.104860E+08  0.154160E+03
  0.327331E-03  0.197793E+08  0.197787E+08  0.158065E+08  0.155471E+08  0.197597E+08  0.197791E+08  0.197792E+08  0.197831E+08 -0.473197E+00  0.104841E+08  0.104840E+08  0.165369E+03
  0.358362E-03  0.197748E+08  0.197741E+08  0.142466E+08  0.139619E+08  0.197510E+08  0.197745E+08  0.197747E+08  0.197781E+08 -0.473068E+00  0.104817E+08  0.104815E+08  0.176725E+03
  0.392335E-03  0.197694E+08  0.197686E+08  0.125697E+08  0.122633E+08  0.197407E+08  0.197691E+08  0.197693E+08  0.197723E+08 -0.472917E+00  0.104788E+08  0.104785E+08  0.188033E+03
  0.429528E-03  0.197631E+08  0.197621E+08  0.108093E+08  0.104872E+08  0.197285E+08  0.197627E+08  0.197629E+08  0.197654E+08 -0.472741E+00  0.104753E+08  0.104751E+08  0.199047E+03
  0.470247E-03  0.197556E+08  0.197545E+08  0.901493E+07  0.868630E+07  0.197140E+08  0.197552E+08  0.197554E+08  0.197574E+08 -0.472536E+00  0.104713E+08  0.104710E+08  0.209473E+03
  0.514827E-03  0.197468E+08  0.197454E+08  0.725210E+07  0.692935E+07  0.196967E+08  0.197463E+08  0.197466E+08  0.197481E+08 -0.472297E+00  0.104665E+08  0.104661E+08  0.218973E+03
  0.563632E-03  0.197364E+08  0.197349E+08  0.559942E+07  0.529777E+07  0.196764E+08  0.197358E+08  0.197362E+08  0.197372E+08 -0.472022E+00  0.104609E+08  0.104605E+08  0.227179E+03
  0.617064E-03  0.197243E+08  0.197225E+08  0.414038E+07  0.387654E+07  0.196523E+08  0.197236E+08  0.197240E+08  0.197246E+08 -0.471704E+00  0.104543E+08  0.104539E+08  0.233714E+03
  0.675562E-03  0.197101E+08  0.197081E+08  0.294950E+07  0.273928E+07  0.196239E+08  0.197093E+08  0.197098E+08  0.197100E+08 -0.471340E+00  0.104466E+08  0.104462E+08  0.238226E+03
  0.739605E-03  0.196937E+08  0.196914E+08  0.207356E+07  0.192841E+07  0.195904E+08  0.196927E+08  0.196933E+08  0.196932E+08 -0.470922E+00  0.104377E+08  0.104372E+08  0.240421E+03
  0.809719E-03  0.196746E+08  0.196720E+08  0.151234E+07  0.143534E+07  0.195512E+08  0.196734E+08  0.196742E+08  0.196738E+08 -0.470444E+00  0.104274E+08  0.104268E+08  0.240104E+03
  0.886480E-03  0.196525E+08  0.196496E+08  0.120736E+07  0.119007E+07  0.195053E+08  0.196511E+08  0.196521E+08  0.196514E+08 -0.469899E+00  0.104155E+08  0.104149E+08  0.237204E+03
  0.970518E-03  0.196271E+08  0.196239E+08  0.105051E+07  0.107273E+07  0.194517E+08  0.196255E+08  0.196266E+08  0.196258E+08 -0.469276E+00  0.104018E+08  0.104011E+08  0.231776E+03
  0.106252E-02  0.195978E+08  0.195944E+08  0.920250E+06  0.954649E+06  0.193892E+08  0.195960E+08  0.195973E+08  0.195962E+08 -0.468564E+00  0.103861E+08  0.103854E+08  0.223980E+03
  0.116325E-02  0.195643E+08  0.195606E+08  0.738205E+06  0.759776E+06  0.193165E+08  0.195622E+08  0.195638E+08  0.195624E+08 -0.467751E+00  0.103681E+08  0.103674E+08  0.214041E+03
  0.127353E-02  0.195260E+08  0.195221E+08  0.513275E+06  0.510009E+06  0.192323E+08  0.195236E+08  0.195254E+08  0.195237E+08 -0.466822E+00  0.103476E+08  0.103468E+08  0.202217E+03
  0.139426E-02  0.194823E+08  0.194782E+08  0.326497E+06  0.304057E+06  0.191352E+08  0.194795E+08  0.194817E+08  0.194796E+08 -0.465764E+00  0.103242E+08  0.103234E+08  0.188813E+03
  0.152643E-02  0.194325E+08  0.194283E+08  0.242935E+06  0.217876E+06  0.190237E+08  0.194293E+08  0.194319E+08  0.194294E+08 -0.464560E+00  0.102976E+08  0.102968E+08  0.174232E+03
  0.167114E-02  0.193760E+08  0.193717E+08  0.225735E+06  0.211217E+06  0.188963E+08  0.193723E+08  0.193753E+08  0.193724E+08 -0.463195E+00  0.102674E+08  0.102666E+08  0.159024E+03
  0.182956E-02  0.193120E+08  0.193076E+08  0.177180E+06 -0.135875E+06  0.187514E+08  0.193078E+08  0.193113E+08  0.193078E+08 -0.461648E+00  0.102332E+08  0.102324E+08  0.143839E+03
  0.200300E-02  0.192395E+08  0.192352E+08  0.889838E+05 -0.112933E+06  0.185875E+08  0.192348E+08  0.192389E+08  0.192348E+08 -0.459901E+00  0.101945E+08  0.101937E+08  0.129303E+03
  0.219289E-02  0.191579E+08  0.191536E+08  0.539506E+05 -0.938190E+05  0.184032E+08  0.191525E+08  0.191572E+08  0.191525E+08 -0.457932E+00  0.101509E+08  0.101502E+08  0.115935E+03
  0.240077E-02  0.190661E+08  0.190617E+08  0.675321E+05 -0.778988E+05  0.181974E+08  0.190599E+08  0.190654E+08  0.190599E+08 -0.455718E+00  0.101019E+08  0.101012E+08  0.104132E+03
  0.262836E-02  0.189631E+08  0.189587E+08  0.384938E+05 -0.646413E+05  0.179692E+08  0.189561E+08  0.189624E+08  0.189561E+08 -0.453236E+00  0.100470E+08  0.100462E+08  0.940881E+02
  0.287753E-02  0.188479E+08  0.188434E+08  0.170332E+05 -0.536046E+05  0.177179E+08  0.188401E+08  0.188472E+08  0.188401E+08 -0.450460E+00  0.998556E+07  0.998482E+07  0.856622E+02
  0.315032E-02  0.187196E+08  0.187148E+08  0.228962E+05 -0.444201E+05  0.174432E+08  0.187108E+08  0.187188E+08  0.187108E+08 -0.447368E+00  0.991713E+07  0.991639E+07  0.784478E+02
  0.344897E-02  0.185770E+08  0.185720E+08  0.321104E+04 -0.367797E+05  0.171447E+08  0.185672E+08  0.185762E+08  0.185672E+08 -0.443935E+00  0.984113E+07  0.984039E+07  0.719332E+02
  0.377593E-02  0.184192E+08  0.184140E+08  0.418312E+04 -0.304270E+05  0.168222E+08  0.184083E+08  0.184184E+08  0.184083E+08 -0.440135E+00  0.975704E+07  0.975630E+07  0.656855E+02
  0.413389E-02  0.182451E+08  0.182396E+08 -0.433704E+04 -0.251477E+05  0.164751E+08  0.182331E+08  0.182442E+08  0.182331E+08 -0.435946E+00  0.966432E+07  0.966358E+07  0.595956E+02
  0.452578E-02  0.180537E+08  0.180480E+08  0.357406E+04 -0.207630E+05  0.161024E+08  0.180406E+08  0.180528E+08  0.180406E+08 -0.431342E+00  0.956243E+07  0.956170E+07  0.538630E+02
  0.495482E-02  0.178441E+08  0.178380E+08  0.124148E+04 -0.171236E+05  0.157025E+08  0.178297E+08  0.178431E+08  0.178297E+08 -0.426299E+00  0.945083E+07  0.945011E+07  0.487775E+02
  0.542454E-02  0.176151E+08  0.176086E+08 -0.391980E+04 -0.141050E+05  0.152737E+08  0.175994E+08  0.176141E+08  0.175994E+08 -0.420793E+00  0.932898E+07  0.932826E+07  0.443856E+02
  0.593878E-02  0.173659E+08  0.173588E+08 -0.600176E+03 -0.116033E+05  0.148152E+08  0.173488E+08  0.173648E+08  0.173488E+08 -0.414800E+00  0.919634E+07  0.919562E+07  0.404295E+02
  0.650178E-02  0.170960E+08  0.170882E+08 -0.113419E+04 -0.953200E+04  0.143170E+08  0.170773E+08  0.170948E+08  0.170773E+08 -0.408310E+00  0.905270E+07  0.905199E+07  0.366786E+02
  0.711815E-02  0.168031E+08  0.167946E+08 -0.873784E+03 -0.781794E+04  0.137959E+08  0.167829E+08  0.168018E+08  0.167829E+08 -0.401271E+00  0.889691E+07  0.889620E+07  0.332201E+02
  0.779295E-02  0.164870E+08  0.164776E+08 -0.232621E+04 -0.640125E+04  0.132491E+08  0.164652E+08  0.164856E+08  0.164652E+08 -0.393675E+00  0.872879E+07  0.872808E+07  0.302012E+02
  0.853171E-02  0.161464E+08  0.161360E+08 -0.261754E+03 -0.523155E+04  0.126763E+08  0.161230E+08  0.161448E+08  0.161230E+08 -0.385493E+00  0.854769E+07  0.854699E+07  0.274744E+02
  0.934052E-02  0.157809E+08  0.157693E+08 -0.238518E+04 -0.426702E+04  0.120778E+08  0.157558E+08  0.157791E+08  0.157558E+08 -0.376713E+00  0.835334E+07  0.835264E+07  0.249464E+02
  0.102260E-01  0.153892E+08  0.153762E+08 -0.210292E+04 -0.347265E+04  0.114548E+08  0.153625E+08  0.153872E+08  0.153625E+08 -0.367309E+00  0.814516E+07  0.814446E+07  0.227143E+02
  0.111954E-01  0.149704E+08  0.149557E+08 -0.875041E+03 -0.281926E+04  0.108132E+08  0.149420E+08  0.149681E+08  0.149420E+08 -0.357256E+00  0.792258E+07  0.792189E+07  0.206951E+02
  0.122567E-01  0.145236E+08  0.145071E+08 -0.165249E+04 -0.228266E+04  0.101582E+08  0.144936E+08  0.145210E+08  0.144936E+08 -0.346534E+00  0.768520E+07  0.768451E+07  0.188661E+02
  0.134187E-01  0.140481E+08  0.140294E+08 -0.141954E+04 -0.184273E+04  0.949090E+07  0.140166E+08  0.140452E+08  0.140166E+08 -0.335129E+00  0.743265E+07  0.743196E+07  0.172349E+02
  0.146908E-01  0.135434E+08  0.135223E+08 -0.947557E+03 -0.148271E+04  0.881327E+07  0.135104E+08  0.135401E+08  0.135104E+08 -0.323026E+00  0.716462E+07  0.716393E+07  0.157572E+02
  0.160834E-01  0.130090E+08  0.129852E+08 -0.939562E+03 -0.118868E+04  0.813160E+07  0.129747E+08  0.130053E+08  0.129747E+08 -0.310218E+00  0.688093E+07  0.688023E+07  0.144277E+02
  0.176082E-01  0.124451E+08  0.124183E+08 -0.646710E+03 -0.949120E+03  0.745072E+07  0.124096E+08  0.124410E+08  0.124096E+08 -0.296706E+00  0.658164E+07  0.658094E+07  0.132254E+02
  0.192774E-01  0.118525E+08  0.118225E+08 -0.440806E+03 -0.754462E+03  0.677665E+07  0.118160E+08  0.118478E+08  0.118160E+08 -0.282513E+00  0.626719E+07  0.626649E+07  0.121247E+02
  0.211049E-01  0.112328E+08  0.111995E+08 -0.422239E+03 -0.596803E+03  0.611383E+07  0.111955E+08  0.112277E+08  0.111955E+08 -0.267679E+00  0.593851E+07  0.593781E+07  0.111116E+02
  0.231056E-01  0.105892E+08  0.105526E+08 -0.307898E+03 -0.469595E+03  0.546893E+07  0.105514E+08  0.105836E+08  0.105514E+08 -0.252278E+00  0.559724E+07  0.559653E+07  0.101655E+02
  0.252960E-01  0.992647E+07  0.988653E+07 -0.310318E+03 -0.367429E+03  0.484878E+07  0.988841E+07  0.992028E+07  0.988841E+07 -0.236426E+00  0.524590E+07  0.524520E+07  0.926635E+01
  0.276941E-01  0.925139E+07  0.920852E+07 -0.176589E+03 -0.285830E+03  0.425956E+07  0.921343E+07  0.924475E+07  0.921343E+07 -0.220288E+00  0.488816E+07  0.488747E+07  0.839654E+01
  0.303195E-01  0.857332E+07  0.852811E+07 -0.185451E+03 -0.221093E+03  0.370807E+07  0.853579E+07  0.856631E+07  0.853579E+07 -0.204086E+00  0.452897E+07  0.452829E+07  0.753880E+01
  0.331938E-01  0.790404E+07  0.785742E+07 -0.148602E+03 -0.170139E+03  0.320001E+07  0.786730E+07  0.789681E+07  0.786730E+07 -0.188103E+00  0.417459E+07  0.417393E+07  0.668188E+01
  0.363405E-01  0.725745E+07  0.721069E+07 -0.116350E+03 -0.130398E+03  0.274070E+07  0.722187E+07  0.725020E+07  0.722187E+07 -0.172671E+00  0.383239E+07  0.383175E+07  0.582021E+01
  0.397856E-01  0.664844E+07  0.660310E+07 -0.619613E+02 -0.997125E+02  0.233349E+07  0.661435E+07  0.664141E+07  0.661435E+07 -0.158145E+00  0.351025E+07  0.350966E+07  0.495627E+01
  0.435573E-01  0.609085E+07  0.604865E+07 -0.701350E+02 -0.762542E+02  0.197970E+07  0.605852E+07  0.608431E+07  0.605852E+07 -0.144856E+00  0.321550E+07  0.321496E+07  0.410337E+01
  0.472429E-01  0.564274E+07  0.560479E+07 -0.437215E+02 -0.600815E+02  0.170667E+07  0.561217E+07  0.563686E+07  0.561217E+07 -0.134184E+00  0.297879E+07  0.297831E+07  0.336811E+01
  0.509285E-01  0.527490E+07  0.524183E+07  0.717372E+02 -0.483535E+02  0.148875E+07  0.524602E+07  0.526977E+07  0.524602E+07 -0.125429E+00  0.278460E+07  0.278418E+07  0.273576E+01
  0.546141E-01  0.496737E+07  0.493933E+07  0.587302E+02 -0.396149E+02  0.131157E+07  0.494008E+07  0.496302E+07  0.494008E+07 -0.118115E+00  0.262234E+07  0.262198E+07  0.220894E+01
  0.582998E-01  0.470606E+07  0.468270E+07  0.488180E+02 -0.329504E+02  0.116521E+07  0.468021E+07  0.470243E+07  0.468021E+07 -0.111901E+00  0.248450E+07  0.248419E+07  0.178705E+01
  0.619854E-01  0.447593E+07  0.445656E+07  0.410658E+02 -0.277346E+02  0.104150E+07  0.445137E+07  0.447293E+07  0.445137E+07 -0.106430E+00  0.236312E+07  0.236285E+07  0.146407E+01
  0.656710E-01  0.426372E+07  0.424740E+07  0.348446E+02 -0.235462E+02  0.934250E+06  0.424029E+07  0.426119E+07  0.424029E+07 -0.101383E+00  0.225115E+07  0.225091E+07  0.122938E+01
  0.693566E-01  0.405958E+07  0.404526E+07  0.297379E+02 -0.201060E+02  0.839198E+06  0.403714E+07  0.405736E+07  0.403714E+07 -0.965257E-01  0.214338E+07  0.214315E+07  0.106900E+01
  0.730422E-01  0.385803E+07  0.384470E+07  0.254755E+02 -0.172328E+02  0.753730E+06  0.383647E+07  0.385596E+07  0.383647E+07 -0.917278E-01  0.203691E+07  0.203669E+07  0.967034E+00
  0.767278E-01  0.365791E+07  0.364472E+07  0.218838E+02 -0.148103E+02  0.676486E+06  0.363715E+07  0.365587E+07  0.363715E+07 -0.869621E-01  0.193114E+07  0.193093E+07  0.907248E+00
  0.804134E-01  0.346026E+07  0.344656E+07  0.188419E+02 -0.127575E+02  0.606701E+06  0.344022E+07  0.345814E+07  0.344022E+07 -0.822536E-01  0.182664E+07  0.182643E+07  0.874145E+00
  0.840991E-01  0.326711E+07  0.325254E+07  0.162603E+02 -0.110143E+02  0.543882E+06  0.324776E+07  0.326485E+07  0.324776E+07 -0.776520E-01  0.172450E+07  0.172428E+07  0.854096E+00
  0.877847E-01  0.308166E+07  0.306612E+07  0.140724E+02 -0.953620E+01  0.487753E+06  0.306297E+07  0.307925E+07  0.306297E+07 -0.732338E-01  0.162642E+07  0.162620E+07  0.836270E+00
  0.914703E-01  0.290775E+07  0.289138E+07  0.122263E+02 -0.828840E+01  0.438145E+06  0.288971E+07  0.290521E+07  0.288971E+07 -0.690913E-01  0.153446E+07  0.153424E+07  0.813091E+00
  0.964158E-01  0.269849E+07  0.268154E+07  0.102090E+02 -0.692403E+01  0.381406E+06  0.268132E+07  0.269586E+07  0.268132E+07 -0.641088E-01  0.142384E+07  0.142362E+07  0.766480E+00
  0.101361E+00  0.252096E+07  0.250424E+07  0.862721E+01 -0.585362E+01  0.334941E+06  0.250465E+07  0.251837E+07  0.250465E+07 -0.598847E-01  0.133006E+07  0.132985E+07  0.700446E+00
  0.106307E+00  0.237532E+07  0.235966E+07  0.738891E+01 -0.501517E+01  0.297263E+06  0.235985E+07  0.237289E+07  0.235985E+07 -0.564227E-01  0.125320E+07  0.125300E+07  0.619661E+00
  0.111252E+00  0.225808E+07  0.224408E+07  0.641313E+01 -0.435415E+01  0.266683E+06  0.224341E+07  0.225591E+07  0.224341E+07 -0.536386E-01  0.119139E+07  0.119121E+07  0.532809E+00
  0.116198E+00  0.216267E+07  0.215064E+07  0.563037E+01 -0.382368E+01  0.241463E+06  0.214875E+07  0.216081E+07  0.214875E+07 -0.513753E-01  0.114114E+07  0.114098E+07  0.449471E+00
  0.121143E+00  0.208060E+07  0.207047E+07  0.498350E+01 -0.338516E+01  0.219969E+06  0.206735E+07  0.207903E+07  0.206735E+07 -0.494291E-01  0.109793E+07  0.109779E+07  0.377628E+00
  0.126089E+00  0.200364E+07  0.199507E+07  0.443007E+01 -0.300988E+01  0.200894E+06  0.199100E+07  0.200232E+07  0.199100E+07 -0.476036E-01  0.105740E+07  0.105727E+07  0.322168E+00
  0.131034E+00  0.192578E+07  0.191822E+07  0.394239E+01 -0.267913E+01  0.183373E+06  0.191367E+07  0.192461E+07  0.191367E+07 -0.457546E-01  0.101634E+07  0.101623E+07  0.284397E+00
  0.135980E+00  0.184390E+07  0.183679E+07  0.350487E+01 -0.238234E+01  0.166966E+06  0.183227E+07  0.184280E+07  0.183227E+07 -0.438085E-01  0.973128E+06  0.973021E+06  0.262392E+00
  0.140925E+00  0.175794E+07  0.175079E+07  0.311063E+01 -0.211484E+01  0.151565E+06  0.174675E+07  0.175683E+07  0.174675E+07 -0.417637E-01  0.927720E+06  0.927614E+06  0.251995E+00
  0.145871E+00  0.167019E+07  0.166266E+07  0.275786E+01 -0.187542E+01  0.137272E+06  0.165940E+07  0.166902E+07  0.165940E+07 -0.396752E-01  0.881339E+06  0.881230E+06  0.248064E+00
  0.150816E+00  0.158406E+07  0.157606E+07  0.244644E+01 -0.166402E+01  0.124254E+06  0.157366E+07  0.158282E+07  0.157366E+07 -0.376252E-01  0.835812E+06  0.835701E+06  0.245670E+00
  0.155761E+00  0.150313E+07  0.149475E+07  0.217598E+01 -0.148036E+01  0.112654E+06  0.149311E+07  0.150183E+07  0.149311E+07 -0.356993E-01  0.793039E+06  0.792927E+06  0.241029E+00
  0.160707E+00  0.143051E+07  0.142197E+07  0.194507E+01 -0.132351E+01  0.102545E+06  0.142085E+07  0.142919E+07  0.142085E+07 -0.339717E-01  0.754672E+06  0.754560E+06  0.232011E+00
  0.165652E+00  0.136807E+07  0.135967E+07  0.175058E+01 -0.119135E+01  0.938993E+05  0.135877E+07  0.136676E+07  0.135877E+07 -0.324873E-01  0.721703E+06  0.721595E+06  0.218200E+00
  0.170598E+00  0.131577E+07  0.130780E+07  0.158738E+01 -0.108043E+01  0.865570E+05  0.130682E+07  0.131453E+07  0.130682E+07 -0.312453E-01  0.694118E+06  0.694015E+06  0.200571E+00
  0.175543E+00  0.127199E+07  0.126466E+07  0.144932E+01 -0.986564E+00  0.802763E+05  0.126337E+07  0.127085E+07  0.126337E+07 -0.302065E-01  0.671046E+06  0.670951E+06  0.180975E+00
  0.180489E+00  0.123436E+07  0.122776E+07  0.133045E+01 -0.905737E+00  0.748026E+05  0.122605E+07  0.123333E+07  0.122605E+07 -0.293142E-01  0.651229E+06  0.651142E+06  0.161558E+00
  0.185434E+00  0.120026E+07  0.119437E+07  0.122566E+01 -0.834466E+00  0.699025E+05  0.119225E+07  0.119935E+07  0.119225E+07 -0.285060E-01  0.633278E+06  0.633198E+06  0.144221E+00
  0.190380E+00  0.116707E+07  0.116176E+07  0.113068E+01 -0.769868E+00  0.653738E+05  0.115933E+07  0.116625E+07  0.115933E+07 -0.277190E-01  0.615798E+06  0.615724E+06  0.130229E+00
  0.195325E+00  0.113279E+07  0.112788E+07  0.104259E+01 -0.709953E+00  0.610761E+05  0.112530E+07  0.113203E+07  0.112530E+07 -0.269053E-01  0.597726E+06  0.597656E+06  0.120058E+00
  0.200271E+00  0.109662E+07  0.109189E+07  0.960023E+00 -0.653794E+00  0.569512E+05  0.108936E+07  0.109588E+07  0.108936E+07 -0.260459E-01  0.578637E+06  0.578569E+06  0.113448E+00
  0.205216E+00  0.105883E+07  0.105413E+07  0.882741E+00 -0.601227E+00  0.530031E+05  0.105179E+07  0.105810E+07  0.105179E+07 -0.251476E-01  0.558684E+06  0.558616E+06  0.109577E+00
  0.210162E+00  0.102028E+07  0.101548E+07  0.810966E+00 -0.552401E+00  0.492621E+05  0.101344E+07  0.101954E+07  0.101344E+07 -0.242308E-01  0.538319E+06  0.538252E+06  0.107319E+00
  0.215107E+00  0.982129E+06  0.977195E+06  0.745082E+00 -0.507577E+00  0.457683E+05  0.975487E+06  0.981364E+06  0.975487E+06 -0.233233E-01  0.518162E+06  0.518094E+06  0.105526E+00
  0.220053E+00  0.945734E+06  0.940694E+06  0.685518E+00 -0.467047E+00  0.425643E+05  0.939284E+06  0.944953E+06  0.939284E+06 -0.224577E-01  0.498935E+06  0.498867E+06  0.103271E+00
  0.224998E+00  0.912307E+06  0.907238E+06  0.632488E+00 -0.430956E+00  0.396800E+05  0.906044E+06  0.911522E+06  0.906044E+06 -0.216630E-01  0.481281E+06  0.481214E+06  0.999930E-01
  0.229944E+00  0.882549E+06  0.877555E+06  0.585790E+00 -0.399168E+00  0.371184E+05  0.876468E+06  0.881774E+06  0.876468E+06 -0.209558E-01  0.465573E+06  0.465507E+06  0.955295E-01
  0.234889E+00  0.856506E+06  0.851690E+06  0.544804E+00 -0.371263E+00  0.348546E+05  0.850602E+06  0.855759E+06  0.850602E+06 -0.203374E-01  0.451835E+06  0.451772E+06  0.900652E-01
  0.239835E+00  0.833689E+06  0.829127E+06  0.508647E+00 -0.346642E+00  0.328443E+05  0.827955E+06  0.832982E+06  0.827955E+06 -0.197959E-01  0.439807E+06  0.439746E+06  0.840247E-01
  0.244780E+00  0.813242E+06  0.808971E+06  0.476332E+00 -0.324635E+00  0.310341E+05  0.807670E+06  0.812580E+06  0.807670E+06 -0.193109E-01  0.429033E+06  0.428976E+06  0.779340E-01
  0.249725E+00  0.794173E+06  0.790191E+06  0.446931E+00 -0.304610E+00  0.293714E+05  0.788755E+06  0.793556E+06  0.788755E+06 -0.188587E-01  0.418987E+06  0.418932E+06  0.722884E-01
  0.254671E+00  0.775612E+06  0.771879E+06  0.419703E+00 -0.286065E+00  0.278137E+05  0.770339E+06  0.775034E+06  0.770339E+06 -0.184184E-01  0.409206E+06  0.409154E+06  0.674518E-01
  0.259616E+00  0.756934E+06  0.753386E+06  0.394140E+00 -0.268654E+00  0.263319E+05  0.751798E+06  0.756384E+06  0.751798E+06 -0.179750E-01  0.399358E+06  0.399308E+06  0.636004E-01
  0.264562E+00  0.737772E+06  0.734337E+06  0.369927E+00 -0.252163E+00  0.249088E+05  0.732764E+06  0.737239E+06  0.732764E+06 -0.175200E-01  0.389248E+06  0.389200E+06  0.607141E-01
  0.269507E+00  0.718058E+06  0.714674E+06  0.346937E+00 -0.236505E+00  0.235390E+05  0.713173E+06  0.717533E+06  0.713173E+06 -0.170515E-01  0.378843E+06  0.378796E+06  0.586149E-01
  0.274453E+00  0.698063E+06  0.694687E+06  0.325216E+00 -0.221710E+00  0.222284E+05  0.693297E+06  0.697540E+06  0.693297E+06 -0.165763E-01  0.368286E+06  0.368239E+06  0.570325E-01
  0.279398E+00  0.678287E+06  0.674897E+06  0.304898E+00 -0.207871E+00  0.209892E+05  0.673635E+06  0.677762E+06  0.673635E+06 -0.161062E-01  0.357843E+06  0.357796E+06  0.556740E-01
  0.284344E+00  0.659236E+06  0.655836E+06  0.286101E+00 -0.195066E+00  0.198322E+05  0.654695E+06  0.658709E+06  0.654695E+06 -0.156534E-01  0.347783E+06  0.347736E+06  0.542834E-01
  0.289289E+00  0.641287E+06  0.637900E+06  0.268866E+00 -0.183324E+00  0.187632E+05  0.636854E+06  0.640762E+06  0.636854E+06 -0.152268E-01  0.338306E+06  0.338261E+06  0.526844E-01
  0.294235E+00  0.624672E+06  0.621332E+06  0.253162E+00 -0.172624E+00  0.177831E+05  0.620345E+06  0.624154E+06  0.620345E+06 -0.148321E-01  0.329537E+06  0.329492E+06  0.508023E-01
  0.299180E+00  0.609476E+06  0.606218E+06  0.238901E+00 -0.162906E+00  0.168881E+05  0.605252E+06  0.608971E+06  0.605252E+06 -0.144712E-01  0.321520E+06  0.321477E+06  0.486601E-01
  0.304126E+00  0.595604E+06  0.592456E+06  0.225931E+00 -0.154067E+00  0.160699E+05  0.591478E+06  0.595116E+06  0.591478E+06 -0.141419E-01  0.314204E+06  0.314162E+06  0.463530E-01
  0.309071E+00  0.582786E+06  0.579764E+06  0.214052E+00 -0.145970E+00  0.153164E+05  0.578756E+06  0.582318E+06  0.578756E+06 -0.138377E-01  0.307447E+06  0.307406E+06  0.440134E-01
  0.314017E+00  0.570679E+06  0.567785E+06  0.203056E+00 -0.138476E+00  0.146144E+05  0.566740E+06  0.570230E+06  0.566740E+06 -0.135504E-01  0.301064E+06  0.301025E+06  0.417759E-01
  0.318962E+00  0.558962E+06  0.556186E+06  0.192768E+00 -0.131463E+00  0.139529E+05  0.555110E+06  0.558532E+06  0.555110E+06 -0.132724E-01  0.294887E+06  0.294849E+06  0.397495E-01
  0.323908E+00  0.547392E+06  0.544713E+06  0.183057E+00 -0.124844E+00  0.133233E+05  0.543624E+06  0.546977E+06  0.543624E+06 -0.129977E-01  0.288786E+06  0.288749E+06  0.379978E-01
  0.328853E+00  0.535812E+06  0.533206E+06  0.173835E+00 -0.118558E+00  0.127202E+05  0.532124E+06  0.535408E+06  0.532124E+06 -0.127228E-01  0.282677E+06  0.282641E+06  0.365328E-01
  0.333799E+00  0.524165E+06  0.521608E+06  0.165051E+00 -0.112571E+00  0.121409E+05  0.520554E+06  0.523769E+06  0.520554E+06 -0.124461E-01  0.276532E+06  0.276496E+06  0.353202E-01
  0.338744E+00  0.512503E+06  0.509977E+06  0.156698E+00 -0.106877E+00  0.115855E+05  0.508967E+06  0.512111E+06  0.508967E+06 -0.121691E-01  0.270377E+06  0.270342E+06  0.342943E-01
  0.343690E+00  0.500968E+06  0.498463E+06  0.148791E+00 -0.101487E+00  0.110557E+05  0.497504E+06  0.500579E+06  0.497504E+06 -0.118950E-01  0.264288E+06  0.264253E+06  0.333766E-01
  0.348635E+00  0.489735E+06  0.487249E+06  0.141353E+00 -0.964173E-01  0.105542E+05  0.486341E+06  0.489349E+06  0.486341E+06 -0.116281E-01  0.258358E+06  0.258324E+06  0.324929E-01
  0.353580E+00  0.478955E+06  0.476493E+06  0.134398E+00 -0.916762E-01  0.100825E+05  0.475630E+06  0.478573E+06  0.475630E+06 -0.113720E-01  0.252669E+06  0.252635E+06  0.315866E-01
  0.358526E+00  0.468722E+06  0.466295E+06  0.127921E+00 -0.872603E-01  0.964103E+04  0.465464E+06  0.468346E+06  0.465464E+06 -0.111290E-01  0.247269E+06  0.247236E+06  0.306262E-01
  0.363471E+00  0.459072E+06  0.456690E+06  0.121900E+00 -0.831549E-01  0.922870E+04  0.455879E+06  0.458703E+06  0.455879E+06 -0.108998E-01  0.242177E+06  0.242145E+06  0.296068E-01
  0.368417E+00  0.449986E+06  0.447658E+06  0.116300E+00 -0.793365E-01  0.884354E+04  0.446856E+06  0.449625E+06  0.446856E+06 -0.106841E-01  0.237384E+06  0.237353E+06  0.285463E-01
  0.373362E+00  0.441396E+06  0.439131E+06  0.111077E+00 -0.757755E-01  0.848277E+04  0.438328E+06  0.441045E+06  0.438328E+06 -0.104802E-01  0.232854E+06  0.232823E+06  0.274770E-01
  0.378308E+00  0.433203E+06  0.431001E+06  0.106184E+00 -0.724385E-01  0.814313E+04  0.430193E+06  0.432862E+06  0.430193E+06 -0.102857E-01  0.228533E+06  0.228503E+06  0.264357E-01
  0.383253E+00  0.425287E+06  0.423146E+06  0.101570E+00 -0.692926E-01  0.782132E+04  0.422334E+06  0.424955E+06  0.422334E+06 -0.100978E-01  0.224358E+06  0.224329E+06  0.254549E-01
  0.388199E+00  0.417541E+06  0.415455E+06  0.971957E-01 -0.663093E-01  0.751448E+04  0.414643E+06  0.417217E+06  0.414643E+06 -0.991388E-02  0.220273E+06  0.220245E+06  0.245567E-01
  0.393144E+00  0.409893E+06  0.407855E+06  0.930297E-01 -0.634683E-01  0.722061E+04  0.407050E+06  0.409577E+06  0.407050E+06 -0.973231E-02  0.216239E+06  0.216211E+06  0.237497E-01
  0.398090E+00  0.402319E+06  0.400319E+06  0.890552E-01 -0.607579E-01  0.693864E+04  0.399527E+06  0.402009E+06  0.399527E+06 -0.955245E-02  0.212243E+06  0.212216E+06  0.230297E-01
  0.403035E+00  0.394828E+06  0.392859E+06  0.852643E-01 -0.581727E-01  0.666821E+04  0.392086E+06  0.394522E+06  0.392086E+06 -0.937454E-02  0.208290E+06  0.208263E+06  0.223821E-01
  0.407981E+00  0.387450E+06  0.385507E+06  0.816538E-01 -0.557105E-01  0.640929E+04  0.384757E+06  0.387149E+06  0.384757E+06 -0.919931E-02  0.204397E+06  0.204371E+06  0.217861E-01
  0.412926E+00  0.380222E+06  0.378303E+06  0.782214E-01 -0.533698E-01  0.616193E+04  0.377576E+06  0.379924E+06  0.377576E+06 -0.902762E-02  0.200583E+06  0.200557E+06  0.212194E-01
  0.417872E+00  0.373194E+06  0.371299E+06  0.749680E-01 -0.511510E-01  0.592640E+04  0.370594E+06  0.372900E+06  0.370594E+06 -0.886069E-02  0.196874E+06  0.196848E+06  0.206636E-01
  0.422817E+00  0.366411E+06  0.364542E+06  0.718928E-01 -0.490536E-01  0.570286E+04  0.363857E+06  0.366121E+06  0.363857E+06 -0.869960E-02  0.193295E+06  0.193270E+06  0.201065E-01
  0.427763E+00  0.359899E+06  0.358060E+06  0.689911E-01 -0.470745E-01  0.549112E+04  0.357389E+06  0.359614E+06  0.357389E+06 -0.854496E-02  0.189859E+06  0.189834E+06  0.195431E-01
  0.432708E+00  0.353656E+06  0.351850E+06  0.662532E-01 -0.452071E-01  0.529059E+04  0.351189E+06  0.353376E+06  0.351189E+06 -0.839673E-02  0.186566E+06  0.186542E+06  0.189751E-01
  0.437654E+00  0.347662E+06  0.345891E+06  0.636663E-01 -0.434426E-01  0.510045E+04  0.345237E+06  0.347388E+06  0.345237E+06 -0.825442E-02  0.183404E+06  0.183380E+06  0.184091E-01
  0.442599E+00  0.341884E+06  0.340148E+06  0.612167E-01 -0.417716E-01  0.491972E+04  0.339500E+06  0.341615E+06  0.339500E+06 -0.811723E-02  0.180356E+06  0.180333E+06  0.178544E-01
  0.447544E+00  0.336283E+06  0.334583E+06  0.588903E-01 -0.401847E-01  0.474744E+04  0.333938E+06  0.336020E+06  0.333938E+06 -0.798427E-02  0.177402E+06  0.177379E+06  0.173203E-01
  0.452490E+00  0.330823E+06  0.329157E+06  0.566745E-01 -0.386732E-01  0.458269E+04  0.328517E+06  0.330565E+06  0.328517E+06 -0.785464E-02  0.174522E+06  0.174499E+06  0.168143E-01
  0.457435E+00  0.325473E+06  0.323838E+06  0.545587E-01 -0.372299E-01  0.442476E+04  0.323204E+06  0.325220E+06  0.323204E+06 -0.772763E-02  0.171700E+06  0.171678E+06  0.163405E-01
  0.462381E+00  0.320215E+06  0.318608E+06  0.525349E-01 -0.358494E-01  0.427307E+04  0.317983E+06  0.319966E+06  0.317983E+06 -0.760277E-02  0.168926E+06  0.168904E+06  0.158991E-01
  0.467326E+00  0.315040E+06  0.313458E+06  0.505974E-01 -0.345277E-01  0.412727E+04  0.312843E+06  0.314795E+06  0.312843E+06 -0.747989E-02  0.166196E+06  0.166174E+06  0.154871E-01
  0.472272E+00  0.309953E+06  0.308394E+06  0.487430E-01 -0.332627E-01  0.398718E+04  0.307791E+06  0.309712E+06  0.307791E+06 -0.735910E-02  0.163512E+06  0.163491E+06  0.150995E-01
  0.477217E+00  0.304969E+06  0.303432E+06  0.469699E-01 -0.320532E-01  0.385273E+04  0.302841E+06  0.304731E+06  0.302841E+06 -0.724074E-02  0.160883E+06  0.160862E+06  0.147300E-01
  0.482163E+00  0.300102E+06  0.298585E+06  0.452767E-01 -0.308981E-01  0.372389E+04  0.298006E+06  0.299867E+06  0.298006E+06 -0.712516E-02  0.158315E+06  0.158294E+06  0.143729E-01
  0.487108E+00  0.295362E+06  0.293866E+06  0.436610E-01 -0.297958E-01  0.360053E+04  0.293299E+06  0.295130E+06  0.293299E+06 -0.701260E-02  0.155814E+06  0.155793E+06  0.140232E-01
  0.492054E+00  0.290757E+06  0.289282E+06  0.421203E-01 -0.287447E-01  0.348252E+04  0.288725E+06  0.290528E+06  0.288725E+06 -0.690323E-02  0.153384E+06  0.153364E+06  0.136784E-01
  0.496999E+00  0.286289E+06  0.284836E+06  0.406516E-01 -0.277428E-01  0.336969E+04  0.284288E+06  0.286064E+06  0.284288E+06 -0.679716E-02  0.151027E+06  0.151007E+06  0.133375E-01
  0.501945E+00  0.281959E+06  0.280529E+06  0.392516E-01 -0.267876E-01  0.326180E+04  0.279988E+06  0.281737E+06  0.279988E+06 -0.669434E-02  0.148743E+06  0.148723E+06  0.130016E-01
  0.506890E+00  0.277755E+06  0.276348E+06  0.379154E-01 -0.258759E-01  0.315852E+04  0.275813E+06  0.277537E+06  0.275813E+06 -0.659453E-02  0.146525E+06  0.146506E+06  0.126727E-01
  0.511836E+00  0.273662E+06  0.272278E+06  0.366381E-01 -0.250045E-01  0.305951E+04  0.271749E+06  0.273447E+06  0.271749E+06 -0.649735E-02  0.144366E+06  0.144347E+06  0.123530E-01
  0.516781E+00  0.269665E+06  0.268303E+06  0.354152E-01 -0.241701E-01  0.296441E+04  0.267780E+06  0.269454E+06  0.267780E+06 -0.640245E-02  0.142258E+06  0.142239E+06  0.120447E-01
  0.521727E+00  0.265755E+06  0.264415E+06  0.342430E-01 -0.233703E-01  0.287299E+04  0.263897E+06  0.265547E+06  0.263897E+06 -0.630961E-02  0.140195E+06  0.140176E+06  0.117495E-01
  0.526672E+00  0.261924E+06  0.260604E+06  0.331185E-01 -0.226031E-01  0.278501E+04  0.260093E+06  0.261719E+06  0.260093E+06 -0.621866E-02  0.138174E+06  0.138156E+06  0.114679E-01
  0.531618E+00  0.258166E+06  0.256866E+06  0.320387E-01 -0.218663E-01  0.270028E+04  0.256361E+06  0.257965E+06  0.256361E+06 -0.612944E-02  0.136192E+06  0.136174E+06  0.111994E-01
  0.536563E+00  0.254478E+06  0.253195E+06  0.310013E-01 -0.211585E-01  0.261864E+04  0.252698E+06  0.254279E+06  0.252698E+06 -0.604186E-02  0.134246E+06  0.134228E+06  0.109429E-01
  0.541508E+00  0.250859E+06  0.249594E+06  0.300047E-01 -0.204785E-01  0.253997E+04  0.249104E+06  0.250663E+06  0.249104E+06 -0.595593E-02  0.132337E+06  0.132319E+06  0.106965E-01
  0.546454E+00  0.247314E+06  0.246065E+06  0.290475E-01 -0.198254E-01  0.246421E+04  0.245584E+06  0.247121E+06  0.245584E+06 -0.587176E-02  0.130466E+06  0.130449E+06  0.104584E-01
  0.551399E+00  0.243849E+06  0.242616E+06  0.281289E-01 -0.191986E-01  0.239130E+04  0.242142E+06  0.243658E+06  0.242142E+06 -0.578946E-02  0.128638E+06  0.128621E+06  0.102272E-01
  0.556345E+00  0.240464E+06  0.239248E+06  0.272474E-01 -0.185971E-01  0.232116E+04  0.238781E+06  0.240275E+06  0.238781E+06 -0.570910E-02  0.126852E+06  0.126836E+06  0.100015E-01
  0.561290E+00  0.237159E+06  0.235959E+06  0.264014E-01 -0.180198E-01  0.225366E+04  0.235498E+06  0.236973E+06  0.235498E+06 -0.563063E-02  0.125109E+06  0.125092E+06  0.978055E-02
  0.566236E+00  0.233932E+06  0.232748E+06  0.255891E-01 -0.174655E-01  0.218870E+04  0.232294E+06  0.233748E+06  0.232294E+06 -0.555400E-02  0.123406E+06  0.123390E+06  0.956421E-02
  0.571181E+00  0.230781E+06  0.229614E+06  0.248091E-01 -0.169333E-01  0.212616E+04  0.229165E+06  0.230600E+06  0.229165E+06 -0.547919E-02  0.121744E+06  0.121728E+06  0.935274E-02
  0.576127E+00  0.227704E+06  0.226553E+06  0.240598E-01 -0.164220E-01  0.206593E+04  0.226109E+06  0.227526E+06  0.226109E+06 -0.540613E-02  0.120121E+06  0.120105E+06  0.914666E-02
  0.581072E+00  0.224695E+06  0.223560E+06  0.233394E-01 -0.159304E-01  0.200789E+04  0.223121E+06  0.224519E+06  0.223121E+06 -0.533470E-02  0.118534E+06  0.118518E+06  0.894650E-02
  0.586018E+00  0.221748E+06  0.220629E+06  0.226461E-01 -0.154573E-01  0.195190E+04  0.220195E+06  0.221575E+06  0.220195E+06 -0.526473E-02  0.116979E+06  0.116964E+06  0.875267E-02
  0.590963E+00  0.218858E+06  0.217754E+06  0.219784E-01 -0.150016E-01  0.189784E+04  0.217325E+06  0.218687E+06  0.217325E+06 -0.519612E-02  0.115455E+06  0.115439E+06  0.856537E-02
  0.595909E+00  0.216024E+06  0.214934E+06  0.213351E-01 -0.145627E-01  0.184564E+04  0.214511E+06  0.215855E+06  0.214511E+06 -0.512882E-02  0.113959E+06  0.113944E+06  0.838462E-02
  0.600854E+00  0.213245E+06  0.212169E+06  0.207153E-01 -0.141397E-01  0.179522E+04  0.211750E+06  0.213078E+06  0.211750E+06 -0.506283E-02  0.112493E+06  0.112478E+06  0.821016E-02
  0.605800E+00  0.210518E+06  0.209455E+06  0.201178E-01 -0.137319E-01  0.174651E+04  0.209042E+06  0.210353E+06  0.209042E+06 -0.499808E-02  0.111054E+06  0.111040E+06  0.804148E-02
  0.610745E+00  0.207841E+06  0.206792E+06  0.195416E-01 -0.133387E-01  0.169942E+04  0.206384E+06  0.207678E+06  0.206384E+06 -0.493453E-02  0.109642E+06  0.109628E+06  0.787799E-02
  0.615691E+00  0.205215E+06  0.204179E+06  0.189859E-01 -0.129595E-01  0.165391E+04  0.203777E+06  0.205055E+06  0.203777E+06 -0.487218E-02  0.108257E+06  0.108243E+06  0.771911E-02
  0.620636E+00  0.202642E+06  0.201618E+06  0.184502E-01 -0.125939E-01  0.160994E+04  0.201221E+06  0.202483E+06  0.201221E+06 -0.481107E-02  0.106899E+06  0.106885E+06  0.756438E-02
  0.625582E+00  0.200121E+06  0.199110E+06  0.179337E-01 -0.122414E-01  0.156746E+04  0.198718E+06  0.199965E+06  0.198718E+06 -0.475123E-02  0.105570E+06  0.105556E+06  0.741346E-02
  0.630527E+00  0.197653E+06  0.196654E+06  0.174357E-01 -0.119015E-01  0.152641E+04  0.196267E+06  0.197498E+06  0.196267E+06 -0.469262E-02  0.104268E+06  0.104254E+06  0.726610E-02
  0.635472E+00  0.195233E+06  0.194247E+06  0.169552E-01 -0.115736E-01  0.148673E+04  0.193864E+06  0.195080E+06  0.193864E+06 -0.463517E-02  0.102991E+06  0.102978E+06  0.712220E-02
  0.640418E+00  0.192861E+06  0.191887E+06  0.164914E-01 -0.112572E-01  0.144835E+04  0.191508E+06  0.192710E+06  0.191508E+06 -0.457885E-02  0.101740E+06  0.101726E+06  0.698178E-02
  0.645363E+00  0.190536E+06  0.189574E+06  0.160439E-01 -0.109517E-01  0.141124E+04  0.189200E+06  0.190387E+06  0.189200E+06 -0.452366E-02  0.100514E+06  0.100500E+06  0.684494E-02
  0.650309E+00  0.188258E+06  0.187307E+06  0.156118E-01 -0.106568E-01  0.137534E+04  0.186937E+06  0.188111E+06  0.186937E+06 -0.446956E-02  0.993115E+05  0.992984E+05  0.671178E-02
  0.655254E+00  0.186023E+06  0.185083E+06  0.151944E-01 -0.103720E-01  0.134059E+04  0.184718E+06  0.185877E+06  0.184718E+06 -0.441649E-02  0.981324E+05  0.981194E+05  0.658232E-02
  0.660200E+00  0.183828E+06  0.182899E+06  0.147910E-01 -0.100966E-01  0.130694E+04  0.182538E+06  0.183684E+06  0.182538E+06 -0.436437E-02  0.969743E+05  0.969615E+05  0.645651E-02
  0.665145E+00  0.181671E+06  0.180754E+06  0.144008E-01 -0.983036E-02  0.127434E+04  0.180396E+06  0.181529E+06  0.180396E+06 -0.431316E-02  0.958365E+05  0.958239E+05  0.633425E-02
  0.670091E+00  0.179552E+06  0.178646E+06  0.140236E-01 -0.957288E-02  0.124275E+04  0.178293E+06  0.179412E+06  0.178293E+06 -0.426287E-02  0.947190E+05  0.947065E+05  0.621543E-02
  0.675036E+00  0.177473E+06  0.176577E+06  0.136587E-01 -0.932388E-02  0.121214E+04  0.176227E+06  0.177334E+06  0.176227E+06 -0.421349E-02  0.936218E+05  0.936095E+05  0.609987E-02
  0.679982E+00  0.175430E+06  0.174544E+06  0.133059E-01 -0.908303E-02  0.118249E+04  0.174199E+06  0.175293E+06  0.174199E+06 -0.416500E-02  0.925444E+05  0.925322E+05  0.598736E-02
  0.684927E+00  0.173423E+06  0.172548E+06  0.129644E-01 -0.884995E-02  0.115374E+04  0.172206E+06  0.173288E+06  0.172206E+06 -0.411735E-02  0.914857E+05  0.914737E+05  0.587767E-02
  0.689873E+00  0.171452E+06  0.170586E+06  0.126338E-01 -0.862437E-02  0.112586E+04  0.170248E+06  0.171318E+06  0.170248E+06 -0.407054E-02  0.904456E+05  0.904337E+05  0.577064E-02
  0.694818E+00  0.169516E+06  0.168660E+06  0.123140E-01 -0.840606E-02  0.109883E+04  0.168326E+06  0.169383E+06  0.168326E+06 -0.402458E-02  0.894244E+05  0.894126E+05  0.566614E-02
  0.739283E+00  0.153579E+06  0.152804E+06  0.985446E-02 -0.672734E-02  0.889368E+03  0.152500E+06  0.153459E+06  0.152500E+06 -0.364619E-02  0.810171E+05  0.810064E+05  0.483193E-02
  0.786594E+00  0.139068E+06  0.138366E+06  0.788209E-02 -0.538105E-02  0.718979E+03  0.138091E+06  0.138959E+06  0.138091E+06 -0.330166E-02  0.733619E+05  0.733522E+05  0.412050E-02
  0.836932E+00  0.125868E+06  0.125233E+06  0.630153E-02 -0.430214E-02  0.580588E+03  0.124983E+06  0.125770E+06  0.124983E+06 -0.298828E-02  0.663988E+05  0.663900E+05  0.351293E-02
  0.890492E+00  0.113869E+06  0.113294E+06  0.503559E-02 -0.343796E-02  0.468333E+03  0.113068E+06  0.113780E+06  0.113068E+06 -0.270340E-02  0.600689E+05  0.600609E+05  0.299441E-02
  0.947479E+00  0.102969E+06  0.102450E+06  0.402224E-02 -0.274618E-02  0.377396E+03  0.102245E+06  0.102889E+06  0.102245E+06 -0.244461E-02  0.543189E+05  0.543116E+05  0.255223E-02
  0.990988E+00  0.957110E+05  0.952278E+05  0.341760E-02 -0.233340E-02  0.322601E+03  0.950373E+05  0.956361E+05  0.950373E+05 -0.227228E-02  0.504898E+05  0.504830E+05  0.227341E-02
  0.121284E+01  0.687008E+05  0.683539E+05  0.163770E-02 -0.111823E-02  0.158299E+03  0.682167E+05  0.686470E+05  0.682167E+05 -0.163102E-02  0.362412E+05  0.362363E+05  0.135141E-02
  0.148436E+01  0.491131E+05  0.488650E+05  0.781605E-03 -0.533709E-03  0.769811E+02  0.487668E+05  0.490746E+05  0.487668E+05 -0.116598E-02  0.259082E+05  0.259046E+05  0.805313E-03
  0.181667E+01  0.349801E+05  0.348033E+05  0.371649E-03 -0.253781E-03  0.507149E+02  0.347334E+05  0.349527E+05  0.347334E+05 -0.830455E-03  0.184527E+05  0.184501E+05  0.482622E-03
  0.222338E+01  0.248297E+05  0.247040E+05  0.176116E-03 -0.120266E-03  0.244599E+02  0.246545E+05  0.248102E+05  0.246545E+05 -0.589474E-03  0.130981E+05  0.130962E+05  0.292069E-03
