  0.958662E-05  0.197582E+08  0.197582E+08  0.263330E+08  0.263327E+08  0.197594E+08  0.197582E+08  0.197582E+08  0.196439E+08 -0.475546E+00  0.104637E+08  0.104637E+08  0.544983E+01
  0.104952E-04  0.197582E+08  0.197582E+08  0.263307E+08  0.263303E+08  0.197594E+08  0.197582E+08  0.197582E+08  0.196439E+08 -0.475546E+00  0.104637E+08  0.104637E+08  0.596619E+01
  0.114898E-04  0.197582E+08  0.197582E+08  0.263280E+08  0.263276E+08  0.197594E+08  0.197582E+08  0.197582E+08  0.196439E+08 -0.475546E+00  0.104637E+08  0.104637E+08  0.653145E+01
  0.125787E-04  0.197582E+08  0.197582E+08  0.263248E+08  0.263242E+08  0.197594E+08  0.197582E+08  0.197582E+08  0.196439E+08 -0.475545E+00  0.104637E+08  0.104637E+08  0.715022E+01
  0.137708E-04  0.197582E+08  0.197582E+08  0.263209E+08  0.263203E+08  0.197594E+08  0.197582E+08  0.197582E+08  0.196439E+08 -0.475545E+00  0.104637E+08  0.104637E+08  0.782756E+01
  0.150759E-04  0.197582E+08  0.197582E+08  0.263163E+08  0.263155E+08  0.197593E+08  0.197582E+08  0.197582E+08  0.196439E+08 -0.475545E+00  0.104637E+08  0.104637E+08  0.856901E+01
  0.165047E-04  0.197582E+08  0.197582E+08  0.263107E+08  0.263098E+08  0.197593E+08  0.197582E+08  0.197582E+08  0.196439E+08 -0.475544E+00  0.104637E+08  0.104637E+08  0.938060E+01
  0.180689E-04  0.197582E+08  0.197582E+08  0.263041E+08  0.263029E+08  0.197593E+08  0.197582E+08  0.197582E+08  0.196439E+08 -0.475543E+00  0.104637E+08  0.104637E+08  0.102689E+02
  0.197813E-04  0.197581E+08  0.197581E+08  0.262961E+08  0.262947E+08  0.197593E+08  0.197581E+08  0.197581E+08  0.196438E+08 -0.475543E+00  0.104637E+08  0.104637E+08  0.112413E+02
  0.216561E-04  0.197581E+08  0.197581E+08  0.262865E+08  0.262848E+08  0.197592E+08  0.197581E+08  0.197581E+08  0.196438E+08 -0.475542E+00  0.104637E+08  0.104637E+08  0.123055E+02
  0.237085E-04  0.197581E+08  0.197581E+08  0.262751E+08  0.262730E+08  0.197592E+08  0.197581E+08  0.197581E+08  0.196438E+08 -0.475541E+00  0.104636E+08  0.104636E+08  0.134702E+02
  0.259554E-04  0.197581E+08  0.197581E+08  0.262614E+08  0.262589E+08  0.197591E+08  0.197581E+08  0.197581E+08  0.196438E+08 -0.475539E+00  0.104636E+08  0.104636E+08  0.147448E+02
  0.284152E-04  0.197580E+08  0.197580E+08  0.262449E+08  0.262420E+08  0.197591E+08  0.197580E+08  0.197580E+08  0.196438E+08 -0.475538E+00  0.104636E+08  0.104636E+08  0.161395E+02
  0.311082E-04  0.197580E+08  0.197580E+08  0.262252E+08  0.262217E+08  0.197590E+08  0.197580E+08  0.197580E+08  0.196437E+08 -0.475536E+00  0.104636E+08  0.104636E+08  0.176657E+02
  0.340564E-04  0.197579E+08  0.197579E+08  0.262016E+08  0.261974E+08  0.197589E+08  0.197579E+08  0.197579E+08  0.196437E+08 -0.475534E+00  0.104636E+08  0.104636E+08  0.193354E+02
  0.372840E-04  0.197579E+08  0.197579E+08  0.261734E+08  0.261683E+08  0.197588E+08  0.197579E+08  0.197579E+08  0.196436E+08 -0.475531E+00  0.104635E+08  0.104635E+08  0.211619E+02
  0.408175E-04  0.197578E+08  0.197578E+08  0.261396E+08  0.261335E+08  0.197587E+08  0.197578E+08  0.197578E+08  0.196436E+08 -0.475528E+00  0.104635E+08  0.104635E+08  0.231597E+02
  0.446859E-04  0.197577E+08  0.197577E+08  0.260991E+08  0.260918E+08  0.197585E+08  0.197577E+08  0.197577E+08  0.196435E+08 -0.475524E+00  0.104634E+08  0.104634E+08  0.253444E+02
  0.489209E-04  0.197576E+08  0.197576E+08  0.260506E+08  0.260420E+08  0.197583E+08  0.197576E+08  0.197576E+08  0.196434E+08 -0.475519E+00  0.104634E+08  0.104634E+08  0.277330E+02
  0.535572E-04  0.197575E+08  0.197575E+08  0.259927E+08  0.259823E+08  0.197581E+08  0.197575E+08  0.197575E+08  0.196433E+08 -0.475513E+00  0.104633E+08  0.104633E+08  0.303438E+02
  0.586330E-04  0.197573E+08  0.197573E+08  0.259234E+08  0.259110E+08  0.197578E+08  0.197573E+08  0.197573E+08  0.196432E+08 -0.475507E+00  0.104632E+08  0.104632E+08  0.331966E+02
  0.641897E-04  0.197571E+08  0.197571E+08  0.258406E+08  0.258258E+08  0.197575E+08  0.197571E+08  0.197571E+08  0.196430E+08 -0.475498E+00  0.104631E+08  0.104631E+08  0.363126E+02
  0.702732E-04  0.197569E+08  0.197569E+08  0.257416E+08  0.257239E+08  0.197571E+08  0.197569E+08  0.197569E+08  0.196428E+08 -0.475489E+00  0.104630E+08  0.104630E+08  0.397146E+02
  0.769331E-04  0.197566E+08  0.197566E+08  0.256235E+08  0.256024E+08  0.197567E+08  0.197566E+08  0.197566E+08  0.196426E+08 -0.475477E+00  0.104628E+08  0.104628E+08  0.434268E+02
  0.842242E-04  0.197563E+08  0.197563E+08  0.254826E+08  0.254574E+08  0.197561E+08  0.197563E+08  0.197563E+08  0.196423E+08 -0.475463E+00  0.104627E+08  0.104627E+08  0.474748E+02
  0.922064E-04  0.197559E+08  0.197559E+08  0.253146E+08  0.252846E+08  0.197555E+08  0.197559E+08  0.197559E+08  0.196420E+08 -0.475447E+00  0.104625E+08  0.104624E+08  0.518855E+02
  0.100945E-03  0.197555E+08  0.197554E+08  0.251147E+08  0.250789E+08  0.197547E+08  0.197555E+08  0.197555E+08  0.196417E+08 -0.475427E+00  0.104622E+08  0.104622E+08  0.566869E+02
  0.110512E-03  0.197549E+08  0.197549E+08  0.248770E+08  0.248344E+08  0.197538E+08  0.197549E+08  0.197549E+08  0.196412E+08 -0.475403E+00  0.104619E+08  0.104619E+08  0.619077E+02
  0.120985E-03  0.197543E+08  0.197542E+08  0.245948E+08  0.245442E+08  0.197526E+08  0.197543E+08  0.197543E+08  0.196407E+08 -0.475375E+00  0.104616E+08  0.104615E+08  0.675768E+02
  0.132451E-03  0.197535E+08  0.197534E+08  0.242604E+08  0.242005E+08  0.197513E+08  0.197535E+08  0.197535E+08  0.196400E+08 -0.475341E+00  0.104611E+08  0.104611E+08  0.737225E+02
  0.145004E-03  0.197526E+08  0.197525E+08  0.238653E+08  0.237944E+08  0.197497E+08  0.197525E+08  0.197526E+08  0.196393E+08 -0.475300E+00  0.104606E+08  0.104606E+08  0.803718E+02
  0.158746E-03  0.197515E+08  0.197513E+08  0.233995E+08  0.233160E+08  0.197477E+08  0.197514E+08  0.197514E+08  0.196384E+08 -0.475252E+00  0.104600E+08  0.104599E+08  0.875489E+02
  0.173791E-03  0.197501E+08  0.197500E+08  0.228524E+08  0.227542E+08  0.197454E+08  0.197501E+08  0.197501E+08  0.196373E+08 -0.475195E+00  0.104593E+08  0.104592E+08  0.952736E+02
  0.190262E-03  0.197485E+08  0.197483E+08  0.222122E+08  0.220973E+08  0.197427E+08  0.197485E+08  0.197485E+08  0.196360E+08 -0.475127E+00  0.104584E+08  0.104583E+08  0.103559E+03
  0.208293E-03  0.197466E+08  0.197464E+08  0.214668E+08  0.213329E+08  0.197394E+08  0.197466E+08  0.197466E+08  0.196344E+08 -0.475046E+00  0.104573E+08  0.104573E+08  0.112409E+03
  0.228034E-03  0.197444E+08  0.197441E+08  0.206041E+08  0.204490E+08  0.197354E+08  0.197443E+08  0.197443E+08  0.196326E+08 -0.474949E+00  0.104561E+08  0.104560E+08  0.121813E+03
  0.249645E-03  0.197417E+08  0.197413E+08  0.196127E+08  0.194343E+08  0.197307E+08  0.197416E+08  0.197416E+08  0.196304E+08 -0.474836E+00  0.104546E+08  0.104545E+08  0.131747E+03
  0.273305E-03  0.197385E+08  0.197380E+08  0.184830E+08  0.182795E+08  0.197251E+08  0.197383E+08  0.197384E+08  0.196279E+08 -0.474701E+00  0.104528E+08  0.104527E+08  0.142160E+03
  0.299206E-03  0.197346E+08  0.197341E+08  0.172094E+08  0.169797E+08  0.197184E+08  0.197345E+08  0.197346E+08  0.196248E+08 -0.474543E+00  0.104507E+08  0.104506E+08  0.152977E+03
  0.327563E-03  0.197301E+08  0.197295E+08  0.157916E+08  0.155355E+08  0.197104E+08  0.197299E+08  0.197300E+08  0.196213E+08 -0.474357E+00  0.104482E+08  0.104481E+08  0.164088E+03
  0.358607E-03  0.197247E+08  0.197241E+08  0.142378E+08  0.139566E+08  0.197010E+08  0.197245E+08  0.197246E+08  0.196171E+08 -0.474140E+00  0.104453E+08  0.104451E+08  0.175342E+03
  0.392593E-03  0.197184E+08  0.197176E+08  0.125671E+08  0.122643E+08  0.196897E+08  0.197181E+08  0.197183E+08  0.196121E+08 -0.473888E+00  0.104418E+08  0.104416E+08  0.186544E+03
  0.429800E-03  0.197109E+08  0.197100E+08  0.108128E+08  0.104943E+08  0.196763E+08  0.197106E+08  0.197108E+08  0.196063E+08 -0.473595E+00  0.104377E+08  0.104375E+08  0.197449E+03
  0.470533E-03  0.197021E+08  0.197010E+08  0.902389E+07  0.869864E+07  0.196605E+08  0.197017E+08  0.197020E+08  0.195996E+08 -0.473258E+00  0.104329E+08  0.104326E+08  0.207765E+03
  0.515126E-03  0.196918E+08  0.196905E+08  0.726563E+07  0.694581E+07  0.196418E+08  0.196913E+08  0.196916E+08  0.195918E+08 -0.472872E+00  0.104273E+08  0.104269E+08  0.217154E+03
  0.563946E-03  0.196798E+08  0.196783E+08  0.561617E+07  0.531672E+07  0.196197E+08  0.196792E+08  0.196796E+08  0.195827E+08 -0.472434E+00  0.104207E+08  0.104203E+08  0.225250E+03
  0.617392E-03  0.196658E+08  0.196641E+08  0.415865E+07  0.389605E+07  0.195938E+08  0.196651E+08  0.196655E+08  0.195722E+08 -0.471939E+00  0.104131E+08  0.104127E+08  0.231678E+03
  0.675904E-03  0.196496E+08  0.196476E+08  0.296746E+07  0.275739E+07  0.195634E+08  0.196487E+08  0.196493E+08  0.195601E+08 -0.471385E+00  0.104043E+08  0.104038E+08  0.236086E+03
  0.739961E-03  0.196309E+08  0.196286E+08  0.208963E+07  0.194356E+07  0.195277E+08  0.196299E+08  0.196305E+08  0.195460E+08 -0.470769E+00  0.103942E+08  0.103937E+08  0.238181E+03
  0.810089E-03  0.196093E+08  0.196068E+08  0.152552E+07  0.144677E+07  0.194861E+08  0.196082E+08  0.196090E+08  0.195298E+08 -0.470087E+00  0.103826E+08  0.103820E+08  0.237771E+03
  0.886863E-03  0.195847E+08  0.195819E+08  0.121754E+07  0.119817E+07  0.194377E+08  0.195834E+08  0.195843E+08  0.195109E+08 -0.469338E+00  0.103694E+08  0.103688E+08  0.234784E+03
  0.970913E-03  0.195567E+08  0.195536E+08  0.105842E+07  0.107888E+07  0.193815E+08  0.195551E+08  0.195562E+08  0.194889E+08 -0.468516E+00  0.103544E+08  0.103537E+08  0.229279E+03
  0.106293E-02  0.195249E+08  0.195215E+08  0.926971E+06  0.960517E+06  0.193165E+08  0.195230E+08  0.195243E+08  0.194633E+08 -0.467615E+00  0.103374E+08  0.103367E+08  0.221420E+03
  0.116367E-02  0.194888E+08  0.194852E+08  0.744373E+06  0.766244E+06  0.192413E+08  0.194867E+08  0.194882E+08  0.194334E+08 -0.466627E+00  0.103183E+08  0.103175E+08  0.211439E+03
  0.127395E-02  0.194481E+08  0.194442E+08  0.518566E+06  0.516432E+06  0.191547E+08  0.194456E+08  0.194475E+08  0.193986E+08 -0.465539E+00  0.102967E+08  0.102959E+08  0.199601E+03
  0.139468E-02  0.194021E+08  0.193981E+08  0.330117E+06  0.308863E+06  0.190555E+08  0.193993E+08  0.194015E+08  0.193582E+08 -0.464339E+00  0.102723E+08  0.102715E+08  0.186218E+03
  0.152686E-02  0.193503E+08  0.193461E+08  0.244968E+06  0.220400E+06  0.189421E+08  0.193471E+08  0.193496E+08  0.193115E+08 -0.463011E+00  0.102448E+08  0.102440E+08  0.171701E+03
  0.167156E-02  0.192920E+08  0.192877E+08  0.227678E+06  0.212810E+06  0.188131E+08  0.192883E+08  0.192913E+08  0.192577E+08 -0.461537E+00  0.102139E+08  0.102131E+08  0.156600E+03
  0.182998E-02  0.192264E+08  0.192221E+08  0.180096E+06 -0.138167E+06  0.186668E+08  0.192222E+08  0.192257E+08  0.191959E+08 -0.459898E+00  0.101791E+08  0.101783E+08  0.141565E+03
  0.200342E-02  0.191527E+08  0.191484E+08  0.914933E+05 -0.114348E+06  0.185018E+08  0.191479E+08  0.191520E+08  0.191256E+08 -0.458072E+00  0.101400E+08  0.101392E+08  0.127219E+03
  0.219328E-02  0.190700E+08  0.190657E+08  0.545378E+05 -0.946422E+05  0.183167E+08  0.190646E+08  0.190693E+08  0.190456E+08 -0.456038E+00  0.100960E+08  0.100953E+08  0.114068E+03
  0.240115E-02  0.189773E+08  0.189731E+08  0.679290E+05 -0.783306E+05  0.181103E+08  0.189712E+08  0.189767E+08  0.189552E+08 -0.453771E+00  0.100468E+08  0.100460E+08  0.102490E+03
  0.262871E-02  0.188738E+08  0.188695E+08  0.398651E+05 -0.648209E+05  0.178819E+08  0.188669E+08  0.188731E+08  0.188534E+08 -0.451246E+00  0.999171E+07  0.999098E+07  0.926564E+02
  0.287784E-02  0.187583E+08  0.187539E+08  0.175922E+05 -0.536275E+05  0.176306E+08  0.187505E+08  0.187576E+08  0.187392E+08 -0.448439E+00  0.993026E+07  0.992954E+07  0.844074E+02
  0.315058E-02  0.186298E+08  0.186252E+08  0.234496E+05 -0.443506E+05  0.173561E+08  0.186211E+08  0.186291E+08  0.186116E+08 -0.445323E+00  0.986191E+07  0.986118E+07  0.773239E+02
  0.344916E-02  0.184873E+08  0.184824E+08  0.372103E+04 -0.366604E+05  0.170581E+08  0.184776E+08  0.184865E+08  0.184697E+08 -0.441874E+00  0.978609E+07  0.978535E+07  0.708980E+02
  0.377605E-02  0.183297E+08  0.183246E+08  0.473288E+04 -0.302854E+05  0.167364E+08  0.183189E+08  0.183289E+08  0.183124E+08 -0.438067E+00  0.970226E+07  0.970153E+07  0.647166E+02
  0.413391E-02  0.181561E+08  0.181507E+08 -0.433380E+04 -0.250010E+05  0.163903E+08  0.181442E+08  0.181553E+08  0.181387E+08 -0.433876E+00  0.960990E+07  0.960918E+07  0.586968E+02
  0.452570E-02  0.179653E+08  0.179597E+08  0.377467E+04 -0.206214E+05  0.160188E+08  0.179522E+08  0.179645E+08  0.179477E+08 -0.429277E+00  0.950846E+07  0.950774E+07  0.530527E+02
  0.495461E-02  0.177565E+08  0.177505E+08  0.128317E+04 -0.169928E+05  0.156205E+08  0.177421E+08  0.177555E+08  0.177384E+08 -0.424245E+00  0.939739E+07  0.939668E+07  0.480650E+02
  0.542417E-02  0.175285E+08  0.175220E+08 -0.353546E+04 -0.139877E+05  0.151933E+08  0.175128E+08  0.175275E+08  0.175097E+08 -0.418754E+00  0.927616E+07  0.927545E+07  0.437543E+02
  0.593823E-02  0.172803E+08  0.172733E+08 -0.435919E+03 -0.115003E+05  0.147368E+08  0.172633E+08  0.172792E+08  0.172607E+08 -0.412782E+00  0.914424E+07  0.914353E+07  0.398526E+02
  0.650101E-02  0.170116E+08  0.170040E+08 -0.742220E+03 -0.944301E+04  0.142408E+08  0.169931E+08  0.170105E+08  0.169910E+08 -0.406317E+00  0.900140E+07  0.900069E+07  0.361496E+02
  0.711712E-02  0.167202E+08  0.167118E+08 -0.895211E+03 -0.774204E+04  0.137221E+08  0.167001E+08  0.167189E+08  0.166984E+08 -0.399308E+00  0.884649E+07  0.884580E+07  0.327514E+02
  0.779163E-02  0.164057E+08  0.163964E+08 -0.220605E+04 -0.633718E+04  0.131778E+08  0.163840E+08  0.164043E+08  0.163826E+08 -0.391747E+00  0.867935E+07  0.867865E+07  0.297879E+02
  0.853006E-02  0.160669E+08  0.160565E+08 -0.161019E+03 -0.517792E+04  0.126078E+08  0.160435E+08  0.160653E+08  0.160424E+08 -0.383605E+00  0.849932E+07  0.849863E+07  0.270988E+02
  0.933847E-02  0.157032E+08  0.156917E+08 -0.216108E+04 -0.422248E+04  0.120122E+08  0.156782E+08  0.157014E+08  0.156773E+08 -0.374868E+00  0.830613E+07  0.830544E+07  0.246118E+02
  0.102235E-01  0.153136E+08  0.153007E+08 -0.203358E+04 -0.343589E+04  0.113924E+08  0.152870E+08  0.153116E+08  0.152862E+08 -0.365512E+00  0.809921E+07  0.809852E+07  0.224202E+02
  0.111924E-01  0.148970E+08  0.148824E+08 -0.852644E+03 -0.278911E+04  0.107541E+08  0.148688E+08  0.148948E+08  0.148681E+08 -0.355510E+00  0.787798E+07  0.787730E+07  0.204303E+02
  0.122531E-01  0.144526E+08  0.144362E+08 -0.167722E+04 -0.225807E+04  0.101025E+08  0.144228E+08  0.144501E+08  0.144222E+08 -0.344845E+00  0.764205E+07  0.764137E+07  0.186349E+02
  0.134144E-01  0.139797E+08  0.139611E+08 -0.139129E+04 -0.182279E+04  0.943884E+07  0.139483E+08  0.139768E+08  0.139479E+08 -0.333501E+00  0.739106E+07  0.739037E+07  0.170288E+02
  0.146857E-01  0.134777E+08  0.134567E+08 -0.856425E+03 -0.146662E+04  0.876489E+07  0.134449E+08  0.134745E+08  0.134446E+08 -0.321463E+00  0.712468E+07  0.712400E+07  0.155779E+02
  0.160775E-01  0.129463E+08  0.129225E+08 -0.890988E+03 -0.117578E+04  0.808698E+07  0.129121E+08  0.129426E+08  0.129118E+08 -0.308723E+00  0.684275E+07  0.684206E+07  0.142696E+02
  0.176012E-01  0.123854E+08  0.123588E+08 -0.676701E+03 -0.938827E+03  0.740990E+07  0.123501E+08  0.123813E+08  0.123499E+08 -0.295285E+00  0.654531E+07  0.654462E+07  0.130882E+02
  0.192693E-01  0.117960E+08  0.117662E+08 -0.418317E+03 -0.746302E+03  0.673963E+07  0.117597E+08  0.117914E+08  0.117595E+08 -0.281169E+00  0.623281E+07  0.623212E+07  0.120061E+02
  0.210955E-01  0.111798E+08  0.111466E+08 -0.447005E+03 -0.590373E+03  0.608060E+07  0.111426E+08  0.111746E+08  0.111425E+08 -0.266416E+00  0.590617E+07  0.590547E+07  0.110093E+02
  0.230948E-01  0.105397E+08  0.105031E+08 -0.343193E+03 -0.464562E+03  0.543940E+07  0.105020E+08  0.105340E+08  0.105019E+08 -0.251099E+00  0.556699E+07  0.556630E+07  0.100779E+02
  0.252835E-01  0.988052E+07  0.984066E+07 -0.295473E+03 -0.363515E+03  0.482282E+07  0.984261E+07  0.987434E+07  0.984253E+07 -0.235332E+00  0.521781E+07  0.521711E+07  0.919211E+01
  0.276797E-01  0.920906E+07  0.916624E+07 -0.175993E+03 -0.282808E+03  0.423698E+07  0.917122E+07  0.920242E+07  0.917116E+07 -0.219279E+00  0.486224E+07  0.486155E+07  0.833425E+01
  0.303030E-01  0.853454E+07  0.848939E+07 -0.186821E+03 -0.218773E+03  0.368865E+07  0.849714E+07  0.852754E+07  0.849709E+07 -0.203162E+00  0.450520E+07  0.450452E+07  0.748693E+01
  0.331749E-01  0.786870E+07  0.782214E+07 -0.137204E+03 -0.168368E+03  0.318345E+07  0.783209E+07  0.786148E+07  0.783205E+07 -0.187261E+00  0.415289E+07  0.415223E+07  0.663942E+01
  0.363190E-01  0.722533E+07  0.717861E+07 -0.123132E+03 -0.129052E+03  0.272670E+07  0.718987E+07  0.721809E+07  0.718984E+07 -0.171906E+00  0.381264E+07  0.381201E+07  0.578570E+01
  0.397610E-01  0.661923E+07  0.657391E+07 -0.666596E+02 -0.986900E+02  0.232170E+07  0.658525E+07  0.661221E+07  0.658523E+07 -0.157450E+00  0.349227E+07  0.349168E+07  0.492855E+01
  0.435292E-01  0.606418E+07  0.602199E+07 -0.627487E+02 -0.754765E+02  0.196980E+07  0.603196E+07  0.605764E+07  0.603194E+07 -0.144221E+00  0.319908E+07  0.319854E+07  0.408119E+01
  0.472125E-01  0.561791E+07  0.557994E+07 -0.403932E+02 -0.594670E+02  0.169812E+07  0.558743E+07  0.561202E+07  0.558742E+07 -0.133592E+00  0.296350E+07  0.296303E+07  0.334971E+01
  0.508957E-01  0.525153E+07  0.521845E+07  0.715586E+02 -0.478574E+02  0.148128E+07  0.522275E+07  0.524640E+07  0.522274E+07 -0.124873E+00  0.277023E+07  0.276982E+07  0.272006E+01
  0.545789E-01  0.494524E+07  0.491718E+07  0.585828E+02 -0.392074E+02  0.130498E+07  0.491805E+07  0.494089E+07  0.491804E+07 -0.117588E+00  0.260874E+07  0.260839E+07  0.219513E+01
  0.582622E-01  0.468503E+07  0.466165E+07  0.486950E+02 -0.326110E+02  0.115937E+07  0.465928E+07  0.468140E+07  0.465927E+07 -0.111401E+00  0.247159E+07  0.247128E+07  0.177456E+01
  0.619454E-01  0.445596E+07  0.443657E+07  0.409628E+02 -0.274490E+02  0.103631E+07  0.443149E+07  0.445295E+07  0.443148E+07 -0.105954E+00  0.235086E+07  0.235059E+07  0.145250E+01
  0.656287E-01  0.424480E+07  0.422846E+07  0.347581E+02 -0.233043E+02  0.929642E+06  0.422145E+07  0.424226E+07  0.422145E+07 -0.100933E+00  0.223952E+07  0.223928E+07  0.121852E+01
  0.693119E-01  0.404174E+07  0.402742E+07  0.296655E+02 -0.199003E+02  0.835118E+06  0.401939E+07  0.403952E+07  0.401938E+07 -0.961012E-01  0.213240E+07  0.213218E+07  0.105874E+01
  0.729952E-01  0.384130E+07  0.382799E+07  0.254150E+02 -0.170575E+02  0.750131E+06  0.381983E+07  0.383924E+07  0.381983E+07 -0.913300E-01  0.202660E+07  0.202639E+07  0.957369E+00
  0.766784E-01  0.364230E+07  0.362913E+07  0.218333E+02 -0.146606E+02  0.673319E+06  0.362162E+07  0.364026E+07  0.362162E+07 -0.865908E-01  0.192150E+07  0.192129E+07  0.898214E+00
  0.803616E-01  0.344573E+07  0.343206E+07  0.187998E+02 -0.126294E+02  0.603919E+06  0.342577E+07  0.344361E+07  0.342576E+07 -0.819081E-01  0.181764E+07  0.181743E+07  0.865804E+00
  0.840449E-01  0.325359E+07  0.323904E+07  0.162250E+02 -0.109044E+02  0.541435E+06  0.323431E+07  0.325133E+07  0.323430E+07 -0.773304E-01  0.171610E+07  0.171589E+07  0.846511E+00
  0.877281E-01  0.306903E+07  0.305352E+07  0.140424E+02 -0.944145E+01  0.485592E+06  0.305041E+07  0.306663E+07  0.305041E+07 -0.729336E-01  0.161857E+07  0.161836E+07  0.829485E+00
  0.914114E-01  0.289589E+07  0.287955E+07  0.122005E+02 -0.820621E+01  0.436225E+06  0.287792E+07  0.289336E+07  0.287792E+07 -0.688095E-01  0.152709E+07  0.152687E+07  0.807117E+00
  0.963266E-01  0.268851E+07  0.267157E+07  0.101970E+02 -0.686181E+01  0.380022E+06  0.267140E+07  0.268588E+07  0.267139E+07 -0.638715E-01  0.141754E+07  0.141732E+07  0.761849E+00
  0.101242E+00  0.251226E+07  0.249554E+07  0.862364E+01 -0.580540E+01  0.333929E+06  0.249600E+07  0.250967E+07  0.249600E+07 -0.596779E-01  0.132451E+07  0.132430E+07  0.697221E+00
  0.106157E+00  0.236740E+07  0.235171E+07  0.739012E+01 -0.497672E+01  0.296499E+06  0.235198E+07  0.236497E+07  0.235198E+07 -0.562344E-01  0.124811E+07  0.124791E+07  0.617729E+00
  0.111072E+00  0.225062E+07  0.223657E+07  0.641705E+01 -0.432270E+01  0.266089E+06  0.223599E+07  0.224844E+07  0.223599E+07 -0.534611E-01  0.118658E+07  0.118641E+07  0.531858E+00
  0.115988E+00  0.215558E+07  0.214347E+07  0.563611E+01 -0.379760E+01  0.241003E+06  0.214169E+07  0.215370E+07  0.214168E+07 -0.512064E-01  0.113656E+07  0.113640E+07  0.449059E+00
  0.120903E+00  0.207401E+07  0.206380E+07  0.499090E+01 -0.336363E+01  0.219637E+06  0.206078E+07  0.207242E+07  0.206078E+07 -0.492721E-01  0.109365E+07  0.109351E+07  0.377289E+00
  0.125818E+00  0.199781E+07  0.198918E+07  0.443924E+01 -0.299249E+01  0.200697E+06  0.198519E+07  0.199647E+07  0.198519E+07 -0.474648E-01  0.105355E+07  0.105342E+07  0.321521E+00
  0.130733E+00  0.192097E+07  0.191338E+07  0.395339E+01 -0.266556E+01  0.183317E+06  0.190888E+07  0.191979E+07  0.190888E+07 -0.456403E-01  0.101306E+07  0.101295E+07  0.283230E+00
  0.135649E+00  0.184029E+07  0.183317E+07  0.351753E+01 -0.237220E+01  0.167046E+06  0.182868E+07  0.183918E+07  0.182868E+07 -0.437226E-01  0.970513E+06  0.970407E+06  0.260697E+00
  0.140564E+00  0.175551E+07  0.174838E+07  0.312449E+01 -0.210761E+01  0.151760E+06  0.174434E+07  0.175440E+07  0.174433E+07 -0.417060E-01  0.925764E+06  0.925659E+06  0.249940E+00
  0.145479E+00  0.166875E+07  0.166127E+07  0.277228E+01 -0.187045E+01  0.137552E+06  0.165798E+07  0.166759E+07  0.165798E+07 -0.396412E-01  0.879944E+06  0.879837E+06  0.245934E+00
  0.150394E+00  0.158331E+07  0.157536E+07  0.246074E+01 -0.166062E+01  0.124582E+06  0.157292E+07  0.158207E+07  0.157292E+07 -0.376075E-01  0.834811E+06  0.834701E+06  0.243785E+00
  0.155310E+00  0.150268E+07  0.149433E+07  0.218955E+01 -0.147791E+01  0.112993E+06  0.149266E+07  0.150139E+07  0.149266E+07 -0.356887E-01  0.792228E+06  0.792117E+06  0.239654E+00
  0.160225E+00  0.142998E+07  0.142145E+07  0.195744E+01 -0.132148E+01  0.102867E+06  0.142033E+07  0.142866E+07  0.142033E+07 -0.339593E-01  0.753847E+06  0.753736E+06  0.231297E+00
  0.165140E+00  0.136719E+07  0.135877E+07  0.176155E+01 -0.118943E+01  0.941855E+05  0.135790E+07  0.136589E+07  0.135790E+07 -0.324665E-01  0.720716E+06  0.720608E+06  0.218156E+00
  0.170056E+00  0.131446E+07  0.130644E+07  0.159704E+01 -0.107849E+01  0.868049E+05  0.130551E+07  0.131322E+07  0.130551E+07 -0.312140E-01  0.692918E+06  0.692816E+06  0.201073E+00
  0.174971E+00  0.127032E+07  0.126292E+07  0.145791E+01 -0.984639E+00  0.804942E+05  0.126171E+07  0.126917E+07  0.126171E+07 -0.301666E-01  0.669674E+06  0.669578E+06  0.181804E+00
  0.179886E+00  0.123253E+07  0.122585E+07  0.133832E+01 -0.903956E+00  0.750050E+05  0.122423E+07  0.123149E+07  0.122423E+07 -0.292705E-01  0.649785E+06  0.649697E+06  0.162458E+00
  0.184801E+00  0.119852E+07  0.119255E+07  0.123313E+01 -0.832977E+00  0.701049E+05  0.119051E+07  0.119760E+07  0.119051E+07 -0.284644E-01  0.631895E+06  0.631814E+06  0.144958E+00
  0.189717E+00  0.116572E+07  0.116035E+07  0.113806E+01 -0.768825E+00  0.655920E+05  0.115798E+07  0.116489E+07  0.115798E+07 -0.276866E-01  0.614631E+06  0.614557E+06  0.130640E+00
  0.194632E+00  0.113204E+07  0.112709E+07  0.105006E+01 -0.709439E+00  0.613194E+05  0.112455E+07  0.113127E+07  0.112455E+07 -0.268873E-01  0.596891E+06  0.596821E+06  0.120077E+00
  0.199547E+00  0.109653E+07  0.109180E+07  0.967601E+00 -0.653791E+00  0.572200E+05  0.108927E+07  0.109580E+07  0.108927E+07 -0.260439E-01  0.578172E+06  0.578104E+06  0.113105E+00
  0.204462E+00  0.105936E+07  0.105467E+07  0.890335E+00 -0.601646E+00  0.532914E+05  0.105232E+07  0.105863E+07  0.105232E+07 -0.251603E-01  0.558559E+06  0.558492E+06  0.108982E+00
  0.209378E+00  0.102129E+07  0.101651E+07  0.818436E+00 -0.553119E+00  0.495606E+05  0.101445E+07  0.102055E+07  0.101445E+07 -0.242548E-01  0.538462E+06  0.538395E+06  0.106629E+00
  0.214293E+00  0.983402E+06  0.978496E+06  0.752261E+00 -0.508451E+00  0.460657E+05  0.976758E+06  0.982642E+06  0.976758E+06 -0.233537E-01  0.518460E+06  0.518392E+06  0.104901E+00
  0.219208E+00  0.947158E+06  0.942136E+06  0.692339E+00 -0.467998E+00  0.428548E+05  0.940703E+06  0.946379E+06  0.940703E+06 -0.224916E-01  0.499325E+06  0.499257E+06  0.102850E+00
  0.224123E+00  0.913515E+06  0.908449E+06  0.638728E+00 -0.431797E+00  0.399483E+05  0.907247E+06  0.912730E+06  0.907247E+06 -0.216917E-01  0.481569E+06  0.481502E+06  0.998410E-01
  0.229039E+00  0.883407E+06  0.878396E+06  0.591415E+00 -0.399844E+00  0.373605E+05  0.877319E+06  0.882630E+06  0.877319E+06 -0.209762E-01  0.465686E+06  0.465620E+06  0.956559E-01
  0.233954E+00  0.856986E+06  0.852134E+06  0.549857E+00 -0.371773E+00  0.350712E+05  0.851075E+06  0.856234E+06  0.851075E+06 -0.203487E-01  0.451757E+06  0.451694E+06  0.904220E-01
  0.238869E+00  0.833861E+06  0.829249E+06  0.513226E+00 -0.347025E+00  0.330402E+05  0.828119E+06  0.833146E+06  0.828119E+06 -0.197998E-01  0.439574E+06  0.439514E+06  0.845230E-01
  0.243784E+00  0.813247E+06  0.808921E+06  0.480565E+00 -0.324955E+00  0.312160E+05  0.807667E+06  0.812576E+06  0.807667E+06 -0.193108E-01  0.428720E+06  0.428662E+06  0.784682E-01
  0.248700E+00  0.794181E+06  0.790146E+06  0.450940E+00 -0.304936E+00  0.295463E+05  0.788756E+06  0.793556E+06  0.788756E+06 -0.188587E-01  0.418683E+06  0.418628E+06  0.727600E-01
  0.253615E+00  0.775776E+06  0.771998E+06  0.423588E+00 -0.286452E+00  0.279875E+05  0.770496E+06  0.775191E+06  0.770496E+06 -0.184221E-01  0.408992E+06  0.408940E+06  0.677892E-01
  0.258530E+00  0.757367E+06  0.753788E+06  0.397962E+00 -0.269135E+00  0.265088E+05  0.752224E+06  0.756812E+06  0.752224E+06 -0.179852E-01  0.399294E+06  0.399244E+06  0.637704E-01
  0.263445E+00  0.738537E+06  0.735087E+06  0.373716E+00 -0.252751E+00  0.250904E+05  0.733523E+06  0.738002E+06  0.733523E+06 -0.175381E-01  0.389368E+06  0.389320E+06  0.607241E-01
  0.268361E+00  0.719148E+06  0.715762E+06  0.350686E+00 -0.237188E+00  0.237241E+05  0.714258E+06  0.718623E+06  0.714258E+06 -0.170775E-01  0.379143E+06  0.379096E+06  0.585051E-01
  0.273276E+00  0.699397E+06  0.696025E+06  0.328881E+00 -0.222453E+00  0.224137E+05  0.694624E+06  0.698874E+06  0.694624E+06 -0.166080E-01  0.368722E+06  0.368676E+06  0.568624E-01
  0.278191E+00  0.679736E+06  0.676353E+06  0.308425E+00 -0.208628E+00  0.211706E+05  0.675077E+06  0.679211E+06  0.675077E+06 -0.161407E-01  0.358348E+06  0.358302E+06  0.555075E-01
  0.283107E+00  0.660675E+06  0.657280E+06  0.289442E+00 -0.195798E+00  0.200062E+05  0.656127E+06  0.660149E+06  0.656127E+06 -0.156876E-01  0.348290E+06  0.348244E+06  0.541754E-01
  0.288022E+00  0.642618E+06  0.639229E+06  0.271991E+00 -0.184003E+00  0.189273E+05  0.638178E+06  0.642093E+06  0.638178E+06 -0.152584E-01  0.338763E+06  0.338717E+06  0.526704E-01
  0.292937E+00  0.625826E+06  0.622474E+06  0.256061E+00 -0.173234E+00  0.179359E+05  0.621491E+06  0.625307E+06  0.621491E+06 -0.148595E-01  0.329906E+06  0.329861E+06  0.508932E-01
  0.297852E+00  0.610425E+06  0.607145E+06  0.241579E+00 -0.163443E+00  0.170296E+05  0.606192E+06  0.609917E+06  0.606192E+06 -0.144937E-01  0.321786E+06  0.321742E+06  0.488433E-01
  0.302768E+00  0.596369E+06  0.593192E+06  0.228414E+00 -0.154541E+00  0.162011E+05  0.592235E+06  0.595877E+06  0.592235E+06 -0.141600E-01  0.314378E+06  0.314335E+06  0.465986E-01
  0.307683E+00  0.583435E+06  0.580380E+06  0.216378E+00 -0.146402E+00  0.154397E+05  0.579396E+06  0.582961E+06  0.579396E+06 -0.138530E-01  0.307563E+06  0.307522E+06  0.442829E-01
  0.312598E+00  0.571294E+06  0.568367E+06  0.205266E+00 -0.138887E+00  0.147326E+05  0.567347E+06  0.570840E+06  0.567347E+06 -0.135649E-01  0.301167E+06  0.301128E+06  0.420314E-01
  0.317513E+00  0.559621E+06  0.556815E+06  0.194896E+00 -0.131874E+00  0.140683E+05  0.555761E+06  0.559186E+06  0.555761E+06 -0.132879E-01  0.295018E+06  0.294980E+06  0.399608E-01
  0.322429E+00  0.548155E+06  0.545452E+06  0.185127E+00 -0.125267E+00  0.134373E+05  0.544379E+06  0.547736E+06  0.544379E+06 -0.130158E-01  0.288976E+06  0.288940E+06  0.381479E-01
  0.327344E+00  0.536715E+06  0.534092E+06  0.175859E+00 -0.119000E+00  0.128336E+05  0.533020E+06  0.536309E+06  0.533020E+06 -0.127442E-01  0.282947E+06  0.282911E+06  0.366197E-01
  0.332259E+00  0.525215E+06  0.522647E+06  0.167035E+00 -0.113032E+00  0.122538E+05  0.521597E+06  0.524817E+06  0.521597E+06 -0.124711E-01  0.276884E+06  0.276849E+06  0.353549E-01
  0.337174E+00  0.513672E+06  0.511141E+06  0.158632E+00 -0.107349E+00  0.116970E+05  0.510129E+06  0.513280E+06  0.510129E+06 -0.121969E-01  0.270797E+06  0.270762E+06  0.342966E-01
  0.342090E+00  0.502204E+06  0.499695E+06  0.150662E+00 -0.101959E+00  0.111649E+05  0.498732E+06  0.501815E+06  0.498732E+06 -0.119244E-01  0.264748E+06  0.264714E+06  0.333697E-01
  0.347005E+00  0.490978E+06  0.488488E+06  0.143147E+00 -0.968764E-01  0.106599E+05  0.487577E+06  0.490592E+06  0.487577E+06 -0.116577E-01  0.258826E+06  0.258792E+06  0.324984E-01
  0.351920E+00  0.480153E+06  0.477685E+06  0.136104E+00 -0.921132E-01  0.101838E+05  0.476821E+06  0.479771E+06  0.476821E+06 -0.114005E-01  0.253117E+06  0.253084E+06  0.316201E-01
  0.356835E+00  0.469843E+06  0.467405E+06  0.129535E+00 -0.876697E-01  0.973723E+04  0.466576E+06  0.469465E+06  0.466576E+06 -0.111556E-01  0.247679E+06  0.247647E+06  0.306952E-01
  0.361751E+00  0.460098E+06  0.457701E+06  0.123423E+00 -0.835352E-01  0.931970E+04  0.456897E+06  0.459727E+06  0.456897E+06 -0.109241E-01  0.242542E+06  0.242510E+06  0.297103E-01
  0.366666E+00  0.450920E+06  0.448575E+06  0.117739E+00 -0.796897E-01  0.892975E+04  0.447782E+06  0.450557E+06  0.447782E+06 -0.107062E-01  0.237703E+06  0.237672E+06  0.286759E-01
  0.371581E+00  0.442260E+06  0.439974E+06  0.112442E+00 -0.761063E-01  0.856492E+04  0.439183E+06  0.441905E+06  0.439183E+06 -0.105006E-01  0.233139E+06  0.233108E+06  0.276200E-01
  0.376496E+00  0.434027E+06  0.431804E+06  0.107486E+00 -0.727534E-01  0.822200E+04  0.431009E+06  0.433682E+06  0.431009E+06 -0.103052E-01  0.228800E+06  0.228770E+06  0.265783E-01
  0.381412E+00  0.426109E+06  0.423949E+06  0.102823E+00 -0.695984E-01  0.789773E+04  0.423149E+06  0.425774E+06  0.423149E+06 -0.101172E-01  0.224628E+06  0.224599E+06  0.255853E-01
  0.386327E+00  0.418395E+06  0.416292E+06  0.984090E-01 -0.666116E-01  0.758914E+04  0.415490E+06  0.418069E+06  0.415490E+06 -0.993413E-02  0.220563E+06  0.220534E+06  0.246668E-01
  0.391242E+00  0.410799E+06  0.408746E+06  0.942096E-01 -0.637703E-01  0.729384E+04  0.407948E+06  0.410481E+06  0.407948E+06 -0.975380E-02  0.216559E+06  0.216531E+06  0.238366E-01
  0.396158E+00  0.403280E+06  0.401268E+06  0.902038E-01 -0.610600E-01  0.701051E+04  0.400481E+06  0.402969E+06  0.400481E+06 -0.957526E-02  0.212595E+06  0.212568E+06  0.230952E-01
  0.401073E+00  0.395836E+06  0.393858E+06  0.863810E-01 -0.584734E-01  0.673870E+04  0.393087E+06  0.395530E+06  0.393087E+06 -0.939848E-02  0.208671E+06  0.208644E+06  0.224317E-01
  0.405988E+00  0.388535E+06  0.386584E+06  0.827461E-01 -0.560139E-01  0.647904E+04  0.385834E+06  0.388233E+06  0.385834E+06 -0.922507E-02  0.204821E+06  0.204794E+06  0.218305E-01
  0.410903E+00  0.381318E+06  0.379391E+06  0.792766E-01 -0.536664E-01  0.622980E+04  0.378665E+06  0.381019E+06  0.378665E+06 -0.905365E-02  0.201015E+06  0.200989E+06  0.212636E-01
  0.415819E+00  0.374278E+06  0.372374E+06  0.759831E-01 -0.514379E-01  0.599204E+04  0.371671E+06  0.373983E+06  0.371671E+06 -0.888642E-02  0.197302E+06  0.197277E+06  0.207141E-01
  0.420734E+00  0.367462E+06  0.365583E+06  0.728656E-01 -0.493283E-01  0.576597E+04  0.364900E+06  0.367171E+06  0.364900E+06 -0.872454E-02  0.193709E+06  0.193683E+06  0.201672E-01
  0.425649E+00  0.360905E+06  0.359054E+06  0.699214E-01 -0.473360E-01  0.555175E+04  0.358387E+06  0.360618E+06  0.358387E+06 -0.856883E-02  0.190251E+06  0.190226E+06  0.196152E-01
  0.430564E+00  0.354617E+06  0.352797E+06  0.671430E-01 -0.454557E-01  0.534874E+04  0.352142E+06  0.354335E+06  0.352142E+06 -0.841951E-02  0.186936E+06  0.186912E+06  0.190568E-01
  0.435480E+00  0.348583E+06  0.346798E+06  0.645188E-01 -0.436798E-01  0.515643E+04  0.346151E+06  0.348307E+06  0.346151E+06 -0.827626E-02  0.183756E+06  0.183732E+06  0.184970E-01
  0.440395E+00  0.342777E+06  0.341027E+06  0.620356E-01 -0.419993E-01  0.497374E+04  0.340385E+06  0.342506E+06  0.340385E+06 -0.813841E-02  0.180696E+06  0.180672E+06  0.179438E-01
  0.445310E+00  0.337163E+06  0.335449E+06  0.596798E-01 -0.404048E-01  0.479979E+04  0.334811E+06  0.336897E+06  0.334811E+06 -0.800513E-02  0.177736E+06  0.177713E+06  0.174069E-01
  0.450225E+00  0.331702E+06  0.330023E+06  0.574381E-01 -0.388877E-01  0.463351E+04  0.329389E+06  0.331442E+06  0.329389E+06 -0.787549E-02  0.174858E+06  0.174836E+06  0.168946E-01
  0.455141E+00  0.326363E+06  0.324716E+06  0.552994E-01 -0.374401E-01  0.447429E+04  0.324087E+06  0.326108E+06  0.324087E+06 -0.774873E-02  0.172044E+06  0.172022E+06  0.164126E-01
  0.460056E+00  0.321121E+06  0.319503E+06  0.532545E-01 -0.360561E-01  0.432156E+04  0.318882E+06  0.320870E+06  0.318882E+06 -0.762427E-02  0.169281E+06  0.169259E+06  0.159628E-01
  0.464971E+00  0.315963E+06  0.314371E+06  0.512968E-01 -0.347311E-01  0.417467E+04  0.313759E+06  0.315716E+06  0.313759E+06 -0.750180E-02  0.166562E+06  0.166540E+06  0.155437E-01
  0.469886E+00  0.310888E+06  0.309320E+06  0.494221E-01 -0.334623E-01  0.403349E+04  0.308719E+06  0.310645E+06  0.308719E+06 -0.738128E-02  0.163886E+06  0.163865E+06  0.151511E-01
  0.474802E+00  0.305907E+06  0.304360E+06  0.476282E-01 -0.322481E-01  0.389778E+04  0.303771E+06  0.305667E+06  0.303771E+06 -0.726299E-02  0.161260E+06  0.161239E+06  0.147794E-01
  0.479717E+00  0.301034E+06  0.299508E+06  0.459136E-01 -0.310875E-01  0.376769E+04  0.298931E+06  0.300797E+06  0.298931E+06 -0.714727E-02  0.158691E+06  0.158670E+06  0.144224E-01
  0.484632E+00  0.296282E+06  0.294776E+06  0.442764E-01 -0.299794E-01  0.364298E+04  0.294211E+06  0.296048E+06  0.294211E+06 -0.703442E-02  0.156185E+06  0.156165E+06  0.140748E-01
  0.489547E+00  0.291658E+06  0.290174E+06  0.427143E-01 -0.289221E-01  0.352367E+04  0.289619E+06  0.291428E+06  0.289619E+06 -0.692462E-02  0.153747E+06  0.153727E+06  0.137330E-01
  0.494463E+00  0.287169E+06  0.285706E+06  0.412247E-01 -0.279137E-01  0.340957E+04  0.285161E+06  0.286942E+06  0.285161E+06 -0.681803E-02  0.151381E+06  0.151361E+06  0.133951E-01
  0.499378E+00  0.282816E+06  0.281376E+06  0.398043E-01 -0.269523E-01  0.330041E+04  0.280838E+06  0.282593E+06  0.280838E+06 -0.671468E-02  0.149086E+06  0.149067E+06  0.130614E-01
  0.504293E+00  0.278595E+06  0.277177E+06  0.384494E-01 -0.260351E-01  0.319593E+04  0.276646E+06  0.278375E+06  0.276646E+06 -0.661444E-02  0.146861E+06  0.146841E+06  0.127333E-01
  0.509208E+00  0.274490E+06  0.273095E+06  0.371549E-01 -0.251588E-01  0.309576E+04  0.272570E+06  0.274273E+06  0.272570E+06 -0.651698E-02  0.144697E+06  0.144678E+06  0.124131E-01
  0.514124E+00  0.270486E+06  0.269114E+06  0.359162E-01 -0.243203E-01  0.299975E+04  0.268594E+06  0.270274E+06  0.268594E+06 -0.642193E-02  0.142587E+06  0.142568E+06  0.121029E-01
  0.519039E+00  0.266573E+06  0.265223E+06  0.347292E-01 -0.235168E-01  0.290741E+04  0.264709E+06  0.266364E+06  0.264709E+06 -0.632903E-02  0.140524E+06  0.140506E+06  0.118049E-01
  0.523954E+00  0.262742E+06  0.261412E+06  0.335908E-01 -0.227461E-01  0.281862E+04  0.260904E+06  0.262536E+06  0.260904E+06 -0.623806E-02  0.138504E+06  0.138486E+06  0.115200E-01
  0.528870E+00  0.258986E+06  0.257676E+06  0.324978E-01 -0.220062E-01  0.273309E+04  0.257174E+06  0.258782E+06  0.257174E+06 -0.614887E-02  0.136524E+06  0.136506E+06  0.112484E-01
  0.533785E+00  0.255299E+06  0.254008E+06  0.314479E-01 -0.212954E-01  0.265067E+04  0.253513E+06  0.255099E+06  0.253513E+06 -0.606134E-02  0.134581E+06  0.134563E+06  0.109892E-01
  0.538700E+00  0.251680E+06  0.250406E+06  0.304387E-01 -0.206122E-01  0.257119E+04  0.249919E+06  0.251483E+06  0.249919E+06 -0.597541E-02  0.132673E+06  0.132656E+06  0.107411E-01
  0.543615E+00  0.248131E+06  0.246874E+06  0.294691E-01 -0.199558E-01  0.249459E+04  0.246394E+06  0.247936E+06  0.246394E+06 -0.589114E-02  0.130802E+06  0.130785E+06  0.105021E-01
  0.548531E+00  0.244657E+06  0.243417E+06  0.285381E-01 -0.193255E-01  0.242094E+04  0.242944E+06  0.244465E+06  0.242944E+06 -0.580866E-02  0.128971E+06  0.128954E+06  0.102706E-01
  0.553446E+00  0.241263E+06  0.240038E+06  0.276443E-01 -0.187204E-01  0.235002E+04  0.239573E+06  0.241073E+06  0.239573E+06 -0.572806E-02  0.127181E+06  0.127164E+06  0.100452E-01
  0.558361E+00  0.237948E+06  0.236739E+06  0.267864E-01 -0.181396E-01  0.228178E+04  0.236281E+06  0.237760E+06  0.236281E+06 -0.564934E-02  0.125433E+06  0.125417E+06  0.982485E-02
  0.563276E+00  0.234710E+06  0.233518E+06  0.259627E-01 -0.175820E-01  0.221601E+04  0.233065E+06  0.234525E+06  0.233065E+06 -0.557246E-02  0.123726E+06  0.123710E+06  0.960899E-02
  0.568192E+00  0.231548E+06  0.230372E+06  0.251717E-01 -0.170464E-01  0.215274E+04  0.229925E+06  0.231365E+06  0.229925E+06 -0.549738E-02  0.122060E+06  0.122044E+06  0.939767E-02
  0.573107E+00  0.228460E+06  0.227301E+06  0.244118E-01 -0.165319E-01  0.209179E+04  0.226860E+06  0.228281E+06  0.226860E+06 -0.542408E-02  0.120432E+06  0.120416E+06  0.919130E-02
  0.578022E+00  0.225444E+06  0.224300E+06  0.236814E-01 -0.160374E-01  0.203309E+04  0.223864E+06  0.225266E+06  0.223864E+06 -0.535245E-02  0.118842E+06  0.118826E+06  0.899041E-02
  0.582937E+00  0.222491E+06  0.221363E+06  0.229788E-01 -0.155617E-01  0.197652E+04  0.220932E+06  0.222316E+06  0.220932E+06 -0.528236E-02  0.117285E+06  0.117270E+06  0.879548E-02
  0.587853E+00  0.219598E+06  0.218485E+06  0.223021E-01 -0.151036E-01  0.192189E+04  0.218059E+06  0.219425E+06  0.218059E+06 -0.521365E-02  0.115760E+06  0.115745E+06  0.860686E-02
  0.592768E+00  0.216760E+06  0.215661E+06  0.216503E-01 -0.146622E-01  0.186913E+04  0.215240E+06  0.216589E+06  0.215240E+06 -0.514627E-02  0.114264E+06  0.114249E+06  0.842468E-02
  0.597683E+00  0.213976E+06  0.212892E+06  0.210221E-01 -0.142369E-01  0.181809E+04  0.212476E+06  0.213808E+06  0.212476E+06 -0.508018E-02  0.112797E+06  0.112782E+06  0.824887E-02
  0.602598E+00  0.211245E+06  0.210175E+06  0.204166E-01 -0.138269E-01  0.176886E+04  0.209764E+06  0.211079E+06  0.209764E+06 -0.501534E-02  0.111357E+06  0.111342E+06  0.807907E-02
  0.607514E+00  0.208565E+06  0.207509E+06  0.198327E-01 -0.134315E-01  0.172127E+04  0.207103E+06  0.208402E+06  0.207103E+06 -0.495171E-02  0.109944E+06  0.109930E+06  0.791474E-02
  0.612429E+00  0.205935E+06  0.204891E+06  0.192694E-01 -0.130501E-01  0.167527E+04  0.204491E+06  0.205773E+06  0.204491E+06 -0.488926E-02  0.108558E+06  0.108543E+06  0.775528E-02
  0.617344E+00  0.203355E+06  0.202324E+06  0.187261E-01 -0.126823E-01  0.163079E+04  0.201929E+06  0.203195E+06  0.201929E+06 -0.482800E-02  0.107198E+06  0.107183E+06  0.760018E-02
  0.622259E+00  0.200827E+06  0.199808E+06  0.182023E-01 -0.123276E-01  0.158779E+04  0.199418E+06  0.200669E+06  0.199418E+06 -0.476797E-02  0.105865E+06  0.105851E+06  0.744901E-02
  0.627175E+00  0.198351E+06  0.197345E+06  0.176971E-01 -0.119855E-01  0.154626E+04  0.196959E+06  0.198195E+06  0.196959E+06 -0.470918E-02  0.104560E+06  0.104546E+06  0.730147E-02
  0.632090E+00  0.195925E+06  0.194931E+06  0.172098E-01 -0.116556E-01  0.150607E+04  0.194550E+06  0.195771E+06  0.194550E+06 -0.465158E-02  0.103281E+06  0.103267E+06  0.715738E-02
  0.637005E+00  0.193546E+06  0.192564E+06  0.167395E-01 -0.113371E-01  0.146727E+04  0.192188E+06  0.193394E+06  0.192188E+06 -0.459511E-02  0.102027E+06  0.102013E+06  0.701665E-02
  0.641921E+00  0.191214E+06  0.190245E+06  0.162855E-01 -0.110297E-01  0.142972E+04  0.189873E+06  0.191064E+06  0.189873E+06 -0.453974E-02  0.100798E+06  0.100784E+06  0.687935E-02
  0.646836E+00  0.188929E+06  0.187971E+06  0.158472E-01 -0.107329E-01  0.139340E+04  0.187603E+06  0.188780E+06  0.187603E+06 -0.448548E-02  0.995928E+05  0.995797E+05  0.674560E-02
  0.651751E+00  0.186688E+06  0.185742E+06  0.154239E-01 -0.104463E-01  0.135821E+04  0.185378E+06  0.186542E+06  0.185378E+06 -0.443228E-02  0.984116E+05  0.983987E+05  0.661547E-02
  0.656666E+00  0.184489E+06  0.183554E+06  0.150148E-01 -0.101693E-01  0.132416E+04  0.183194E+06  0.184344E+06  0.183194E+06 -0.438007E-02  0.972523E+05  0.972395E+05  0.648895E-02
  0.661582E+00  0.182328E+06  0.181404E+06  0.146193E-01 -0.990142E-02  0.129119E+04  0.181049E+06  0.182185E+06  0.181049E+06 -0.432877E-02  0.961133E+05  0.961007E+05  0.636598E-02
  0.666497E+00  0.180206E+06  0.179292E+06  0.142367E-01 -0.964236E-02  0.125923E+04  0.178941E+06  0.180064E+06  0.178941E+06 -0.427837E-02  0.949942E+05  0.949818E+05  0.624647E-02
  0.671412E+00  0.178121E+06  0.177218E+06  0.138667E-01 -0.939179E-02  0.122828E+04  0.176870E+06  0.177981E+06  0.176870E+06 -0.422887E-02  0.938952E+05  0.938829E+05  0.613029E-02
  0.676327E+00  0.176074E+06  0.175181E+06  0.135088E-01 -0.914942E-02  0.119826E+04  0.174837E+06  0.175935E+06  0.174837E+06 -0.418026E-02  0.928160E+05  0.928038E+05  0.601725E-02
  0.681243E+00  0.174063E+06  0.173180E+06  0.131624E-01 -0.891489E-02  0.116918E+04  0.172840E+06  0.173926E+06  0.172840E+06 -0.413251E-02  0.917559E+05  0.917438E+05  0.590713E-02
  0.686158E+00  0.172086E+06  0.171214E+06  0.128272E-01 -0.868788E-02  0.114093E+04  0.170878E+06  0.171951E+06  0.170878E+06 -0.408559E-02  0.907141E+05  0.907022E+05  0.579973E-02
  0.691073E+00  0.170145E+06  0.169282E+06  0.125027E-01 -0.846813E-02  0.111358E+04  0.168950E+06  0.170011E+06  0.168950E+06 -0.403949E-02  0.896906E+05  0.896788E+05  0.569490E-02
  0.695988E+00  0.168239E+06  0.167386E+06  0.121886E-01 -0.825542E-02  0.108708E+04  0.167057E+06  0.168106E+06  0.167057E+06 -0.399424E-02  0.886858E+05  0.886741E+05  0.559253E-02
  0.740528E+00  0.152419E+06  0.151646E+06  0.975391E-02 -0.660665E-02  0.879828E+03  0.151348E+06  0.152299E+06  0.151348E+06 -0.361863E-02  0.803463E+05  0.803357E+05  0.476905E-02
  0.787919E+00  0.138015E+06  0.137315E+06  0.780152E-02 -0.528442E-02  0.711256E+03  0.137044E+06  0.137906E+06  0.137044E+06 -0.327665E-02  0.727532E+05  0.727436E+05  0.406678E-02
  0.838342E+00  0.124913E+06  0.124280E+06  0.623699E-02 -0.422480E-02  0.574332E+03  0.124034E+06  0.124815E+06  0.124034E+06 -0.296558E-02  0.658466E+05  0.658379E+05  0.346708E-02
  0.891992E+00  0.113003E+06  0.112430E+06  0.498394E-02 -0.337611E-02  0.463275E+03  0.112208E+06  0.112914E+06  0.112208E+06 -0.268282E-02  0.595683E+05  0.595604E+05  0.295529E-02
  0.949075E+00  0.102184E+06  0.101666E+06  0.398092E-02 -0.269673E-02  0.373322E+03  0.101465E+06  0.102104E+06  0.101465E+06 -0.242597E-02  0.538654E+05  0.538582E+05  0.251884E-02
  0.990988E+00  0.952409E+05  0.947582E+05  0.340317E-02 -0.230539E-02  0.320999E+03  0.945702E+05  0.951661E+05  0.945702E+05 -0.226112E-02  0.502052E+05  0.501985E+05  0.225344E-02
  0.121284E+01  0.683624E+05  0.680158E+05  0.163077E-02 -0.110479E-02  0.157510E+03  0.678805E+05  0.683086E+05  0.678805E+05 -0.162298E-02  0.360363E+05  0.360315E+05  0.133944E-02
  0.148436E+01  0.488707E+05  0.486228E+05  0.778287E-03 -0.527290E-03  0.765986E+02  0.485259E+05  0.488322E+05  0.485259E+05 -0.116023E-02  0.257615E+05  0.257579E+05  0.798140E-03
  0.181667E+01  0.348055E+05  0.346289E+05  0.370051E-03 -0.250714E-03  0.504609E+02  0.345599E+05  0.347781E+05  0.345599E+05 -0.826308E-03  0.183472E+05  0.183446E+05  0.478255E-03
  0.222338E+01  0.247058E+05  0.245802E+05  0.175359E-03 -0.118813E-03  0.243379E+02  0.245314E+05  0.246863E+05  0.245314E+05 -0.586530E-03  0.130233E+05  0.130213E+05  0.289399E-03
