  0.955495E-05  0.198466E+08  0.198466E+08  0.264507E+08  0.264504E+08  0.198478E+08  0.198466E+08  0.198466E+08  0.199744E+08 -0.472254E+00  0.105294E+08  0.105294E+08  0.546783E+01
  0.104609E-04  0.198466E+08  0.198466E+08  0.264485E+08  0.264481E+08  0.198478E+08  0.198466E+08  0.198466E+08  0.199744E+08 -0.472254E+00  0.105294E+08  0.105294E+08  0.598613E+01
  0.114528E-04  0.198466E+08  0.198466E+08  0.264457E+08  0.264453E+08  0.198478E+08  0.198466E+08  0.198466E+08  0.199744E+08 -0.472254E+00  0.105294E+08  0.105294E+08  0.655353E+01
  0.125387E-04  0.198466E+08  0.198466E+08  0.264425E+08  0.264419E+08  0.198477E+08  0.198466E+08  0.198466E+08  0.199744E+08 -0.472254E+00  0.105294E+08  0.105294E+08  0.717468E+01
  0.137275E-04  0.198466E+08  0.198466E+08  0.264386E+08  0.264379E+08  0.198477E+08  0.198466E+08  0.198466E+08  0.199744E+08 -0.472253E+00  0.105294E+08  0.105294E+08  0.785465E+01
  0.150291E-04  0.198465E+08  0.198465E+08  0.264339E+08  0.264331E+08  0.198477E+08  0.198466E+08  0.198465E+08  0.199744E+08 -0.472253E+00  0.105294E+08  0.105294E+08  0.859900E+01
  0.164541E-04  0.198465E+08  0.198465E+08  0.264283E+08  0.264273E+08  0.198477E+08  0.198465E+08  0.198465E+08  0.199744E+08 -0.472253E+00  0.105294E+08  0.105294E+08  0.941380E+01
  0.180142E-04  0.198465E+08  0.198465E+08  0.264216E+08  0.264204E+08  0.198477E+08  0.198465E+08  0.198465E+08  0.199744E+08 -0.472253E+00  0.105294E+08  0.105294E+08  0.103057E+02
  0.197222E-04  0.198465E+08  0.198465E+08  0.264136E+08  0.264121E+08  0.198477E+08  0.198465E+08  0.198465E+08  0.199744E+08 -0.472253E+00  0.105294E+08  0.105294E+08  0.112819E+02
  0.215922E-04  0.198465E+08  0.198465E+08  0.264039E+08  0.264022E+08  0.198476E+08  0.198465E+08  0.198465E+08  0.199743E+08 -0.472253E+00  0.105294E+08  0.105294E+08  0.123505E+02
  0.236394E-04  0.198465E+08  0.198465E+08  0.263924E+08  0.263903E+08  0.198476E+08  0.198465E+08  0.198465E+08  0.199743E+08 -0.472253E+00  0.105294E+08  0.105294E+08  0.135199E+02
  0.258808E-04  0.198465E+08  0.198465E+08  0.263786E+08  0.263761E+08  0.198475E+08  0.198465E+08  0.198465E+08  0.199743E+08 -0.472253E+00  0.105294E+08  0.105294E+08  0.147998E+02
  0.283347E-04  0.198464E+08  0.198464E+08  0.263620E+08  0.263591E+08  0.198475E+08  0.198464E+08  0.198464E+08  0.199742E+08 -0.472252E+00  0.105294E+08  0.105294E+08  0.162004E+02
  0.310213E-04  0.198464E+08  0.198464E+08  0.263422E+08  0.263386E+08  0.198474E+08  0.198464E+08  0.198464E+08  0.199742E+08 -0.472252E+00  0.105294E+08  0.105293E+08  0.177330E+02
  0.339626E-04  0.198464E+08  0.198464E+08  0.263184E+08  0.263142E+08  0.198474E+08  0.198464E+08  0.198464E+08  0.199741E+08 -0.472252E+00  0.105293E+08  0.105293E+08  0.194099E+02
  0.371828E-04  0.198463E+08  0.198463E+08  0.262900E+08  0.262849E+08  0.198473E+08  0.198463E+08  0.198463E+08  0.199741E+08 -0.472251E+00  0.105293E+08  0.105293E+08  0.212442E+02
  0.407083E-04  0.198463E+08  0.198463E+08  0.262559E+08  0.262498E+08  0.198472E+08  0.198463E+08  0.198463E+08  0.199740E+08 -0.472251E+00  0.105293E+08  0.105293E+08  0.232507E+02
  0.445680E-04  0.198462E+08  0.198462E+08  0.262151E+08  0.262078E+08  0.198470E+08  0.198462E+08  0.198462E+08  0.199739E+08 -0.472250E+00  0.105293E+08  0.105292E+08  0.254450E+02
  0.487938E-04  0.198462E+08  0.198461E+08  0.261663E+08  0.261576E+08  0.198469E+08  0.198462E+08  0.198462E+08  0.199738E+08 -0.472249E+00  0.105292E+08  0.105292E+08  0.278441E+02
  0.534202E-04  0.198461E+08  0.198461E+08  0.261079E+08  0.260975E+08  0.198467E+08  0.198461E+08  0.198461E+08  0.199736E+08 -0.472248E+00  0.105292E+08  0.105292E+08  0.304665E+02
  0.584852E-04  0.198460E+08  0.198459E+08  0.260381E+08  0.260256E+08  0.198465E+08  0.198460E+08  0.198460E+08  0.199734E+08 -0.472247E+00  0.105291E+08  0.105291E+08  0.333321E+02
  0.640305E-04  0.198458E+08  0.198458E+08  0.259546E+08  0.259397E+08  0.198462E+08  0.198458E+08  0.198458E+08  0.199732E+08 -0.472246E+00  0.105290E+08  0.105290E+08  0.364622E+02
  0.701016E-04  0.198457E+08  0.198457E+08  0.258548E+08  0.258370E+08  0.198459E+08  0.198457E+08  0.198457E+08  0.199730E+08 -0.472244E+00  0.105290E+08  0.105290E+08  0.398797E+02
  0.767483E-04  0.198455E+08  0.198455E+08  0.257358E+08  0.257145E+08  0.198456E+08  0.198455E+08  0.198455E+08  0.199727E+08 -0.472243E+00  0.105289E+08  0.105289E+08  0.436088E+02
  0.840253E-04  0.198453E+08  0.198453E+08  0.255937E+08  0.255683E+08  0.198451E+08  0.198453E+08  0.198453E+08  0.199724E+08 -0.472240E+00  0.105288E+08  0.105288E+08  0.476755E+02
  0.919921E-04  0.198450E+08  0.198450E+08  0.254244E+08  0.253941E+08  0.198446E+08  0.198450E+08  0.198450E+08  0.199720E+08 -0.472238E+00  0.105286E+08  0.105286E+08  0.521066E+02
  0.100714E-03  0.198447E+08  0.198447E+08  0.252228E+08  0.251868E+08  0.198440E+08  0.198447E+08  0.198447E+08  0.199715E+08 -0.472234E+00  0.105285E+08  0.105285E+08  0.569304E+02
  0.110264E-03  0.198444E+08  0.198443E+08  0.249830E+08  0.249402E+08  0.198432E+08  0.198444E+08  0.198444E+08  0.199709E+08 -0.472231E+00  0.105283E+08  0.105283E+08  0.621755E+02
  0.120718E-03  0.198439E+08  0.198438E+08  0.246985E+08  0.246477E+08  0.198423E+08  0.198439E+08  0.198439E+08  0.199702E+08 -0.472226E+00  0.105280E+08  0.105280E+08  0.678711E+02
  0.132164E-03  0.198434E+08  0.198433E+08  0.243614E+08  0.243011E+08  0.198412E+08  0.198434E+08  0.198434E+08  0.199693E+08 -0.472221E+00  0.105278E+08  0.105277E+08  0.740456E+02
  0.144696E-03  0.198428E+08  0.198427E+08  0.239629E+08  0.238916E+08  0.198399E+08  0.198427E+08  0.198428E+08  0.199683E+08 -0.472214E+00  0.105274E+08  0.105274E+08  0.807261E+02
  0.158415E-03  0.198420E+08  0.198419E+08  0.234931E+08  0.234091E+08  0.198383E+08  0.198420E+08  0.198420E+08  0.199671E+08 -0.472206E+00  0.105270E+08  0.105270E+08  0.879368E+02
  0.173435E-03  0.198411E+08  0.198409E+08  0.229413E+08  0.228426E+08  0.198364E+08  0.198411E+08  0.198411E+08  0.199656E+08 -0.472196E+00  0.105266E+08  0.105265E+08  0.956974E+02
  0.189879E-03  0.198400E+08  0.198398E+08  0.222957E+08  0.221802E+08  0.198342E+08  0.198400E+08  0.198400E+08  0.199639E+08 -0.472185E+00  0.105260E+08  0.105259E+08  0.104021E+03
  0.207883E-03  0.198387E+08  0.198385E+08  0.215441E+08  0.214094E+08  0.198315E+08  0.198387E+08  0.198387E+08  0.199618E+08 -0.472171E+00  0.105253E+08  0.105252E+08  0.112911E+03
  0.227593E-03  0.198372E+08  0.198369E+08  0.206741E+08  0.205181E+08  0.198283E+08  0.198371E+08  0.198372E+08  0.199594E+08 -0.472154E+00  0.105245E+08  0.105244E+08  0.122358E+03
  0.249173E-03  0.198354E+08  0.198350E+08  0.196744E+08  0.194950E+08  0.198244E+08  0.198352E+08  0.198353E+08  0.199565E+08 -0.472134E+00  0.105235E+08  0.105234E+08  0.132335E+03
  0.272798E-03  0.198332E+08  0.198327E+08  0.185355E+08  0.183309E+08  0.198198E+08  0.198330E+08  0.198331E+08  0.199530E+08 -0.472110E+00  0.105224E+08  0.105222E+08  0.142792E+03
  0.298664E-03  0.198305E+08  0.198300E+08  0.172516E+08  0.170206E+08  0.198143E+08  0.198304E+08  0.198305E+08  0.199489E+08 -0.472080E+00  0.105210E+08  0.105208E+08  0.153654E+03
  0.326982E-03  0.198274E+08  0.198268E+08  0.158227E+08  0.155653E+08  0.198077E+08  0.198272E+08  0.198273E+08  0.199440E+08 -0.472045E+00  0.105193E+08  0.105191E+08  0.164807E+03
  0.357984E-03  0.198237E+08  0.198230E+08  0.142572E+08  0.139747E+08  0.197999E+08  0.198234E+08  0.198236E+08  0.199383E+08 -0.472002E+00  0.105173E+08  0.105171E+08  0.176102E+03
  0.391927E-03  0.198192E+08  0.198184E+08  0.125746E+08  0.122705E+08  0.197905E+08  0.198189E+08  0.198191E+08  0.199315E+08 -0.471949E+00  0.105150E+08  0.105147E+08  0.187339E+03
  0.429088E-03  0.198140E+08  0.198130E+08  0.108087E+08  0.104890E+08  0.197794E+08  0.198136E+08  0.198138E+08  0.199235E+08 -0.471885E+00  0.105121E+08  0.105119E+08  0.198274E+03
  0.469772E-03  0.198077E+08  0.198066E+08  0.900933E+07  0.868306E+07  0.197661E+08  0.198073E+08  0.198075E+08  0.199142E+08 -0.471807E+00  0.105088E+08  0.105085E+08  0.208611E+03
  0.514313E-03  0.198003E+08  0.197990E+08  0.724240E+07  0.692189E+07  0.197503E+08  0.197998E+08  0.198001E+08  0.199033E+08 -0.471712E+00  0.105048E+08  0.105045E+08  0.218011E+03
  0.563078E-03  0.197916E+08  0.197900E+08  0.558690E+07  0.528721E+07  0.197315E+08  0.197910E+08  0.197913E+08  0.198905E+08 -0.471594E+00  0.105001E+08  0.104997E+08  0.226107E+03
  0.616466E-03  0.197812E+08  0.197795E+08  0.412661E+07  0.386430E+07  0.197092E+08  0.197805E+08  0.197810E+08  0.198758E+08 -0.471448E+00  0.104945E+08  0.104941E+08  0.232523E+03
  0.674917E-03  0.197691E+08  0.197671E+08  0.293613E+07  0.272689E+07  0.196828E+08  0.197682E+08  0.197687E+08  0.198587E+08 -0.471267E+00  0.104880E+08  0.104875E+08  0.236907E+03
  0.738909E-03  0.197547E+08  0.197525E+08  0.206204E+07  0.191722E+07  0.196515E+08  0.197538E+08  0.197544E+08  0.198390E+08 -0.471043E+00  0.104802E+08  0.104797E+08  0.238970E+03
  0.808969E-03  0.197380E+08  0.197354E+08  0.150351E+07  0.142621E+07  0.196146E+08  0.197368E+08  0.197376E+08  0.198164E+08 -0.470764E+00  0.104711E+08  0.104705E+08  0.238520E+03
  0.885672E-03  0.197183E+08  0.197155E+08  0.120119E+07  0.118310E+07  0.195711E+08  0.197170E+08  0.197179E+08  0.197905E+08 -0.470418E+00  0.104604E+08  0.104598E+08  0.235492E+03
  0.969647E-03  0.196954E+08  0.196923E+08  0.104608E+07  0.106729E+07  0.195200E+08  0.196938E+08  0.196949E+08  0.197610E+08 -0.469990E+00  0.104480E+08  0.104473E+08  0.229947E+03
  0.106159E-02  0.196687E+08  0.196653E+08  0.916217E+06  0.949751E+06  0.194600E+08  0.196668E+08  0.196681E+08  0.197275E+08 -0.469463E+00  0.104335E+08  0.104327E+08  0.222052E+03
  0.116224E-02  0.196376E+08  0.196340E+08  0.733610E+06  0.754784E+06  0.193897E+08  0.196355E+08  0.196371E+08  0.196896E+08 -0.468822E+00  0.104166E+08  0.104159E+08  0.212038E+03
  0.127244E-02  0.196017E+08  0.195978E+08  0.508267E+06  0.505167E+06  0.193078E+08  0.195992E+08  0.196011E+08  0.196469E+08 -0.468050E+00  0.103971E+08  0.103964E+08  0.200168E+03
  0.139308E-02  0.195601E+08  0.195561E+08  0.322200E+06  0.300249E+06  0.192129E+08  0.195573E+08  0.195595E+08  0.195990E+08 -0.467131E+00  0.103747E+08  0.103739E+08  0.186753E+03
  0.152517E-02  0.195124E+08  0.195082E+08  0.240247E+06  0.215556E+06  0.191034E+08  0.195092E+08  0.195117E+08  0.195453E+08 -0.466051E+00  0.103489E+08  0.103481E+08  0.172200E+03
  0.166978E-02  0.194576E+08  0.194534E+08  0.224214E+06  0.209648E+06  0.189777E+08  0.194539E+08  0.194570E+08  0.194850E+08 -0.464793E+00  0.103194E+08  0.103186E+08  0.157064E+03
  0.182810E-02  0.193951E+08  0.193908E+08  0.175676E+06 -0.133656E+06  0.188342E+08  0.193909E+08  0.193944E+08  0.194175E+08 -0.463339E+00  0.102858E+08  0.102851E+08  0.141994E+03
  0.200143E-02  0.193240E+08  0.193197E+08  0.874155E+05 -0.111586E+06  0.186715E+08  0.193192E+08  0.193233E+08  0.193419E+08 -0.461671E+00  0.102477E+08  0.102469E+08  0.127612E+03
  0.219120E-02  0.192434E+08  0.192391E+08  0.530037E+05 -0.930591E+05  0.184881E+08  0.192380E+08  0.192427E+08  0.192572E+08 -0.459767E+00  0.102044E+08  0.102037E+08  0.114424E+03
  0.239896E-02  0.191524E+08  0.191481E+08  0.667332E+05 -0.775247E+05  0.182830E+08  0.191463E+08  0.191517E+08  0.191625E+08 -0.457608E+00  0.101557E+08  0.101550E+08  0.102810E+03
  0.262642E-02  0.190500E+08  0.190457E+08  0.375380E+05 -0.645134E+05  0.180552E+08  0.190431E+08  0.190493E+08  0.190568E+08 -0.455169E+00  0.101009E+08  0.101002E+08  0.929452E+02
  0.287544E-02  0.189353E+08  0.189308E+08  0.167407E+05 -0.536277E+05  0.178041E+08  0.189275E+08  0.189346E+08  0.189389E+08 -0.452428E+00  0.100396E+08  0.100389E+08  0.846668E+02
  0.314808E-02  0.188072E+08  0.188025E+08  0.223891E+05 -0.445300E+05  0.175293E+08  0.187984E+08  0.188064E+08  0.188080E+08 -0.449362E+00  0.997113E+07  0.997039E+07  0.775578E+02
  0.344656E-02  0.186646E+08  0.186598E+08  0.276701E+04 -0.369344E+05  0.172305E+08  0.186549E+08  0.186639E+08  0.186629E+08 -0.445947E+00  0.989502E+07  0.989429E+07  0.711096E+02
  0.377335E-02  0.185067E+08  0.185016E+08  0.395001E+04 -0.305994E+05  0.169075E+08  0.184959E+08  0.185059E+08  0.185025E+08 -0.442159E+00  0.981074E+07  0.981001E+07  0.649080E+02
  0.413112E-02  0.183323E+08  0.183270E+08 -0.463179E+04 -0.253211E+05  0.165596E+08  0.183204E+08  0.183315E+08  0.183259E+08 -0.437974E+00  0.971775E+07  0.971702E+07  0.588693E+02
  0.452282E-02  0.181406E+08  0.181349E+08  0.314712E+04 -0.209275E+05  0.161859E+08  0.181274E+08  0.181397E+08  0.181320E+08 -0.433370E+00  0.961550E+07  0.961478E+07  0.532077E+02
  0.495165E-02  0.179303E+08  0.179243E+08  0.114164E+04 -0.172741E+05  0.157849E+08  0.179159E+08  0.179294E+08  0.179197E+08 -0.428321E+00  0.950346E+07  0.950275E+07  0.482037E+02
  0.542114E-02  0.177006E+08  0.176942E+08 -0.407987E+04 -0.142391E+05  0.153547E+08  0.176849E+08  0.176996E+08  0.176880E+08 -0.422805E+00  0.938110E+07  0.938038E+07  0.438783E+02
  0.593515E-02  0.174505E+08  0.174435E+08 -0.900247E+03 -0.117206E+05  0.148946E+08  0.174334E+08  0.174494E+08  0.174360E+08 -0.416796E+00  0.924787E+07  0.924716E+07  0.399631E+02
  0.649789E-02  0.171796E+08  0.171719E+08 -0.127965E+04 -0.963311E+04  0.143947E+08  0.171609E+08  0.171784E+08  0.171630E+08 -0.410286E+00  0.910357E+07  0.910286E+07  0.362479E+02
  0.711399E-02  0.168856E+08  0.168772E+08 -0.999341E+03 -0.790411E+04  0.138716E+08  0.168653E+08  0.168843E+08  0.168671E+08 -0.403223E+00  0.894703E+07  0.894633E+07  0.328387E+02
  0.778851E-02  0.165682E+08  0.165589E+08 -0.239333E+04 -0.647401E+04  0.133225E+08  0.165463E+08  0.165667E+08  0.165478E+08 -0.395599E+00  0.877808E+07  0.877738E+07  0.298654E+02
  0.852698E-02  0.162262E+08  0.162158E+08 -0.392437E+03 -0.529250E+04  0.127473E+08  0.162027E+08  0.162246E+08  0.162039E+08 -0.387386E+00  0.859607E+07  0.859538E+07  0.271670E+02
  0.933547E-02  0.158590E+08  0.158475E+08 -0.250234E+04 -0.431773E+04  0.121462E+08  0.158339E+08  0.158572E+08  0.158349E+08 -0.378570E+00  0.840073E+07  0.840004E+07  0.246719E+02
  0.102206E-01  0.154656E+08  0.154527E+08 -0.211329E+04 -0.351458E+04  0.115204E+08  0.154388E+08  0.154636E+08  0.154396E+08 -0.369126E+00  0.819147E+07  0.819078E+07  0.224731E+02
  0.111897E-01  0.150449E+08  0.150303E+08 -0.937598E+03 -0.285375E+04  0.108758E+08  0.150165E+08  0.150427E+08  0.150171E+08 -0.359029E+00  0.796773E+07  0.796704E+07  0.204764E+02
  0.122506E-01  0.145961E+08  0.145796E+08 -0.164879E+04 -0.231088E+04  0.102177E+08  0.145660E+08  0.145935E+08  0.145666E+08 -0.348261E+00  0.772909E+07  0.772841E+07  0.186753E+02
  0.134122E-01  0.141184E+08  0.140998E+08 -0.144673E+04 -0.186570E+04  0.954713E+07  0.140868E+08  0.141155E+08  0.140873E+08 -0.336804E+00  0.747520E+07  0.747452E+07  0.170638E+02
  0.146839E-01  0.136114E+08  0.135903E+08 -0.100314E+04 -0.150132E+04  0.886608E+07  0.135783E+08  0.136081E+08  0.135786E+08 -0.324646E+00  0.720574E+07  0.720505E+07  0.156083E+02
  0.160761E-01  0.130745E+08  0.130508E+08 -0.977371E+03 -0.120368E+04  0.818088E+07  0.130401E+08  0.130708E+08  0.130403E+08 -0.311778E+00  0.692051E+07  0.691982E+07  0.142957E+02
  0.176004E-01  0.125079E+08  0.124812E+08 -0.646769E+03 -0.961145E+03  0.749638E+07  0.124723E+08  0.125038E+08  0.124725E+08 -0.298204E+00  0.661960E+07  0.661891E+07  0.131106E+02
  0.192692E-01  0.119125E+08  0.118826E+08 -0.465657E+03 -0.764053E+03  0.681861E+07  0.118759E+08  0.119078E+08  0.118760E+08 -0.283943E+00  0.630343E+07  0.630274E+07  0.120252E+02
  0.210962E-01  0.112899E+08  0.112567E+08 -0.417087E+03 -0.604409E+03  0.615208E+07  0.112525E+08  0.112847E+08  0.112526E+08 -0.269039E+00  0.597295E+07  0.597225E+07  0.110254E+02
  0.230964E-01  0.106432E+08  0.106066E+08 -0.299963E+03 -0.475591E+03  0.550348E+07  0.106053E+08  0.106375E+08  0.106054E+08 -0.253564E+00  0.562978E+07  0.562908E+07  0.100914E+02
  0.252863E-01  0.997718E+07  0.993729E+07 -0.327637E+03 -0.372127E+03  0.487968E+07  0.993901E+07  0.997100E+07  0.993909E+07 -0.237635E+00  0.527648E+07  0.527578E+07  0.920318E+01
  0.276839E-01  0.929877E+07  0.925594E+07 -0.181269E+03 -0.289488E+03  0.428692E+07  0.926069E+07  0.929213E+07  0.926075E+07 -0.221417E+00  0.491672E+07  0.491603E+07  0.834318E+01
  0.303087E-01  0.861731E+07  0.857214E+07 -0.185096E+03 -0.223922E+03  0.373205E+07  0.857966E+07  0.861031E+07  0.857971E+07 -0.205134E+00  0.455548E+07  0.455479E+07  0.749389E+01
  0.331825E-01  0.794463E+07  0.789805E+07 -0.156183E+03 -0.172315E+03  0.322082E+07  0.790778E+07  0.793741E+07  0.790782E+07 -0.189070E+00  0.419904E+07  0.419838E+07  0.664464E+01
  0.363287E-01  0.729471E+07  0.724798E+07 -0.111437E+03 -0.132064E+03  0.275858E+07  0.725901E+07  0.728747E+07  0.725904E+07 -0.173558E+00  0.385483E+07  0.385420E+07  0.578934E+01
  0.397732E-01  0.668251E+07  0.663718E+07 -0.612459E+02 -0.100983E+03  0.234874E+07  0.664830E+07  0.667548E+07  0.664832E+07 -0.158957E+00  0.353077E+07  0.353018E+07  0.493082E+01
  0.435443E-01  0.612195E+07  0.607976E+07 -0.713858E+02 -0.772229E+02  0.199263E+07  0.608951E+07  0.611541E+07  0.608952E+07 -0.145596E+00  0.323423E+07  0.323370E+07  0.408232E+01
  0.472288E-01  0.567149E+07  0.563354E+07 -0.463253E+02 -0.608444E+02  0.171783E+07  0.564081E+07  0.566561E+07  0.564082E+07 -0.134868E+00  0.299611E+07  0.299563E+07  0.335038E+01
  0.509133E-01  0.530170E+07  0.526863E+07  0.720971E+02 -0.489671E+02  0.149848E+07  0.527271E+07  0.529657E+07  0.527272E+07 -0.126067E+00  0.280075E+07  0.280034E+07  0.272050E+01
  0.545979E-01  0.499256E+07  0.496451E+07  0.590239E+02 -0.401172E+02  0.132014E+07  0.496516E+07  0.498821E+07  0.496517E+07 -0.118714E+00  0.263752E+07  0.263716E+07  0.219552E+01
  0.582824E-01  0.472989E+07  0.470653E+07  0.490617E+02 -0.333681E+02  0.117283E+07  0.470394E+07  0.472627E+07  0.470395E+07 -0.112468E+00  0.249887E+07  0.249856E+07  0.177503E+01
  0.619669E-01  0.449861E+07  0.447924E+07  0.412708E+02 -0.280863E+02  0.104831E+07  0.447395E+07  0.449561E+07  0.447396E+07 -0.106969E+00  0.237679E+07  0.237652E+07  0.145313E+01
  0.656514E-01  0.428538E+07  0.426906E+07  0.350189E+02 -0.238451E+02  0.940372E+06  0.426185E+07  0.428285E+07  0.426186E+07 -0.101898E+00  0.226420E+07  0.226396E+07  0.121933E+01
  0.693359E-01  0.408028E+07  0.406597E+07  0.298872E+02 -0.203616E+02  0.844712E+06  0.405775E+07  0.407806E+07  0.405775E+07 -0.970183E-01  0.215584E+07  0.215562E+07  0.105972E+01
  0.730204E-01  0.387781E+07  0.386449E+07  0.256040E+02 -0.174524E+02  0.758701E+06  0.385616E+07  0.387575E+07  0.385617E+07 -0.921985E-01  0.204881E+07  0.204860E+07  0.958473E+00
  0.767050E-01  0.367678E+07  0.366360E+07  0.219948E+02 -0.149995E+02  0.680965E+06  0.365593E+07  0.367474E+07  0.365594E+07 -0.874112E-01  0.194249E+07  0.194228E+07  0.899377E+00
  0.803895E-01  0.347822E+07  0.346454E+07  0.189381E+02 -0.129209E+02  0.610734E+06  0.345810E+07  0.347610E+07  0.345810E+07 -0.826810E-01  0.183743E+07  0.183722E+07  0.866956E+00
  0.840740E-01  0.328416E+07  0.326961E+07  0.163438E+02 -0.111557E+02  0.547508E+06  0.326472E+07  0.328190E+07  0.326473E+07 -0.780576E-01  0.173473E+07  0.173452E+07  0.847582E+00
  0.877585E-01  0.309780E+07  0.308227E+07  0.141449E+02 -0.965880E+01  0.491010E+06  0.307903E+07  0.309539E+07  0.307903E+07 -0.736177E-01  0.163611E+07  0.163589E+07  0.830417E+00
  0.914430E-01  0.292300E+07  0.290664E+07  0.122894E+02 -0.839503E+01  0.441071E+06  0.290489E+07  0.292047E+07  0.290489E+07 -0.694542E-01  0.154361E+07  0.154339E+07  0.807871E+00
  0.963795E-01  0.271292E+07  0.269598E+07  0.102643E+02 -0.701492E+01  0.384024E+06  0.269568E+07  0.271030E+07  0.269568E+07 -0.644522E-01  0.143249E+07  0.143227E+07  0.762121E+00
  0.101316E+00  0.253459E+07  0.251788E+07  0.867569E+01 -0.593164E+01  0.337285E+06  0.251821E+07  0.253200E+07  0.251821E+07 -0.602089E-01  0.133821E+07  0.133800E+07  0.696887E+00
  0.106252E+00  0.238820E+07  0.237254E+07  0.743150E+01 -0.508275E+01  0.299368E+06  0.237267E+07  0.238577E+07  0.237267E+07 -0.567290E-01  0.126090E+07  0.126070E+07  0.616788E+00
  0.111189E+00  0.227031E+07  0.225630E+07  0.645078E+01 -0.441330E+01  0.268586E+06  0.225557E+07  0.226814E+07  0.225558E+07 -0.539294E-01  0.119870E+07  0.119852E+07  0.530455E+00
  0.116125E+00  0.217438E+07  0.216233E+07  0.566401E+01 -0.387602E+01  0.243200E+06  0.216039E+07  0.217251E+07  0.216039E+07 -0.516536E-01  0.114813E+07  0.114798E+07  0.447446E+00
  0.121062E+00  0.209192E+07  0.208177E+07  0.501391E+01 -0.343193E+01  0.221569E+06  0.207861E+07  0.209035E+07  0.207861E+07 -0.496983E-01  0.110469E+07  0.110455E+07  0.375753E+00
  0.125998E+00  0.201471E+07  0.200612E+07  0.445785E+01 -0.305199E+01  0.202381E+06  0.200200E+07  0.201338E+07  0.200200E+07 -0.478666E-01  0.106399E+07  0.106387E+07  0.320306E+00
  0.130935E+00  0.193666E+07  0.192910E+07  0.396796E+01 -0.271719E+01  0.184764E+06  0.192449E+07  0.193549E+07  0.192449E+07 -0.460135E-01  0.102282E+07  0.102271E+07  0.282476E+00
  0.135871E+00  0.185464E+07  0.184754E+07  0.352848E+01 -0.241678E+01  0.168268E+06  0.184295E+07  0.185354E+07  0.184295E+07 -0.440639E-01  0.979494E+06  0.979388E+06  0.260413E+00
  0.140807E+00  0.176850E+07  0.176136E+07  0.313238E+01 -0.214596E+01  0.152781E+06  0.175725E+07  0.176739E+07  0.175725E+07 -0.420148E-01  0.933959E+06  0.933853E+06  0.250012E+00
  0.145744E+00  0.168049E+07  0.167298E+07  0.277778E+01 -0.190345E+01  0.138401E+06  0.166964E+07  0.167932E+07  0.166964E+07 -0.399202E-01  0.887410E+06  0.887302E+06  0.246167E+00
  0.150680E+00  0.159401E+07  0.158603E+07  0.246455E+01 -0.168919E+01  0.125295E+06  0.158356E+07  0.159277E+07  0.158356E+07 -0.378619E-01  0.841666E+06  0.841556E+06  0.243956E+00
  0.155617E+00  0.151265E+07  0.150427E+07  0.219232E+01 -0.150291E+01  0.113606E+06  0.150257E+07  0.151135E+07  0.150257E+07 -0.359255E-01  0.798630E+06  0.798519E+06  0.239570E+00
  0.160553E+00  0.143952E+07  0.143098E+07  0.195972E+01 -0.134370E+01  0.103413E+06  0.142981E+07  0.143820E+07  0.142981E+07 -0.341859E-01  0.759969E+06  0.759858E+06  0.230843E+00
  0.165490E+00  0.137655E+07  0.136815E+07  0.176369E+01 -0.120948E+01  0.946874E+05  0.136721E+07  0.137525E+07  0.136721E+07 -0.326891E-01  0.726701E+06  0.726593E+06  0.217312E+00
  0.170426E+00  0.132378E+07  0.131579E+07  0.159916E+01 -0.109679E+01  0.872756E+05  0.131478E+07  0.132254E+07  0.131478E+07 -0.314356E-01  0.698841E+06  0.698739E+06  0.199910E+00
  0.175363E+00  0.127960E+07  0.127225E+07  0.145998E+01 -0.100145E+01  0.809364E+05  0.127094E+07  0.127846E+07  0.127094E+07 -0.303873E-01  0.675542E+06  0.675447E+06  0.180462E+00
  0.180299E+00  0.124168E+07  0.123506E+07  0.134024E+01 -0.919395E+00  0.754160E+05  0.123333E+07  0.124065E+07  0.123333E+07 -0.294883E-01  0.655560E+06  0.655473E+06  0.161106E+00
  0.185236E+00  0.120740E+07  0.120148E+07  0.123474E+01 -0.847094E+00  0.704782E+05  0.119934E+07  0.120648E+07  0.119934E+07 -0.286756E-01  0.637497E+06  0.637418E+06  0.143753E+00
  0.190172E+00  0.117412E+07  0.116880E+07  0.113920E+01 -0.781621E+00  0.659198E+05  0.116634E+07  0.117330E+07  0.116634E+07 -0.278864E-01  0.619958E+06  0.619884E+06  0.129692E+00
  0.195108E+00  0.113981E+07  0.113488E+07  0.105065E+01 -0.720929E+00  0.615971E+05  0.113228E+07  0.113905E+07  0.113228E+07 -0.270720E-01  0.601857E+06  0.601787E+06  0.119433E+00
  0.200045E+00  0.110361E+07  0.109889E+07  0.967657E+00 -0.664047E+00  0.574487E+05  0.109631E+07  0.110288E+07  0.109631E+07 -0.262121E-01  0.582743E+06  0.582675E+06  0.112745E+00
  0.204981E+00  0.106577E+07  0.106107E+07  0.889950E+00 -0.610784E+00  0.534768E+05  0.105869E+07  0.106504E+07  0.105869E+07 -0.253126E-01  0.562748E+06  0.562681E+06  0.108832E+00
  0.209918E+00  0.102712E+07  0.102233E+07  0.817734E+00 -0.561282E+00  0.497106E+05  0.102024E+07  0.102638E+07  0.102024E+07 -0.243933E-01  0.542315E+06  0.542248E+06  0.106580E+00
  0.214854E+00  0.988798E+06  0.983875E+06  0.751390E+00 -0.515800E+00  0.461900E+05  0.982118E+06  0.988035E+06  0.982118E+06 -0.234819E-01  0.522055E+06  0.521987E+06  0.104841E+00
  0.219791E+00  0.952302E+06  0.947269E+06  0.691448E+00 -0.474699E+00  0.429640E+05  0.945814E+06  0.951522E+06  0.945814E+06 -0.226139E-01  0.502760E+06  0.502692E+06  0.102686E+00
  0.224727E+00  0.918584E+06  0.913518E+06  0.637935E+00 -0.438001E+00  0.400506E+05  0.912284E+06  0.917799E+06  0.912284E+06 -0.218122E-01  0.484940E+06  0.484873E+06  0.995178E-01
  0.229664E+00  0.888518E+06  0.883522E+06  0.590782E+00 -0.405657E+00  0.374612E+05  0.882402E+06  0.887744E+06  0.882402E+06 -0.210977E-01  0.469058E+06  0.468992E+06  0.951629E-01
  0.234600E+00  0.862187E+06  0.857361E+06  0.549389E+00 -0.377259E+00  0.351726E+05  0.856248E+06  0.861439E+06  0.856248E+06 -0.204724E-01  0.455157E+06  0.455094E+06  0.897885E-01
  0.239536E+00  0.839126E+06  0.834550E+06  0.512882E+00 -0.352209E+00  0.331412E+05  0.833357E+06  0.838416E+06  0.833357E+06 -0.199251E-01  0.442991E+06  0.442930E+06  0.838074E-01
  0.244473E+00  0.818495E+06  0.814209E+06  0.480280E+00 -0.329836E+00  0.313131E+05  0.812889E+06  0.817830E+06  0.812889E+06 -0.194357E-01  0.432112E+06  0.432055E+06  0.777415E-01
  0.249409E+00  0.799304E+06  0.795308E+06  0.450646E+00 -0.309498E+00  0.296356E+05  0.793853E+06  0.798685E+06  0.793853E+06 -0.189806E-01  0.421994E+06  0.421940E+06  0.720895E-01
  0.254346E+00  0.780673E+06  0.776928E+06  0.423228E+00 -0.290680E+00  0.280659E+05  0.775368E+06  0.780092E+06  0.775368E+06 -0.185386E-01  0.412169E+06  0.412118E+06  0.672245E-01
  0.259282E+00  0.761958E+06  0.758402E+06  0.397502E+00 -0.273024E+00  0.265742E+05  0.756790E+06  0.761407E+06  0.756790E+06 -0.180944E-01  0.402295E+06  0.402246E+06  0.633349E-01
  0.264219E+00  0.742773E+06  0.739336E+06  0.373144E+00 -0.256306E+00  0.251420E+05  0.737735E+06  0.742240E+06  0.737735E+06 -0.176388E-01  0.392167E+06  0.392119E+06  0.604134E-01
  0.269155E+00  0.723029E+06  0.719647E+06  0.350012E+00 -0.240430E+00  0.237632E+05  0.718115E+06  0.722505E+06  0.718115E+06 -0.171697E-01  0.381739E+06  0.381692E+06  0.582919E-01
  0.274092E+00  0.702976E+06  0.699603E+06  0.328142E+00 -0.225420E+00  0.224431E+05  0.698181E+06  0.702453E+06  0.698181E+06 -0.166931E-01  0.371144E+06  0.371097E+06  0.567055E-01
  0.279028E+00  0.683103E+06  0.679717E+06  0.307666E+00 -0.211366E+00  0.211933E+05  0.678423E+06  0.682579E+06  0.678423E+06 -0.162207E-01  0.360642E+06  0.360596E+06  0.553621E-01
  0.283964E+00  0.663922E+06  0.660525E+06  0.288706E+00 -0.198351E+00  0.200253E+05  0.659354E+06  0.663396E+06  0.659354E+06 -0.157648E-01  0.350506E+06  0.350460E+06  0.540024E-01
  0.288901E+00  0.645820E+06  0.642434E+06  0.271307E+00 -0.186407E+00  0.189454E+05  0.641360E+06  0.645295E+06  0.641360E+06 -0.153345E-01  0.340942E+06  0.340896E+06  0.524437E-01
  0.293837E+00  0.629040E+06  0.625698E+06  0.255445E+00 -0.175517E+00  0.179548E+05  0.624686E+06  0.628522E+06  0.624686E+06 -0.149359E-01  0.332079E+06  0.332034E+06  0.506038E-01
  0.298774E+00  0.613682E+06  0.610419E+06  0.241037E+00 -0.165623E+00  0.170498E+05  0.609431E+06  0.613176E+06  0.609431E+06 -0.145711E-01  0.323970E+06  0.323927E+06  0.484983E-01
  0.303710E+00  0.599664E+06  0.596508E+06  0.227935E+00 -0.156626E+00  0.162226E+05  0.595512E+06  0.599175E+06  0.595512E+06 -0.142383E-01  0.316572E+06  0.316530E+06  0.462176E-01
  0.308647E+00  0.586729E+06  0.583698E+06  0.215943E+00 -0.148389E+00  0.154612E+05  0.582673E+06  0.586259E+06  0.582673E+06 -0.139314E-01  0.309747E+06  0.309707E+06  0.438919E-01
  0.313583E+00  0.574535E+06  0.571633E+06  0.204851E+00 -0.140771E+00  0.147526E+05  0.570571E+06  0.574085E+06  0.570571E+06 -0.136420E-01  0.303314E+06  0.303275E+06  0.416563E-01
  0.318520E+00  0.562757E+06  0.559973E+06  0.194481E+00 -0.133649E+00  0.140853E+05  0.558881E+06  0.562326E+06  0.558881E+06 -0.133625E-01  0.297101E+06  0.297063E+06  0.396225E-01
  0.323456E+00  0.551145E+06  0.548461E+06  0.184699E+00 -0.126930E+00  0.134509E+05  0.547354E+06  0.550729E+06  0.547354E+06 -0.130869E-01  0.290973E+06  0.290937E+06  0.378585E-01
  0.328392E+00  0.539534E+06  0.536924E+06  0.175412E+00 -0.120551E+00  0.128435E+05  0.535823E+06  0.539130E+06  0.535823E+06 -0.128112E-01  0.284844E+06  0.284808E+06  0.363809E-01
  0.333329E+00  0.527856E+06  0.525297E+06  0.166567E+00 -0.114476E+00  0.122599E+05  0.524222E+06  0.527459E+06  0.524223E+06 -0.125338E-01  0.278678E+06  0.278643E+06  0.351593E-01
  0.338265E+00  0.516153E+06  0.513627E+06  0.158151E+00 -0.108695E+00  0.116999E+05  0.512595E+06  0.515761E+06  0.512595E+06 -0.122558E-01  0.272497E+06  0.272462E+06  0.341304E-01
  0.343202E+00  0.504561E+06  0.502057E+06  0.150180E+00 -0.103220E+00  0.111655E+05  0.501076E+06  0.504173E+06  0.501076E+06 -0.119804E-01  0.266374E+06  0.266340E+06  0.332166E-01
  0.348138E+00  0.493256E+06  0.490770E+06  0.142677E+00 -0.980666E-01  0.106593E+05  0.489841E+06  0.492870E+06  0.489841E+06 -0.117118E-01  0.260402E+06  0.260368E+06  0.323430E-01
  0.353075E+00  0.482391E+06  0.479928E+06  0.135656E+00 -0.932440E-01  0.101829E+05  0.479045E+06  0.482009E+06  0.479045E+06 -0.114537E-01  0.254663E+06  0.254630E+06  0.314511E-01
  0.358011E+00  0.472067E+06  0.469637E+06  0.129115E+00 -0.887501E-01  0.973678E+04  0.468788E+06  0.471690E+06  0.468788E+06 -0.112084E-01  0.249211E+06  0.249179E+06  0.305067E-01
  0.362948E+00  0.462325E+06  0.459939E+06  0.123032E+00 -0.845712E-01  0.932003E+04  0.459112E+06  0.461955E+06  0.459112E+06 -0.109771E-01  0.244068E+06  0.244036E+06  0.295024E-01
  0.367884E+00  0.453152E+06  0.450820E+06  0.117376E+00 -0.806847E-01  0.893064E+04  0.450002E+06  0.452790E+06  0.450002E+06 -0.107593E-01  0.239225E+06  0.239194E+06  0.284539E-01
  0.372820E+00  0.444486E+06  0.442215E+06  0.112102E+00 -0.770611E-01  0.856595E+04  0.441398E+06  0.444134E+06  0.441398E+06 -0.105536E-01  0.234651E+06  0.234621E+06  0.273924E-01
  0.377757E+00  0.436229E+06  0.434022E+06  0.107163E+00 -0.736672E-01  0.822292E+04  0.433200E+06  0.435887E+06  0.433200E+06 -0.103576E-01  0.230294E+06  0.230264E+06  0.263544E-01
  0.382693E+00  0.428263E+06  0.426117E+06  0.102509E+00 -0.704694E-01  0.789822E+04  0.425291E+06  0.427930E+06  0.425291E+06 -0.101685E-01  0.226090E+06  0.226060E+06  0.253733E-01
  0.387630E+00  0.420477E+06  0.418387E+06  0.980985E-01 -0.674384E-01  0.758873E+04  0.417561E+06  0.420153E+06  0.417561E+06 -0.998364E-02  0.221981E+06  0.221952E+06  0.244723E-01
  0.392566E+00  0.412797E+06  0.410755E+06  0.938993E-01 -0.645528E-01  0.729235E+04  0.409934E+06  0.412480E+06  0.409934E+06 -0.980129E-02  0.217926E+06  0.217899E+06  0.236618E-01
  0.397503E+00  0.405190E+06  0.403187E+06  0.898933E-01 -0.618000E-01  0.700799E+04  0.402380E+06  0.404880E+06  0.402380E+06 -0.962067E-02  0.213911E+06  0.213883E+06  0.229390E-01
  0.402439E+00  0.397664E+06  0.395693E+06  0.860716E-01 -0.591738E-01  0.673520E+04  0.394905E+06  0.397359E+06  0.394905E+06 -0.944194E-02  0.209937E+06  0.209910E+06  0.222902E-01
  0.407376E+00  0.390292E+06  0.388348E+06  0.824399E-01 -0.566782E-01  0.647470E+04  0.387581E+06  0.389991E+06  0.387581E+06 -0.926684E-02  0.206044E+06  0.206017E+06  0.216981E-01
  0.412312E+00  0.383018E+06  0.381098E+06  0.789767E-01 -0.542983E-01  0.622494E+04  0.380355E+06  0.382721E+06  0.380355E+06 -0.909407E-02  0.202203E+06  0.202177E+06  0.211347E-01
  0.417248E+00  0.375939E+06  0.374042E+06  0.756926E-01 -0.520414E-01  0.598720E+04  0.373323E+06  0.375645E+06  0.373323E+06 -0.892592E-02  0.198464E+06  0.198439E+06  0.205840E-01
  0.422185E+00  0.369101E+06  0.367230E+06  0.725871E-01 -0.499072E-01  0.576128E+04  0.366530E+06  0.368811E+06  0.366530E+06 -0.876351E-02  0.194854E+06  0.194828E+06  0.200329E-01
  0.427121E+00  0.362532E+06  0.360690E+06  0.696562E-01 -0.478928E-01  0.554726E+04  0.360005E+06  0.362246E+06  0.360005E+06 -0.860752E-02  0.191385E+06  0.191360E+06  0.194756E-01
  0.432058E+00  0.356235E+06  0.354425E+06  0.668906E-01 -0.459920E-01  0.534452E+04  0.353751E+06  0.355954E+06  0.353751E+06 -0.845798E-02  0.188061E+06  0.188036E+06  0.189129E-01
  0.436994E+00  0.350190E+06  0.348414E+06  0.642780E-01 -0.441963E-01  0.515239E+04  0.347748E+06  0.349914E+06  0.347748E+06 -0.831446E-02  0.184870E+06  0.184845E+06  0.183510E-01
  0.441931E+00  0.344365E+06  0.342626E+06  0.618046E-01 -0.424962E-01  0.496981E+04  0.341965E+06  0.344096E+06  0.341965E+06 -0.817618E-02  0.181795E+06  0.181772E+06  0.177988E-01
  0.446867E+00  0.338724E+06  0.337021E+06  0.594563E-01 -0.408821E-01  0.479579E+04  0.336364E+06  0.338460E+06  0.336364E+06 -0.804226E-02  0.178818E+06  0.178795E+06  0.172659E-01
  0.451804E+00  0.333229E+06  0.331559E+06  0.572203E-01 -0.393451E-01  0.462955E+04  0.330907E+06  0.332970E+06  0.330907E+06 -0.791179E-02  0.175917E+06  0.175894E+06  0.167601E-01
  0.456740E+00  0.327848E+06  0.326210E+06  0.550858E-01 -0.378779E-01  0.447006E+04  0.325564E+06  0.327594E+06  0.325564E+06 -0.778404E-02  0.173076E+06  0.173054E+06  0.162857E-01
  0.461676E+00  0.322560E+06  0.320950E+06  0.530443E-01 -0.364746E-01  0.431695E+04  0.320313E+06  0.322311E+06  0.320313E+06 -0.765849E-02  0.170285E+06  0.170263E+06  0.158438E-01
  0.466613E+00  0.317356E+06  0.315772E+06  0.510898E-01 -0.351311E-01  0.416974E+04  0.315145E+06  0.317111E+06  0.315145E+06 -0.753492E-02  0.167538E+06  0.167516E+06  0.154318E-01
  0.471549E+00  0.312239E+06  0.310678E+06  0.492188E-01 -0.338449E-01  0.402840E+04  0.310063E+06  0.311997E+06  0.310063E+06 -0.741341E-02  0.164836E+06  0.164815E+06  0.150446E-01
  0.476486E+00  0.307223E+06  0.305683E+06  0.474294E-01 -0.326149E-01  0.389268E+04  0.305080E+06  0.306984E+06  0.305080E+06 -0.729428E-02  0.162187E+06  0.162166E+06  0.146765E-01
  0.481422E+00  0.302322E+06  0.300803E+06  0.457202E-01 -0.314399E-01  0.376251E+04  0.300212E+06  0.302086E+06  0.300212E+06 -0.717789E-02  0.159600E+06  0.159579E+06  0.143212E-01
  0.486359E+00  0.297547E+06  0.296048E+06  0.440889E-01 -0.303186E-01  0.363791E+04  0.295470E+06  0.297315E+06  0.295470E+06 -0.706450E-02  0.157078E+06  0.157058E+06  0.139740E-01
  0.491295E+00  0.292905E+06  0.291428E+06  0.425330E-01 -0.292490E-01  0.351862E+04  0.290860E+06  0.292676E+06  0.290860E+06 -0.695428E-02  0.154628E+06  0.154608E+06  0.136317E-01
  0.496232E+00  0.288402E+06  0.286946E+06  0.410498E-01 -0.282293E-01  0.340460E+04  0.286387E+06  0.288176E+06  0.286387E+06 -0.684735E-02  0.152250E+06  0.152231E+06  0.132933E-01
  0.501168E+00  0.284037E+06  0.282604E+06  0.396358E-01 -0.272572E-01  0.329555E+04  0.282052E+06  0.283815E+06  0.282052E+06 -0.674370E-02  0.149946E+06  0.149926E+06  0.129595E-01
  0.506105E+00  0.279800E+06  0.278390E+06  0.382865E-01 -0.263296E-01  0.319131E+04  0.277845E+06  0.279582E+06  0.277845E+06 -0.664311E-02  0.147709E+06  0.147690E+06  0.126322E-01
  0.511041E+00  0.275677E+06  0.274290E+06  0.369969E-01 -0.254430E-01  0.309127E+04  0.273751E+06  0.275462E+06  0.273751E+06 -0.654521E-02  0.145533E+06  0.145514E+06  0.123137E-01
  0.515977E+00  0.271652E+06  0.270288E+06  0.357625E-01 -0.245943E-01  0.299519E+04  0.269754E+06  0.271440E+06  0.269754E+06 -0.644966E-02  0.143408E+06  0.143390E+06  0.120061E-01
  0.520914E+00  0.267715E+06  0.266373E+06  0.345793E-01 -0.237808E-01  0.290283E+04  0.265845E+06  0.267507E+06  0.265845E+06 -0.635619E-02  0.141330E+06  0.141312E+06  0.117113E-01
  0.525850E+00  0.263860E+06  0.262537E+06  0.334443E-01 -0.230004E-01  0.281397E+04  0.262016E+06  0.263655E+06  0.262016E+06 -0.626464E-02  0.139294E+06  0.139276E+06  0.114300E-01
  0.530787E+00  0.260078E+06  0.258775E+06  0.323545E-01 -0.222512E-01  0.272845E+04  0.258261E+06  0.259876E+06  0.258261E+06 -0.617486E-02  0.137298E+06  0.137280E+06  0.111619E-01
  0.535723E+00  0.256366E+06  0.255081E+06  0.313075E-01 -0.215314E-01  0.264600E+04  0.254574E+06  0.256167E+06  0.254574E+06 -0.608672E-02  0.135338E+06  0.135321E+06  0.109058E-01
  0.540660E+00  0.252723E+06  0.251456E+06  0.303015E-01 -0.208397E-01  0.256661E+04  0.250956E+06  0.252527E+06  0.250956E+06 -0.600022E-02  0.133415E+06  0.133398E+06  0.106601E-01
  0.545596E+00  0.249154E+06  0.247903E+06  0.293353E-01 -0.201753E-01  0.249006E+04  0.247411E+06  0.248960E+06  0.247411E+06 -0.591546E-02  0.131531E+06  0.131514E+06  0.104230E-01
  0.550533E+00  0.245663E+06  0.244429E+06  0.284077E-01 -0.195376E-01  0.241637E+04  0.243945E+06  0.245472E+06  0.243945E+06 -0.583257E-02  0.129688E+06  0.129671E+06  0.101928E-01
  0.555469E+00  0.242253E+06  0.241035E+06  0.275176E-01 -0.189256E-01  0.234546E+04  0.240558E+06  0.242064E+06  0.240558E+06 -0.575161E-02  0.127888E+06  0.127871E+06  0.996826E-02
  0.560405E+00  0.238924E+06  0.237722E+06  0.266633E-01 -0.183381E-01  0.227729E+04  0.237252E+06  0.238737E+06  0.237252E+06 -0.567255E-02  0.126130E+06  0.126113E+06  0.974853E-02
  0.565342E+00  0.235672E+06  0.234486E+06  0.258430E-01 -0.177741E-01  0.221169E+04  0.234023E+06  0.235488E+06  0.234023E+06 -0.559535E-02  0.124413E+06  0.124397E+06  0.953332E-02
  0.570278E+00  0.232497E+06  0.231328E+06  0.250554E-01 -0.172325E-01  0.214849E+04  0.230870E+06  0.232316E+06  0.230870E+06 -0.551997E-02  0.122737E+06  0.122721E+06  0.932284E-02
  0.575215E+00  0.229397E+06  0.228244E+06  0.242987E-01 -0.167122E-01  0.208767E+04  0.227792E+06  0.229219E+06  0.227792E+06 -0.544636E-02  0.121101E+06  0.121085E+06  0.911758E-02
  0.580151E+00  0.226367E+06  0.225229E+06  0.235713E-01 -0.162121E-01  0.202899E+04  0.224782E+06  0.226190E+06  0.224782E+06 -0.537441E-02  0.119501E+06  0.119485E+06  0.891809E-02
  0.585088E+00  0.223399E+06  0.222277E+06  0.228714E-01 -0.157307E-01  0.197241E+04  0.221835E+06  0.223225E+06  0.221835E+06 -0.530395E-02  0.117934E+06  0.117919E+06  0.872478E-02
  0.590024E+00  0.220489E+06  0.219383E+06  0.221973E-01 -0.152672E-01  0.191779E+04  0.218946E+06  0.220318E+06  0.218946E+06 -0.523486E-02  0.116398E+06  0.116383E+06  0.853793E-02
  0.594961E+00  0.217635E+06  0.216543E+06  0.215478E-01 -0.148206E-01  0.186510E+04  0.216112E+06  0.217466E+06  0.216112E+06 -0.516710E-02  0.114891E+06  0.114876E+06  0.835759E-02
  0.599897E+00  0.214836E+06  0.213759E+06  0.209220E-01 -0.143903E-01  0.181420E+04  0.213332E+06  0.214669E+06  0.213332E+06 -0.510064E-02  0.113414E+06  0.113399E+06  0.818354E-02
  0.604833E+00  0.212091E+06  0.211026E+06  0.203188E-01 -0.139755E-01  0.176496E+04  0.210605E+06  0.211926E+06  0.210605E+06 -0.503545E-02  0.111964E+06  0.111950E+06  0.801534E-02
  0.609770E+00  0.209396E+06  0.208345E+06  0.197370E-01 -0.135754E-01  0.171740E+04  0.207929E+06  0.209233E+06  0.207929E+06 -0.497146E-02  0.110542E+06  0.110527E+06  0.785238E-02
  0.614706E+00  0.206751E+06  0.205713E+06  0.191760E-01 -0.131896E-01  0.167140E+04  0.205303E+06  0.206590E+06  0.205303E+06 -0.490867E-02  0.109145E+06  0.109131E+06  0.769409E-02
  0.619643E+00  0.204159E+06  0.203133E+06  0.186350E-01 -0.128176E-01  0.162699E+04  0.202729E+06  0.204000E+06  0.202729E+06 -0.484712E-02  0.107777E+06  0.107763E+06  0.753999E-02
  0.624579E+00  0.201620E+06  0.200607E+06  0.181134E-01 -0.124589E-01  0.158405E+04  0.200207E+06  0.201463E+06  0.200207E+06 -0.478683E-02  0.106436E+06  0.106423E+06  0.738970E-02
  0.629516E+00  0.199133E+06  0.198132E+06  0.176105E-01 -0.121130E-01  0.154262E+04  0.197737E+06  0.198978E+06  0.197737E+06 -0.472779E-02  0.105124E+06  0.105110E+06  0.724298E-02
  0.634452E+00  0.196696E+06  0.195707E+06  0.171252E-01 -0.117794E-01  0.150252E+04  0.195317E+06  0.196542E+06  0.195317E+06 -0.466992E-02  0.103837E+06  0.103823E+06  0.709968E-02
  0.639389E+00  0.194306E+06  0.193330E+06  0.166569E-01 -0.114573E-01  0.146371E+04  0.192944E+06  0.194155E+06  0.192944E+06 -0.461318E-02  0.102575E+06  0.102562E+06  0.695981E-02
  0.644325E+00  0.191964E+06  0.191000E+06  0.162050E-01 -0.111465E-01  0.142621E+04  0.190619E+06  0.191815E+06  0.190619E+06 -0.455758E-02  0.101339E+06  0.101326E+06  0.682345E-02
  0.649261E+00  0.189669E+06  0.188717E+06  0.157686E-01 -0.108464E-01  0.138993E+04  0.188339E+06  0.189521E+06  0.188339E+06 -0.450308E-02  0.100127E+06  0.100114E+06  0.669072E-02
  0.654198E+00  0.187418E+06  0.186477E+06  0.153472E-01 -0.105566E-01  0.135486E+04  0.186104E+06  0.187272E+06  0.186104E+06 -0.444963E-02  0.989389E+05  0.989260E+05  0.656166E-02
  0.659134E+00  0.185207E+06  0.184277E+06  0.149398E-01 -0.102764E-01  0.132084E+04  0.183909E+06  0.185063E+06  0.183909E+06 -0.439715E-02  0.977719E+05  0.977592E+05  0.643621E-02
  0.664071E+00  0.183035E+06  0.182116E+06  0.145459E-01 -0.100055E-01  0.128792E+04  0.181752E+06  0.182893E+06  0.181752E+06 -0.434558E-02  0.966253E+05  0.966127E+05  0.631431E-02
  0.669007E+00  0.180902E+06  0.179994E+06  0.141649E-01 -0.974349E-02  0.125599E+04  0.179633E+06  0.180761E+06  0.179633E+06 -0.429492E-02  0.954990E+05  0.954866E+05  0.619585E-02
  0.673944E+00  0.178807E+06  0.177909E+06  0.137965E-01 -0.949013E-02  0.122505E+04  0.177553E+06  0.178668E+06  0.177553E+06 -0.424519E-02  0.943931E+05  0.943808E+05  0.608065E-02
  0.678880E+00  0.176750E+06  0.175862E+06  0.134401E-01 -0.924504E-02  0.119509E+04  0.175510E+06  0.176612E+06  0.175510E+06 -0.419635E-02  0.933071E+05  0.932950E+05  0.596851E-02
  0.683817E+00  0.174729E+06  0.173851E+06  0.130953E-01 -0.900787E-02  0.116605E+04  0.173503E+06  0.174593E+06  0.173503E+06 -0.414836E-02  0.922402E+05  0.922282E+05  0.585921E-02
  0.688753E+00  0.172743E+06  0.171876E+06  0.127615E-01 -0.877832E-02  0.113792E+04  0.171531E+06  0.172608E+06  0.171531E+06 -0.410121E-02  0.911918E+05  0.911800E+05  0.575257E-02
  0.693689E+00  0.170793E+06  0.169935E+06  0.124385E-01 -0.855615E-02  0.111058E+04  0.169595E+06  0.170660E+06  0.169595E+06 -0.405491E-02  0.901623E+05  0.901505E+05  0.564846E-02
  0.738082E+00  0.154737E+06  0.153960E+06  0.995413E-02 -0.684749E-02  0.898861E+03  0.153650E+06  0.154616E+06  0.153650E+06 -0.367369E-02  0.816860E+05  0.816753E+05  0.481691E-02
  0.785316E+00  0.140117E+06  0.139413E+06  0.796185E-02 -0.547718E-02  0.726672E+03  0.139133E+06  0.140008E+06  0.139133E+06 -0.332658E-02  0.739681E+05  0.739584E+05  0.410777E-02
  0.835573E+00  0.126819E+06  0.126182E+06  0.636533E-02 -0.437903E-02  0.586818E+03  0.125927E+06  0.126720E+06  0.125927E+06 -0.301085E-02  0.669478E+05  0.669390E+05  0.350210E-02
  0.889045E+00  0.114730E+06  0.114154E+06  0.508661E-02 -0.349943E-02  0.473364E+03  0.113923E+06  0.114640E+06  0.113923E+06 -0.272383E-02  0.605659E+05  0.605579E+05  0.298522E-02
  0.945940E+00  0.103748E+06  0.103227E+06  0.406301E-02 -0.279529E-02  0.381437E+03  0.103018E+06  0.103667E+06  0.103018E+06 -0.246310E-02  0.547685E+05  0.547613E+05  0.254443E-02
  0.990988E+00  0.961797E+05  0.956968E+05  0.343194E-02 -0.236117E-02  0.324213E+03  0.955031E+05  0.961048E+05  0.955031E+05 -0.228342E-02  0.507733E+05  0.507666E+05  0.225701E-02
  0.121284E+01  0.690362E+05  0.686895E+05  0.164455E-02 -0.113152E-02  0.159083E+03  0.685501E+05  0.689825E+05  0.685501E+05 -0.163899E-02  0.364441E+05  0.364392E+05  0.134175E-02
  0.148436E+01  0.493524E+05  0.491045E+05  0.784866E-03 -0.540045E-03  0.773602E+02  0.490046E+05  0.493139E+05  0.490046E+05 -0.117167E-02  0.260530E+05  0.260494E+05  0.799638E-03
  0.181667E+01  0.351486E+05  0.349719E+05  0.373179E-03 -0.256779E-03  0.509601E+02  0.349009E+05  0.351212E+05  0.349009E+05 -0.834459E-03  0.185548E+05  0.185522E+05  0.479274E-03
  0.222338E+01  0.249493E+05  0.248237E+05  0.176841E-03 -0.121687E-03  0.245776E+02  0.247733E+05  0.249298E+05  0.247733E+05 -0.592316E-03  0.131706E+05  0.131687E+05  0.290108E-03
