3.550873333496544770e+00
3.550951837038642367e+00
3.551076241520177756e+00
3.551273371044787464e+00
3.551585704141835276e+00
3.552080477391406088e+00
3.552864034517481784e+00
3.554104370041433647e+00
3.556066363923657381e+00
3.559166394196116912e+00
3.564055848334999776e+00
3.571746018051749516e+00
3.583788011327168288e+00
3.602515293691678444e+00
3.631331043564281824e+00
3.674955068593028784e+00
3.739408274071237326e+00
3.831316352809111425e+00
3.956017677677842848e+00
4.114382395682434357e+00
