1.841380424794646586e+00
1.841385772047966052e+00
1.841394158189133545e+00
1.841407231112603737e+00
1.841427419635419227e+00
1.841458149000241962e+00
1.841503907864265877e+00
1.841569868487157979e+00
1.841660628564014690e+00
1.841777833985010826e+00
1.841917384697244309e+00
1.842068336149948804e+00
1.842215577150818628e+00
1.842345401618101119e+00
1.842450062395207144e+00
1.842528510727454716e+00
1.842584160508015101e+00
1.842622112976660009e+00
1.842647305969635108e+00
1.842663730511132192e+00
