4.435769704834249261e-01
4.435787792252480211e-01
4.435816454349510440e-01
4.435861869339188246e-01
4.435933818693899022e-01
4.436047779070155239e-01
4.436228214300415584e-01
4.436513734132279674e-01
4.436965123888991225e-01
4.437677707247403847e-01
4.438800044193382810e-01
4.440561381637921912e-01
4.443309929552334281e-01
4.447561347042362501e-01
4.454048500873640792e-01
4.463744435550055512e-01
4.477797332000006958e-01
4.497282980771437066e-01
4.522706324267583011e-01
4.553367137756099692e-01
