5.211298705018561905e-02
5.211590271238271399e-02
5.212047063778445233e-02
5.212757994866125399e-02
5.213853141683997411e-02
5.215513723064671425e-02
5.217972349775908125e-02
5.221486979877072027e-02
5.226267049057319036e-02
5.232345939213944863e-02
5.239449121028342399e-02
5.246972644143986508e-02
5.254156069472390445e-02
5.260366516248465157e-02
5.265291337707803110e-02
5.268935858134787820e-02
5.271497265467846305e-02
5.273232849742835043e-02
5.274379934333964237e-02
5.275125636913135380e-02
