5.225055794867219938e-02
5.233378514896847022e-02
5.246540826398457535e-02
5.267331142447589931e-02
5.300106615093892748e-02
5.351621416014500782e-02
5.432217654813256691e-02
5.557441157772926438e-02
5.750034888686529622e-02
6.042025995195977883e-02
6.476290555320766973e-02
7.106782738717341841e-02
7.996915768415487069e-02
9.216344739763711325e-02
1.083670633031279112e-01
1.292574380032802395e-01
1.553719869919289454e-01
1.869283550120765247e-01
2.235532802523811646e-01
2.639872866635605830e-01
