7.066798027631378092e-03
7.501621838667020363e-03
7.829119382184454926e-03
8.062826825760843752e-03
8.223059860092621701e-03
8.329859466068850402e-03
8.399691032078757114e-03
8.444773841215565124e-03
8.473638957706995656e-03
8.492022095183507022e-03
8.503689804206404634e-03
8.511079214460292794e-03
8.515752654199248289e-03
8.518705803377241148e-03
8.520570872975915394e-03
8.521748353279009341e-03
8.522491572399639934e-03
8.522960623200579247e-03
8.523256618547338237e-03
8.523443396624624108e-03
