2.229776347092312164e-02
2.229776347092312164e-02
2.229776347092312164e-02
2.229776347092312164e-02
2.229776347092312164e-02
2.229776347092312164e-02
2.229776347092312164e-02
2.229776347092312164e-02
2.229776347092312164e-02
2.229776347092312164e-02
2.229776347092312164e-02
2.229776347092312164e-02
2.229776347092312164e-02
2.229776347092312164e-02
2.229776347092312164e-02
2.229776347092312164e-02
2.229776347092312164e-02
2.229776347092312164e-02
2.229776347092312164e-02
2.229776347092312164e-02
