3.044696845484459388e-02
3.044699591626991511e-02
3.044703663835112914e-02
3.044709498229652631e-02
3.044717458192689949e-02
3.044727622671934697e-02
3.044739559345650132e-02
3.044752272812391303e-02
3.044764479707663327e-02
3.044775087256373219e-02
3.044783534802811623e-02
3.044789806784167774e-02
3.044794225292660542e-02
3.044797224167755320e-02
3.044799208381628736e-02
3.044800499226901422e-02
3.044801329781058469e-02
3.044801860387228234e-02
3.044802197830243085e-02
3.044802411809063511e-02
