2.473363559421021540e-01
2.474899384150973936e-01
2.477330008394946215e-01
2.481173544369171813e-01
2.487243303099903602e-01
2.496808878858472747e-01
2.511834757401646967e-01
2.535318818435654542e-01
2.571737525513306810e-01
2.627551536202734628e-01
2.711601641775158167e-01
2.835008289565769668e-01
3.009940854807378607e-01
3.246599446246214438e-01
3.548376382540486262e-01
3.906651735612524101e-01
4.298400873528334110e-01
4.689955502175332525e-01
5.046975403420925765e-01
5.345391443100274698e-01
