2.267292174468056500e-03
2.268562894202626884e-03
2.269505488905340044e-03
2.270169088920283296e-03
2.270619271087667267e-03
2.270917042876987018e-03
2.271110721052170024e-03
2.271235320755810288e-03
2.271314915531174282e-03
2.271365531699817870e-03
2.271397627242979864e-03
2.271417941812867679e-03
2.271430784879104915e-03
2.271438898458606748e-03
2.271444021829281939e-03
2.271447256070800204e-03
2.271449297381850953e-03
2.271450585617978100e-03
2.271451398541936284e-03
2.271451911502856552e-03
