  0.677314E-04  0.189396E+08  0.189396E+08  0.246040E+08  0.246030E+08  0.189388E+08  0.189396E+08
  0.736175E-04  0.189394E+08  0.189394E+08  0.244877E+08  0.244865E+08  0.189384E+08  0.189394E+08
  0.800152E-04  0.189391E+08  0.189391E+08  0.243509E+08  0.243495E+08  0.189379E+08  0.189391E+08
  0.869688E-04  0.189388E+08  0.189388E+08  0.241902E+08  0.241886E+08  0.189373E+08  0.189388E+08
  0.945268E-04  0.189384E+08  0.189384E+08  0.240016E+08  0.239998E+08  0.189366E+08  0.189384E+08
  0.102742E-03  0.189380E+08  0.189380E+08  0.237806E+08  0.237784E+08  0.189358E+08  0.189380E+08
  0.111670E-03  0.189375E+08  0.189375E+08  0.235218E+08  0.235193E+08  0.189349E+08  0.189375E+08
  0.121375E-03  0.189370E+08  0.189370E+08  0.232194E+08  0.232165E+08  0.189338E+08  0.189369E+08
  0.131923E-03  0.189363E+08  0.189363E+08  0.228668E+08  0.228633E+08  0.189325E+08  0.189362E+08
  0.143387E-03  0.189355E+08  0.189355E+08  0.224564E+08  0.224525E+08  0.189309E+08  0.189354E+08
  0.155848E-03  0.189345E+08  0.189345E+08  0.219803E+08  0.219757E+08  0.189291E+08  0.189345E+08
  0.169392E-03  0.189334E+08  0.189334E+08  0.214296E+08  0.214245E+08  0.189270E+08  0.189333E+08
  0.184113E-03  0.189320E+08  0.189320E+08  0.207954E+08  0.207895E+08  0.189244E+08  0.189320E+08
  0.200113E-03  0.189305E+08  0.189305E+08  0.200681E+08  0.200615E+08  0.189214E+08  0.189304E+08
  0.217504E-03  0.189287E+08  0.189286E+08  0.192390E+08  0.192316E+08  0.189179E+08  0.189286E+08
  0.236406E-03  0.189265E+08  0.189265E+08  0.182999E+08  0.182918E+08  0.189137E+08  0.189264E+08
  0.256950E-03  0.189240E+08  0.189240E+08  0.172448E+08  0.172360E+08  0.189088E+08  0.189239E+08
  0.279281E-03  0.189210E+08  0.189210E+08  0.160705E+08  0.160611E+08  0.189031E+08  0.189209E+08
  0.303551E-03  0.189175E+08  0.189175E+08  0.147785E+08  0.147686E+08  0.188963E+08  0.189174E+08
  0.329931E-03  0.189134E+08  0.189134E+08  0.133765E+08  0.133664E+08  0.188883E+08  0.189133E+08
  0.358603E-03  0.189086E+08  0.189086E+08  0.118802E+08  0.118703E+08  0.188790E+08  0.189084E+08
  0.389767E-03  0.189031E+08  0.189030E+08  0.103156E+08  0.103064E+08  0.188680E+08  0.189028E+08
  0.423640E-03  0.188966E+08  0.188965E+08  0.871977E+07  0.871173E+07  0.188552E+08  0.188963E+08
  0.460456E-03  0.188890E+08  0.188890E+08  0.714145E+07  0.713514E+07  0.188402E+08  0.188887E+08
  0.500471E-03  0.188803E+08  0.188802E+08  0.563932E+07  0.563525E+07  0.188227E+08  0.188799E+08
  0.543964E-03  0.188701E+08  0.188701E+08  0.427759E+07  0.427610E+07  0.188022E+08  0.188697E+08
  0.591237E-03  0.188584E+08  0.188584E+08  0.311817E+07  0.311927E+07  0.187785E+08  0.188579E+08
  0.642618E-03  0.188450E+08  0.188449E+08  0.220927E+07  0.221251E+07  0.187508E+08  0.188444E+08
  0.698464E-03  0.188295E+08  0.188294E+08  0.157204E+07  0.157647E+07  0.187188E+08  0.188288E+08
  0.759163E-03  0.188118E+08  0.188117E+08  0.118879E+07  0.119302E+07  0.186818E+08  0.188110E+08
  0.825137E-03  0.187916E+08  0.187915E+08  0.998717E+06  0.100132E+07  0.186390E+08  0.187906E+08
  0.896845E-03  0.187686E+08  0.187684E+08  0.908033E+06  0.908098E+06  0.185897E+08  0.187674E+08
  0.974785E-03  0.187424E+08  0.187423E+08  0.818128E+06  0.815868E+06  0.185330E+08  0.187411E+08
  0.105950E-02  0.187128E+08  0.187126E+08  0.665915E+06  0.662860E+06  0.184680E+08  0.187112E+08
  0.115157E-02  0.186792E+08  0.186790E+08  0.456288E+06  0.454587E+06  0.183937E+08  0.186774E+08
  0.125165E-02  0.186413E+08  0.186411E+08  0.257651E+06  0.258509E+06  0.183090E+08  0.186392E+08
  0.136042E-02  0.185986E+08  0.185983E+08  0.145931E+06  0.148260E+06  0.182127E+08  0.185961E+08
  0.147865E-02  0.185505E+08  0.185502E+08  0.129338E+06  0.130441E+06  0.181037E+08  0.185477E+08
  0.160715E-02  0.184965E+08  0.184962E+08  0.132634E+06  0.131283E+06  0.179808E+08  0.184932E+08
  0.174682E-02  0.184361E+08  0.184356E+08  0.856544E+05  0.841333E+05  0.178429E+08  0.184323E+08
  0.189862E-02  0.183684E+08  0.183679E+08  0.196460E+05  0.204780E+05  0.176888E+08  0.183641E+08
  0.206362E-02  0.182929E+08  0.182924E+08  0.769271E+04  0.882491E+04  0.175177E+08  0.182880E+08
  0.224296E-02  0.182089E+08  0.182082E+08  0.215792E+05  0.200581E+05  0.173288E+08  0.182033E+08
  0.243788E-02  0.181156E+08  0.181148E+08 -0.398465E+04 -0.438422E+04  0.171215E+08  0.181093E+08
  0.264974E-02  0.180123E+08  0.180114E+08 -0.169817E+05 -0.158486E+05  0.168953E+08  0.180052E+08
  0.288001E-02  0.178982E+08  0.178971E+08 -0.438050E+04 -0.538424E+04  0.166497E+08  0.178902E+08
  0.313030E-02  0.177726E+08  0.177713E+08 -0.192564E+05 -0.193754E+05  0.163846E+08  0.177637E+08
  0.340233E-02  0.176346E+08  0.176330E+08 -0.111832E+05 -0.128043E+05  0.160995E+08  0.176247E+08
  0.369801E-02  0.174835E+08  0.174817E+08 -0.143247E+05 -0.172397E+05  0.157939E+08  0.174726E+08
  0.401938E-02  0.173185E+08  0.173164E+08 -0.116907E+05 -0.130740E+05  0.154670E+08  0.173066E+08
  0.436868E-02  0.171390E+08  0.171365E+08 -0.170762E+05 -0.160424E+05  0.151178E+08  0.171259E+08
  0.440524E-02  0.171202E+08  0.171177E+08 -0.173307E+05 -0.161014E+05  0.150817E+08  0.171070E+08
  0.444210E-02  0.171012E+08  0.170987E+08 -0.171491E+05 -0.158446E+05  0.150453E+08  0.170879E+08
  0.447928E-02  0.170821E+08  0.170795E+08 -0.165440E+05 -0.153001E+05  0.150086E+08  0.170687E+08
  0.451676E-02  0.170629E+08  0.170602E+08 -0.155829E+05 -0.145361E+05  0.149717E+08  0.170493E+08
  0.455456E-02  0.170435E+08  0.170408E+08 -0.143803E+05 -0.136523E+05  0.149346E+08  0.170298E+08
  0.459267E-02  0.170239E+08  0.170212E+08 -0.130834E+05 -0.127650E+05  0.148973E+08  0.170101E+08
  0.463110E-02  0.170042E+08  0.170014E+08 -0.118516E+05 -0.119902E+05  0.148597E+08  0.169903E+08
  0.466985E-02  0.169843E+08  0.169815E+08 -0.108345E+05 -0.114262E+05  0.148219E+08  0.169703E+08
  0.470893E-02  0.169643E+08  0.169614E+08 -0.101500E+05 -0.111380E+05  0.147838E+08  0.169501E+08
  0.474834E-02  0.169441E+08  0.169412E+08 -0.986718E+04 -0.111469E+05  0.147455E+08  0.169298E+08
  0.478807E-02  0.169237E+08  0.169207E+08 -0.999520E+04 -0.114268E+05  0.147070E+08  0.169093E+08
  0.482814E-02  0.169032E+08  0.169002E+08 -0.104818E+05 -0.119076E+05  0.146682E+08  0.168887E+08
  0.486854E-02  0.168825E+08  0.168794E+08 -0.112211E+05 -0.124863E+05  0.146292E+08  0.168679E+08
  0.490928E-02  0.168616E+08  0.168585E+08 -0.120701E+05 -0.130441E+05  0.145900E+08  0.168469E+08
  0.495037E-02  0.168406E+08  0.168375E+08 -0.128716E+05 -0.134661E+05  0.145505E+08  0.168257E+08
  0.499179E-02  0.168194E+08  0.168162E+08 -0.134801E+05 -0.136614E+05  0.145107E+08  0.168044E+08
  0.503356E-02  0.167981E+08  0.167948E+08 -0.137856E+05 -0.135793E+05  0.144707E+08  0.167830E+08
  0.507568E-02  0.167766E+08  0.167733E+08 -0.137325E+05 -0.132189E+05  0.144305E+08  0.167613E+08
  0.511816E-02  0.167549E+08  0.167515E+08 -0.133288E+05 -0.126297E+05  0.143901E+08  0.167395E+08
  0.516099E-02  0.167330E+08  0.167296E+08 -0.126442E+05 -0.119030E+05  0.143494E+08  0.167175E+08
  0.520418E-02  0.167110E+08  0.167076E+08 -0.117971E+05 -0.111556E+05  0.143084E+08  0.166954E+08
  0.524773E-02  0.166888E+08  0.166853E+08 -0.109320E+05 -0.105075E+05  0.142672E+08  0.166731E+08
  0.529164E-02  0.166665E+08  0.166629E+08 -0.101925E+05 -0.100587E+05  0.142258E+08  0.166506E+08
  0.533592E-02  0.166440E+08  0.166403E+08 -0.969282E+04 -0.986964E+04  0.141841E+08  0.166279E+08
  0.538057E-02  0.166213E+08  0.166176E+08 -0.949587E+04 -0.994823E+04  0.141422E+08  0.166051E+08
  0.542560E-02  0.165984E+08  0.165947E+08 -0.960082E+04 -0.102479E+05  0.141000E+08  0.165821E+08
  0.547100E-02  0.165753E+08  0.165716E+08 -0.994374E+04 -0.106766E+05  0.140576E+08  0.165589E+08
  0.551678E-02  0.165521E+08  0.165483E+08 -0.104114E+05 -0.111156E+05  0.140150E+08  0.165356E+08
  0.556295E-02  0.165287E+08  0.165248E+08 -0.108660E+05 -0.114447E+05  0.139721E+08  0.165121E+08
  0.560950E-02  0.165052E+08  0.165012E+08 -0.111757E+05 -0.115681E+05  0.139290E+08  0.164884E+08
  0.565644E-02  0.164814E+08  0.164774E+08 -0.112440E+05 -0.114362E+05  0.138856E+08  0.164645E+08
  0.570377E-02  0.164575E+08  0.164534E+08 -0.110326E+05 -0.110569E+05  0.138420E+08  0.164405E+08
  0.575150E-02  0.164334E+08  0.164293E+08 -0.105699E+05 -0.104947E+05  0.137982E+08  0.164162E+08
  0.579963E-02  0.164092E+08  0.164049E+08 -0.994536E+04 -0.985629E+04  0.137541E+08  0.163918E+08
  0.584817E-02  0.163847E+08  0.163804E+08 -0.928767E+04 -0.926587E+04  0.137098E+08  0.163672E+08
  0.589710E-02  0.163601E+08  0.163557E+08  0.000000E+00  0.000000E+00  0.136652E+08  0.163425E+08
  0.594645E-02  0.163353E+08  0.163308E+08  0.000000E+00  0.000000E+00  0.136204E+08  0.163175E+08
  0.599621E-02  0.163103E+08  0.163058E+08  0.000000E+00  0.000000E+00  0.135754E+08  0.162924E+08
  0.604639E-02  0.162851E+08  0.162805E+08  0.000000E+00  0.000000E+00  0.135301E+08  0.162671E+08
  0.609699E-02  0.162597E+08  0.162551E+08  0.000000E+00  0.000000E+00  0.134846E+08  0.162416E+08
  0.614801E-02  0.162342E+08  0.162295E+08  0.000000E+00  0.000000E+00  0.134389E+08  0.162159E+08
  0.619945E-02  0.162085E+08  0.162037E+08  0.000000E+00  0.000000E+00  0.133929E+08  0.161900E+08
  0.625133E-02  0.161826E+08  0.161777E+08  0.000000E+00  0.000000E+00  0.133467E+08  0.161640E+08
  0.630364E-02  0.161565E+08  0.161515E+08  0.000000E+00  0.000000E+00  0.133003E+08  0.161378E+08
  0.635639E-02  0.161302E+08  0.161252E+08  0.000000E+00  0.000000E+00  0.132536E+08  0.161113E+08
  0.640959E-02  0.161037E+08  0.160986E+08  0.000000E+00  0.000000E+00  0.132067E+08  0.160847E+08
  0.646322E-02  0.160771E+08  0.160719E+08  0.000000E+00  0.000000E+00  0.131596E+08  0.160579E+08
  0.651731E-02  0.160502E+08  0.160450E+08  0.000000E+00  0.000000E+00  0.131122E+08  0.160309E+08
  0.657185E-02  0.160232E+08  0.160178E+08  0.000000E+00  0.000000E+00  0.130647E+08  0.160038E+08
  0.662684E-02  0.159960E+08  0.159905E+08  0.000000E+00  0.000000E+00  0.130169E+08  0.159764E+08
  0.668229E-02  0.159686E+08  0.159630E+08  0.000000E+00  0.000000E+00  0.129688E+08  0.159489E+08
  0.673821E-02  0.159409E+08  0.159354E+08  0.000000E+00  0.000000E+00  0.129206E+08  0.159211E+08
  0.679460E-02  0.159131E+08  0.159075E+08  0.000000E+00  0.000000E+00  0.128721E+08  0.158932E+08
  0.685146E-02  0.158852E+08  0.158794E+08  0.000000E+00  0.000000E+00  0.128234E+08  0.158650E+08
  0.690879E-02  0.158570E+08  0.158511E+08  0.000000E+00  0.000000E+00  0.127745E+08  0.158367E+08
  0.696660E-02  0.158286E+08  0.158227E+08  0.000000E+00  0.000000E+00  0.127254E+08  0.158082E+08
  0.702490E-02  0.158000E+08  0.157940E+08  0.000000E+00  0.000000E+00  0.126761E+08  0.157795E+08
  0.708369E-02  0.157713E+08  0.157651E+08  0.000000E+00  0.000000E+00  0.126265E+08  0.157506E+08
  0.714297E-02  0.157423E+08  0.157361E+08  0.000000E+00  0.000000E+00  0.125768E+08  0.157215E+08
  0.720274E-02  0.157131E+08  0.157068E+08  0.000000E+00  0.000000E+00  0.125268E+08  0.156921E+08
  0.726301E-02  0.156838E+08  0.156774E+08  0.000000E+00  0.000000E+00  0.124766E+08  0.156626E+08
  0.732379E-02  0.156542E+08  0.156477E+08  0.000000E+00  0.000000E+00  0.124262E+08  0.156329E+08
  0.738508E-02  0.156245E+08  0.156179E+08  0.000000E+00  0.000000E+00  0.123756E+08  0.156030E+08
  0.744688E-02  0.155945E+08  0.155878E+08  0.000000E+00  0.000000E+00  0.123248E+08  0.155729E+08
  0.750919E-02  0.155644E+08  0.155575E+08  0.000000E+00  0.000000E+00  0.122738E+08  0.155426E+08
  0.757203E-02  0.155340E+08  0.155271E+08  0.000000E+00  0.000000E+00  0.122226E+08  0.155121E+08
  0.763540E-02  0.155034E+08  0.154964E+08  0.000000E+00  0.000000E+00  0.121711E+08  0.154814E+08
  0.769929E-02  0.154727E+08  0.154655E+08  0.000000E+00  0.000000E+00  0.121195E+08  0.154505E+08
  0.776372E-02  0.154417E+08  0.154345E+08  0.000000E+00  0.000000E+00  0.120677E+08  0.154194E+08
  0.782869E-02  0.154105E+08  0.154032E+08  0.000000E+00  0.000000E+00  0.120157E+08  0.153881E+08
  0.789420E-02  0.153792E+08  0.153717E+08  0.000000E+00  0.000000E+00  0.119635E+08  0.153566E+08
  0.796026E-02  0.153476E+08  0.153400E+08  0.000000E+00  0.000000E+00  0.119111E+08  0.153248E+08
  0.802687E-02  0.153158E+08  0.153081E+08  0.000000E+00  0.000000E+00  0.118585E+08  0.152929E+08
  0.809404E-02  0.152838E+08  0.152760E+08  0.000000E+00  0.000000E+00  0.118057E+08  0.152607E+08
  0.816177E-02  0.152516E+08  0.152437E+08  0.000000E+00  0.000000E+00  0.117528E+08  0.152284E+08
  0.823007E-02  0.152192E+08  0.152111E+08  0.000000E+00  0.000000E+00  0.116996E+08  0.151958E+08
  0.829894E-02  0.151866E+08  0.151784E+08  0.000000E+00  0.000000E+00  0.116463E+08  0.151631E+08
  0.836839E-02  0.151537E+08  0.151454E+08  0.000000E+00  0.000000E+00  0.115928E+08  0.151301E+08
  0.843842E-02  0.151207E+08  0.151123E+08  0.000000E+00  0.000000E+00  0.115391E+08  0.150969E+08
  0.850903E-02  0.150874E+08  0.150789E+08  0.000000E+00  0.000000E+00  0.114852E+08  0.150635E+08
  0.858023E-02  0.150540E+08  0.150453E+08  0.000000E+00  0.000000E+00  0.114311E+08  0.150299E+08
  0.865204E-02  0.150203E+08  0.150115E+08  0.000000E+00  0.000000E+00  0.113769E+08  0.149961E+08
  0.872444E-02  0.149864E+08  0.149775E+08  0.000000E+00  0.000000E+00  0.113225E+08  0.149620E+08
  0.879745E-02  0.149523E+08  0.149432E+08  0.000000E+00  0.000000E+00  0.112680E+08  0.149278E+08
  0.887106E-02  0.149180E+08  0.149088E+08  0.000000E+00  0.000000E+00  0.112132E+08  0.148933E+08
  0.894530E-02  0.148835E+08  0.148741E+08  0.000000E+00  0.000000E+00  0.111583E+08  0.148586E+08
  0.902015E-02  0.148487E+08  0.148392E+08  0.000000E+00  0.000000E+00  0.111033E+08  0.148237E+08
  0.909564E-02  0.148137E+08  0.148041E+08  0.000000E+00  0.000000E+00  0.110480E+08  0.147886E+08
  0.917175E-02  0.147786E+08  0.147688E+08  0.000000E+00  0.000000E+00  0.109926E+08  0.147533E+08
  0.924850E-02  0.147432E+08  0.147332E+08  0.000000E+00  0.000000E+00  0.109371E+08  0.147177E+08
  0.932589E-02  0.147075E+08  0.146975E+08  0.000000E+00  0.000000E+00  0.108814E+08  0.146820E+08
  0.940393E-02  0.146717E+08  0.146615E+08  0.000000E+00  0.000000E+00  0.108256E+08  0.146460E+08
  0.948263E-02  0.146356E+08  0.146253E+08  0.000000E+00  0.000000E+00  0.107696E+08  0.146098E+08
  0.956198E-02  0.145994E+08  0.145888E+08  0.000000E+00  0.000000E+00  0.107134E+08  0.145733E+08
  0.964199E-02  0.145629E+08  0.145522E+08  0.000000E+00  0.000000E+00  0.106571E+08  0.145367E+08
  0.972268E-02  0.145261E+08  0.145153E+08  0.000000E+00  0.000000E+00  0.106007E+08  0.144998E+08
  0.980404E-02  0.144892E+08  0.144782E+08  0.000000E+00  0.000000E+00  0.105441E+08  0.144627E+08
  0.988608E-02  0.144520E+08  0.144409E+08  0.000000E+00  0.000000E+00  0.104874E+08  0.144254E+08
  0.996881E-02  0.144146E+08  0.144033E+08  0.000000E+00  0.000000E+00  0.104306E+08  0.143878E+08
  0.100522E-01  0.143770E+08  0.143655E+08  0.000000E+00  0.000000E+00  0.103736E+08  0.143501E+08
  0.101364E-01  0.143391E+08  0.143275E+08  0.000000E+00  0.000000E+00  0.103165E+08  0.143121E+08
  0.102212E-01  0.143011E+08  0.142893E+08  0.000000E+00  0.000000E+00  0.102592E+08  0.142739E+08
  0.103067E-01  0.142628E+08  0.142508E+08  0.000000E+00  0.000000E+00  0.102019E+08  0.142354E+08
  0.103930E-01  0.142243E+08  0.142121E+08  0.000000E+00  0.000000E+00  0.101444E+08  0.141968E+08
  0.104799E-01  0.141855E+08  0.141732E+08  0.000000E+00  0.000000E+00  0.100868E+08  0.141579E+08
  0.105676E-01  0.141465E+08  0.141340E+08  0.000000E+00  0.000000E+00  0.100291E+08  0.141187E+08
  0.106561E-01  0.141073E+08  0.140946E+08  0.000000E+00  0.000000E+00  0.997124E+07  0.140794E+08
  0.107452E-01  0.140679E+08  0.140550E+08  0.000000E+00  0.000000E+00  0.991329E+07  0.140398E+08
  0.108351E-01  0.140282E+08  0.140152E+08  0.000000E+00  0.000000E+00  0.985524E+07  0.140000E+08
  0.109258E-01  0.139883E+08  0.139751E+08  0.000000E+00  0.000000E+00  0.979708E+07  0.139599E+08
  0.110172E-01  0.139482E+08  0.139347E+08  0.000000E+00  0.000000E+00  0.973881E+07  0.139197E+08
  0.111094E-01  0.139078E+08  0.138942E+08  0.000000E+00  0.000000E+00  0.968045E+07  0.138791E+08
  0.112024E-01  0.138672E+08  0.138534E+08  0.000000E+00  0.000000E+00  0.962199E+07  0.138384E+08
  0.112961E-01  0.138264E+08  0.138124E+08  0.000000E+00  0.000000E+00  0.956344E+07  0.137974E+08
  0.113907E-01  0.137853E+08  0.137711E+08  0.000000E+00  0.000000E+00  0.950479E+07  0.137562E+08
  0.114860E-01  0.137440E+08  0.137296E+08  0.000000E+00  0.000000E+00  0.944606E+07  0.137148E+08
  0.115821E-01  0.137025E+08  0.136879E+08  0.000000E+00  0.000000E+00  0.938724E+07  0.136731E+08
  0.116790E-01  0.136607E+08  0.136459E+08  0.000000E+00  0.000000E+00  0.932834E+07  0.136312E+08
  0.117768E-01  0.136187E+08  0.136037E+08  0.000000E+00  0.000000E+00  0.926936E+07  0.135891E+08
  0.118753E-01  0.135765E+08  0.135613E+08  0.000000E+00  0.000000E+00  0.921031E+07  0.135467E+08
  0.119747E-01  0.135340E+08  0.135186E+08  0.000000E+00  0.000000E+00  0.915118E+07  0.135041E+08
  0.120749E-01  0.134913E+08  0.134757E+08  0.000000E+00  0.000000E+00  0.909198E+07  0.134613E+08
  0.121759E-01  0.134484E+08  0.134325E+08  0.000000E+00  0.000000E+00  0.903272E+07  0.134182E+08
  0.122778E-01  0.134052E+08  0.133891E+08  0.000000E+00  0.000000E+00  0.897339E+07  0.133749E+08
  0.123806E-01  0.133617E+08  0.133454E+08  0.000000E+00  0.000000E+00  0.891401E+07  0.133313E+08
  0.124842E-01  0.133181E+08  0.133016E+08  0.000000E+00  0.000000E+00  0.885456E+07  0.132875E+08
  0.125886E-01  0.132742E+08  0.132574E+08  0.000000E+00  0.000000E+00  0.879507E+07  0.132435E+08
  0.126940E-01  0.132301E+08  0.132131E+08  0.000000E+00  0.000000E+00  0.873552E+07  0.131992E+08
  0.128002E-01  0.131857E+08  0.131685E+08  0.000000E+00  0.000000E+00  0.867593E+07  0.131547E+08
  0.129073E-01  0.131411E+08  0.131236E+08  0.000000E+00  0.000000E+00  0.861629E+07  0.131099E+08
  0.130153E-01  0.130962E+08  0.130785E+08  0.000000E+00  0.000000E+00  0.855662E+07  0.130650E+08
  0.131242E-01  0.130511E+08  0.130332E+08  0.000000E+00  0.000000E+00  0.849691E+07  0.130197E+08
  0.132341E-01  0.130058E+08  0.129876E+08  0.000000E+00  0.000000E+00  0.843716E+07  0.129743E+08
  0.133448E-01  0.129602E+08  0.129418E+08  0.000000E+00  0.000000E+00  0.837739E+07  0.129286E+08
  0.134565E-01  0.129144E+08  0.128957E+08  0.000000E+00  0.000000E+00  0.831759E+07  0.128826E+08
  0.135691E-01  0.128683E+08  0.128494E+08  0.000000E+00  0.000000E+00  0.825777E+07  0.128365E+08
  0.136826E-01  0.128220E+08  0.128029E+08  0.000000E+00  0.000000E+00  0.819792E+07  0.127900E+08
  0.137971E-01  0.127755E+08  0.127561E+08  0.000000E+00  0.000000E+00  0.813807E+07  0.127434E+08
  0.139126E-01  0.127287E+08  0.127091E+08  0.000000E+00  0.000000E+00  0.807820E+07  0.126965E+08
  0.140290E-01  0.126817E+08  0.126618E+08  0.000000E+00  0.000000E+00  0.801832E+07  0.126493E+08
  0.141464E-01  0.126344E+08  0.126143E+08  0.000000E+00  0.000000E+00  0.795844E+07  0.126020E+08
  0.142648E-01  0.125870E+08  0.125665E+08  0.000000E+00  0.000000E+00  0.789856E+07  0.125544E+08
  0.143842E-01  0.125392E+08  0.125185E+08  0.000000E+00  0.000000E+00  0.783869E+07  0.125065E+08
  0.145045E-01  0.124912E+08  0.124703E+08  0.000000E+00  0.000000E+00  0.777882E+07  0.124584E+08
  0.146259E-01  0.124430E+08  0.124218E+08  0.000000E+00  0.000000E+00  0.771896E+07  0.124101E+08
  0.147483E-01  0.123946E+08  0.123731E+08  0.000000E+00  0.000000E+00  0.765911E+07  0.123615E+08
  0.148717E-01  0.123459E+08  0.123241E+08  0.000000E+00  0.000000E+00  0.759929E+07  0.123127E+08
  0.149962E-01  0.122969E+08  0.122749E+08  0.000000E+00  0.000000E+00  0.753948E+07  0.122636E+08
  0.151217E-01  0.122478E+08  0.122254E+08  0.000000E+00  0.000000E+00  0.747970E+07  0.122144E+08
  0.152482E-01  0.121983E+08  0.121757E+08  0.000000E+00  0.000000E+00  0.741996E+07  0.121648E+08
  0.153758E-01  0.121487E+08  0.121258E+08  0.000000E+00  0.000000E+00  0.736024E+07  0.121151E+08
  0.155045E-01  0.120988E+08  0.120756E+08  0.000000E+00  0.000000E+00  0.730057E+07  0.120651E+08
  0.156342E-01  0.120487E+08  0.120252E+08  0.000000E+00  0.000000E+00  0.724093E+07  0.120149E+08
  0.157650E-01  0.119983E+08  0.119746E+08  0.000000E+00  0.000000E+00  0.718134E+07  0.119644E+08
  0.158970E-01  0.119477E+08  0.119237E+08  0.000000E+00  0.000000E+00  0.712181E+07  0.119137E+08
  0.160300E-01  0.118969E+08  0.118726E+08  0.000000E+00  0.000000E+00  0.706232E+07  0.118628E+08
  0.161641E-01  0.118459E+08  0.118212E+08  0.000000E+00  0.000000E+00  0.700290E+07  0.118116E+08
  0.162994E-01  0.117946E+08  0.117696E+08  0.000000E+00  0.000000E+00  0.694354E+07  0.117602E+08
  0.164358E-01  0.117430E+08  0.117178E+08  0.000000E+00  0.000000E+00  0.688424E+07  0.117086E+08
  0.165733E-01  0.116913E+08  0.116658E+08  0.000000E+00  0.000000E+00  0.682502E+07  0.116568E+08
  0.167120E-01  0.116393E+08  0.116135E+08  0.000000E+00  0.000000E+00  0.676587E+07  0.116047E+08
  0.168519E-01  0.115871E+08  0.115610E+08  0.000000E+00  0.000000E+00  0.670680E+07  0.115524E+08
  0.169929E-01  0.115347E+08  0.115082E+08  0.000000E+00  0.000000E+00  0.664781E+07  0.114999E+08
  0.171351E-01  0.114820E+08  0.114552E+08  0.000000E+00  0.000000E+00  0.658891E+07  0.114471E+08
  0.172785E-01  0.114291E+08  0.114020E+08  0.000000E+00  0.000000E+00  0.653010E+07  0.113942E+08
  0.174231E-01  0.113760E+08  0.113486E+08  0.000000E+00  0.000000E+00  0.647139E+07  0.113410E+08
  0.175689E-01  0.113227E+08  0.112950E+08  0.000000E+00  0.000000E+00  0.641278E+07  0.112876E+08
  0.177159E-01  0.112691E+08  0.112411E+08  0.000000E+00  0.000000E+00  0.635427E+07  0.112339E+08
  0.178641E-01  0.112153E+08  0.111870E+08  0.000000E+00  0.000000E+00  0.629587E+07  0.111801E+08
  0.180136E-01  0.111614E+08  0.111327E+08  0.000000E+00  0.000000E+00  0.623759E+07  0.111260E+08
  0.181644E-01  0.111072E+08  0.110782E+08  0.000000E+00  0.000000E+00  0.617942E+07  0.110718E+08
  0.183164E-01  0.110528E+08  0.110235E+08  0.000000E+00  0.000000E+00  0.612138E+07  0.110173E+08
  0.184696E-01  0.109981E+08  0.109686E+08  0.000000E+00  0.000000E+00  0.606346E+07  0.109626E+08
  0.186242E-01  0.109433E+08  0.109134E+08  0.000000E+00  0.000000E+00  0.600568E+07  0.109077E+08
  0.187800E-01  0.108883E+08  0.108581E+08  0.000000E+00  0.000000E+00  0.594803E+07  0.108526E+08
  0.189372E-01  0.108331E+08  0.108025E+08  0.000000E+00  0.000000E+00  0.589052E+07  0.107973E+08
  0.190957E-01  0.107776E+08  0.107468E+08  0.000000E+00  0.000000E+00  0.583316E+07  0.107418E+08
  0.192555E-01  0.107220E+08  0.106908E+08  0.000000E+00  0.000000E+00  0.577594E+07  0.106861E+08
  0.194166E-01  0.106662E+08  0.106347E+08  0.000000E+00  0.000000E+00  0.571888E+07  0.106303E+08
  0.195791E-01  0.106102E+08  0.105783E+08  0.000000E+00  0.000000E+00  0.566198E+07  0.105742E+08
  0.197429E-01  0.105540E+08  0.105218E+08  0.000000E+00  0.000000E+00  0.560524E+07  0.105179E+08
  0.199081E-01  0.104976E+08  0.104651E+08  0.000000E+00  0.000000E+00  0.554866E+07  0.104615E+08
  0.200747E-01  0.104410E+08  0.104082E+08  0.000000E+00  0.000000E+00  0.549226E+07  0.104049E+08
  0.202427E-01  0.103843E+08  0.103512E+08  0.000000E+00  0.000000E+00  0.543604E+07  0.103481E+08
  0.204121E-01  0.103274E+08  0.102939E+08  0.000000E+00  0.000000E+00  0.538000E+07  0.102911E+08
  0.205829E-01  0.102703E+08  0.102365E+08  0.000000E+00  0.000000E+00  0.532414E+07  0.102340E+08
  0.207552E-01  0.102130E+08  0.101789E+08  0.000000E+00  0.000000E+00  0.526847E+07  0.101767E+08
  0.209288E-01  0.101556E+08  0.101212E+08  0.000000E+00  0.000000E+00  0.521300E+07  0.101192E+08
  0.211040E-01  0.100980E+08  0.100633E+08  0.000000E+00  0.000000E+00  0.515773E+07  0.100616E+08
  0.212806E-01  0.100403E+08  0.100052E+08  0.000000E+00  0.000000E+00  0.510267E+07  0.100039E+08
  0.214587E-01  0.998240E+07  0.994702E+07  0.000000E+00  0.000000E+00  0.504781E+07  0.994595E+07
  0.216382E-01  0.992437E+07  0.988868E+07  0.000000E+00  0.000000E+00  0.499317E+07  0.988789E+07
  0.218193E-01  0.986620E+07  0.983019E+07  0.000000E+00  0.000000E+00  0.493874E+07  0.982969E+07
  0.220019E-01  0.980789E+07  0.977157E+07  0.000000E+00  0.000000E+00  0.488455E+07  0.977136E+07
  0.221860E-01  0.974945E+07  0.971282E+07  0.000000E+00  0.000000E+00  0.483058E+07  0.971291E+07
  0.223717E-01  0.969089E+07  0.965395E+07  0.000000E+00  0.000000E+00  0.477684E+07  0.965433E+07
  0.225589E-01  0.963221E+07  0.959496E+07  0.000000E+00  0.000000E+00  0.472334E+07  0.959563E+07
  0.227476E-01  0.957341E+07  0.953585E+07  0.000000E+00  0.000000E+00  0.467008E+07  0.953682E+07
  0.229380E-01  0.951450E+07  0.947664E+07  0.000000E+00  0.000000E+00  0.461707E+07  0.947790E+07
  0.231299E-01  0.945549E+07  0.941733E+07  0.000000E+00  0.000000E+00  0.456432E+07  0.941888E+07
  0.233235E-01  0.939638E+07  0.935792E+07  0.000000E+00  0.000000E+00  0.451182E+07  0.935977E+07
  0.235187E-01  0.933718E+07  0.929843E+07  0.000000E+00  0.000000E+00  0.445958E+07  0.930057E+07
  0.237155E-01  0.927790E+07  0.923885E+07  0.000000E+00  0.000000E+00  0.440761E+07  0.924128E+07
  0.239139E-01  0.921853E+07  0.917920E+07  0.000000E+00  0.000000E+00  0.435592E+07  0.918193E+07
  0.241140E-01  0.915910E+07  0.911948E+07  0.000000E+00  0.000000E+00  0.430449E+07  0.912250E+07
  0.243158E-01  0.909960E+07  0.905970E+07  0.000000E+00  0.000000E+00  0.425335E+07  0.906301E+07
  0.245193E-01  0.904005E+07  0.899987E+07  0.000000E+00  0.000000E+00  0.420250E+07  0.900347E+07
  0.247245E-01  0.898044E+07  0.893999E+07  0.000000E+00  0.000000E+00  0.415193E+07  0.894387E+07
  0.249314E-01  0.892079E+07  0.888008E+07  0.000000E+00  0.000000E+00  0.410166E+07  0.888424E+07
  0.251400E-01  0.886111E+07  0.882013E+07  0.000000E+00  0.000000E+00  0.405170E+07  0.882458E+07
  0.253504E-01  0.880139E+07  0.876016E+07  0.000000E+00  0.000000E+00  0.400203E+07  0.876489E+07
  0.255625E-01  0.874166E+07  0.870017E+07  0.000000E+00  0.000000E+00  0.395267E+07  0.870518E+07
  0.257765E-01  0.868192E+07  0.864018E+07  0.000000E+00  0.000000E+00  0.390363E+07  0.864547E+07
  0.259922E-01  0.862217E+07  0.858020E+07  0.000000E+00  0.000000E+00  0.385490E+07  0.858576E+07
  0.262097E-01  0.856243E+07  0.852022E+07  0.000000E+00  0.000000E+00  0.380650E+07  0.852605E+07
  0.264290E-01  0.850270E+07  0.846027E+07  0.000000E+00  0.000000E+00  0.375842E+07  0.846636E+07
  0.266501E-01  0.844300E+07  0.840034E+07  0.000000E+00  0.000000E+00  0.371067E+07  0.840670E+07
  0.268732E-01  0.838333E+07  0.834045E+07  0.000000E+00  0.000000E+00  0.366326E+07  0.834707E+07
  0.270980E-01  0.832370E+07  0.828061E+07  0.000000E+00  0.000000E+00  0.361619E+07  0.828748E+07
  0.273248E-01  0.826412E+07  0.822083E+07  0.000000E+00  0.000000E+00  0.356946E+07  0.822795E+07
  0.275535E-01  0.820459E+07  0.816111E+07  0.000000E+00  0.000000E+00  0.352308E+07  0.816848E+07
  0.277840E-01  0.814514E+07  0.810148E+07  0.000000E+00  0.000000E+00  0.347705E+07  0.810909E+07
  0.280165E-01  0.808577E+07  0.804192E+07  0.000000E+00  0.000000E+00  0.343137E+07  0.804977E+07
  0.282510E-01  0.802648E+07  0.798247E+07  0.000000E+00  0.000000E+00  0.338606E+07  0.799055E+07
  0.284874E-01  0.796730E+07  0.792312E+07  0.000000E+00  0.000000E+00  0.334111E+07  0.793143E+07
  0.287258E-01  0.790822E+07  0.786390E+07  0.000000E+00  0.000000E+00  0.329652E+07  0.787242E+07
  0.289662E-01  0.784926E+07  0.780480E+07  0.000000E+00  0.000000E+00  0.325231E+07  0.781353E+07
  0.292085E-01  0.779044E+07  0.774584E+07  0.000000E+00  0.000000E+00  0.320847E+07  0.775478E+07
  0.294530E-01  0.773175E+07  0.768703E+07  0.000000E+00  0.000000E+00  0.316501E+07  0.769617E+07
  0.296994E-01  0.767321E+07  0.762838E+07  0.000000E+00  0.000000E+00  0.312193E+07  0.763771E+07
  0.299480E-01  0.761484E+07  0.756990E+07  0.000000E+00  0.000000E+00  0.307924E+07  0.757942E+07
  0.301986E-01  0.755664E+07  0.751161E+07  0.000000E+00  0.000000E+00  0.303693E+07  0.752131E+07
  0.304513E-01  0.749862E+07  0.745351E+07  0.000000E+00  0.000000E+00  0.299502E+07  0.746338E+07
  0.307061E-01  0.744080E+07  0.739562E+07  0.000000E+00  0.000000E+00  0.295350E+07  0.740565E+07
  0.309631E-01  0.738318E+07  0.733794E+07  0.000000E+00  0.000000E+00  0.291238E+07  0.734813E+07
  0.312222E-01  0.732578E+07  0.728049E+07  0.000000E+00  0.000000E+00  0.287167E+07  0.729082E+07
  0.314834E-01  0.726861E+07  0.722329E+07  0.000000E+00  0.000000E+00  0.283135E+07  0.723376E+07
  0.317469E-01  0.721168E+07  0.716633E+07  0.000000E+00  0.000000E+00  0.279145E+07  0.717693E+07
  0.320125E-01  0.715500E+07  0.710964E+07  0.000000E+00  0.000000E+00  0.275195E+07  0.712035E+07
  0.322804E-01  0.709859E+07  0.705322E+07  0.000000E+00  0.000000E+00  0.271287E+07  0.706404E+07
  0.325506E-01  0.704244E+07  0.699709E+07  0.000000E+00  0.000000E+00  0.267420E+07  0.700801E+07
  0.328230E-01  0.698658E+07  0.694126E+07  0.000000E+00  0.000000E+00  0.263595E+07  0.695227E+07
  0.330976E-01  0.693102E+07  0.688573E+07  0.000000E+00  0.000000E+00  0.259811E+07  0.689682E+07
  0.333746E-01  0.687576E+07  0.683053E+07  0.000000E+00  0.000000E+00  0.256070E+07  0.684169E+07
  0.336539E-01  0.682083E+07  0.677566E+07  0.000000E+00  0.000000E+00  0.252371E+07  0.678687E+07
  0.339355E-01  0.676622E+07  0.672113E+07  0.000000E+00  0.000000E+00  0.248714E+07  0.673239E+07
  0.342195E-01  0.671194E+07  0.666695E+07  0.000000E+00  0.000000E+00  0.245099E+07  0.667824E+07
  0.345058E-01  0.665802E+07  0.661314E+07  0.000000E+00  0.000000E+00  0.241527E+07  0.662445E+07
  0.347946E-01  0.660446E+07  0.655970E+07  0.000000E+00  0.000000E+00  0.237998E+07  0.657103E+07
  0.350857E-01  0.655128E+07  0.650666E+07  0.000000E+00  0.000000E+00  0.234511E+07  0.651798E+07
  0.353793E-01  0.649848E+07  0.645401E+07  0.000000E+00  0.000000E+00  0.231068E+07  0.646532E+07
  0.356754E-01  0.644607E+07  0.640176E+07  0.000000E+00  0.000000E+00  0.227667E+07  0.641305E+07
  0.359739E-01  0.639407E+07  0.634994E+07  0.000000E+00  0.000000E+00  0.224309E+07  0.636119E+07
  0.362750E-01  0.634248E+07  0.629855E+07  0.000000E+00  0.000000E+00  0.220995E+07  0.630975E+07
  0.365785E-01  0.629131E+07  0.624759E+07  0.000000E+00  0.000000E+00  0.217723E+07  0.625873E+07
  0.368846E-01  0.624057E+07  0.619707E+07  0.000000E+00  0.000000E+00  0.214494E+07  0.620814E+07
  0.371933E-01  0.619027E+07  0.614702E+07  0.000000E+00  0.000000E+00  0.211308E+07  0.615799E+07
  0.375045E-01  0.614042E+07  0.609742E+07  0.000000E+00  0.000000E+00  0.208165E+07  0.610830E+07
  0.378184E-01  0.609103E+07  0.604830E+07  0.000000E+00  0.000000E+00  0.205065E+07  0.605906E+07
  0.381348E-01  0.604211E+07  0.599966E+07  0.000000E+00  0.000000E+00  0.202008E+07  0.601030E+07
  0.384539E-01  0.599365E+07  0.595151E+07  0.000000E+00  0.000000E+00  0.198993E+07  0.596201E+07
  0.387757E-01  0.594568E+07  0.590385E+07  0.000000E+00  0.000000E+00  0.196021E+07  0.591420E+07
  0.391002E-01  0.589820E+07  0.585670E+07  0.000000E+00  0.000000E+00  0.193091E+07  0.586688E+07
  0.394274E-01  0.585121E+07  0.581005E+07  0.000000E+00  0.000000E+00  0.190203E+07  0.582006E+07
  0.397573E-01  0.580471E+07  0.576391E+07  0.000000E+00  0.000000E+00  0.187357E+07  0.577373E+07
  0.400900E-01  0.575872E+07  0.571829E+07  0.000000E+00  0.000000E+00  0.184553E+07  0.572791E+07
  0.404255E-01  0.571323E+07  0.567319E+07  0.000000E+00  0.000000E+00  0.181790E+07  0.568259E+07
  0.407638E-01  0.566826E+07  0.562862E+07  0.000000E+00  0.000000E+00  0.179067E+07  0.563779E+07
  0.411049E-01  0.562380E+07  0.558457E+07  0.000000E+00  0.000000E+00  0.176386E+07  0.559350E+07
  0.414489E-01  0.557985E+07  0.554106E+07  0.000000E+00  0.000000E+00  0.173744E+07  0.554974E+07
  0.417957E-01  0.553643E+07  0.549808E+07  0.000000E+00  0.000000E+00  0.171143E+07  0.550649E+07
  0.421455E-01  0.549353E+07  0.545564E+07  0.000000E+00  0.000000E+00  0.168582E+07  0.546377E+07
  0.424982E-01  0.545116E+07  0.541373E+07  0.000000E+00  0.000000E+00  0.166061E+07  0.542158E+07
  0.428538E-01  0.540932E+07  0.537236E+07  0.000000E+00  0.000000E+00  0.163578E+07  0.537992E+07
  0.432124E-01  0.536799E+07  0.533153E+07  0.000000E+00  0.000000E+00  0.161134E+07  0.533878E+07
  0.435740E-01  0.532719E+07  0.529124E+07  0.000000E+00  0.000000E+00  0.158729E+07  0.529816E+07
  0.439387E-01  0.528692E+07  0.525147E+07  0.000000E+00  0.000000E+00  0.156361E+07  0.525806E+07
  0.443063E-01  0.524715E+07  0.521223E+07  0.000000E+00  0.000000E+00  0.154031E+07  0.521848E+07
  0.446771E-01  0.520790E+07  0.517351E+07  0.000000E+00  0.000000E+00  0.151737E+07  0.517942E+07
  0.450510E-01  0.516916E+07  0.513531E+07  0.000000E+00  0.000000E+00  0.149479E+07  0.514086E+07
  0.454280E-01  0.513092E+07  0.509763E+07  0.000000E+00  0.000000E+00  0.147257E+07  0.510281E+07
  0.458081E-01  0.509318E+07  0.506045E+07  0.000000E+00  0.000000E+00  0.145069E+07  0.506525E+07
  0.461914E-01  0.505593E+07  0.502376E+07  0.000000E+00  0.000000E+00  0.142916E+07  0.502819E+07
  0.465780E-01  0.501917E+07  0.498758E+07  0.000000E+00  0.000000E+00  0.140797E+07  0.499161E+07
  0.469678E-01  0.498288E+07  0.495187E+07  0.000000E+00  0.000000E+00  0.138711E+07  0.495551E+07
  0.473608E-01  0.494706E+07  0.491664E+07  0.000000E+00  0.000000E+00  0.136658E+07  0.491988E+07
  0.477571E-01  0.491170E+07  0.488186E+07  0.000000E+00  0.000000E+00  0.134637E+07  0.488470E+07
  0.481567E-01  0.487678E+07  0.484754E+07  0.000000E+00  0.000000E+00  0.132647E+07  0.484998E+07
  0.485597E-01  0.484230E+07  0.481365E+07  0.000000E+00  0.000000E+00  0.130688E+07  0.481568E+07
  0.489661E-01  0.480824E+07  0.478019E+07  0.000000E+00  0.000000E+00  0.128760E+07  0.478180E+07
  0.493758E-01  0.477459E+07  0.474714E+07  0.000000E+00  0.000000E+00  0.126860E+07  0.474833E+07
  0.497890E-01  0.474133E+07  0.471448E+07  0.000000E+00  0.000000E+00  0.124989E+07  0.471526E+07
  0.502057E-01  0.470844E+07  0.468220E+07  0.000000E+00  0.000000E+00  0.123146E+07  0.468256E+07
  0.506258E-01  0.467593E+07  0.465028E+07  0.000000E+00  0.000000E+00  0.121330E+07  0.465022E+07
  0.510494E-01  0.464375E+07  0.461870E+07  0.000000E+00  0.000000E+00  0.119540E+07  0.461823E+07
  0.514766E-01  0.461191E+07  0.458745E+07  0.000000E+00  0.000000E+00  0.117776E+07  0.458656E+07
  0.519074E-01  0.458037E+07  0.455651E+07  0.000000E+00  0.000000E+00  0.116037E+07  0.455521E+07
  0.523418E-01  0.454913E+07  0.452585E+07  0.000000E+00  0.000000E+00  0.114323E+07  0.452415E+07
  0.527798E-01  0.451816E+07  0.449546E+07  0.000000E+00  0.000000E+00  0.112632E+07  0.449336E+07
  0.532214E-01  0.448745E+07  0.446532E+07  0.000000E+00  0.000000E+00  0.110965E+07  0.446282E+07
  0.538486E-01  0.444466E+07  0.442332E+07  0.000000E+00  0.000000E+00  0.108658E+07  0.442028E+07
  0.544757E-01  0.440277E+07  0.438219E+07  0.000000E+00  0.000000E+00  0.106418E+07  0.437863E+07
  0.551029E-01  0.436169E+07  0.434184E+07  0.000000E+00  0.000000E+00  0.104242E+07  0.433778E+07
  0.557300E-01  0.432133E+07  0.430219E+07  0.000000E+00  0.000000E+00  0.102126E+07  0.429765E+07
  0.563572E-01  0.428164E+07  0.426317E+07  0.000000E+00  0.000000E+00  0.100068E+07  0.425818E+07
  0.569843E-01  0.424253E+07  0.422470E+07  0.000000E+00  0.000000E+00  0.980628E+06  0.421929E+07
  0.576114E-01  0.420395E+07  0.418672E+07  0.000000E+00  0.000000E+00  0.961091E+06  0.418092E+07
  0.582386E-01  0.416584E+07  0.414917E+07  0.000000E+00  0.000000E+00  0.942034E+06  0.414302E+07
  0.588657E-01  0.412812E+07  0.411199E+07  0.000000E+00  0.000000E+00  0.923430E+06  0.410550E+07
  0.594929E-01  0.409076E+07  0.407512E+07  0.000000E+00  0.000000E+00  0.905254E+06  0.406834E+07
  0.601200E-01  0.405369E+07  0.403852E+07  0.000000E+00  0.000000E+00  0.887485E+06  0.403146E+07
  0.607472E-01  0.401689E+07  0.400213E+07  0.000000E+00  0.000000E+00  0.870106E+06  0.399484E+07
  0.613743E-01  0.398030E+07  0.396593E+07  0.000000E+00  0.000000E+00  0.853098E+06  0.395844E+07
  0.620014E-01  0.394389E+07  0.392987E+07  0.000000E+00  0.000000E+00  0.836445E+06  0.392221E+07
  0.626286E-01  0.390763E+07  0.389392E+07  0.000000E+00  0.000000E+00  0.820130E+06  0.388612E+07
  0.632557E-01  0.387149E+07  0.385805E+07  0.000000E+00  0.000000E+00  0.804139E+06  0.385015E+07
  0.638829E-01  0.383544E+07  0.382225E+07  0.000000E+00  0.000000E+00  0.788459E+06  0.381426E+07
  0.645100E-01  0.379946E+07  0.378648E+07  0.000000E+00  0.000000E+00  0.773079E+06  0.377845E+07
  0.651371E-01  0.376355E+07  0.375074E+07  0.000000E+00  0.000000E+00  0.757987E+06  0.374269E+07
  0.657643E-01  0.372768E+07  0.371501E+07  0.000000E+00  0.000000E+00  0.743173E+06  0.370698E+07
  0.663914E-01  0.369185E+07  0.367929E+07  0.000000E+00  0.000000E+00  0.728631E+06  0.367130E+07
  0.670186E-01  0.365605E+07  0.364356E+07  0.000000E+00  0.000000E+00  0.714355E+06  0.363565E+07
  0.676457E-01  0.362028E+07  0.360784E+07  0.000000E+00  0.000000E+00  0.700338E+06  0.360002E+07
  0.682729E-01  0.358453E+07  0.357211E+07  0.000000E+00  0.000000E+00  0.686573E+06  0.356441E+07
  0.689000E-01  0.354882E+07  0.353640E+07  0.000000E+00  0.000000E+00  0.673054E+06  0.352884E+07
  0.695271E-01  0.351314E+07  0.350069E+07  0.000000E+00  0.000000E+00  0.659776E+06  0.349330E+07
  0.701543E-01  0.347752E+07  0.346501E+07  0.000000E+00  0.000000E+00  0.646737E+06  0.345780E+07
  0.707814E-01  0.344195E+07  0.342937E+07  0.000000E+00  0.000000E+00  0.633937E+06  0.342237E+07
  0.714086E-01  0.340645E+07  0.339378E+07  0.000000E+00  0.000000E+00  0.621370E+06  0.338700E+07
  0.720357E-01  0.337104E+07  0.335826E+07  0.000000E+00  0.000000E+00  0.609033E+06  0.335172E+07
  0.726629E-01  0.333574E+07  0.332283E+07  0.000000E+00  0.000000E+00  0.596924E+06  0.331655E+07
  0.732900E-01  0.330056E+07  0.328751E+07  0.000000E+00  0.000000E+00  0.585042E+06  0.328149E+07
  0.739172E-01  0.326553E+07  0.325232E+07  0.000000E+00  0.000000E+00  0.573387E+06  0.324659E+07
  0.745443E-01  0.323067E+07  0.321730E+07  0.000000E+00  0.000000E+00  0.561959E+06  0.321184E+07
  0.751714E-01  0.319599E+07  0.318245E+07  0.000000E+00  0.000000E+00  0.550754E+06  0.317729E+07
  0.757986E-01  0.316153E+07  0.314780E+07  0.000000E+00  0.000000E+00  0.539770E+06  0.314294E+07
  0.764257E-01  0.312730E+07  0.311339E+07  0.000000E+00  0.000000E+00  0.529006E+06  0.310884E+07
  0.770529E-01  0.309334E+07  0.307923E+07  0.000000E+00  0.000000E+00  0.518466E+06  0.307499E+07
  0.776800E-01  0.305966E+07  0.304536E+07  0.000000E+00  0.000000E+00  0.508146E+06  0.304142E+07
  0.783071E-01  0.302629E+07  0.301180E+07  0.000000E+00  0.000000E+00  0.498046E+06  0.300817E+07
  0.789343E-01  0.299325E+07  0.297858E+07  0.000000E+00  0.000000E+00  0.488165E+06  0.297526E+07
  0.795614E-01  0.296058E+07  0.294572E+07  0.000000E+00  0.000000E+00  0.478502E+06  0.294270E+07
  0.801886E-01  0.292830E+07  0.291326E+07  0.000000E+00  0.000000E+00  0.469058E+06  0.291053E+07
  0.808157E-01  0.289642E+07  0.288120E+07  0.000000E+00  0.000000E+00  0.459830E+06  0.287877E+07
  0.814429E-01  0.286497E+07  0.284959E+07  0.000000E+00  0.000000E+00  0.450818E+06  0.284744E+07
  0.820700E-01  0.283398E+07  0.281844E+07  0.000000E+00  0.000000E+00  0.442017E+06  0.281656E+07
  0.826971E-01  0.280345E+07  0.278776E+07  0.000000E+00  0.000000E+00  0.433429E+06  0.278615E+07
  0.833243E-01  0.277343E+07  0.275760E+07  0.000000E+00  0.000000E+00  0.425053E+06  0.275623E+07
  0.839514E-01  0.274391E+07  0.272796E+07  0.000000E+00  0.000000E+00  0.416886E+06  0.272683E+07
  0.845786E-01  0.271493E+07  0.269886E+07  0.000000E+00  0.000000E+00  0.408926E+06  0.269796E+07
  0.852057E-01  0.268649E+07  0.267032E+07  0.000000E+00  0.000000E+00  0.401171E+06  0.266964E+07
  0.858329E-01  0.265861E+07  0.264236E+07  0.000000E+00  0.000000E+00  0.393619E+06  0.264188E+07
  0.864600E-01  0.263130E+07  0.261498E+07  0.000000E+00  0.000000E+00  0.386268E+06  0.261468E+07
  0.870871E-01  0.260458E+07  0.258821E+07  0.000000E+00  0.000000E+00  0.379114E+06  0.258808E+07
  0.877143E-01  0.257846E+07  0.256204E+07  0.000000E+00  0.000000E+00  0.372153E+06  0.256207E+07
  0.883414E-01  0.255293E+07  0.253649E+07  0.000000E+00  0.000000E+00  0.365385E+06  0.253666E+07
  0.889686E-01  0.252801E+07  0.251157E+07  0.000000E+00  0.000000E+00  0.358804E+06  0.251185E+07
  0.895957E-01  0.250371E+07  0.248728E+07  0.000000E+00  0.000000E+00  0.352409E+06  0.248766E+07
  0.902229E-01  0.248002E+07  0.246362E+07  0.000000E+00  0.000000E+00  0.346195E+06  0.246409E+07
  0.908500E-01  0.245695E+07  0.244060E+07  0.000000E+00  0.000000E+00  0.340158E+06  0.244113E+07
  0.914771E-01  0.243450E+07  0.241820E+07  0.000000E+00  0.000000E+00  0.334296E+06  0.241879E+07
  0.921043E-01  0.241266E+07  0.239644E+07  0.000000E+00  0.000000E+00  0.328603E+06  0.239707E+07
  0.927314E-01  0.239143E+07  0.237531E+07  0.000000E+00  0.000000E+00  0.323075E+06  0.237595E+07
  0.933586E-01  0.237080E+07  0.235479E+07  0.000000E+00  0.000000E+00  0.317708E+06  0.235544E+07
  0.939857E-01  0.235077E+07  0.233489E+07  0.000000E+00  0.000000E+00  0.312498E+06  0.233552E+07
  0.946129E-01  0.233133E+07  0.231559E+07  0.000000E+00  0.000000E+00  0.307440E+06  0.231619E+07
  0.952400E-01  0.231246E+07  0.229688E+07  0.000000E+00  0.000000E+00  0.302531E+06  0.229744E+07
  0.958671E-01  0.229417E+07  0.227875E+07  0.000000E+00  0.000000E+00  0.297764E+06  0.227925E+07
  0.964943E-01  0.227642E+07  0.226119E+07  0.000000E+00  0.000000E+00  0.293135E+06  0.226162E+07
  0.971214E-01  0.225921E+07  0.224418E+07  0.000000E+00  0.000000E+00  0.288640E+06  0.224452E+07
  0.977486E-01  0.224253E+07  0.222770E+07  0.000000E+00  0.000000E+00  0.284274E+06  0.222794E+07
  0.983757E-01  0.222635E+07  0.221174E+07  0.000000E+00  0.000000E+00  0.280032E+06  0.221187E+07
  0.990029E-01  0.221066E+07  0.219628E+07  0.000000E+00  0.000000E+00  0.275910E+06  0.219629E+07
  0.996300E-01  0.219544E+07  0.218130E+07  0.000000E+00  0.000000E+00  0.271903E+06  0.218118E+07
  0.100257E+00  0.218067E+07  0.216678E+07  0.000000E+00  0.000000E+00  0.268006E+06  0.216652E+07
  0.100884E+00  0.216634E+07  0.215269E+07  0.000000E+00  0.000000E+00  0.264213E+06  0.215229E+07
  0.101511E+00  0.215241E+07  0.213902E+07  0.000000E+00  0.000000E+00  0.260521E+06  0.213846E+07
  0.102139E+00  0.213887E+07  0.212575E+07  0.000000E+00  0.000000E+00  0.256925E+06  0.212502E+07
  0.102766E+00  0.212570E+07  0.211284E+07  0.000000E+00  0.000000E+00  0.253421E+06  0.211195E+07
  0.103393E+00  0.211287E+07  0.210029E+07  0.000000E+00  0.000000E+00  0.250004E+06  0.209922E+07
  0.104020E+00  0.210036E+07  0.208805E+07  0.000000E+00  0.000000E+00  0.246671E+06  0.208682E+07
  0.104647E+00  0.208815E+07  0.207612E+07  0.000000E+00  0.000000E+00  0.243416E+06  0.207471E+07
  0.105274E+00  0.207622E+07  0.206446E+07  0.000000E+00  0.000000E+00  0.240234E+06  0.206287E+07
  0.105901E+00  0.206454E+07  0.205306E+07  0.000000E+00  0.000000E+00  0.237123E+06  0.205129E+07
  0.106529E+00  0.205310E+07  0.204189E+07  0.000000E+00  0.000000E+00  0.234078E+06  0.203994E+07
  0.107156E+00  0.204187E+07  0.203093E+07  0.000000E+00  0.000000E+00  0.231095E+06  0.202880E+07
  0.107783E+00  0.203082E+07  0.202015E+07  0.000000E+00  0.000000E+00  0.228173E+06  0.201785E+07
  0.108410E+00  0.201994E+07  0.200953E+07  0.000000E+00  0.000000E+00  0.225306E+06  0.200706E+07
  0.109037E+00  0.200921E+07  0.199906E+07  0.000000E+00  0.000000E+00  0.222492E+06  0.199642E+07
  0.109664E+00  0.199860E+07  0.198871E+07  0.000000E+00  0.000000E+00  0.219726E+06  0.198590E+07
  0.110291E+00  0.198810E+07  0.197845E+07  0.000000E+00  0.000000E+00  0.217007E+06  0.197549E+07
  0.110919E+00  0.197769E+07  0.196828E+07  0.000000E+00  0.000000E+00  0.214330E+06  0.196516E+07
  0.111546E+00  0.196735E+07  0.195817E+07  0.000000E+00  0.000000E+00  0.211695E+06  0.195490E+07
  0.112173E+00  0.195706E+07  0.194810E+07  0.000000E+00  0.000000E+00  0.209098E+06  0.194470E+07
  0.112800E+00  0.194680E+07  0.193806E+07  0.000000E+00  0.000000E+00  0.206536E+06  0.193452E+07
  0.113427E+00  0.193657E+07  0.192803E+07  0.000000E+00  0.000000E+00  0.204008E+06  0.192437E+07
  0.114054E+00  0.192634E+07  0.191799E+07  0.000000E+00  0.000000E+00  0.201510E+06  0.191421E+07
  0.114681E+00  0.191610E+07  0.190794E+07  0.000000E+00  0.000000E+00  0.199042E+06  0.190406E+07
  0.115309E+00  0.190584E+07  0.189786E+07  0.000000E+00  0.000000E+00  0.196602E+06  0.189387E+07
  0.115936E+00  0.189555E+07  0.188773E+07  0.000000E+00  0.000000E+00  0.194188E+06  0.188366E+07
  0.116563E+00  0.188522E+07  0.187755E+07  0.000000E+00  0.000000E+00  0.191800E+06  0.187340E+07
  0.117190E+00  0.187484E+07  0.186731E+07  0.000000E+00  0.000000E+00  0.189435E+06  0.186309E+07
  0.117817E+00  0.186440E+07  0.185700E+07  0.000000E+00  0.000000E+00  0.187091E+06  0.185272E+07
  0.118444E+00  0.185389E+07  0.184661E+07  0.000000E+00  0.000000E+00  0.184769E+06  0.184228E+07
  0.119071E+00  0.184331E+07  0.183613E+07  0.000000E+00  0.000000E+00  0.182467E+06  0.183177E+07
  0.119699E+00  0.183266E+07  0.182557E+07  0.000000E+00  0.000000E+00  0.180185E+06  0.182118E+07
  0.120326E+00  0.182192E+07  0.181492E+07  0.000000E+00  0.000000E+00  0.177922E+06  0.181051E+07
  0.120953E+00  0.181110E+07  0.180417E+07  0.000000E+00  0.000000E+00  0.175678E+06  0.179976E+07
  0.121580E+00  0.180019E+07  0.179333E+07  0.000000E+00  0.000000E+00  0.173452E+06  0.178892E+07
  0.122207E+00  0.178921E+07  0.178239E+07  0.000000E+00  0.000000E+00  0.171243E+06  0.177799E+07
  0.122834E+00  0.177813E+07  0.177136E+07  0.000000E+00  0.000000E+00  0.169052E+06  0.176698E+07
  0.123461E+00  0.176698E+07  0.176023E+07  0.000000E+00  0.000000E+00  0.166880E+06  0.175588E+07
  0.124089E+00  0.175574E+07  0.174901E+07  0.000000E+00  0.000000E+00  0.164725E+06  0.174471E+07
  0.124716E+00  0.174442E+07  0.173771E+07  0.000000E+00  0.000000E+00  0.162587E+06  0.173345E+07
  0.125343E+00  0.173303E+07  0.172632E+07  0.000000E+00  0.000000E+00  0.160468E+06  0.172212E+07
  0.125970E+00  0.172158E+07  0.171486E+07  0.000000E+00  0.000000E+00  0.158366E+06  0.171072E+07
  0.126597E+00  0.171006E+07  0.170332E+07  0.000000E+00  0.000000E+00  0.156283E+06  0.169926E+07
  0.127224E+00  0.169848E+07  0.169172E+07  0.000000E+00  0.000000E+00  0.154219E+06  0.168774E+07
  0.127851E+00  0.168686E+07  0.168007E+07  0.000000E+00  0.000000E+00  0.152174E+06  0.167617E+07
  0.128479E+00  0.167519E+07  0.166837E+07  0.000000E+00  0.000000E+00  0.150149E+06  0.166456E+07
  0.129106E+00  0.166349E+07  0.165662E+07  0.000000E+00  0.000000E+00  0.148143E+06  0.165291E+07
  0.129733E+00  0.165177E+07  0.164485E+07  0.000000E+00  0.000000E+00  0.146158E+06  0.164124E+07
  0.130360E+00  0.164003E+07  0.163306E+07  0.000000E+00  0.000000E+00  0.144194E+06  0.162955E+07
  0.130987E+00  0.162828E+07  0.162125E+07  0.000000E+00  0.000000E+00  0.142252E+06  0.161786E+07
  0.131614E+00  0.161653E+07  0.160945E+07  0.000000E+00  0.000000E+00  0.140333E+06  0.160617E+07
  0.132241E+00  0.160480E+07  0.159765E+07  0.000000E+00  0.000000E+00  0.138436E+06  0.159449E+07
  0.132869E+00  0.159309E+07  0.158588E+07  0.000000E+00  0.000000E+00  0.136562E+06  0.158283E+07
  0.133496E+00  0.158142E+07  0.157413E+07  0.000000E+00  0.000000E+00  0.134711E+06  0.157120E+07
  0.134123E+00  0.156978E+07  0.156243E+07  0.000000E+00  0.000000E+00  0.132886E+06  0.155962E+07
  0.134750E+00  0.155820E+07  0.155078E+07  0.000000E+00  0.000000E+00  0.131085E+06  0.154809E+07
  0.135377E+00  0.154669E+07  0.153920E+07  0.000000E+00  0.000000E+00  0.129309E+06  0.153663E+07
  0.136004E+00  0.153525E+07  0.152769E+07  0.000000E+00  0.000000E+00  0.127559E+06  0.152524E+07
  0.136631E+00  0.152389E+07  0.151626E+07  0.000000E+00  0.000000E+00  0.125836E+06  0.151394E+07
  0.137259E+00  0.151263E+07  0.150494E+07  0.000000E+00  0.000000E+00  0.124140E+06  0.150272E+07
  0.137886E+00  0.150147E+07  0.149371E+07  0.000000E+00  0.000000E+00  0.122470E+06  0.149162E+07
  0.138513E+00  0.149043E+07  0.148260E+07  0.000000E+00  0.000000E+00  0.120828E+06  0.148062E+07
  0.139140E+00  0.147950E+07  0.147162E+07  0.000000E+00  0.000000E+00  0.119213E+06  0.146974E+07
  0.139767E+00  0.146870E+07  0.146076E+07  0.000000E+00  0.000000E+00  0.117626E+06  0.145899E+07
  0.140394E+00  0.145804E+07  0.145005E+07  0.000000E+00  0.000000E+00  0.116067E+06  0.144838E+07
  0.141021E+00  0.144753E+07  0.143948E+07  0.000000E+00  0.000000E+00  0.114537E+06  0.143791E+07
  0.141649E+00  0.143716E+07  0.142907E+07  0.000000E+00  0.000000E+00  0.113035E+06  0.142760E+07
  0.142276E+00  0.142696E+07  0.141883E+07  0.000000E+00  0.000000E+00  0.111562E+06  0.141744E+07
  0.142903E+00  0.141692E+07  0.140875E+07  0.000000E+00  0.000000E+00  0.110117E+06  0.140745E+07
  0.143530E+00  0.140705E+07  0.139886E+07  0.000000E+00  0.000000E+00  0.108701E+06  0.139763E+07
  0.144157E+00  0.139736E+07  0.138914E+07  0.000000E+00  0.000000E+00  0.107314E+06  0.138799E+07
  0.144784E+00  0.138784E+07  0.137961E+07  0.000000E+00  0.000000E+00  0.105955E+06  0.137852E+07
  0.145411E+00  0.137852E+07  0.137027E+07  0.000000E+00  0.000000E+00  0.104624E+06  0.136924E+07
  0.146039E+00  0.136938E+07  0.136112E+07  0.000000E+00  0.000000E+00  0.103322E+06  0.136015E+07
  0.146666E+00  0.136043E+07  0.135218E+07  0.000000E+00  0.000000E+00  0.102048E+06  0.135125E+07
  0.147293E+00  0.135167E+07  0.134342E+07  0.000000E+00  0.000000E+00  0.100801E+06  0.134254E+07
  0.147920E+00  0.134311E+07  0.133487E+07  0.000000E+00  0.000000E+00  0.995815E+05  0.133403E+07
  0.148547E+00  0.133474E+07  0.132652E+07  0.000000E+00  0.000000E+00  0.983889E+05  0.132571E+07
  0.149174E+00  0.132657E+07  0.131837E+07  0.000000E+00  0.000000E+00  0.972227E+05  0.131758E+07
  0.149801E+00  0.131859E+07  0.131042E+07  0.000000E+00  0.000000E+00  0.960828E+05  0.130965E+07
  0.150429E+00  0.131080E+07  0.130267E+07  0.000000E+00  0.000000E+00  0.949688E+05  0.130191E+07
  0.151056E+00  0.130320E+07  0.129511E+07  0.000000E+00  0.000000E+00  0.938799E+05  0.129436E+07
  0.151683E+00  0.129579E+07  0.128774E+07  0.000000E+00  0.000000E+00  0.928154E+05  0.128699E+07
  0.152310E+00  0.128857E+07  0.128057E+07  0.000000E+00  0.000000E+00  0.917746E+05  0.127982E+07
  0.152937E+00  0.128152E+07  0.127359E+07  0.000000E+00  0.000000E+00  0.907572E+05  0.127282E+07
  0.153564E+00  0.127466E+07  0.126678E+07  0.000000E+00  0.000000E+00  0.897626E+05  0.126600E+07
  0.154191E+00  0.126797E+07  0.126016E+07  0.000000E+00  0.000000E+00  0.887902E+05  0.125936E+07
  0.154819E+00  0.126145E+07  0.125371E+07  0.000000E+00  0.000000E+00  0.878393E+05  0.125288E+07
  0.155446E+00  0.125509E+07  0.124743E+07  0.000000E+00  0.000000E+00  0.869093E+05  0.124657E+07
  0.156073E+00  0.124889E+07  0.124131E+07  0.000000E+00  0.000000E+00  0.859994E+05  0.124042E+07
  0.156700E+00  0.124285E+07  0.123535E+07  0.000000E+00  0.000000E+00  0.851090E+05  0.123442E+07
  0.157327E+00  0.123695E+07  0.122954E+07  0.000000E+00  0.000000E+00  0.842372E+05  0.122857E+07
  0.157954E+00  0.123120E+07  0.122388E+07  0.000000E+00  0.000000E+00  0.833833E+05  0.122286E+07
  0.158581E+00  0.122558E+07  0.121835E+07  0.000000E+00  0.000000E+00  0.825469E+05  0.121728E+07
  0.159209E+00  0.122009E+07  0.121295E+07  0.000000E+00  0.000000E+00  0.817272E+05  0.121184E+07
  0.159836E+00  0.121472E+07  0.120768E+07  0.000000E+00  0.000000E+00  0.809236E+05  0.120651E+07
  0.160463E+00  0.120946E+07  0.120252E+07  0.000000E+00  0.000000E+00  0.801351E+05  0.120130E+07
  0.161090E+00  0.120431E+07  0.119747E+07  0.000000E+00  0.000000E+00  0.793610E+05  0.119619E+07
  0.161717E+00  0.119926E+07  0.119253E+07  0.000000E+00  0.000000E+00  0.786007E+05  0.119118E+07
  0.162344E+00  0.119430E+07  0.118767E+07  0.000000E+00  0.000000E+00  0.778536E+05  0.118627E+07
  0.162971E+00  0.118943E+07  0.118290E+07  0.000000E+00  0.000000E+00  0.771191E+05  0.118143E+07
  0.163599E+00  0.118463E+07  0.117820E+07  0.000000E+00  0.000000E+00  0.763965E+05  0.117668E+07
  0.164226E+00  0.117990E+07  0.117357E+07  0.000000E+00  0.000000E+00  0.756849E+05  0.117199E+07
  0.164853E+00  0.117523E+07  0.116901E+07  0.000000E+00  0.000000E+00  0.749837E+05  0.116736E+07
  0.165480E+00  0.117062E+07  0.116449E+07  0.000000E+00  0.000000E+00  0.742923E+05  0.116279E+07
  0.166107E+00  0.116605E+07  0.116002E+07  0.000000E+00  0.000000E+00  0.736102E+05  0.115826E+07
  0.166734E+00  0.116152E+07  0.115559E+07  0.000000E+00  0.000000E+00  0.729369E+05  0.115377E+07
  0.167361E+00  0.115702E+07  0.115119E+07  0.000000E+00  0.000000E+00  0.722720E+05  0.114931E+07
  0.167989E+00  0.115255E+07  0.114682E+07  0.000000E+00  0.000000E+00  0.716149E+05  0.114488E+07
  0.168616E+00  0.114810E+07  0.114246E+07  0.000000E+00  0.000000E+00  0.709649E+05  0.114047E+07
  0.169243E+00  0.114367E+07  0.113811E+07  0.000000E+00  0.000000E+00  0.703214E+05  0.113607E+07
  0.169870E+00  0.113924E+07  0.113377E+07  0.000000E+00  0.000000E+00  0.696841E+05  0.113168E+07
  0.170497E+00  0.113482E+07  0.112943E+07  0.000000E+00  0.000000E+00  0.690528E+05  0.112729E+07
  0.171124E+00  0.113039E+07  0.112509E+07  0.000000E+00  0.000000E+00  0.684270E+05  0.112290E+07
  0.171751E+00  0.112596E+07  0.112073E+07  0.000000E+00  0.000000E+00  0.678066E+05  0.111850E+07
  0.172379E+00  0.112151E+07  0.111636E+07  0.000000E+00  0.000000E+00  0.671910E+05  0.111409E+07
  0.173006E+00  0.111705E+07  0.111197E+07  0.000000E+00  0.000000E+00  0.665799E+05  0.110967E+07
  0.173633E+00  0.111257E+07  0.110755E+07  0.000000E+00  0.000000E+00  0.659731E+05  0.110522E+07
  0.174260E+00  0.110807E+07  0.110311E+07  0.000000E+00  0.000000E+00  0.653703E+05  0.110075E+07
  0.174887E+00  0.110354E+07  0.109864E+07  0.000000E+00  0.000000E+00  0.647713E+05  0.109626E+07
  0.175514E+00  0.109898E+07  0.109414E+07  0.000000E+00  0.000000E+00  0.641760E+05  0.109173E+07
  0.176141E+00  0.109439E+07  0.108960E+07  0.000000E+00  0.000000E+00  0.635841E+05  0.108718E+07
  0.176769E+00  0.108977E+07  0.108503E+07  0.000000E+00  0.000000E+00  0.629955E+05  0.108259E+07
  0.177396E+00  0.108512E+07  0.108042E+07  0.000000E+00  0.000000E+00  0.624099E+05  0.107797E+07
  0.178023E+00  0.108042E+07  0.107576E+07  0.000000E+00  0.000000E+00  0.618275E+05  0.107331E+07
  0.178650E+00  0.107570E+07  0.107107E+07  0.000000E+00  0.000000E+00  0.612481E+05  0.106861E+07
  0.179277E+00  0.107093E+07  0.106633E+07  0.000000E+00  0.000000E+00  0.606718E+05  0.106387E+07
  0.179904E+00  0.106613E+07  0.106156E+07  0.000000E+00  0.000000E+00  0.600983E+05  0.105910E+07
  0.180531E+00  0.106129E+07  0.105674E+07  0.000000E+00  0.000000E+00  0.595276E+05  0.105429E+07
  0.181159E+00  0.105641E+07  0.105188E+07  0.000000E+00  0.000000E+00  0.589597E+05  0.104944E+07
  0.181786E+00  0.105150E+07  0.104699E+07  0.000000E+00  0.000000E+00  0.583947E+05  0.104456E+07
  0.182413E+00  0.104655E+07  0.104205E+07  0.000000E+00  0.000000E+00  0.578328E+05  0.103964E+07
  0.183040E+00  0.104157E+07  0.103708E+07  0.000000E+00  0.000000E+00  0.572740E+05  0.103469E+07
  0.183667E+00  0.103655E+07  0.103207E+07  0.000000E+00  0.000000E+00  0.567183E+05  0.102971E+07
  0.184294E+00  0.103151E+07  0.102703E+07  0.000000E+00  0.000000E+00  0.561658E+05  0.102469E+07
  0.184921E+00  0.102644E+07  0.102196E+07  0.000000E+00  0.000000E+00  0.556165E+05  0.101965E+07
  0.185549E+00  0.102135E+07  0.101687E+07  0.000000E+00  0.000000E+00  0.550705E+05  0.101459E+07
  0.186176E+00  0.101623E+07  0.101175E+07  0.000000E+00  0.000000E+00  0.545281E+05  0.100950E+07
  0.186803E+00  0.101110E+07  0.100661E+07  0.000000E+00  0.000000E+00  0.539895E+05  0.100440E+07
  0.187430E+00  0.100595E+07  0.100145E+07  0.000000E+00  0.000000E+00  0.534547E+05  0.999275E+06
  0.188057E+00  0.100079E+07  0.996275E+06  0.000000E+00  0.000000E+00  0.529238E+05  0.994142E+06
  0.188684E+00  0.995625E+06  0.991094E+06  0.000000E+00  0.000000E+00  0.523969E+05  0.989001E+06
  0.189311E+00  0.990451E+06  0.985905E+06  0.000000E+00  0.000000E+00  0.518743E+05  0.983854E+06
  0.189939E+00  0.985277E+06  0.980714E+06  0.000000E+00  0.000000E+00  0.513560E+05  0.978707E+06
  0.190566E+00  0.980105E+06  0.975524E+06  0.000000E+00  0.000000E+00  0.508422E+05  0.973561E+06
  0.191193E+00  0.974938E+06  0.970340E+06  0.000000E+00  0.000000E+00  0.503330E+05  0.968421E+06
  0.191820E+00  0.969782E+06  0.965164E+06  0.000000E+00  0.000000E+00  0.498287E+05  0.963291E+06
  0.192447E+00  0.964638E+06  0.960001E+06  0.000000E+00  0.000000E+00  0.493293E+05  0.958174E+06
  0.193074E+00  0.959512E+06  0.954854E+06  0.000000E+00  0.000000E+00  0.488350E+05  0.953073E+06
  0.193701E+00  0.954407E+06  0.949728E+06  0.000000E+00  0.000000E+00  0.483460E+05  0.947994E+06
  0.194329E+00  0.949326E+06  0.944627E+06  0.000000E+00  0.000000E+00  0.478623E+05  0.942938E+06
  0.194956E+00  0.944273E+06  0.939554E+06  0.000000E+00  0.000000E+00  0.473839E+05  0.937911E+06
  0.195583E+00  0.939251E+06  0.934513E+06  0.000000E+00  0.000000E+00  0.469111E+05  0.932915E+06
  0.196210E+00  0.934265E+06  0.929508E+06  0.000000E+00  0.000000E+00  0.464439E+05  0.927954E+06
  0.196837E+00  0.929317E+06  0.924542E+06  0.000000E+00  0.000000E+00  0.459827E+05  0.923032E+06
  0.197464E+00  0.924411E+06  0.919618E+06  0.000000E+00  0.000000E+00  0.455274E+05  0.918151E+06
  0.198091E+00  0.919550E+06  0.914741E+06  0.000000E+00  0.000000E+00  0.450780E+05  0.913315E+06
  0.198719E+00  0.914737E+06  0.909913E+06  0.000000E+00  0.000000E+00  0.446347E+05  0.908527E+06
  0.199346E+00  0.909974E+06  0.905137E+06  0.000000E+00  0.000000E+00  0.441973E+05  0.903790E+06
  0.199973E+00  0.905266E+06  0.900416E+06  0.000000E+00  0.000000E+00  0.437662E+05  0.899107E+06
  0.201943E+00  0.890852E+06  0.885975E+06  0.000000E+00  0.000000E+00  0.424529E+05  0.884771E+06
  0.203933E+00  0.876927E+06  0.872039E+06  0.000000E+00  0.000000E+00  0.411900E+05  0.870923E+06
  0.205942E+00  0.863553E+06  0.858677E+06  0.000000E+00  0.000000E+00  0.399792E+05  0.857628E+06
  0.207971E+00  0.850773E+06  0.845931E+06  0.000000E+00  0.000000E+00  0.388207E+05  0.844926E+06
  0.210020E+00  0.838609E+06  0.833822E+06  0.000000E+00  0.000000E+00  0.377141E+05  0.832840E+06
  0.212089E+00  0.827059E+06  0.822350E+06  0.000000E+00  0.000000E+00  0.366578E+05  0.821368E+06
  0.214178E+00  0.816103E+06  0.811490E+06  0.000000E+00  0.000000E+00  0.356488E+05  0.810489E+06
  0.216288E+00  0.805698E+06  0.801199E+06  0.000000E+00  0.000000E+00  0.346845E+05  0.800161E+06
  0.218419E+00  0.795783E+06  0.791412E+06  0.000000E+00  0.000000E+00  0.337604E+05  0.790322E+06
  0.220571E+00  0.786278E+06  0.782043E+06  0.000000E+00  0.000000E+00  0.328722E+05  0.780892E+06
  0.222744E+00  0.777090E+06  0.772997E+06  0.000000E+00  0.000000E+00  0.320147E+05  0.771778E+06
  0.224939E+00  0.768119E+06  0.764167E+06  0.000000E+00  0.000000E+00  0.311834E+05  0.762881E+06
  0.227155E+00  0.759266E+06  0.755451E+06  0.000000E+00  0.000000E+00  0.303733E+05  0.754099E+06
  0.229393E+00  0.750436E+06  0.746749E+06  0.000000E+00  0.000000E+00  0.295801E+05  0.745339E+06
  0.231653E+00  0.741544E+06  0.737971E+06  0.000000E+00  0.000000E+00  0.288005E+05  0.736515E+06
  0.233935E+00  0.732515E+06  0.729043E+06  0.000000E+00  0.000000E+00  0.280312E+05  0.727554E+06
  0.236240E+00  0.723293E+06  0.719904E+06  0.000000E+00  0.000000E+00  0.272703E+05  0.718398E+06
  0.238567E+00  0.713840E+06  0.710515E+06  0.000000E+00  0.000000E+00  0.265161E+05  0.709010E+06
  0.240918E+00  0.704141E+06  0.700861E+06  0.000000E+00  0.000000E+00  0.257685E+05  0.699374E+06
  0.243291E+00  0.694207E+06  0.690956E+06  0.000000E+00  0.000000E+00  0.250278E+05  0.689502E+06
  0.245688E+00  0.684069E+06  0.680833E+06  0.000000E+00  0.000000E+00  0.242957E+05  0.679426E+06
  0.248109E+00  0.673780E+06  0.670545E+06  0.000000E+00  0.000000E+00  0.235736E+05  0.669196E+06
  0.250553E+00  0.663402E+06  0.660162E+06  0.000000E+00  0.000000E+00  0.228640E+05  0.658879E+06
  0.253022E+00  0.653011E+06  0.649761E+06  0.000000E+00  0.000000E+00  0.221692E+05  0.648547E+06
  0.255515E+00  0.642688E+06  0.639428E+06  0.000000E+00  0.000000E+00  0.214916E+05  0.638283E+06
  0.258032E+00  0.632516E+06  0.629249E+06  0.000000E+00  0.000000E+00  0.208340E+05  0.628170E+06
  0.260574E+00  0.622574E+06  0.619307E+06  0.000000E+00  0.000000E+00  0.201981E+05  0.618287E+06
  0.263141E+00  0.612928E+06  0.609670E+06  0.000000E+00  0.000000E+00  0.195856E+05  0.608698E+06
  0.265734E+00  0.603623E+06  0.600388E+06  0.000000E+00  0.000000E+00  0.189972E+05  0.599452E+06
  0.268352E+00  0.594691E+06  0.591489E+06  0.000000E+00  0.000000E+00  0.184333E+05  0.590578E+06
  0.270996E+00  0.586141E+06  0.582985E+06  0.000000E+00  0.000000E+00  0.178934E+05  0.582084E+06
  0.273666E+00  0.577963E+06  0.574864E+06  0.000000E+00  0.000000E+00  0.173762E+05  0.573964E+06
  0.276362E+00  0.570128E+06  0.567097E+06  0.000000E+00  0.000000E+00  0.168806E+05  0.566186E+06
  0.279085E+00  0.562588E+06  0.559630E+06  0.000000E+00  0.000000E+00  0.164040E+05  0.558701E+06
  0.281834E+00  0.555281E+06  0.552400E+06  0.000000E+00  0.000000E+00  0.159444E+05  0.551449E+06
  0.284611E+00  0.548138E+06  0.545335E+06  0.000000E+00  0.000000E+00  0.154992E+05  0.544359E+06
  0.287415E+00  0.541091E+06  0.538363E+06  0.000000E+00  0.000000E+00  0.150662E+05  0.537366E+06
  0.290246E+00  0.534076E+06  0.531419E+06  0.000000E+00  0.000000E+00  0.146433E+05  0.530404E+06
  0.293106E+00  0.527038E+06  0.524443E+06  0.000000E+00  0.000000E+00  0.142287E+05  0.523417E+06
  0.295994E+00  0.519932E+06  0.517389E+06  0.000000E+00  0.000000E+00  0.138212E+05  0.516360E+06
  0.298910E+00  0.512731E+06  0.510232E+06  0.000000E+00  0.000000E+00  0.134201E+05  0.509209E+06
  0.301855E+00  0.505431E+06  0.502965E+06  0.000000E+00  0.000000E+00  0.130250E+05  0.501958E+06
  0.304829E+00  0.498046E+06  0.495604E+06  0.000000E+00  0.000000E+00  0.126364E+05  0.494620E+06
  0.307832E+00  0.490601E+06  0.488177E+06  0.000000E+00  0.000000E+00  0.122549E+05  0.487222E+06
  0.310865E+00  0.483136E+06  0.480726E+06  0.000000E+00  0.000000E+00  0.118814E+05  0.479804E+06
  0.313927E+00  0.475700E+06  0.473301E+06  0.000000E+00  0.000000E+00  0.115169E+05  0.472415E+06
  0.317020E+00  0.468348E+06  0.465961E+06  0.000000E+00  0.000000E+00  0.111625E+05  0.465108E+06
  0.320144E+00  0.461131E+06  0.458759E+06  0.000000E+00  0.000000E+00  0.108193E+05  0.457937E+06
  0.323298E+00  0.454090E+06  0.451736E+06  0.000000E+00  0.000000E+00  0.104879E+05  0.450940E+06
  0.326483E+00  0.447253E+06  0.444924E+06  0.000000E+00  0.000000E+00  0.101686E+05  0.444148E+06
  0.329699E+00  0.440638E+06  0.438340E+06  0.000000E+00  0.000000E+00  0.986155E+04  0.437578E+06
  0.332948E+00  0.434248E+06  0.431986E+06  0.000000E+00  0.000000E+00  0.956626E+04  0.431231E+06
  0.336228E+00  0.428067E+06  0.425847E+06  0.000000E+00  0.000000E+00  0.928215E+04  0.425094E+06
  0.339541E+00  0.422066E+06  0.419891E+06  0.000000E+00  0.000000E+00  0.900825E+04  0.419136E+06
  0.342886E+00  0.416209E+06  0.414080E+06  0.000000E+00  0.000000E+00  0.874350E+04  0.413322E+06
  0.346264E+00  0.410457E+06  0.408374E+06  0.000000E+00  0.000000E+00  0.848679E+04  0.407611E+06
  0.349675E+00  0.404769E+06  0.402729E+06  0.000000E+00  0.000000E+00  0.823710E+04  0.401964E+06
  0.353120E+00  0.399108E+06  0.397109E+06  0.000000E+00  0.000000E+00  0.799351E+04  0.396343E+06
  0.356599E+00  0.393448E+06  0.391484E+06  0.000000E+00  0.000000E+00  0.775538E+04  0.390722E+06
  0.360113E+00  0.387774E+06  0.385841E+06  0.000000E+00  0.000000E+00  0.752236E+04  0.385087E+06
  0.363660E+00  0.382087E+06  0.380180E+06  0.000000E+00  0.000000E+00  0.729429E+04  0.379439E+06
  0.367243E+00  0.376395E+06  0.374510E+06  0.000000E+00  0.000000E+00  0.707129E+04  0.373784E+06
  0.370861E+00  0.370716E+06  0.368851E+06  0.000000E+00  0.000000E+00  0.685367E+04  0.368143E+06
  0.374515E+00  0.365080E+06  0.363233E+06  0.000000E+00  0.000000E+00  0.664176E+04  0.362543E+06
  0.378205E+00  0.359515E+06  0.357686E+06  0.000000E+00  0.000000E+00  0.643602E+04  0.357015E+06
  0.381931E+00  0.354047E+06  0.352238E+06  0.000000E+00  0.000000E+00  0.623672E+04  0.351583E+06
  0.385694E+00  0.348696E+06  0.346909E+06  0.000000E+00  0.000000E+00  0.604403E+04  0.346268E+06
  0.389494E+00  0.343477E+06  0.341714E+06  0.000000E+00  0.000000E+00  0.585805E+04  0.341084E+06
  0.393331E+00  0.338392E+06  0.336656E+06  0.000000E+00  0.000000E+00  0.567860E+04  0.336034E+06
  0.397206E+00  0.333433E+06  0.331726E+06  0.000000E+00  0.000000E+00  0.550537E+04  0.331110E+06
  0.401120E+00  0.328582E+06  0.326905E+06  0.000000E+00  0.000000E+00  0.468121E+04  0.326289E+06
  0.405072E+00  0.323826E+06  0.322180E+06  0.000000E+00  0.000000E+00  0.453583E+04  0.321567E+06
  0.409062E+00  0.319140E+06  0.317524E+06  0.000000E+00  0.000000E+00  0.439487E+04  0.316913E+06
  0.413093E+00  0.314502E+06  0.312914E+06  0.000000E+00  0.000000E+00  0.425792E+04  0.312308E+06
  0.417162E+00  0.309897E+06  0.308336E+06  0.000000E+00  0.000000E+00  0.412471E+04  0.307736E+06
  0.421272E+00  0.305318E+06  0.303781E+06  0.000000E+00  0.000000E+00  0.399502E+04  0.303189E+06
  0.425423E+00  0.300763E+06  0.299247E+06  0.000000E+00  0.000000E+00  0.386875E+04  0.298664E+06
  0.429614E+00  0.296237E+06  0.294741E+06  0.000000E+00  0.000000E+00  0.374590E+04  0.294169E+06
  0.433847E+00  0.291752E+06  0.290275E+06  0.000000E+00  0.000000E+00  0.362653E+04  0.289714E+06
  0.438121E+00  0.287321E+06  0.285863E+06  0.000000E+00  0.000000E+00  0.351073E+04  0.285314E+06
  0.442437E+00  0.282958E+06  0.281519E+06  0.000000E+00  0.000000E+00  0.339855E+04  0.280980E+06
  0.446796E+00  0.278673E+06  0.277254E+06  0.000000E+00  0.000000E+00  0.329004E+04  0.276724E+06
  0.451198E+00  0.274473E+06  0.273075E+06  0.000000E+00  0.000000E+00  0.318516E+04  0.272553E+06
  0.455644E+00  0.270357E+06  0.268980E+06  0.000000E+00  0.000000E+00  0.308380E+04  0.268466E+06
  0.460133E+00  0.266321E+06  0.264967E+06  0.000000E+00  0.000000E+00  0.298581E+04  0.264458E+06
  0.464666E+00  0.262358E+06  0.261025E+06  0.000000E+00  0.000000E+00  0.289100E+04  0.260522E+06
  0.469244E+00  0.258454E+06  0.257144E+06  0.000000E+00  0.000000E+00  0.279916E+04  0.256646E+06
  0.473867E+00  0.254601E+06  0.253312E+06  0.000000E+00  0.000000E+00  0.271010E+04  0.252820E+06
  0.478536E+00  0.250791E+06  0.249522E+06  0.000000E+00  0.000000E+00  0.262367E+04  0.249036E+06
  0.483250E+00  0.247018E+06  0.245769E+06  0.000000E+00  0.000000E+00  0.253973E+04  0.245289E+06
  0.488011E+00  0.243282E+06  0.242052E+06  0.000000E+00  0.000000E+00  0.245824E+04  0.241580E+06
  0.492819E+00  0.239588E+06  0.238375E+06  0.000000E+00  0.000000E+00  0.237917E+04  0.237911E+06
  0.497674E+00  0.235940E+06  0.234744E+06  0.000000E+00  0.000000E+00  0.230249E+04  0.234288E+06
  0.502578E+00  0.232343E+06  0.231164E+06  0.000000E+00  0.000000E+00  0.222820E+04  0.230716E+06
  0.507529E+00  0.228804E+06  0.227642E+06  0.000000E+00  0.000000E+00  0.215629E+04  0.227201E+06
  0.512529E+00  0.225324E+06  0.224180E+06  0.000000E+00  0.000000E+00  0.208672E+04  0.223745E+06
  0.517579E+00  0.221904E+06  0.220777E+06  0.000000E+00  0.000000E+00  0.201941E+04  0.220349E+06
  0.522678E+00  0.218542E+06  0.217433E+06  0.000000E+00  0.000000E+00  0.195429E+04  0.217010E+06
  0.527828E+00  0.215232E+06  0.214140E+06  0.000000E+00  0.000000E+00  0.189125E+04  0.213723E+06
  0.533028E+00  0.211970E+06  0.210896E+06  0.000000E+00  0.000000E+00  0.183019E+04  0.210484E+06
  0.538279E+00  0.208752E+06  0.207695E+06  0.000000E+00  0.000000E+00  0.177101E+04  0.207289E+06
  0.543582E+00  0.205574E+06  0.204533E+06  0.000000E+00  0.000000E+00  0.171365E+04  0.204133E+06
  0.548938E+00  0.202436E+06  0.201410E+06  0.000000E+00  0.000000E+00  0.165804E+04  0.201016E+06
  0.554346E+00  0.199337E+06  0.198328E+06  0.000000E+00  0.000000E+00  0.160415E+04  0.197940E+06
  0.559808E+00  0.196281E+06  0.195286E+06  0.000000E+00  0.000000E+00  0.155193E+04  0.194905E+06
  0.565323E+00  0.193270E+06  0.192290E+06  0.000000E+00  0.000000E+00  0.150137E+04  0.191914E+06
  0.570893E+00  0.190304E+06  0.189339E+06  0.000000E+00  0.000000E+00  0.145243E+04  0.188969E+06
  0.576517E+00  0.187386E+06  0.186435E+06  0.000000E+00  0.000000E+00  0.140507E+04  0.186071E+06
  0.582197E+00  0.184513E+06  0.183577E+06  0.000000E+00  0.000000E+00  0.135924E+04  0.183218E+06
  0.587933E+00  0.181684E+06  0.180763E+06  0.000000E+00  0.000000E+00  0.131488E+04  0.180409E+06
  0.593725E+00  0.178897E+06  0.177991E+06  0.000000E+00  0.000000E+00  0.127194E+04  0.177642E+06
  0.599575E+00  0.176150E+06  0.175257E+06  0.000000E+00  0.000000E+00  0.123035E+04  0.174913E+06
  0.633827E+00  0.161296E+06  0.160478E+06  0.000000E+00  0.000000E+00  0.101838E+04  0.160163E+06
  0.670036E+00  0.147646E+06  0.146898E+06  0.000000E+00  0.000000E+00  0.842204E+03  0.146608E+06
  0.708314E+00  0.135094E+06  0.134409E+06  0.000000E+00  0.000000E+00  0.695855E+03  0.134144E+06
  0.748778E+00  0.123563E+06  0.122937E+06  0.000000E+00  0.000000E+00  0.574445E+03  0.122694E+06
  0.791554E+00  0.112975E+06  0.112402E+06  0.000000E+00  0.000000E+00  0.473817E+03  0.112180E+06
  0.836774E+00  0.103256E+06  0.102733E+06  0.000000E+00  0.000000E+00  0.390499E+03  0.102529E+06
  0.884577E+00  0.943407E+05  0.938629E+05  0.000000E+00  0.000000E+00  0.321584E+03  0.936765E+05
  0.935111E+00  0.861666E+05  0.857302E+05  0.000000E+00  0.000000E+00  0.264634E+03  0.855597E+05
  0.988532E+00  0.786740E+05  0.782755E+05  0.000000E+00  0.000000E+00  0.217609E+03  0.781197E+05
  0.104500E+01  0.718093E+05  0.714457E+05  0.000000E+00  0.000000E+00  0.178816E+03  0.713033E+05
  0.110470E+01  0.655235E+05  0.651918E+05  0.000000E+00  0.000000E+00  0.146840E+03  0.650617E+05
  0.116781E+01  0.597697E+05  0.594671E+05  0.000000E+00  0.000000E+00  0.120505E+03  0.593484E+05
  0.123453E+01  0.545045E+05  0.542286E+05  0.000000E+00  0.000000E+00  0.988300E+02  0.541202E+05
  0.130505E+01  0.496887E+05  0.494372E+05  0.000000E+00  0.000000E+00  0.810055E+02  0.493383E+05
  0.137961E+01  0.452858E+05  0.450566E+05  0.000000E+00  0.000000E+00  0.902791E+02  0.449666E+05
  0.145842E+01  0.412613E+05  0.410525E+05  0.000000E+00  0.000000E+00  0.740604E+02  0.409704E+05
  0.154174E+01  0.375844E+05  0.373942E+05  0.000000E+00  0.000000E+00  0.607175E+02  0.373194E+05
  0.162981E+01  0.342262E+05  0.340530E+05  0.000000E+00  0.000000E+00  0.497486E+02  0.339848E+05
  0.172292E+01  0.311599E+05  0.310022E+05  0.000000E+00  0.000000E+00  0.407375E+02  0.309401E+05
  0.182135E+01  0.283613E+05  0.282178E+05  0.000000E+00  0.000000E+00  0.333400E+02  0.281613E+05
  0.192540E+01  0.258077E+05  0.256771E+05  0.000000E+00  0.000000E+00  0.272711E+02  0.256256E+05
  0.203539E+01  0.234784E+05  0.233596E+05  0.000000E+00  0.000000E+00  0.222954E+02  0.233128E+05
