  0.745045E-04  0.198024E+08  0.198024E+08  0.257047E+08  0.257037E+08  0.198016E+08  0.198024E+08
  0.809793E-04  0.198022E+08  0.198022E+08  0.255796E+08  0.255784E+08  0.198012E+08  0.198022E+08
  0.880167E-04  0.198019E+08  0.198019E+08  0.254325E+08  0.254310E+08  0.198007E+08  0.198019E+08
  0.956657E-04  0.198016E+08  0.198016E+08  0.252597E+08  0.252580E+08  0.198001E+08  0.198016E+08
  0.103979E-03  0.198013E+08  0.198013E+08  0.250570E+08  0.250550E+08  0.197994E+08  0.198012E+08
  0.113016E-03  0.198008E+08  0.198008E+08  0.248194E+08  0.248170E+08  0.197986E+08  0.198008E+08
  0.122837E-03  0.198003E+08  0.198003E+08  0.245413E+08  0.245386E+08  0.197977E+08  0.198003E+08
  0.133512E-03  0.197998E+08  0.197998E+08  0.242166E+08  0.242134E+08  0.197966E+08  0.197997E+08
  0.145115E-03  0.197991E+08  0.197991E+08  0.238380E+08  0.238343E+08  0.197952E+08  0.197991E+08
  0.157726E-03  0.197983E+08  0.197983E+08  0.233977E+08  0.233935E+08  0.197937E+08  0.197982E+08
  0.171433E-03  0.197973E+08  0.197973E+08  0.228872E+08  0.228824E+08  0.197918E+08  0.197973E+08
  0.186331E-03  0.197962E+08  0.197962E+08  0.222973E+08  0.222918E+08  0.197896E+08  0.197961E+08
  0.202524E-03  0.197949E+08  0.197948E+08  0.216184E+08  0.216122E+08  0.197871E+08  0.197948E+08
  0.220125E-03  0.197933E+08  0.197933E+08  0.208409E+08  0.208339E+08  0.197840E+08  0.197932E+08
  0.239254E-03  0.197915E+08  0.197914E+08  0.199556E+08  0.199478E+08  0.197805E+08  0.197914E+08
  0.260046E-03  0.197893E+08  0.197893E+08  0.189546E+08  0.189461E+08  0.197763E+08  0.197892E+08
  0.282645E-03  0.197868E+08  0.197867E+08  0.178320E+08  0.178228E+08  0.197713E+08  0.197867E+08
  0.307209E-03  0.197838E+08  0.197838E+08  0.165855E+08  0.165757E+08  0.197655E+08  0.197837E+08
  0.333906E-03  0.197803E+08  0.197803E+08  0.152178E+08  0.152076E+08  0.197587E+08  0.197802E+08
  0.362924E-03  0.197762E+08  0.197762E+08  0.137385E+08  0.137282E+08  0.197506E+08  0.197760E+08
  0.394464E-03  0.197714E+08  0.197714E+08  0.121662E+08  0.121562E+08  0.197412E+08  0.197712E+08
  0.428744E-03  0.197659E+08  0.197658E+08  0.105301E+08  0.105208E+08  0.197302E+08  0.197656E+08
  0.466004E-03  0.197594E+08  0.197593E+08  0.887124E+07  0.886332E+07  0.197172E+08  0.197591E+08
  0.506501E-03  0.197518E+08  0.197518E+08  0.724270E+07  0.723670E+07  0.197021E+08  0.197515E+08
  0.550518E-03  0.197431E+08  0.197430E+08  0.570698E+07  0.570339E+07  0.196844E+08  0.197427E+08
  0.598361E-03  0.197330E+08  0.197329E+08  0.433089E+07  0.432998E+07  0.196638E+08  0.197325E+08
  0.650360E-03  0.197213E+08  0.197212E+08  0.317651E+07  0.317820E+07  0.196398E+08  0.197208E+08
  0.706879E-03  0.197078E+08  0.197078E+08  0.228876E+07  0.229248E+07  0.196119E+08  0.197072E+08
  0.768310E-03  0.196924E+08  0.196923E+08  0.168152E+07  0.168616E+07  0.195795E+08  0.196917E+08
  0.835079E-03  0.196747E+08  0.196746E+08  0.132656E+07  0.133065E+07  0.195422E+08  0.196739E+08
  0.907651E-03  0.196546E+08  0.196545E+08  0.115185E+07  0.115398E+07  0.194990E+08  0.196536E+08
  0.986530E-03  0.196316E+08  0.196315E+08  0.105616E+07  0.105561E+07  0.194493E+08  0.196304E+08
  0.107226E-02  0.196055E+08  0.196053E+08  0.941978E+06  0.939287E+06  0.193920E+08  0.196041E+08
  0.116545E-02  0.195759E+08  0.195757E+08  0.757806E+06  0.754792E+06  0.193264E+08  0.195743E+08
  0.126673E-02  0.195424E+08  0.195422E+08  0.525757E+06  0.524570E+06  0.192514E+08  0.195405E+08
  0.137681E-02  0.195045E+08  0.195043E+08  0.325091E+06  0.326509E+06  0.191658E+08  0.195023E+08
  0.149646E-02  0.194618E+08  0.194615E+08  0.224775E+06  0.227133E+06  0.190684E+08  0.194592E+08
  0.162651E-02  0.194137E+08  0.194133E+08  0.211689E+06  0.212233E+06  0.189582E+08  0.194108E+08
  0.176786E-02  0.193596E+08  0.193592E+08  0.198380E+06  0.196638E+06  0.188338E+08  0.193562E+08
  0.192150E-02  0.192990E+08  0.192986E+08  0.130880E+06  0.129762E+06  0.186942E+08  0.192951E+08
  0.208848E-02  0.192312E+08  0.192307E+08  0.635522E+05  0.648437E+05  0.185382E+08  0.192267E+08
  0.226998E-02  0.191554E+08  0.191548E+08  0.577928E+05  0.584457E+05  0.183649E+08  0.191504E+08
  0.246725E-02  0.190711E+08  0.190703E+08  0.597787E+05  0.578176E+05  0.181735E+08  0.190653E+08
  0.268167E-02  0.189773E+08  0.189765E+08  0.231800E+05  0.233802E+05  0.179632E+08  0.189708E+08
  0.291471E-02  0.188734E+08  0.188724E+08  0.158182E+05  0.166624E+05  0.177336E+08  0.188661E+08
  0.316801E-02  0.187585E+08  0.187573E+08  0.194638E+05  0.182368E+05  0.174842E+08  0.187503E+08
  0.344333E-02  0.186319E+08  0.186305E+08  0.944558E+03  0.111210E+04  0.172146E+08  0.186228E+08
  0.374257E-02  0.184927E+08  0.184911E+08  0.972579E+04  0.723196E+04  0.169244E+08  0.184826E+08
  0.406781E-02  0.183402E+08  0.183383E+08 -0.671849E+03 -0.297098E+04  0.166128E+08  0.183290E+08
  0.442132E-02  0.181735E+08  0.181713E+08  0.264879E+04  0.144631E+04  0.162791E+08  0.181612E+08
  0.480555E-02  0.179918E+08  0.179892E+08 -0.577874E+04 -0.445565E+04  0.159222E+08  0.179784E+08
  0.484576E-02  0.179728E+08  0.179702E+08 -0.523989E+04 -0.401738E+04  0.158852E+08  0.179593E+08
  0.488631E-02  0.179536E+08  0.179510E+08 -0.436119E+04 -0.337560E+04  0.158479E+08  0.179400E+08
  0.492720E-02  0.179343E+08  0.179316E+08 -0.327109E+04 -0.263885E+04  0.158104E+08  0.179205E+08
  0.496843E-02  0.179148E+08  0.179120E+08 -0.212619E+04 -0.192848E+04  0.157727E+08  0.179009E+08
  0.501001E-02  0.178951E+08  0.178924E+08 -0.108975E+04 -0.136063E+04  0.157347E+08  0.178811E+08
  0.505194E-02  0.178753E+08  0.178725E+08 -0.308595E+03 -0.102854E+04  0.156965E+08  0.178612E+08
  0.509421E-02  0.178553E+08  0.178525E+08  0.108327E+03 -0.987875E+03  0.156580E+08  0.178411E+08
  0.513684E-02  0.178352E+08  0.178323E+08  0.106324E+03 -0.124758E+04  0.156193E+08  0.178208E+08
  0.517983E-02  0.178149E+08  0.178119E+08 -0.306440E+03 -0.176792E+04  0.155803E+08  0.178004E+08
  0.522317E-02  0.177944E+08  0.177914E+08 -0.105984E+04 -0.246644E+04  0.155410E+08  0.177798E+08
  0.526688E-02  0.177738E+08  0.177707E+08 -0.203245E+04 -0.323108E+04  0.155016E+08  0.177590E+08
  0.531095E-02  0.177530E+08  0.177499E+08 -0.307064E+04 -0.393870E+04  0.154618E+08  0.177381E+08
  0.535540E-02  0.177320E+08  0.177288E+08 -0.401334E+04 -0.447601E+04  0.154218E+08  0.177170E+08
  0.540021E-02  0.177108E+08  0.177076E+08 -0.471852E+04 -0.475932E+04  0.153816E+08  0.176957E+08
  0.544540E-02  0.176895E+08  0.176863E+08 -0.508695E+04 -0.474973E+04  0.153411E+08  0.176743E+08
  0.549097E-02  0.176681E+08  0.176648E+08 -0.507897E+04 -0.446054E+04  0.153003E+08  0.176527E+08
  0.553692E-02  0.176464E+08  0.176431E+08 -0.472112E+04 -0.395553E+04  0.152593E+08  0.176309E+08
  0.558325E-02  0.176246E+08  0.176212E+08 -0.410093E+04 -0.333767E+04  0.152181E+08  0.176089E+08
  0.562997E-02  0.176026E+08  0.175991E+08 -0.335057E+04 -0.273020E+04  0.151766E+08  0.175868E+08
  0.567709E-02  0.175804E+08  0.175769E+08 -0.262185E+04 -0.225326E+04  0.151348E+08  0.175645E+08
  0.572459E-02  0.175581E+08  0.175545E+08 -0.205722E+04 -0.200053E+04  0.150928E+08  0.175421E+08
  0.577250E-02  0.175356E+08  0.175319E+08 -0.176210E+04 -0.202034E+04  0.150505E+08  0.175194E+08
  0.582080E-02  0.175129E+08  0.175092E+08 -0.178422E+04 -0.230553E+04  0.150080E+08  0.174966E+08
  0.586951E-02  0.174900E+08  0.174863E+08 -0.210438E+04 -0.279422E+04  0.149652E+08  0.174736E+08
  0.591863E-02  0.174670E+08  0.174632E+08 -0.264083E+04 -0.338216E+04  0.149221E+08  0.174504E+08
  0.596816E-02  0.174438E+08  0.174399E+08 -0.326696E+04 -0.394422E+04  0.148788E+08  0.174270E+08
  0.601810E-02  0.174204E+08  0.174164E+08 -0.383899E+04 -0.436110E+04  0.148353E+08  0.174035E+08
  0.606846E-02  0.173968E+08  0.173928E+08 -0.422783E+04 -0.454542E+04  0.147915E+08  0.173798E+08
  0.611924E-02  0.173730E+08  0.173690E+08 -0.434829E+04 -0.446151E+04  0.147474E+08  0.173559E+08
  0.617045E-02  0.173491E+08  0.173450E+08 -0.417891E+04 -0.413403E+04  0.147031E+08  0.173318E+08
  0.622208E-02  0.173250E+08  0.173208E+08 -0.376726E+04 -0.364303E+04  0.146585E+08  0.173076E+08
  0.627415E-02  0.173006E+08  0.172964E+08 -0.321907E+04 -0.310591E+04  0.146137E+08  0.172831E+08
  0.632665E-02  0.172762E+08  0.172718E+08  0.000000E+00  0.000000E+00  0.145686E+08  0.172585E+08
  0.637960E-02  0.172515E+08  0.172471E+08  0.000000E+00  0.000000E+00  0.145233E+08  0.172337E+08
  0.643298E-02  0.172266E+08  0.172222E+08  0.000000E+00  0.000000E+00  0.144777E+08  0.172087E+08
  0.648681E-02  0.172016E+08  0.171971E+08  0.000000E+00  0.000000E+00  0.144319E+08  0.171835E+08
  0.654110E-02  0.171764E+08  0.171718E+08  0.000000E+00  0.000000E+00  0.143858E+08  0.171581E+08
  0.659583E-02  0.171509E+08  0.171463E+08  0.000000E+00  0.000000E+00  0.143394E+08  0.171326E+08
  0.665103E-02  0.171253E+08  0.171206E+08  0.000000E+00  0.000000E+00  0.142928E+08  0.171068E+08
  0.670669E-02  0.170995E+08  0.170947E+08  0.000000E+00  0.000000E+00  0.142460E+08  0.170809E+08
  0.676281E-02  0.170735E+08  0.170687E+08  0.000000E+00  0.000000E+00  0.141989E+08  0.170547E+08
  0.681940E-02  0.170474E+08  0.170424E+08  0.000000E+00  0.000000E+00  0.141516E+08  0.170284E+08
  0.687647E-02  0.170210E+08  0.170159E+08  0.000000E+00  0.000000E+00  0.141040E+08  0.170019E+08
  0.693401E-02  0.169944E+08  0.169893E+08  0.000000E+00  0.000000E+00  0.140562E+08  0.169752E+08
  0.699203E-02  0.169677E+08  0.169625E+08  0.000000E+00  0.000000E+00  0.140081E+08  0.169483E+08
  0.705054E-02  0.169407E+08  0.169354E+08  0.000000E+00  0.000000E+00  0.139598E+08  0.169212E+08
  0.710954E-02  0.169136E+08  0.169082E+08  0.000000E+00  0.000000E+00  0.139112E+08  0.168939E+08
  0.716904E-02  0.168862E+08  0.168808E+08  0.000000E+00  0.000000E+00  0.138624E+08  0.168664E+08
  0.722903E-02  0.168587E+08  0.168532E+08  0.000000E+00  0.000000E+00  0.138134E+08  0.168387E+08
  0.728952E-02  0.168309E+08  0.168253E+08  0.000000E+00  0.000000E+00  0.137641E+08  0.168108E+08
  0.735052E-02  0.168030E+08  0.167973E+08  0.000000E+00  0.000000E+00  0.137146E+08  0.167827E+08
  0.741203E-02  0.167749E+08  0.167691E+08  0.000000E+00  0.000000E+00  0.136648E+08  0.167544E+08
  0.747406E-02  0.167465E+08  0.167406E+08  0.000000E+00  0.000000E+00  0.136148E+08  0.167259E+08
  0.753660E-02  0.167180E+08  0.167120E+08  0.000000E+00  0.000000E+00  0.135646E+08  0.166973E+08
  0.759967E-02  0.166892E+08  0.166832E+08  0.000000E+00  0.000000E+00  0.135141E+08  0.166684E+08
  0.766327E-02  0.166603E+08  0.166541E+08  0.000000E+00  0.000000E+00  0.134634E+08  0.166393E+08
  0.772739E-02  0.166312E+08  0.166249E+08  0.000000E+00  0.000000E+00  0.134125E+08  0.166100E+08
  0.779206E-02  0.166018E+08  0.165955E+08  0.000000E+00  0.000000E+00  0.133614E+08  0.165805E+08
  0.785726E-02  0.165722E+08  0.165658E+08  0.000000E+00  0.000000E+00  0.133100E+08  0.165508E+08
  0.792301E-02  0.165425E+08  0.165359E+08  0.000000E+00  0.000000E+00  0.132583E+08  0.165208E+08
  0.798931E-02  0.165125E+08  0.165059E+08  0.000000E+00  0.000000E+00  0.132065E+08  0.164907E+08
  0.805617E-02  0.164823E+08  0.164756E+08  0.000000E+00  0.000000E+00  0.131544E+08  0.164604E+08
  0.812359E-02  0.164519E+08  0.164451E+08  0.000000E+00  0.000000E+00  0.131021E+08  0.164298E+08
  0.819156E-02  0.164213E+08  0.164144E+08  0.000000E+00  0.000000E+00  0.130496E+08  0.163991E+08
  0.826011E-02  0.163905E+08  0.163835E+08  0.000000E+00  0.000000E+00  0.129969E+08  0.163681E+08
  0.832923E-02  0.163595E+08  0.163524E+08  0.000000E+00  0.000000E+00  0.129439E+08  0.163370E+08
  0.839893E-02  0.163283E+08  0.163210E+08  0.000000E+00  0.000000E+00  0.128908E+08  0.163056E+08
  0.846922E-02  0.162968E+08  0.162895E+08  0.000000E+00  0.000000E+00  0.128374E+08  0.162740E+08
  0.854009E-02  0.162652E+08  0.162577E+08  0.000000E+00  0.000000E+00  0.127838E+08  0.162422E+08
  0.861155E-02  0.162333E+08  0.162257E+08  0.000000E+00  0.000000E+00  0.127300E+08  0.162101E+08
  0.868362E-02  0.162012E+08  0.161935E+08  0.000000E+00  0.000000E+00  0.126759E+08  0.161779E+08
  0.875628E-02  0.161689E+08  0.161611E+08  0.000000E+00  0.000000E+00  0.126217E+08  0.161454E+08
  0.882956E-02  0.161364E+08  0.161284E+08  0.000000E+00  0.000000E+00  0.125672E+08  0.161128E+08
  0.890344E-02  0.161037E+08  0.160956E+08  0.000000E+00  0.000000E+00  0.125126E+08  0.160799E+08
  0.897795E-02  0.160707E+08  0.160625E+08  0.000000E+00  0.000000E+00  0.124577E+08  0.160467E+08
  0.905308E-02  0.160375E+08  0.160292E+08  0.000000E+00  0.000000E+00  0.124027E+08  0.160134E+08
  0.912884E-02  0.160041E+08  0.159957E+08  0.000000E+00  0.000000E+00  0.123474E+08  0.159799E+08
  0.920523E-02  0.159705E+08  0.159619E+08  0.000000E+00  0.000000E+00  0.122919E+08  0.159461E+08
  0.928226E-02  0.159367E+08  0.159280E+08  0.000000E+00  0.000000E+00  0.122363E+08  0.159121E+08
  0.935993E-02  0.159026E+08  0.158938E+08  0.000000E+00  0.000000E+00  0.121804E+08  0.158779E+08
  0.943826E-02  0.158683E+08  0.158593E+08  0.000000E+00  0.000000E+00  0.121244E+08  0.158434E+08
  0.951724E-02  0.158338E+08  0.158247E+08  0.000000E+00  0.000000E+00  0.120681E+08  0.158087E+08
  0.959688E-02  0.157991E+08  0.157898E+08  0.000000E+00  0.000000E+00  0.120117E+08  0.157738E+08
  0.967719E-02  0.157641E+08  0.157547E+08  0.000000E+00  0.000000E+00  0.119551E+08  0.157387E+08
  0.975817E-02  0.157289E+08  0.157194E+08  0.000000E+00  0.000000E+00  0.118983E+08  0.157034E+08
  0.983983E-02  0.156935E+08  0.156838E+08  0.000000E+00  0.000000E+00  0.118413E+08  0.156678E+08
  0.992217E-02  0.156578E+08  0.156480E+08  0.000000E+00  0.000000E+00  0.117841E+08  0.156320E+08
  0.100052E-01  0.156219E+08  0.156120E+08  0.000000E+00  0.000000E+00  0.117268E+08  0.155959E+08
  0.100889E-01  0.155858E+08  0.155757E+08  0.000000E+00  0.000000E+00  0.116693E+08  0.155597E+08
  0.101733E-01  0.155495E+08  0.155392E+08  0.000000E+00  0.000000E+00  0.116116E+08  0.155232E+08
  0.102585E-01  0.155129E+08  0.155025E+08  0.000000E+00  0.000000E+00  0.115537E+08  0.154864E+08
  0.103443E-01  0.154761E+08  0.154656E+08  0.000000E+00  0.000000E+00  0.114957E+08  0.154495E+08
  0.104309E-01  0.154391E+08  0.154284E+08  0.000000E+00  0.000000E+00  0.114375E+08  0.154123E+08
  0.105182E-01  0.154018E+08  0.153909E+08  0.000000E+00  0.000000E+00  0.113791E+08  0.153748E+08
  0.106062E-01  0.153643E+08  0.153533E+08  0.000000E+00  0.000000E+00  0.113206E+08  0.153372E+08
  0.106949E-01  0.153265E+08  0.153153E+08  0.000000E+00  0.000000E+00  0.112619E+08  0.152993E+08
  0.107844E-01  0.152885E+08  0.152772E+08  0.000000E+00  0.000000E+00  0.112030E+08  0.152611E+08
  0.108747E-01  0.152503E+08  0.152388E+08  0.000000E+00  0.000000E+00  0.111440E+08  0.152228E+08
  0.109657E-01  0.152119E+08  0.152002E+08  0.000000E+00  0.000000E+00  0.110848E+08  0.151841E+08
  0.110575E-01  0.151732E+08  0.151613E+08  0.000000E+00  0.000000E+00  0.110255E+08  0.151453E+08
  0.111500E-01  0.151342E+08  0.151222E+08  0.000000E+00  0.000000E+00  0.109660E+08  0.151062E+08
  0.112433E-01  0.150950E+08  0.150828E+08  0.000000E+00  0.000000E+00  0.109064E+08  0.150668E+08
  0.113374E-01  0.150556E+08  0.150432E+08  0.000000E+00  0.000000E+00  0.108467E+08  0.150273E+08
  0.114322E-01  0.150159E+08  0.150034E+08  0.000000E+00  0.000000E+00  0.107868E+08  0.149874E+08
  0.115279E-01  0.149760E+08  0.149633E+08  0.000000E+00  0.000000E+00  0.107268E+08  0.149474E+08
  0.116244E-01  0.149359E+08  0.149230E+08  0.000000E+00  0.000000E+00  0.106666E+08  0.149071E+08
  0.117217E-01  0.148955E+08  0.148824E+08  0.000000E+00  0.000000E+00  0.106063E+08  0.148665E+08
  0.118197E-01  0.148548E+08  0.148415E+08  0.000000E+00  0.000000E+00  0.105459E+08  0.148257E+08
  0.119187E-01  0.148139E+08  0.148005E+08  0.000000E+00  0.000000E+00  0.104853E+08  0.147847E+08
  0.120184E-01  0.147728E+08  0.147591E+08  0.000000E+00  0.000000E+00  0.104246E+08  0.147434E+08
  0.121190E-01  0.147314E+08  0.147175E+08  0.000000E+00  0.000000E+00  0.103638E+08  0.147018E+08
  0.122204E-01  0.146898E+08  0.146757E+08  0.000000E+00  0.000000E+00  0.103029E+08  0.146601E+08
  0.123226E-01  0.146479E+08  0.146336E+08  0.000000E+00  0.000000E+00  0.102419E+08  0.146180E+08
  0.124258E-01  0.146058E+08  0.145913E+08  0.000000E+00  0.000000E+00  0.101808E+08  0.145757E+08
  0.125297E-01  0.145634E+08  0.145487E+08  0.000000E+00  0.000000E+00  0.101195E+08  0.145332E+08
  0.126346E-01  0.145207E+08  0.145059E+08  0.000000E+00  0.000000E+00  0.100582E+08  0.144904E+08
  0.127403E-01  0.144778E+08  0.144628E+08  0.000000E+00  0.000000E+00  0.999670E+07  0.144474E+08
  0.128469E-01  0.144347E+08  0.144194E+08  0.000000E+00  0.000000E+00  0.993514E+07  0.144041E+08
  0.129544E-01  0.143913E+08  0.143758E+08  0.000000E+00  0.000000E+00  0.987349E+07  0.143605E+08
  0.130628E-01  0.143477E+08  0.143319E+08  0.000000E+00  0.000000E+00  0.981174E+07  0.143167E+08
  0.131722E-01  0.143038E+08  0.142878E+08  0.000000E+00  0.000000E+00  0.974990E+07  0.142727E+08
  0.132824E-01  0.142596E+08  0.142434E+08  0.000000E+00  0.000000E+00  0.968798E+07  0.142284E+08
  0.133935E-01  0.142152E+08  0.141988E+08  0.000000E+00  0.000000E+00  0.962597E+07  0.141838E+08
  0.135056E-01  0.141705E+08  0.141539E+08  0.000000E+00  0.000000E+00  0.956388E+07  0.141390E+08
  0.136186E-01  0.141256E+08  0.141088E+08  0.000000E+00  0.000000E+00  0.950172E+07  0.140940E+08
  0.137326E-01  0.140804E+08  0.140633E+08  0.000000E+00  0.000000E+00  0.943948E+07  0.140486E+08
  0.138475E-01  0.140350E+08  0.140177E+08  0.000000E+00  0.000000E+00  0.937718E+07  0.140030E+08
  0.139634E-01  0.139893E+08  0.139717E+08  0.000000E+00  0.000000E+00  0.931480E+07  0.139572E+08
  0.140802E-01  0.139433E+08  0.139255E+08  0.000000E+00  0.000000E+00  0.925236E+07  0.139111E+08
  0.141981E-01  0.138971E+08  0.138791E+08  0.000000E+00  0.000000E+00  0.918987E+07  0.138648E+08
  0.143169E-01  0.138506E+08  0.138324E+08  0.000000E+00  0.000000E+00  0.912731E+07  0.138181E+08
  0.144367E-01  0.138039E+08  0.137854E+08  0.000000E+00  0.000000E+00  0.906471E+07  0.137713E+08
  0.145575E-01  0.137569E+08  0.137382E+08  0.000000E+00  0.000000E+00  0.900205E+07  0.137241E+08
  0.146793E-01  0.137097E+08  0.136906E+08  0.000000E+00  0.000000E+00  0.893935E+07  0.136768E+08
  0.148021E-01  0.136621E+08  0.136429E+08  0.000000E+00  0.000000E+00  0.887661E+07  0.136291E+08
  0.149260E-01  0.136144E+08  0.135949E+08  0.000000E+00  0.000000E+00  0.881383E+07  0.135812E+08
  0.150509E-01  0.135663E+08  0.135466E+08  0.000000E+00  0.000000E+00  0.875102E+07  0.135330E+08
  0.151769E-01  0.135180E+08  0.134980E+08  0.000000E+00  0.000000E+00  0.868818E+07  0.134846E+08
  0.153039E-01  0.134695E+08  0.134492E+08  0.000000E+00  0.000000E+00  0.862530E+07  0.134359E+08
  0.154319E-01  0.134207E+08  0.134001E+08  0.000000E+00  0.000000E+00  0.856241E+07  0.133870E+08
  0.155611E-01  0.133716E+08  0.133508E+08  0.000000E+00  0.000000E+00  0.849950E+07  0.133378E+08
  0.156913E-01  0.133222E+08  0.133011E+08  0.000000E+00  0.000000E+00  0.843657E+07  0.132883E+08
  0.158226E-01  0.132726E+08  0.132513E+08  0.000000E+00  0.000000E+00  0.837363E+07  0.132386E+08
  0.159550E-01  0.132228E+08  0.132011E+08  0.000000E+00  0.000000E+00  0.831069E+07  0.131886E+08
  0.160885E-01  0.131726E+08  0.131507E+08  0.000000E+00  0.000000E+00  0.824774E+07  0.131383E+08
  0.162231E-01  0.131223E+08  0.131001E+08  0.000000E+00  0.000000E+00  0.818479E+07  0.130878E+08
  0.163589E-01  0.130716E+08  0.130491E+08  0.000000E+00  0.000000E+00  0.812184E+07  0.130371E+08
  0.164958E-01  0.130207E+08  0.129980E+08  0.000000E+00  0.000000E+00  0.805891E+07  0.129860E+08
  0.166338E-01  0.129695E+08  0.129465E+08  0.000000E+00  0.000000E+00  0.799599E+07  0.129348E+08
  0.167730E-01  0.129181E+08  0.128948E+08  0.000000E+00  0.000000E+00  0.793308E+07  0.128832E+08
  0.169134E-01  0.128664E+08  0.128428E+08  0.000000E+00  0.000000E+00  0.787020E+07  0.128314E+08
  0.170549E-01  0.128145E+08  0.127906E+08  0.000000E+00  0.000000E+00  0.780734E+07  0.127794E+08
  0.171976E-01  0.127623E+08  0.127381E+08  0.000000E+00  0.000000E+00  0.774451E+07  0.127270E+08
  0.173415E-01  0.127098E+08  0.126853E+08  0.000000E+00  0.000000E+00  0.768172E+07  0.126745E+08
  0.174867E-01  0.126571E+08  0.126323E+08  0.000000E+00  0.000000E+00  0.761896E+07  0.126216E+08
  0.176330E-01  0.126042E+08  0.125790E+08  0.000000E+00  0.000000E+00  0.755625E+07  0.125686E+08
  0.177805E-01  0.125509E+08  0.125255E+08  0.000000E+00  0.000000E+00  0.749358E+07  0.125152E+08
  0.179293E-01  0.124974E+08  0.124717E+08  0.000000E+00  0.000000E+00  0.743097E+07  0.124617E+08
  0.180794E-01  0.124437E+08  0.124177E+08  0.000000E+00  0.000000E+00  0.736841E+07  0.124078E+08
  0.182307E-01  0.123897E+08  0.123634E+08  0.000000E+00  0.000000E+00  0.730591E+07  0.123537E+08
  0.183832E-01  0.123355E+08  0.123089E+08  0.000000E+00  0.000000E+00  0.724348E+07  0.122994E+08
  0.185371E-01  0.122810E+08  0.122541E+08  0.000000E+00  0.000000E+00  0.718111E+07  0.122448E+08
  0.186922E-01  0.122263E+08  0.121990E+08  0.000000E+00  0.000000E+00  0.711882E+07  0.121900E+08
  0.188486E-01  0.121713E+08  0.121437E+08  0.000000E+00  0.000000E+00  0.705661E+07  0.121349E+08
  0.190063E-01  0.121161E+08  0.120882E+08  0.000000E+00  0.000000E+00  0.699448E+07  0.120796E+08
  0.191654E-01  0.120606E+08  0.120324E+08  0.000000E+00  0.000000E+00  0.693244E+07  0.120240E+08
  0.193257E-01  0.120049E+08  0.119763E+08  0.000000E+00  0.000000E+00  0.687049E+07  0.119682E+08
  0.194875E-01  0.119489E+08  0.119201E+08  0.000000E+00  0.000000E+00  0.680864E+07  0.119122E+08
  0.196505E-01  0.118927E+08  0.118635E+08  0.000000E+00  0.000000E+00  0.674689E+07  0.118559E+08
  0.198150E-01  0.118363E+08  0.118068E+08  0.000000E+00  0.000000E+00  0.668525E+07  0.117994E+08
  0.199808E-01  0.117796E+08  0.117498E+08  0.000000E+00  0.000000E+00  0.662372E+07  0.117426E+08
  0.201480E-01  0.117227E+08  0.116926E+08  0.000000E+00  0.000000E+00  0.656230E+07  0.116857E+08
  0.203166E-01  0.116656E+08  0.116351E+08  0.000000E+00  0.000000E+00  0.650101E+07  0.116285E+08
  0.204866E-01  0.116082E+08  0.115774E+08  0.000000E+00  0.000000E+00  0.643984E+07  0.115710E+08
  0.206580E-01  0.115507E+08  0.115195E+08  0.000000E+00  0.000000E+00  0.637880E+07  0.115134E+08
  0.208309E-01  0.114928E+08  0.114614E+08  0.000000E+00  0.000000E+00  0.631789E+07  0.114555E+08
  0.210052E-01  0.114348E+08  0.114030E+08  0.000000E+00  0.000000E+00  0.625713E+07  0.113974E+08
  0.211810E-01  0.113766E+08  0.113445E+08  0.000000E+00  0.000000E+00  0.619651E+07  0.113391E+08
  0.213583E-01  0.113181E+08  0.112857E+08  0.000000E+00  0.000000E+00  0.613604E+07  0.112806E+08
  0.215370E-01  0.112595E+08  0.112267E+08  0.000000E+00  0.000000E+00  0.607573E+07  0.112218E+08
  0.217172E-01  0.112006E+08  0.111675E+08  0.000000E+00  0.000000E+00  0.601558E+07  0.111629E+08
  0.218989E-01  0.111415E+08  0.111081E+08  0.000000E+00  0.000000E+00  0.595559E+07  0.111038E+08
  0.220822E-01  0.110822E+08  0.110485E+08  0.000000E+00  0.000000E+00  0.589577E+07  0.110444E+08
  0.222670E-01  0.110227E+08  0.109887E+08  0.000000E+00  0.000000E+00  0.583612E+07  0.109849E+08
  0.224533E-01  0.109631E+08  0.109287E+08  0.000000E+00  0.000000E+00  0.577666E+07  0.109252E+08
  0.226412E-01  0.109032E+08  0.108685E+08  0.000000E+00  0.000000E+00  0.571738E+07  0.108653E+08
  0.228307E-01  0.108432E+08  0.108081E+08  0.000000E+00  0.000000E+00  0.565830E+07  0.108052E+08
  0.230217E-01  0.107829E+08  0.107475E+08  0.000000E+00  0.000000E+00  0.559941E+07  0.107449E+08
  0.232144E-01  0.107225E+08  0.106868E+08  0.000000E+00  0.000000E+00  0.554071E+07  0.106845E+08
  0.234086E-01  0.106620E+08  0.106259E+08  0.000000E+00  0.000000E+00  0.548223E+07  0.106239E+08
  0.236045E-01  0.106012E+08  0.105649E+08  0.000000E+00  0.000000E+00  0.542396E+07  0.105631E+08
  0.238020E-01  0.105403E+08  0.105036E+08  0.000000E+00  0.000000E+00  0.536590E+07  0.105022E+08
  0.240012E-01  0.104793E+08  0.104423E+08  0.000000E+00  0.000000E+00  0.530806E+07  0.104411E+08
  0.242021E-01  0.104181E+08  0.103807E+08  0.000000E+00  0.000000E+00  0.525046E+07  0.103798E+08
  0.244046E-01  0.103567E+08  0.103191E+08  0.000000E+00  0.000000E+00  0.519308E+07  0.103185E+08
  0.246088E-01  0.102952E+08  0.102572E+08  0.000000E+00  0.000000E+00  0.513594E+07  0.102569E+08
  0.248147E-01  0.102336E+08  0.101953E+08  0.000000E+00  0.000000E+00  0.507904E+07  0.101953E+08
  0.250224E-01  0.101718E+08  0.101332E+08  0.000000E+00  0.000000E+00  0.502240E+07  0.101335E+08
  0.252318E-01  0.101099E+08  0.100710E+08  0.000000E+00  0.000000E+00  0.496600E+07  0.100716E+08
  0.254429E-01  0.100479E+08  0.100087E+08  0.000000E+00  0.000000E+00  0.490987E+07  0.100096E+08
  0.256558E-01  0.998583E+07  0.994634E+07  0.000000E+00  0.000000E+00  0.485400E+07  0.994751E+07
  0.258705E-01  0.992362E+07  0.988384E+07  0.000000E+00  0.000000E+00  0.479839E+07  0.988529E+07
  0.260870E-01  0.986132E+07  0.982124E+07  0.000000E+00  0.000000E+00  0.474307E+07  0.982299E+07
  0.263053E-01  0.979892E+07  0.975855E+07  0.000000E+00  0.000000E+00  0.468802E+07  0.976059E+07
  0.265255E-01  0.973644E+07  0.969579E+07  0.000000E+00  0.000000E+00  0.463326E+07  0.969812E+07
  0.267474E-01  0.967390E+07  0.963296E+07  0.000000E+00  0.000000E+00  0.457878E+07  0.963558E+07
  0.269713E-01  0.961128E+07  0.957007E+07  0.000000E+00  0.000000E+00  0.452461E+07  0.957298E+07
  0.271970E-01  0.954861E+07  0.950712E+07  0.000000E+00  0.000000E+00  0.447073E+07  0.951032E+07
  0.274245E-01  0.948588E+07  0.944413E+07  0.000000E+00  0.000000E+00  0.441716E+07  0.944761E+07
  0.276540E-01  0.942312E+07  0.938111E+07  0.000000E+00  0.000000E+00  0.436390E+07  0.938486E+07
  0.278854E-01  0.936032E+07  0.931805E+07  0.000000E+00  0.000000E+00  0.431096E+07  0.932208E+07
  0.281188E-01  0.929749E+07  0.925498E+07  0.000000E+00  0.000000E+00  0.425834E+07  0.925929E+07
  0.283541E-01  0.923465E+07  0.919189E+07  0.000000E+00  0.000000E+00  0.420604E+07  0.919647E+07
  0.285914E-01  0.917181E+07  0.912881E+07  0.000000E+00  0.000000E+00  0.415408E+07  0.913366E+07
  0.288306E-01  0.910896E+07  0.906573E+07  0.000000E+00  0.000000E+00  0.410245E+07  0.907085E+07
  0.290719E-01  0.904613E+07  0.900267E+07  0.000000E+00  0.000000E+00  0.405116E+07  0.900805E+07
  0.293152E-01  0.898332E+07  0.893964E+07  0.000000E+00  0.000000E+00  0.400022E+07  0.894528E+07
  0.295605E-01  0.892054E+07  0.887665E+07  0.000000E+00  0.000000E+00  0.394963E+07  0.888255E+07
  0.298078E-01  0.885780E+07  0.881371E+07  0.000000E+00  0.000000E+00  0.389940E+07  0.881985E+07
  0.300573E-01  0.879511E+07  0.875082E+07  0.000000E+00  0.000000E+00  0.384952E+07  0.875722E+07
  0.303088E-01  0.873248E+07  0.868801E+07  0.000000E+00  0.000000E+00  0.380001E+07  0.869464E+07
  0.305624E-01  0.866992E+07  0.862527E+07  0.000000E+00  0.000000E+00  0.375087E+07  0.863214E+07
  0.308182E-01  0.860745E+07  0.856263E+07  0.000000E+00  0.000000E+00  0.370210E+07  0.856973E+07
  0.310761E-01  0.854507E+07  0.850008E+07  0.000000E+00  0.000000E+00  0.365371E+07  0.850741E+07
  0.313361E-01  0.848279E+07  0.843765E+07  0.000000E+00  0.000000E+00  0.360570E+07  0.844520E+07
  0.315983E-01  0.842063E+07  0.837535E+07  0.000000E+00  0.000000E+00  0.355808E+07  0.838311E+07
  0.318628E-01  0.835860E+07  0.831318E+07  0.000000E+00  0.000000E+00  0.351085E+07  0.832114E+07
  0.321294E-01  0.829670E+07  0.825116E+07  0.000000E+00  0.000000E+00  0.346401E+07  0.825932E+07
  0.323983E-01  0.823495E+07  0.818929E+07  0.000000E+00  0.000000E+00  0.341758E+07  0.819765E+07
  0.326694E-01  0.817336E+07  0.812760E+07  0.000000E+00  0.000000E+00  0.337154E+07  0.813614E+07
  0.329428E-01  0.811194E+07  0.806609E+07  0.000000E+00  0.000000E+00  0.332592E+07  0.807481E+07
  0.332184E-01  0.805071E+07  0.800478E+07  0.000000E+00  0.000000E+00  0.328070E+07  0.801367E+07
  0.334964E-01  0.798968E+07  0.794367E+07  0.000000E+00  0.000000E+00  0.323590E+07  0.795272E+07
  0.337767E-01  0.792885E+07  0.788278E+07  0.000000E+00  0.000000E+00  0.319152E+07  0.789199E+07
  0.340594E-01  0.786824E+07  0.782213E+07  0.000000E+00  0.000000E+00  0.314756E+07  0.783148E+07
  0.343444E-01  0.780786E+07  0.776172E+07  0.000000E+00  0.000000E+00  0.310403E+07  0.777120E+07
  0.346318E-01  0.774773E+07  0.770156E+07  0.000000E+00  0.000000E+00  0.306092E+07  0.771117E+07
  0.349216E-01  0.768785E+07  0.764167E+07  0.000000E+00  0.000000E+00  0.301825E+07  0.765140E+07
  0.352138E-01  0.762824E+07  0.758206E+07  0.000000E+00  0.000000E+00  0.297601E+07  0.759190E+07
  0.355085E-01  0.756891E+07  0.752275E+07  0.000000E+00  0.000000E+00  0.293421E+07  0.753268E+07
  0.358056E-01  0.750987E+07  0.746374E+07  0.000000E+00  0.000000E+00  0.289284E+07  0.747376E+07
  0.361052E-01  0.745114E+07  0.740505E+07  0.000000E+00  0.000000E+00  0.285192E+07  0.741514E+07
  0.364074E-01  0.739272E+07  0.734669E+07  0.000000E+00  0.000000E+00  0.281145E+07  0.735685E+07
  0.367120E-01  0.733463E+07  0.728867E+07  0.000000E+00  0.000000E+00  0.277142E+07  0.729888E+07
  0.370193E-01  0.727688E+07  0.723100E+07  0.000000E+00  0.000000E+00  0.273183E+07  0.724126E+07
  0.373290E-01  0.721948E+07  0.717370E+07  0.000000E+00  0.000000E+00  0.269270E+07  0.718399E+07
  0.376414E-01  0.716244E+07  0.711677E+07  0.000000E+00  0.000000E+00  0.265402E+07  0.712708E+07
  0.379564E-01  0.710578E+07  0.706023E+07  0.000000E+00  0.000000E+00  0.261579E+07  0.707055E+07
  0.382740E-01  0.704950E+07  0.700410E+07  0.000000E+00  0.000000E+00  0.257801E+07  0.701442E+07
  0.385943E-01  0.699363E+07  0.694838E+07  0.000000E+00  0.000000E+00  0.254069E+07  0.695868E+07
  0.389173E-01  0.693816E+07  0.689308E+07  0.000000E+00  0.000000E+00  0.250382E+07  0.690336E+07
  0.392429E-01  0.688311E+07  0.683822E+07  0.000000E+00  0.000000E+00  0.246742E+07  0.684846E+07
  0.395713E-01  0.682849E+07  0.678380E+07  0.000000E+00  0.000000E+00  0.243146E+07  0.679398E+07
  0.399025E-01  0.677431E+07  0.672984E+07  0.000000E+00  0.000000E+00  0.239597E+07  0.673996E+07
  0.402364E-01  0.672058E+07  0.667634E+07  0.000000E+00  0.000000E+00  0.236093E+07  0.668638E+07
  0.405731E-01  0.666731E+07  0.662331E+07  0.000000E+00  0.000000E+00  0.232635E+07  0.663326E+07
  0.409126E-01  0.661451E+07  0.657077E+07  0.000000E+00  0.000000E+00  0.229223E+07  0.658062E+07
  0.412550E-01  0.656218E+07  0.651872E+07  0.000000E+00  0.000000E+00  0.225856E+07  0.652845E+07
  0.416002E-01  0.651034E+07  0.646717E+07  0.000000E+00  0.000000E+00  0.222535E+07  0.647677E+07
  0.419483E-01  0.645900E+07  0.641613E+07  0.000000E+00  0.000000E+00  0.219260E+07  0.642559E+07
  0.422993E-01  0.640815E+07  0.636561E+07  0.000000E+00  0.000000E+00  0.216029E+07  0.637491E+07
  0.426533E-01  0.635782E+07  0.631562E+07  0.000000E+00  0.000000E+00  0.212844E+07  0.632475E+07
  0.430102E-01  0.630800E+07  0.626615E+07  0.000000E+00  0.000000E+00  0.209704E+07  0.627510E+07
  0.433702E-01  0.625870E+07  0.621722E+07  0.000000E+00  0.000000E+00  0.206609E+07  0.622597E+07
  0.437331E-01  0.620993E+07  0.616883E+07  0.000000E+00  0.000000E+00  0.203558E+07  0.617737E+07
  0.440990E-01  0.616168E+07  0.612098E+07  0.000000E+00  0.000000E+00  0.200551E+07  0.612930E+07
  0.444681E-01  0.611397E+07  0.607368E+07  0.000000E+00  0.000000E+00  0.197587E+07  0.608177E+07
  0.448402E-01  0.606680E+07  0.602693E+07  0.000000E+00  0.000000E+00  0.194668E+07  0.603478E+07
  0.452154E-01  0.602017E+07  0.598074E+07  0.000000E+00  0.000000E+00  0.191791E+07  0.598833E+07
  0.455938E-01  0.597409E+07  0.593510E+07  0.000000E+00  0.000000E+00  0.188958E+07  0.594242E+07
  0.459753E-01  0.592855E+07  0.589003E+07  0.000000E+00  0.000000E+00  0.186167E+07  0.589707E+07
  0.463601E-01  0.588357E+07  0.584552E+07  0.000000E+00  0.000000E+00  0.183418E+07  0.585227E+07
  0.467480E-01  0.583913E+07  0.580157E+07  0.000000E+00  0.000000E+00  0.180712E+07  0.580801E+07
  0.471392E-01  0.579524E+07  0.575818E+07  0.000000E+00  0.000000E+00  0.178047E+07  0.576431E+07
  0.475337E-01  0.575190E+07  0.571536E+07  0.000000E+00  0.000000E+00  0.175422E+07  0.572116E+07
  0.479314E-01  0.570911E+07  0.567308E+07  0.000000E+00  0.000000E+00  0.172839E+07  0.567855E+07
  0.483325E-01  0.566685E+07  0.563136E+07  0.000000E+00  0.000000E+00  0.170295E+07  0.563648E+07
  0.487370E-01  0.562513E+07  0.559018E+07  0.000000E+00  0.000000E+00  0.167790E+07  0.559495E+07
  0.491448E-01  0.558394E+07  0.554954E+07  0.000000E+00  0.000000E+00  0.165325E+07  0.555395E+07
  0.495561E-01  0.554328E+07  0.550944E+07  0.000000E+00  0.000000E+00  0.162897E+07  0.551347E+07
  0.499708E-01  0.550313E+07  0.546986E+07  0.000000E+00  0.000000E+00  0.160506E+07  0.547352E+07
  0.503889E-01  0.546350E+07  0.543081E+07  0.000000E+00  0.000000E+00  0.158153E+07  0.543408E+07
  0.508106E-01  0.542438E+07  0.539226E+07  0.000000E+00  0.000000E+00  0.155836E+07  0.539514E+07
  0.512358E-01  0.538575E+07  0.535422E+07  0.000000E+00  0.000000E+00  0.153554E+07  0.535670E+07
  0.516645E-01  0.534761E+07  0.531668E+07  0.000000E+00  0.000000E+00  0.151307E+07  0.531875E+07
  0.520969E-01  0.530994E+07  0.527961E+07  0.000000E+00  0.000000E+00  0.149095E+07  0.528128E+07
  0.525328E-01  0.527274E+07  0.524301E+07  0.000000E+00  0.000000E+00  0.146917E+07  0.524426E+07
  0.529724E-01  0.523599E+07  0.520686E+07  0.000000E+00  0.000000E+00  0.144771E+07  0.520770E+07
  0.534157E-01  0.519967E+07  0.517115E+07  0.000000E+00  0.000000E+00  0.142658E+07  0.517157E+07
  0.538627E-01  0.516378E+07  0.513586E+07  0.000000E+00  0.000000E+00  0.140577E+07  0.513587E+07
  0.543134E-01  0.512829E+07  0.510099E+07  0.000000E+00  0.000000E+00  0.138525E+07  0.510057E+07
  0.547679E-01  0.509320E+07  0.506650E+07  0.000000E+00  0.000000E+00  0.136504E+07  0.506566E+07
  0.552262E-01  0.505848E+07  0.503238E+07  0.000000E+00  0.000000E+00  0.134512E+07  0.503113E+07
  0.556884E-01  0.502411E+07  0.499862E+07  0.000000E+00  0.000000E+00  0.132548E+07  0.499695E+07
  0.561544E-01  0.499008E+07  0.496519E+07  0.000000E+00  0.000000E+00  0.130611E+07  0.496311E+07
  0.566243E-01  0.495637E+07  0.493208E+07  0.000000E+00  0.000000E+00  0.128702E+07  0.492958E+07
  0.570981E-01  0.492296E+07  0.489925E+07  0.000000E+00  0.000000E+00  0.126818E+07  0.489635E+07
  0.575759E-01  0.488983E+07  0.486670E+07  0.000000E+00  0.000000E+00  0.124960E+07  0.486340E+07
  0.580577E-01  0.485695E+07  0.483440E+07  0.000000E+00  0.000000E+00  0.123127E+07  0.483070E+07
  0.587476E-01  0.481075E+07  0.478900E+07  0.000000E+00  0.000000E+00  0.120569E+07  0.478475E+07
  0.594375E-01  0.476549E+07  0.474451E+07  0.000000E+00  0.000000E+00  0.118085E+07  0.473974E+07
  0.601273E-01  0.472109E+07  0.470085E+07  0.000000E+00  0.000000E+00  0.115671E+07  0.469558E+07
  0.608172E-01  0.467745E+07  0.465791E+07  0.000000E+00  0.000000E+00  0.113323E+07  0.465217E+07
  0.615070E-01  0.463449E+07  0.461564E+07  0.000000E+00  0.000000E+00  0.111038E+07  0.460945E+07
  0.621969E-01  0.459216E+07  0.457394E+07  0.000000E+00  0.000000E+00  0.108812E+07  0.456734E+07
  0.628867E-01  0.455036E+07  0.453275E+07  0.000000E+00  0.000000E+00  0.106642E+07  0.452576E+07
  0.635766E-01  0.450905E+07  0.449200E+07  0.000000E+00  0.000000E+00  0.104525E+07  0.448466E+07
  0.642665E-01  0.446815E+07  0.445164E+07  0.000000E+00  0.000000E+00  0.102458E+07  0.444398E+07
  0.649563E-01  0.442761E+07  0.441159E+07  0.000000E+00  0.000000E+00  0.100438E+07  0.440364E+07
  0.656462E-01  0.438737E+07  0.437180E+07  0.000000E+00  0.000000E+00  0.984626E+06  0.436360E+07
  0.663360E-01  0.434740E+07  0.433224E+07  0.000000E+00  0.000000E+00  0.965301E+06  0.432381E+07
  0.670259E-01  0.430764E+07  0.429286E+07  0.000000E+00  0.000000E+00  0.946386E+06  0.428424E+07
  0.677157E-01  0.426806E+07  0.425362E+07  0.000000E+00  0.000000E+00  0.927861E+06  0.424485E+07
  0.684056E-01  0.422862E+07  0.421448E+07  0.000000E+00  0.000000E+00  0.909710E+06  0.420559E+07
  0.690955E-01  0.418930E+07  0.417543E+07  0.000000E+00  0.000000E+00  0.891915E+06  0.416645E+07
  0.697853E-01  0.415007E+07  0.413642E+07  0.000000E+00  0.000000E+00  0.874465E+06  0.412739E+07
  0.704752E-01  0.411091E+07  0.409745E+07  0.000000E+00  0.000000E+00  0.857346E+06  0.408839E+07
  0.711650E-01  0.407180E+07  0.405851E+07  0.000000E+00  0.000000E+00  0.840547E+06  0.404945E+07
  0.718549E-01  0.403274E+07  0.401957E+07  0.000000E+00  0.000000E+00  0.824057E+06  0.401055E+07
  0.725447E-01  0.399371E+07  0.398064E+07  0.000000E+00  0.000000E+00  0.807867E+06  0.397168E+07
  0.732346E-01  0.395472E+07  0.394170E+07  0.000000E+00  0.000000E+00  0.791973E+06  0.393284E+07
  0.739245E-01  0.391575E+07  0.390277E+07  0.000000E+00  0.000000E+00  0.776368E+06  0.389403E+07
  0.746143E-01  0.387681E+07  0.386383E+07  0.000000E+00  0.000000E+00  0.761044E+06  0.385524E+07
  0.753042E-01  0.383791E+07  0.382491E+07  0.000000E+00  0.000000E+00  0.745995E+06  0.381648E+07
  0.759940E-01  0.379906E+07  0.378602E+07  0.000000E+00  0.000000E+00  0.731215E+06  0.377778E+07
  0.766839E-01  0.376027E+07  0.374715E+07  0.000000E+00  0.000000E+00  0.716703E+06  0.373913E+07
  0.773737E-01  0.372155E+07  0.370834E+07  0.000000E+00  0.000000E+00  0.702458E+06  0.370055E+07
  0.780636E-01  0.368292E+07  0.366960E+07  0.000000E+00  0.000000E+00  0.688475E+06  0.366205E+07
  0.787535E-01  0.364439E+07  0.363096E+07  0.000000E+00  0.000000E+00  0.674752E+06  0.362367E+07
  0.794433E-01  0.360600E+07  0.359242E+07  0.000000E+00  0.000000E+00  0.661284E+06  0.358541E+07
  0.801332E-01  0.356776E+07  0.355402E+07  0.000000E+00  0.000000E+00  0.648072E+06  0.354730E+07
  0.808230E-01  0.352969E+07  0.351579E+07  0.000000E+00  0.000000E+00  0.635115E+06  0.350937E+07
  0.815129E-01  0.349183E+07  0.347775E+07  0.000000E+00  0.000000E+00  0.622415E+06  0.347163E+07
  0.822027E-01  0.345419E+07  0.343993E+07  0.000000E+00  0.000000E+00  0.609966E+06  0.343412E+07
  0.828926E-01  0.341680E+07  0.340235E+07  0.000000E+00  0.000000E+00  0.597767E+06  0.339686E+07
  0.835825E-01  0.337969E+07  0.336505E+07  0.000000E+00  0.000000E+00  0.585818E+06  0.335988E+07
  0.842723E-01  0.334288E+07  0.332805E+07  0.000000E+00  0.000000E+00  0.574119E+06  0.332320E+07
  0.849622E-01  0.330642E+07  0.329138E+07  0.000000E+00  0.000000E+00  0.562671E+06  0.328686E+07
  0.856520E-01  0.327031E+07  0.325509E+07  0.000000E+00  0.000000E+00  0.551471E+06  0.325088E+07
  0.863419E-01  0.323460E+07  0.321918E+07  0.000000E+00  0.000000E+00  0.540518E+06  0.321530E+07
  0.870317E-01  0.319930E+07  0.318370E+07  0.000000E+00  0.000000E+00  0.529812E+06  0.318013E+07
  0.877216E-01  0.316445E+07  0.314866E+07  0.000000E+00  0.000000E+00  0.519352E+06  0.314540E+07
  0.884115E-01  0.313006E+07  0.311411E+07  0.000000E+00  0.000000E+00  0.509138E+06  0.311114E+07
  0.891013E-01  0.309617E+07  0.308006E+07  0.000000E+00  0.000000E+00  0.499165E+06  0.307738E+07
  0.897912E-01  0.306280E+07  0.304653E+07  0.000000E+00  0.000000E+00  0.489433E+06  0.304413E+07
  0.904810E-01  0.302997E+07  0.301355E+07  0.000000E+00  0.000000E+00  0.479940E+06  0.301142E+07
  0.911709E-01  0.299769E+07  0.298115E+07  0.000000E+00  0.000000E+00  0.470686E+06  0.297927E+07
  0.918607E-01  0.296600E+07  0.294934E+07  0.000000E+00  0.000000E+00  0.461667E+06  0.294770E+07
  0.925506E-01  0.293490E+07  0.291814E+07  0.000000E+00  0.000000E+00  0.452880E+06  0.291673E+07
  0.932405E-01  0.290442E+07  0.288758E+07  0.000000E+00  0.000000E+00  0.444325E+06  0.288637E+07
  0.939303E-01  0.287457E+07  0.285766E+07  0.000000E+00  0.000000E+00  0.435997E+06  0.285665E+07
  0.946202E-01  0.284536E+07  0.282839E+07  0.000000E+00  0.000000E+00  0.427895E+06  0.282756E+07
  0.953100E-01  0.281681E+07  0.279980E+07  0.000000E+00  0.000000E+00  0.420013E+06  0.279913E+07
  0.959999E-01  0.278891E+07  0.277189E+07  0.000000E+00  0.000000E+00  0.412348E+06  0.277136E+07
  0.966897E-01  0.276168E+07  0.274466E+07  0.000000E+00  0.000000E+00  0.404897E+06  0.274426E+07
  0.973796E-01  0.273513E+07  0.271812E+07  0.000000E+00  0.000000E+00  0.397657E+06  0.271782E+07
  0.980695E-01  0.270925E+07  0.269227E+07  0.000000E+00  0.000000E+00  0.390623E+06  0.269207E+07
  0.987593E-01  0.268406E+07  0.266713E+07  0.000000E+00  0.000000E+00  0.383790E+06  0.266700E+07
  0.994492E-01  0.265954E+07  0.264267E+07  0.000000E+00  0.000000E+00  0.377156E+06  0.264260E+07
  0.100139E+00  0.263569E+07  0.261892E+07  0.000000E+00  0.000000E+00  0.370714E+06  0.261888E+07
  0.100829E+00  0.261251E+07  0.259584E+07  0.000000E+00  0.000000E+00  0.364460E+06  0.259582E+07
  0.101519E+00  0.259000E+07  0.257345E+07  0.000000E+00  0.000000E+00  0.358389E+06  0.257343E+07
  0.102209E+00  0.256814E+07  0.255173E+07  0.000000E+00  0.000000E+00  0.352495E+06  0.255169E+07
  0.102898E+00  0.254693E+07  0.253066E+07  0.000000E+00  0.000000E+00  0.346774E+06  0.253060E+07
  0.103588E+00  0.252635E+07  0.251025E+07  0.000000E+00  0.000000E+00  0.341221E+06  0.251014E+07
  0.104278E+00  0.250639E+07  0.249047E+07  0.000000E+00  0.000000E+00  0.335830E+06  0.249030E+07
  0.104968E+00  0.248704E+07  0.247131E+07  0.000000E+00  0.000000E+00  0.330597E+06  0.247107E+07
  0.105658E+00  0.246828E+07  0.245276E+07  0.000000E+00  0.000000E+00  0.325514E+06  0.245242E+07
  0.106348E+00  0.245008E+07  0.243478E+07  0.000000E+00  0.000000E+00  0.320577E+06  0.243435E+07
  0.107038E+00  0.243244E+07  0.241737E+07  0.000000E+00  0.000000E+00  0.315781E+06  0.241682E+07
  0.107727E+00  0.241534E+07  0.240051E+07  0.000000E+00  0.000000E+00  0.311120E+06  0.239983E+07
  0.108417E+00  0.239874E+07  0.238416E+07  0.000000E+00  0.000000E+00  0.306589E+06  0.238335E+07
  0.109107E+00  0.238264E+07  0.236831E+07  0.000000E+00  0.000000E+00  0.302183E+06  0.236736E+07
  0.109797E+00  0.236700E+07  0.235294E+07  0.000000E+00  0.000000E+00  0.297895E+06  0.235183E+07
  0.110487E+00  0.235181E+07  0.233802E+07  0.000000E+00  0.000000E+00  0.293720E+06  0.233675E+07
  0.111177E+00  0.233703E+07  0.232352E+07  0.000000E+00  0.000000E+00  0.289653E+06  0.232209E+07
  0.111867E+00  0.232266E+07  0.230943E+07  0.000000E+00  0.000000E+00  0.285689E+06  0.230782E+07
  0.112556E+00  0.230865E+07  0.229570E+07  0.000000E+00  0.000000E+00  0.281824E+06  0.229392E+07
  0.113246E+00  0.229499E+07  0.228233E+07  0.000000E+00  0.000000E+00  0.278051E+06  0.228037E+07
  0.113936E+00  0.228165E+07  0.226928E+07  0.000000E+00  0.000000E+00  0.274368E+06  0.226713E+07
  0.114626E+00  0.226861E+07  0.225652E+07  0.000000E+00  0.000000E+00  0.270767E+06  0.225419E+07
  0.115316E+00  0.225583E+07  0.224403E+07  0.000000E+00  0.000000E+00  0.267245E+06  0.224152E+07
  0.116006E+00  0.224330E+07  0.223178E+07  0.000000E+00  0.000000E+00  0.263797E+06  0.222909E+07
  0.116696E+00  0.223100E+07  0.221976E+07  0.000000E+00  0.000000E+00  0.260419E+06  0.221689E+07
  0.117385E+00  0.221889E+07  0.220793E+07  0.000000E+00  0.000000E+00  0.257107E+06  0.220488E+07
  0.118075E+00  0.220695E+07  0.219626E+07  0.000000E+00  0.000000E+00  0.253858E+06  0.219304E+07
  0.118765E+00  0.219517E+07  0.218474E+07  0.000000E+00  0.000000E+00  0.250668E+06  0.218135E+07
  0.119455E+00  0.218351E+07  0.217335E+07  0.000000E+00  0.000000E+00  0.247532E+06  0.216978E+07
  0.120145E+00  0.217197E+07  0.216205E+07  0.000000E+00  0.000000E+00  0.244448E+06  0.215833E+07
  0.120835E+00  0.216050E+07  0.215083E+07  0.000000E+00  0.000000E+00  0.241411E+06  0.214696E+07
  0.121525E+00  0.214911E+07  0.213967E+07  0.000000E+00  0.000000E+00  0.238420E+06  0.213565E+07
  0.122214E+00  0.213776E+07  0.212855E+07  0.000000E+00  0.000000E+00  0.235471E+06  0.212439E+07
  0.122904E+00  0.212644E+07  0.211744E+07  0.000000E+00  0.000000E+00  0.232562E+06  0.211316E+07
  0.123594E+00  0.211513E+07  0.210634E+07  0.000000E+00  0.000000E+00  0.229690E+06  0.210193E+07
  0.124284E+00  0.210382E+07  0.209523E+07  0.000000E+00  0.000000E+00  0.226853E+06  0.209071E+07
  0.124974E+00  0.209250E+07  0.208409E+07  0.000000E+00  0.000000E+00  0.224048E+06  0.207947E+07
  0.125664E+00  0.208115E+07  0.207291E+07  0.000000E+00  0.000000E+00  0.221274E+06  0.206819E+07
  0.126354E+00  0.206975E+07  0.206167E+07  0.000000E+00  0.000000E+00  0.218529E+06  0.205687E+07
  0.127043E+00  0.205830E+07  0.205037E+07  0.000000E+00  0.000000E+00  0.215813E+06  0.204550E+07
  0.127733E+00  0.204679E+07  0.203900E+07  0.000000E+00  0.000000E+00  0.213123E+06  0.203407E+07
  0.128423E+00  0.203520E+07  0.202754E+07  0.000000E+00  0.000000E+00  0.210458E+06  0.202256E+07
  0.129113E+00  0.202354E+07  0.201600E+07  0.000000E+00  0.000000E+00  0.207816E+06  0.201098E+07
  0.129803E+00  0.201180E+07  0.200436E+07  0.000000E+00  0.000000E+00  0.205197E+06  0.199931E+07
  0.130493E+00  0.199997E+07  0.199261E+07  0.000000E+00  0.000000E+00  0.202601E+06  0.198755E+07
  0.131183E+00  0.198805E+07  0.198077E+07  0.000000E+00  0.000000E+00  0.200027E+06  0.197570E+07
  0.131872E+00  0.197604E+07  0.196882E+07  0.000000E+00  0.000000E+00  0.197474E+06  0.196375E+07
  0.132562E+00  0.196393E+07  0.195677E+07  0.000000E+00  0.000000E+00  0.194942E+06  0.195171E+07
  0.133252E+00  0.195173E+07  0.194461E+07  0.000000E+00  0.000000E+00  0.192430E+06  0.193958E+07
  0.133942E+00  0.193943E+07  0.193235E+07  0.000000E+00  0.000000E+00  0.189938E+06  0.192735E+07
  0.134632E+00  0.192705E+07  0.191999E+07  0.000000E+00  0.000000E+00  0.187467E+06  0.191504E+07
  0.135322E+00  0.191458E+07  0.190754E+07  0.000000E+00  0.000000E+00  0.185017E+06  0.190263E+07
  0.136012E+00  0.190203E+07  0.189499E+07  0.000000E+00  0.000000E+00  0.182588E+06  0.189015E+07
  0.136701E+00  0.188941E+07  0.188236E+07  0.000000E+00  0.000000E+00  0.180180E+06  0.187758E+07
  0.137391E+00  0.187671E+07  0.186965E+07  0.000000E+00  0.000000E+00  0.177793E+06  0.186495E+07
  0.138081E+00  0.186395E+07  0.185686E+07  0.000000E+00  0.000000E+00  0.175427E+06  0.185225E+07
  0.138771E+00  0.185114E+07  0.184402E+07  0.000000E+00  0.000000E+00  0.173084E+06  0.183950E+07
  0.139461E+00  0.183828E+07  0.183112E+07  0.000000E+00  0.000000E+00  0.170764E+06  0.182670E+07
  0.140151E+00  0.182538E+07  0.181818E+07  0.000000E+00  0.000000E+00  0.168467E+06  0.181386E+07
  0.140841E+00  0.181246E+07  0.180521E+07  0.000000E+00  0.000000E+00  0.166193E+06  0.180100E+07
  0.141530E+00  0.179951E+07  0.179221E+07  0.000000E+00  0.000000E+00  0.163944E+06  0.178811E+07
  0.142220E+00  0.178656E+07  0.177920E+07  0.000000E+00  0.000000E+00  0.161720E+06  0.177522E+07
  0.142910E+00  0.177362E+07  0.176619E+07  0.000000E+00  0.000000E+00  0.159521E+06  0.176233E+07
  0.143600E+00  0.176068E+07  0.175319E+07  0.000000E+00  0.000000E+00  0.157349E+06  0.174946E+07
  0.144290E+00  0.174778E+07  0.174022E+07  0.000000E+00  0.000000E+00  0.155204E+06  0.173661E+07
  0.144980E+00  0.173491E+07  0.172728E+07  0.000000E+00  0.000000E+00  0.153087E+06  0.172379E+07
  0.145670E+00  0.172209E+07  0.171438E+07  0.000000E+00  0.000000E+00  0.150997E+06  0.171103E+07
  0.146359E+00  0.170933E+07  0.170155E+07  0.000000E+00  0.000000E+00  0.148936E+06  0.169833E+07
  0.147049E+00  0.169664E+07  0.168879E+07  0.000000E+00  0.000000E+00  0.146905E+06  0.168569E+07
  0.147739E+00  0.168403E+07  0.167611E+07  0.000000E+00  0.000000E+00  0.144903E+06  0.167314E+07
  0.148429E+00  0.167152E+07  0.166353E+07  0.000000E+00  0.000000E+00  0.142932E+06  0.166069E+07
  0.149119E+00  0.165912E+07  0.165106E+07  0.000000E+00  0.000000E+00  0.140992E+06  0.164834E+07
  0.149809E+00  0.164683E+07  0.163871E+07  0.000000E+00  0.000000E+00  0.139083E+06  0.163611E+07
  0.150499E+00  0.163467E+07  0.162648E+07  0.000000E+00  0.000000E+00  0.137206E+06  0.162400E+07
  0.151188E+00  0.162265E+07  0.161440E+07  0.000000E+00  0.000000E+00  0.135361E+06  0.161203E+07
  0.151878E+00  0.161077E+07  0.160246E+07  0.000000E+00  0.000000E+00  0.133548E+06  0.160021E+07
  0.152568E+00  0.159904E+07  0.159068E+07  0.000000E+00  0.000000E+00  0.131767E+06  0.158854E+07
  0.153258E+00  0.158748E+07  0.157907E+07  0.000000E+00  0.000000E+00  0.130019E+06  0.157703E+07
  0.153948E+00  0.157609E+07  0.156763E+07  0.000000E+00  0.000000E+00  0.128304E+06  0.156569E+07
  0.154638E+00  0.156487E+07  0.155637E+07  0.000000E+00  0.000000E+00  0.126623E+06  0.155453E+07
  0.155328E+00  0.155384E+07  0.154531E+07  0.000000E+00  0.000000E+00  0.124975E+06  0.154355E+07
  0.156017E+00  0.154300E+07  0.153444E+07  0.000000E+00  0.000000E+00  0.123359E+06  0.153276E+07
  0.156707E+00  0.153236E+07  0.152378E+07  0.000000E+00  0.000000E+00  0.121776E+06  0.152218E+07
  0.157397E+00  0.152192E+07  0.151332E+07  0.000000E+00  0.000000E+00  0.120226E+06  0.151179E+07
  0.158087E+00  0.151169E+07  0.150308E+07  0.000000E+00  0.000000E+00  0.118709E+06  0.150161E+07
  0.158777E+00  0.150167E+07  0.149305E+07  0.000000E+00  0.000000E+00  0.117225E+06  0.149164E+07
  0.159467E+00  0.149186E+07  0.148324E+07  0.000000E+00  0.000000E+00  0.115772E+06  0.148188E+07
  0.160157E+00  0.148226E+07  0.147365E+07  0.000000E+00  0.000000E+00  0.114352E+06  0.147234E+07
  0.160846E+00  0.147288E+07  0.146429E+07  0.000000E+00  0.000000E+00  0.112963E+06  0.146301E+07
  0.161536E+00  0.146371E+07  0.145515E+07  0.000000E+00  0.000000E+00  0.111605E+06  0.145390E+07
  0.162226E+00  0.145477E+07  0.144622E+07  0.000000E+00  0.000000E+00  0.110277E+06  0.144500E+07
  0.162916E+00  0.144603E+07  0.143753E+07  0.000000E+00  0.000000E+00  0.108979E+06  0.143632E+07
  0.163606E+00  0.143751E+07  0.142904E+07  0.000000E+00  0.000000E+00  0.107711E+06  0.142785E+07
  0.164296E+00  0.142920E+07  0.142078E+07  0.000000E+00  0.000000E+00  0.106471E+06  0.141960E+07
  0.164986E+00  0.142110E+07  0.141273E+07  0.000000E+00  0.000000E+00  0.105260E+06  0.141155E+07
  0.165675E+00  0.141321E+07  0.140489E+07  0.000000E+00  0.000000E+00  0.104077E+06  0.140370E+07
  0.166365E+00  0.140551E+07  0.139726E+07  0.000000E+00  0.000000E+00  0.102920E+06  0.139606E+07
  0.167055E+00  0.139801E+07  0.138983E+07  0.000000E+00  0.000000E+00  0.101788E+06  0.138861E+07
  0.167745E+00  0.139071E+07  0.138260E+07  0.000000E+00  0.000000E+00  0.100682E+06  0.138135E+07
  0.168435E+00  0.138358E+07  0.137555E+07  0.000000E+00  0.000000E+00  0.996006E+05  0.137428E+07
  0.169125E+00  0.137664E+07  0.136869E+07  0.000000E+00  0.000000E+00  0.985428E+05  0.136739E+07
  0.169815E+00  0.136988E+07  0.136201E+07  0.000000E+00  0.000000E+00  0.975079E+05  0.136067E+07
  0.170504E+00  0.136328E+07  0.135550E+07  0.000000E+00  0.000000E+00  0.964952E+05  0.135412E+07
  0.171194E+00  0.135684E+07  0.134916E+07  0.000000E+00  0.000000E+00  0.955037E+05  0.134773E+07
  0.171884E+00  0.135055E+07  0.134296E+07  0.000000E+00  0.000000E+00  0.945325E+05  0.134149E+07
  0.172574E+00  0.134441E+07  0.133692E+07  0.000000E+00  0.000000E+00  0.935809E+05  0.133540E+07
  0.173264E+00  0.133840E+07  0.133102E+07  0.000000E+00  0.000000E+00  0.926479E+05  0.132944E+07
  0.173954E+00  0.133253E+07  0.132525E+07  0.000000E+00  0.000000E+00  0.917330E+05  0.132361E+07
  0.174644E+00  0.132678E+07  0.131960E+07  0.000000E+00  0.000000E+00  0.908354E+05  0.131791E+07
  0.175333E+00  0.132114E+07  0.131407E+07  0.000000E+00  0.000000E+00  0.899541E+05  0.131232E+07
  0.176023E+00  0.131561E+07  0.130864E+07  0.000000E+00  0.000000E+00  0.890882E+05  0.130683E+07
  0.176713E+00  0.131017E+07  0.130331E+07  0.000000E+00  0.000000E+00  0.882369E+05  0.130143E+07
  0.177403E+00  0.130482E+07  0.129807E+07  0.000000E+00  0.000000E+00  0.873995E+05  0.129613E+07
  0.178093E+00  0.129955E+07  0.129291E+07  0.000000E+00  0.000000E+00  0.865754E+05  0.129090E+07
  0.178783E+00  0.129435E+07  0.128781E+07  0.000000E+00  0.000000E+00  0.857639E+05  0.128575E+07
  0.179473E+00  0.128921E+07  0.128278E+07  0.000000E+00  0.000000E+00  0.849640E+05  0.128065E+07
  0.180162E+00  0.128413E+07  0.127780E+07  0.000000E+00  0.000000E+00  0.841750E+05  0.127561E+07
  0.180852E+00  0.127909E+07  0.127287E+07  0.000000E+00  0.000000E+00  0.833962E+05  0.127062E+07
  0.181542E+00  0.127409E+07  0.126797E+07  0.000000E+00  0.000000E+00  0.826271E+05  0.126566E+07
  0.182232E+00  0.126912E+07  0.126310E+07  0.000000E+00  0.000000E+00  0.818670E+05  0.126073E+07
  0.182922E+00  0.126417E+07  0.125825E+07  0.000000E+00  0.000000E+00  0.811156E+05  0.125583E+07
  0.183612E+00  0.125925E+07  0.125342E+07  0.000000E+00  0.000000E+00  0.803722E+05  0.125094E+07
  0.184302E+00  0.125433E+07  0.124859E+07  0.000000E+00  0.000000E+00  0.796363E+05  0.124606E+07
  0.184991E+00  0.124941E+07  0.124377E+07  0.000000E+00  0.000000E+00  0.789072E+05  0.124119E+07
  0.185681E+00  0.124450E+07  0.123893E+07  0.000000E+00  0.000000E+00  0.781844E+05  0.123631E+07
  0.186371E+00  0.123957E+07  0.123409E+07  0.000000E+00  0.000000E+00  0.774676E+05  0.123143E+07
  0.187061E+00  0.123463E+07  0.122923E+07  0.000000E+00  0.000000E+00  0.767565E+05  0.122653E+07
  0.187751E+00  0.122968E+07  0.122435E+07  0.000000E+00  0.000000E+00  0.760509E+05  0.122161E+07
  0.188441E+00  0.122470E+07  0.121944E+07  0.000000E+00  0.000000E+00  0.753504E+05  0.121667E+07
  0.189131E+00  0.121970E+07  0.121451E+07  0.000000E+00  0.000000E+00  0.746546E+05  0.121171E+07
  0.189820E+00  0.121467E+07  0.120954E+07  0.000000E+00  0.000000E+00  0.739632E+05  0.120672E+07
  0.190510E+00  0.120961E+07  0.120454E+07  0.000000E+00  0.000000E+00  0.732760E+05  0.120169E+07
  0.191200E+00  0.120452E+07  0.119949E+07  0.000000E+00  0.000000E+00  0.725928E+05  0.119663E+07
  0.191890E+00  0.119938E+07  0.119441E+07  0.000000E+00  0.000000E+00  0.719135E+05  0.119153E+07
  0.192580E+00  0.119421E+07  0.118928E+07  0.000000E+00  0.000000E+00  0.712380E+05  0.118640E+07
  0.193270E+00  0.118900E+07  0.118411E+07  0.000000E+00  0.000000E+00  0.705661E+05  0.118122E+07
  0.193960E+00  0.118375E+07  0.117890E+07  0.000000E+00  0.000000E+00  0.698976E+05  0.117600E+07
  0.194649E+00  0.117845E+07  0.117363E+07  0.000000E+00  0.000000E+00  0.692325E+05  0.117074E+07
  0.195339E+00  0.117312E+07  0.116832E+07  0.000000E+00  0.000000E+00  0.685709E+05  0.116544E+07
  0.196029E+00  0.116774E+07  0.116297E+07  0.000000E+00  0.000000E+00  0.679127E+05  0.116009E+07
  0.196719E+00  0.116232E+07  0.115757E+07  0.000000E+00  0.000000E+00  0.672580E+05  0.115471E+07
  0.197409E+00  0.115686E+07  0.115213E+07  0.000000E+00  0.000000E+00  0.666067E+05  0.114928E+07
  0.198099E+00  0.115136E+07  0.114664E+07  0.000000E+00  0.000000E+00  0.659587E+05  0.114382E+07
  0.198789E+00  0.114583E+07  0.114112E+07  0.000000E+00  0.000000E+00  0.653142E+05  0.113831E+07
  0.199478E+00  0.114026E+07  0.113555E+07  0.000000E+00  0.000000E+00  0.646735E+05  0.113278E+07
  0.200168E+00  0.113466E+07  0.112995E+07  0.000000E+00  0.000000E+00  0.640366E+05  0.112721E+07
  0.200858E+00  0.112903E+07  0.112432E+07  0.000000E+00  0.000000E+00  0.634036E+05  0.112161E+07
  0.201548E+00  0.112337E+07  0.111866E+07  0.000000E+00  0.000000E+00  0.627746E+05  0.111598E+07
  0.202238E+00  0.111769E+07  0.111297E+07  0.000000E+00  0.000000E+00  0.621497E+05  0.111033E+07
  0.202928E+00  0.111198E+07  0.110726E+07  0.000000E+00  0.000000E+00  0.615290E+05  0.110466E+07
  0.203618E+00  0.110627E+07  0.110154E+07  0.000000E+00  0.000000E+00  0.609128E+05  0.109897E+07
  0.204307E+00  0.110054E+07  0.109579E+07  0.000000E+00  0.000000E+00  0.603013E+05  0.109327E+07
  0.204997E+00  0.109480E+07  0.109004E+07  0.000000E+00  0.000000E+00  0.596947E+05  0.108756E+07
  0.205687E+00  0.108906E+07  0.108428E+07  0.000000E+00  0.000000E+00  0.590931E+05  0.108185E+07
  0.206377E+00  0.108331E+07  0.107852E+07  0.000000E+00  0.000000E+00  0.584965E+05  0.107614E+07
  0.207067E+00  0.107757E+07  0.107276E+07  0.000000E+00  0.000000E+00  0.579053E+05  0.107043E+07
  0.207757E+00  0.107184E+07  0.106701E+07  0.000000E+00  0.000000E+00  0.573195E+05  0.106472E+07
  0.208447E+00  0.106612E+07  0.106127E+07  0.000000E+00  0.000000E+00  0.567393E+05  0.105904E+07
  0.209136E+00  0.106042E+07  0.105555E+07  0.000000E+00  0.000000E+00  0.561650E+05  0.105336E+07
  0.209826E+00  0.105474E+07  0.104985E+07  0.000000E+00  0.000000E+00  0.555967E+05  0.104771E+07
  0.210516E+00  0.104909E+07  0.104417E+07  0.000000E+00  0.000000E+00  0.550346E+05  0.104208E+07
  0.211206E+00  0.104346E+07  0.103852E+07  0.000000E+00  0.000000E+00  0.544788E+05  0.103648E+07
  0.211896E+00  0.103786E+07  0.103291E+07  0.000000E+00  0.000000E+00  0.539294E+05  0.103092E+07
  0.212586E+00  0.103231E+07  0.102733E+07  0.000000E+00  0.000000E+00  0.533866E+05  0.102539E+07
  0.213276E+00  0.102679E+07  0.102179E+07  0.000000E+00  0.000000E+00  0.528504E+05  0.101990E+07
  0.213965E+00  0.102132E+07  0.101631E+07  0.000000E+00  0.000000E+00  0.523210E+05  0.101446E+07
  0.214655E+00  0.101590E+07  0.101087E+07  0.000000E+00  0.000000E+00  0.517984E+05  0.100907E+07
  0.215345E+00  0.101053E+07  0.100548E+07  0.000000E+00  0.000000E+00  0.512830E+05  0.100373E+07
  0.216035E+00  0.100522E+07  0.100015E+07  0.000000E+00  0.000000E+00  0.507748E+05  0.998442E+06
  0.218163E+00  0.989207E+06  0.984104E+06  0.000000E+00  0.000000E+00  0.492521E+05  0.982516E+06
  0.220313E+00  0.973688E+06  0.968566E+06  0.000000E+00  0.000000E+00  0.477851E+05  0.967082E+06
  0.222483E+00  0.958740E+06  0.953620E+06  0.000000E+00  0.000000E+00  0.463766E+05  0.952220E+06
  0.224675E+00  0.944424E+06  0.939328E+06  0.000000E+00  0.000000E+00  0.450276E+05  0.937988E+06
  0.226889E+00  0.930773E+06  0.925725E+06  0.000000E+00  0.000000E+00  0.437379E+05  0.924423E+06
  0.229124E+00  0.917800E+06  0.912822E+06  0.000000E+00  0.000000E+00  0.425063E+05  0.911534E+06
  0.231381E+00  0.905488E+06  0.900603E+06  0.000000E+00  0.000000E+00  0.413305E+05  0.899307E+06
  0.233661E+00  0.893803E+06  0.889029E+06  0.000000E+00  0.000000E+00  0.402066E+05  0.887705E+06
  0.235963E+00  0.882686E+06  0.878040E+06  0.000000E+00  0.000000E+00  0.391310E+05  0.876671E+06
  0.238288E+00  0.872060E+06  0.867552E+06  0.000000E+00  0.000000E+00  0.380983E+05  0.866126E+06
  0.240636E+00  0.861829E+06  0.857468E+06  0.000000E+00  0.000000E+00  0.371035E+05  0.855976E+06
  0.243006E+00  0.851888E+06  0.847675E+06  0.000000E+00  0.000000E+00  0.361408E+05  0.846114E+06
  0.245400E+00  0.842125E+06  0.838058E+06  0.000000E+00  0.000000E+00  0.352048E+05  0.836429E+06
  0.247818E+00  0.832433E+06  0.828503E+06  0.000000E+00  0.000000E+00  0.342902E+05  0.826813E+06
  0.250260E+00  0.822710E+06  0.818908E+06  0.000000E+00  0.000000E+00  0.333925E+05  0.817166E+06
  0.252725E+00  0.812871E+06  0.809180E+06  0.000000E+00  0.000000E+00  0.325083E+05  0.807400E+06
  0.255215E+00  0.802844E+06  0.799247E+06  0.000000E+00  0.000000E+00  0.316343E+05  0.797445E+06
  0.257730E+00  0.792578E+06  0.789057E+06  0.000000E+00  0.000000E+00  0.307689E+05  0.787249E+06
  0.260269E+00  0.782045E+06  0.778581E+06  0.000000E+00  0.000000E+00  0.299106E+05  0.776786E+06
  0.262833E+00  0.771243E+06  0.767816E+06  0.000000E+00  0.000000E+00  0.290603E+05  0.766052E+06
  0.265422E+00  0.760195E+06  0.756790E+06  0.000000E+00  0.000000E+00  0.282183E+05  0.755072E+06
  0.268037E+00  0.748950E+06  0.745552E+06  0.000000E+00  0.000000E+00  0.273869E+05  0.743893E+06
  0.270678E+00  0.737572E+06  0.734172E+06  0.000000E+00  0.000000E+00  0.265685E+05  0.732582E+06
  0.273345E+00  0.726142E+06  0.722732E+06  0.000000E+00  0.000000E+00  0.257657E+05  0.721216E+06
  0.276038E+00  0.714745E+06  0.711323E+06  0.000000E+00  0.000000E+00  0.249815E+05  0.709885E+06
  0.278758E+00  0.703473E+06  0.700042E+06  0.000000E+00  0.000000E+00  0.242185E+05  0.698677E+06
  0.281504E+00  0.692414E+06  0.688979E+06  0.000000E+00  0.000000E+00  0.234795E+05  0.687682E+06
  0.284277E+00  0.681648E+06  0.678219E+06  0.000000E+00  0.000000E+00  0.227664E+05  0.676981E+06
  0.287078E+00  0.671240E+06  0.667827E+06  0.000000E+00  0.000000E+00  0.220807E+05  0.666636E+06
  0.289906E+00  0.661231E+06  0.657848E+06  0.000000E+00  0.000000E+00  0.214228E+05  0.656690E+06
  0.292763E+00  0.651642E+06  0.648301E+06  0.000000E+00  0.000000E+00  0.207928E+05  0.647164E+06
  0.295647E+00  0.642469E+06  0.639184E+06  0.000000E+00  0.000000E+00  0.201894E+05  0.638054E+06
  0.298560E+00  0.633692E+06  0.630472E+06  0.000000E+00  0.000000E+00  0.196113E+05  0.629338E+06
  0.301501E+00  0.625265E+06  0.622120E+06  0.000000E+00  0.000000E+00  0.190564E+05  0.620972E+06
  0.304472E+00  0.617127E+06  0.614062E+06  0.000000E+00  0.000000E+00  0.185221E+05  0.612894E+06
  0.307471E+00  0.609204E+06  0.606222E+06  0.000000E+00  0.000000E+00  0.180054E+05  0.605030E+06
  0.310500E+00  0.601419E+06  0.598517E+06  0.000000E+00  0.000000E+00  0.175038E+05  0.597304E+06
  0.313560E+00  0.593697E+06  0.590872E+06  0.000000E+00  0.000000E+00  0.170146E+05  0.589639E+06
  0.316649E+00  0.585973E+06  0.583216E+06  0.000000E+00  0.000000E+00  0.165357E+05  0.581971E+06
  0.319768E+00  0.578191E+06  0.575495E+06  0.000000E+00  0.000000E+00  0.160655E+05  0.574244E+06
  0.322919E+00  0.570314E+06  0.567667E+06  0.000000E+00  0.000000E+00  0.156028E+05  0.566421E+06
  0.326100E+00  0.562324E+06  0.559716E+06  0.000000E+00  0.000000E+00  0.151470E+05  0.558484E+06
  0.329313E+00  0.554226E+06  0.551647E+06  0.000000E+00  0.000000E+00  0.146982E+05  0.550439E+06
  0.332558E+00  0.546045E+06  0.543488E+06  0.000000E+00  0.000000E+00  0.142572E+05  0.542310E+06
  0.335834E+00  0.537820E+06  0.535279E+06  0.000000E+00  0.000000E+00  0.138248E+05  0.534137E+06
  0.339143E+00  0.529603E+06  0.527074E+06  0.000000E+00  0.000000E+00  0.134022E+05  0.525970E+06
  0.342484E+00  0.521450E+06  0.518932E+06  0.000000E+00  0.000000E+00  0.129906E+05  0.517867E+06
  0.345858E+00  0.513420E+06  0.510916E+06  0.000000E+00  0.000000E+00  0.125912E+05  0.509888E+06
  0.349266E+00  0.505567E+06  0.503080E+06  0.000000E+00  0.000000E+00  0.122052E+05  0.502084E+06
  0.352707E+00  0.497929E+06  0.495465E+06  0.000000E+00  0.000000E+00  0.118330E+05  0.494496E+06
  0.356181E+00  0.490532E+06  0.488097E+06  0.000000E+00  0.000000E+00  0.114748E+05  0.487147E+06
  0.359691E+00  0.483383E+06  0.480985E+06  0.000000E+00  0.000000E+00  0.111304E+05  0.480047E+06
  0.363234E+00  0.476476E+06  0.474119E+06  0.000000E+00  0.000000E+00  0.107991E+05  0.473188E+06
  0.366813E+00  0.469786E+06  0.467475E+06  0.000000E+00  0.000000E+00  0.104801E+05  0.466544E+06
  0.370427E+00  0.463273E+06  0.461010E+06  0.000000E+00  0.000000E+00  0.101722E+05  0.460078E+06
  0.374076E+00  0.456893E+06  0.454679E+06  0.000000E+00  0.000000E+00  0.987397E+04  0.453744E+06
  0.377762E+00  0.450602E+06  0.448435E+06  0.000000E+00  0.000000E+00  0.958425E+04  0.447498E+06
  0.381484E+00  0.444356E+06  0.442234E+06  0.000000E+00  0.000000E+00  0.930194E+04  0.441296E+06
  0.385242E+00  0.438121E+06  0.436038E+06  0.000000E+00  0.000000E+00  0.902614E+04  0.435104E+06
  0.389037E+00  0.431873E+06  0.429824E+06  0.000000E+00  0.000000E+00  0.875628E+04  0.428899E+06
  0.392870E+00  0.425605E+06  0.423586E+06  0.000000E+00  0.000000E+00  0.849206E+04  0.422673E+06
  0.396741E+00  0.419324E+06  0.417330E+06  0.000000E+00  0.000000E+00  0.823355E+04  0.416434E+06
  0.400650E+00  0.413047E+06  0.411074E+06  0.000000E+00  0.000000E+00  0.798102E+04  0.410198E+06
  0.404597E+00  0.406800E+06  0.404847E+06  0.000000E+00  0.000000E+00  0.773484E+04  0.403992E+06
  0.408583E+00  0.400617E+06  0.398683E+06  0.000000E+00  0.000000E+00  0.749547E+04  0.397850E+06
  0.412608E+00  0.394531E+06  0.392616E+06  0.000000E+00  0.000000E+00  0.726341E+04  0.391803E+06
  0.416674E+00  0.388567E+06  0.386673E+06  0.000000E+00  0.000000E+00  0.703890E+04  0.385878E+06
  0.420779E+00  0.382742E+06  0.380873E+06  0.000000E+00  0.000000E+00  0.682207E+04  0.380093E+06
  0.424924E+00  0.377067E+06  0.375226E+06  0.000000E+00  0.000000E+00  0.661285E+04  0.374456E+06
  0.429111E+00  0.371539E+06  0.369726E+06  0.000000E+00  0.000000E+00  0.641098E+04  0.368966E+06
  0.433338E+00  0.366141E+06  0.364360E+06  0.000000E+00  0.000000E+00  0.621599E+04  0.363606E+06
  0.437608E+00  0.360851E+06  0.359103E+06  0.000000E+00  0.000000E+00  0.528548E+04  0.358348E+06
  0.441919E+00  0.355652E+06  0.353935E+06  0.000000E+00  0.000000E+00  0.512142E+04  0.353185E+06
  0.446273E+00  0.350515E+06  0.348829E+06  0.000000E+00  0.000000E+00  0.496216E+04  0.348084E+06
  0.450670E+00  0.345419E+06  0.343762E+06  0.000000E+00  0.000000E+00  0.480729E+04  0.343024E+06
  0.455110E+00  0.340352E+06  0.338722E+06  0.000000E+00  0.000000E+00  0.465652E+04  0.337992E+06
  0.459593E+00  0.335310E+06  0.333703E+06  0.000000E+00  0.000000E+00  0.450971E+04  0.332984E+06
  0.464121E+00  0.330295E+06  0.328710E+06  0.000000E+00  0.000000E+00  0.436680E+04  0.328004E+06
  0.468694E+00  0.325318E+06  0.323753E+06  0.000000E+00  0.000000E+00  0.422783E+04  0.323060E+06
  0.473312E+00  0.320394E+06  0.318849E+06  0.000000E+00  0.000000E+00  0.409293E+04  0.318169E+06
  0.477975E+00  0.315539E+06  0.314014E+06  0.000000E+00  0.000000E+00  0.396217E+04  0.313347E+06
  0.482684E+00  0.310766E+06  0.309261E+06  0.000000E+00  0.000000E+00  0.383561E+04  0.308606E+06
  0.487439E+00  0.306085E+06  0.304601E+06  0.000000E+00  0.000000E+00  0.371326E+04  0.303957E+06
  0.492242E+00  0.301500E+06  0.300038E+06  0.000000E+00  0.000000E+00  0.359504E+04  0.299403E+06
  0.497091E+00  0.297006E+06  0.295568E+06  0.000000E+00  0.000000E+00  0.348078E+04  0.294940E+06
  0.501989E+00  0.292596E+06  0.291180E+06  0.000000E+00  0.000000E+00  0.337027E+04  0.290560E+06
  0.506934E+00  0.288258E+06  0.286866E+06  0.000000E+00  0.000000E+00  0.326328E+04  0.286253E+06
  0.511929E+00  0.283979E+06  0.282610E+06  0.000000E+00  0.000000E+00  0.315957E+04  0.282004E+06
  0.516972E+00  0.279749E+06  0.278403E+06  0.000000E+00  0.000000E+00  0.305893E+04  0.277804E+06
  0.522066E+00  0.275563E+06  0.274237E+06  0.000000E+00  0.000000E+00  0.296122E+04  0.273646E+06
  0.527209E+00  0.271416E+06  0.270110E+06  0.000000E+00  0.000000E+00  0.286633E+04  0.269528E+06
  0.532403E+00  0.267312E+06  0.266024E+06  0.000000E+00  0.000000E+00  0.277421E+04  0.265451E+06
  0.537648E+00  0.263255E+06  0.261986E+06  0.000000E+00  0.000000E+00  0.268486E+04  0.261423E+06
  0.542946E+00  0.259253E+06  0.258002E+06  0.000000E+00  0.000000E+00  0.259826E+04  0.257448E+06
  0.548295E+00  0.255311E+06  0.254078E+06  0.000000E+00  0.000000E+00  0.251440E+04  0.253533E+06
  0.553697E+00  0.251436E+06  0.250221E+06  0.000000E+00  0.000000E+00  0.243327E+04  0.249684E+06
  0.559152E+00  0.247627E+06  0.246430E+06  0.000000E+00  0.000000E+00  0.235477E+04  0.245901E+06
  0.564660E+00  0.243883E+06  0.242704E+06  0.000000E+00  0.000000E+00  0.227884E+04  0.242183E+06
  0.570224E+00  0.240200E+06  0.239040E+06  0.000000E+00  0.000000E+00  0.220535E+04  0.238526E+06
  0.575842E+00  0.236571E+06  0.235430E+06  0.000000E+00  0.000000E+00  0.213419E+04  0.234923E+06
  0.581515E+00  0.232993E+06  0.231870E+06  0.000000E+00  0.000000E+00  0.206523E+04  0.231369E+06
  0.587244E+00  0.229460E+06  0.228354E+06  0.000000E+00  0.000000E+00  0.199839E+04  0.227860E+06
  0.593030E+00  0.225969E+06  0.224881E+06  0.000000E+00  0.000000E+00  0.193359E+04  0.224394E+06
  0.598872E+00  0.222523E+06  0.221451E+06  0.000000E+00  0.000000E+00  0.187077E+04  0.220972E+06
  0.604772E+00  0.219122E+06  0.218065E+06  0.000000E+00  0.000000E+00  0.180990E+04  0.217594E+06
  0.610731E+00  0.215769E+06  0.214728E+06  0.000000E+00  0.000000E+00  0.175095E+04  0.214264E+06
  0.616748E+00  0.212466E+06  0.211441E+06  0.000000E+00  0.000000E+00  0.169388E+04  0.210984E+06
  0.622824E+00  0.209215E+06  0.208205E+06  0.000000E+00  0.000000E+00  0.163865E+04  0.207755E+06
  0.628960E+00  0.206015E+06  0.205021E+06  0.000000E+00  0.000000E+00  0.158520E+04  0.204577E+06
  0.635157E+00  0.202865E+06  0.201886E+06  0.000000E+00  0.000000E+00  0.153348E+04  0.201449E+06
  0.641414E+00  0.199762E+06  0.198798E+06  0.000000E+00  0.000000E+00  0.148341E+04  0.198368E+06
  0.647734E+00  0.196704E+06  0.195755E+06  0.000000E+00  0.000000E+00  0.143493E+04  0.195331E+06
  0.654115E+00  0.193688E+06  0.192754E+06  0.000000E+00  0.000000E+00  0.138798E+04  0.192336E+06
  0.691483E+00  0.177382E+06  0.176527E+06  0.000000E+00  0.000000E+00  0.114869E+04  0.176143E+06
  0.730986E+00  0.162399E+06  0.161616E+06  0.000000E+00  0.000000E+00  0.949849E+03  0.161264E+06
  0.772746E+00  0.148616E+06  0.147899E+06  0.000000E+00  0.000000E+00  0.784690E+03  0.147577E+06
  0.816891E+00  0.135952E+06  0.135296E+06  0.000000E+00  0.000000E+00  0.647688E+03  0.135001E+06
  0.863558E+00  0.124320E+06  0.123720E+06  0.000000E+00  0.000000E+00  0.534156E+03  0.123450E+06
  0.912891E+00  0.113641E+06  0.113093E+06  0.000000E+00  0.000000E+00  0.440168E+03  0.112845E+06
  0.965043E+00  0.103844E+06  0.103343E+06  0.000000E+00  0.000000E+00  0.362438E+03  0.103117E+06
  0.102017E+01  0.948590E+05  0.944018E+05  0.000000E+00  0.000000E+00  0.298212E+03  0.941945E+05
  0.107845E+01  0.866215E+05  0.862040E+05  0.000000E+00  0.000000E+00  0.245188E+03  0.860145E+05
  0.114006E+01  0.790734E+05  0.786923E+05  0.000000E+00  0.000000E+00  0.201452E+03  0.785192E+05
  0.120519E+01  0.721606E+05  0.718129E+05  0.000000E+00  0.000000E+00  0.165408E+03  0.716547E+05
  0.127404E+01  0.658316E+05  0.655144E+05  0.000000E+00  0.000000E+00  0.135725E+03  0.653700E+05
  0.134683E+01  0.600391E+05  0.597499E+05  0.000000E+00  0.000000E+00  0.111300E+03  0.596181E+05
  0.142377E+01  0.547405E+05  0.544767E+05  0.000000E+00  0.000000E+00  0.912162E+02  0.543565E+05
  0.150510E+01  0.498952E+05  0.496548E+05  0.000000E+00  0.000000E+00  0.101667E+03  0.495454E+05
  0.159109E+01  0.454658E+05  0.452467E+05  0.000000E+00  0.000000E+00  0.833896E+02  0.451469E+05
  0.168198E+01  0.414184E+05  0.412189E+05  0.000000E+00  0.000000E+00  0.683557E+02  0.411279E+05
  0.177807E+01  0.377213E+05  0.375395E+05  0.000000E+00  0.000000E+00  0.559986E+02  0.374566E+05
  0.187965E+01  0.343451E+05  0.341797E+05  0.000000E+00  0.000000E+00  0.458488E+02  0.341042E+05
  0.198703E+01  0.312633E+05  0.311127E+05  0.000000E+00  0.000000E+00  0.375180E+02  0.310439E+05
  0.210054E+01  0.284509E+05  0.283139E+05  0.000000E+00  0.000000E+00  0.306845E+02  0.282513E+05
