  0.745045E-04  0.198014E+08  0.198014E+08  0.257041E+08  0.257030E+08  0.197948E+08  0.198014E+08
  0.809793E-04  0.198012E+08  0.198012E+08  0.255790E+08  0.255778E+08  0.197918E+08  0.198012E+08
  0.880167E-04  0.198009E+08  0.198009E+08  0.254320E+08  0.254306E+08  0.197883E+08  0.198009E+08
  0.956657E-04  0.198006E+08  0.198006E+08  0.252593E+08  0.252577E+08  0.197842E+08  0.198006E+08
  0.103979E-03  0.198002E+08  0.198002E+08  0.250567E+08  0.250548E+08  0.197793E+08  0.198002E+08
  0.113016E-03  0.197998E+08  0.197998E+08  0.248192E+08  0.248170E+08  0.197735E+08  0.197997E+08
  0.122837E-03  0.197992E+08  0.197992E+08  0.245414E+08  0.245388E+08  0.197668E+08  0.197992E+08
  0.133512E-03  0.197986E+08  0.197986E+08  0.242168E+08  0.242138E+08  0.197588E+08  0.197985E+08
  0.145115E-03  0.197978E+08  0.197978E+08  0.238384E+08  0.238349E+08  0.197493E+08  0.197978E+08
  0.157726E-03  0.197970E+08  0.197970E+08  0.233984E+08  0.233943E+08  0.197382E+08  0.197969E+08
  0.171433E-03  0.197959E+08  0.197959E+08  0.228882E+08  0.228835E+08  0.197250E+08  0.197958E+08
  0.186331E-03  0.197947E+08  0.197947E+08  0.222986E+08  0.222932E+08  0.197096E+08  0.197946E+08
  0.202524E-03  0.197933E+08  0.197933E+08  0.216200E+08  0.216140E+08  0.196914E+08  0.197931E+08
  0.220125E-03  0.197916E+08  0.197916E+08  0.208429E+08  0.208361E+08  0.196699E+08  0.197914E+08
  0.239254E-03  0.197896E+08  0.197896E+08  0.199580E+08  0.199505E+08  0.196447E+08  0.197894E+08
  0.260046E-03  0.197872E+08  0.197872E+08  0.189574E+08  0.189491E+08  0.196151E+08  0.197870E+08
  0.282645E-03  0.197845E+08  0.197845E+08  0.178352E+08  0.178263E+08  0.195803E+08  0.197842E+08
  0.307209E-03  0.197812E+08  0.197812E+08  0.165891E+08  0.165796E+08  0.195396E+08  0.197809E+08
  0.333906E-03  0.197774E+08  0.197774E+08  0.152217E+08  0.152118E+08  0.194918E+08  0.197771E+08
  0.362924E-03  0.197730E+08  0.197730E+08  0.137427E+08  0.137327E+08  0.194361E+08  0.197726E+08
  0.394464E-03  0.197678E+08  0.197678E+08  0.121705E+08  0.121607E+08  0.193710E+08  0.197673E+08
  0.428744E-03  0.197618E+08  0.197617E+08  0.105343E+08  0.105253E+08  0.192951E+08  0.197612E+08
  0.466004E-03  0.197547E+08  0.197547E+08  0.887517E+07  0.886748E+07  0.192070E+08  0.197540E+08
  0.506501E-03  0.197465E+08  0.197465E+08  0.724609E+07  0.724025E+07  0.191050E+08  0.197457E+08
  0.550518E-03  0.197370E+08  0.197370E+08  0.570956E+07  0.570606E+07  0.189872E+08  0.197361E+08
  0.598361E-03  0.197260E+08  0.197260E+08  0.433243E+07  0.433153E+07  0.188517E+08  0.197249E+08
  0.650360E-03  0.197134E+08  0.197133E+08  0.317687E+07  0.317850E+07  0.186967E+08  0.197121E+08
  0.706879E-03  0.196988E+08  0.196987E+08  0.228795E+07  0.229155E+07  0.185203E+08  0.196973E+08
  0.768310E-03  0.196821E+08  0.196820E+08  0.167976E+07  0.168426E+07  0.183207E+08  0.196804E+08
  0.835079E-03  0.196630E+08  0.196629E+08  0.132428E+07  0.132825E+07  0.180964E+08  0.196610E+08
  0.907651E-03  0.196412E+08  0.196411E+08  0.114963E+07  0.115171E+07  0.178465E+08  0.196389E+08
  0.986530E-03  0.196164E+08  0.196163E+08  0.105453E+07  0.105402E+07  0.175705E+08  0.196138E+08
  0.107226E-02  0.195882E+08  0.195881E+08  0.941240E+06  0.938639E+06  0.172686E+08  0.195853E+08
  0.116545E-02  0.195564E+08  0.195562E+08  0.757793E+06  0.754864E+06  0.169420E+08  0.195531E+08
  0.126673E-02  0.195204E+08  0.195203E+08  0.525905E+06  0.524737E+06  0.165926E+08  0.195167E+08
  0.137681E-02  0.194799E+08  0.194797E+08  0.324805E+06  0.326165E+06  0.162232E+08  0.194758E+08
  0.149646E-02  0.194344E+08  0.194341E+08  0.223939E+06  0.226229E+06  0.158371E+08  0.194298E+08
  0.162651E-02  0.193833E+08  0.193830E+08  0.210834E+06  0.211378E+06  0.154372E+08  0.193783E+08
  0.176786E-02  0.193262E+08  0.193258E+08  0.198089E+06  0.196407E+06  0.150263E+08  0.193207E+08
  0.192150E-02  0.192624E+08  0.192620E+08  0.130988E+06  0.129888E+06  0.146055E+08  0.192565E+08
  0.208848E-02  0.191914E+08  0.191909E+08  0.633761E+05  0.646143E+05  0.141745E+08  0.191850E+08
  0.226998E-02  0.191125E+08  0.191119E+08  0.573573E+05  0.579918E+05  0.137314E+08  0.191056E+08
  0.246725E-02  0.190250E+08  0.190243E+08  0.597383E+05  0.577993E+05  0.132735E+08  0.190177E+08
  0.268167E-02  0.189283E+08  0.189275E+08  0.232400E+05  0.234170E+05  0.127984E+08  0.189205E+08
  0.291471E-02  0.188217E+08  0.188207E+08  0.155774E+05  0.164057E+05  0.123052E+08  0.188133E+08
  0.316801E-02  0.187043E+08  0.187032E+08  0.195003E+05  0.182994E+05  0.117950E+08  0.186954E+08
  0.344333E-02  0.185754E+08  0.185741E+08  0.932257E+03  0.104792E+04  0.112703E+08  0.185660E+08
  0.374257E-02  0.184341E+08  0.184326E+08  0.970612E+04  0.720295E+04  0.107343E+08  0.184242E+08
  0.406781E-02  0.182798E+08  0.182780E+08 -0.575101E+03 -0.296503E+04  0.101902E+08  0.182693E+08
  0.442132E-02  0.181114E+08  0.181093E+08  0.267204E+04  0.144978E+04  0.964068E+07  0.181005E+08
  0.480555E-02  0.179283E+08  0.179258E+08 -0.581615E+04 -0.449192E+04  0.908840E+07  0.179168E+08
  0.484576E-02  0.179091E+08  0.179066E+08 -0.530636E+04 -0.407365E+04  0.903313E+07  0.178976E+08
  0.488631E-02  0.178898E+08  0.178872E+08 -0.444893E+04 -0.344277E+04  0.897786E+07  0.178782E+08
  0.492720E-02  0.178703E+08  0.178677E+08 -0.336947E+04 -0.270622E+04  0.892260E+07  0.178587E+08
  0.496843E-02  0.178507E+08  0.178481E+08 -0.222306E+04 -0.198530E+04  0.886735E+07  0.178390E+08
  0.501001E-02  0.178309E+08  0.178282E+08 -0.117307E+04 -0.139773E+04  0.881211E+07  0.178191E+08
  0.505194E-02  0.178109E+08  0.178082E+08 -0.368063E+03 -0.103974E+04  0.875689E+07  0.177991E+08
  0.509421E-02  0.177908E+08  0.177881E+08  0.798043E+02 -0.970979E+03  0.870168E+07  0.177790E+08
  0.513684E-02  0.177705E+08  0.177677E+08  0.111609E+03 -0.120476E+04  0.864650E+07  0.177586E+08
  0.517983E-02  0.177501E+08  0.177472E+08 -0.269147E+03 -0.170546E+04  0.859134E+07  0.177381E+08
  0.522317E-02  0.177295E+08  0.177266E+08 -0.996738E+03 -0.239370E+04  0.853621E+07  0.177175E+08
  0.526688E-02  0.177087E+08  0.177058E+08 -0.195320E+04 -0.315904E+04  0.848111E+07  0.176967E+08
  0.531095E-02  0.176878E+08  0.176848E+08 -0.298685E+04 -0.387812E+04  0.842604E+07  0.176757E+08
  0.535540E-02  0.176667E+08  0.176636E+08 -0.393679E+04 -0.443557E+04  0.837100E+07  0.176545E+08
  0.540021E-02  0.176454E+08  0.176423E+08 -0.465923E+04 -0.474412E+04  0.831601E+07  0.176332E+08
  0.544540E-02  0.176240E+08  0.176208E+08 -0.505164E+04 -0.476030E+04  0.826105E+07  0.176117E+08
  0.549097E-02  0.176023E+08  0.175992E+08 -0.507000E+04 -0.449276E+04  0.820614E+07  0.175900E+08
  0.553692E-02  0.175806E+08  0.175773E+08 -0.473617E+04 -0.400127E+04  0.815128E+07  0.175682E+08
  0.558325E-02  0.175586E+08  0.175553E+08 -0.413360E+04 -0.338629E+04  0.809647E+07  0.175462E+08
  0.562997E-02  0.175365E+08  0.175332E+08 -0.339159E+04 -0.277052E+04  0.804171E+07  0.175240E+08
  0.567709E-02  0.175142E+08  0.175108E+08 -0.266093E+04 -0.227571E+04  0.798701E+07  0.175017E+08
  0.572459E-02  0.174917E+08  0.174883E+08 -0.208501E+04 -0.199903E+04  0.793236E+07  0.174792E+08
  0.577250E-02  0.174691E+08  0.174656E+08 -0.177204E+04 -0.199356E+04  0.787778E+07  0.174565E+08
  0.582080E-02  0.174463E+08  0.174427E+08 -0.177375E+04 -0.225718E+04  0.782326E+07  0.174336E+08
  0.586951E-02  0.174233E+08  0.174197E+08 -0.207539E+04 -0.273241E+04  0.776881E+07  0.174106E+08
  0.591863E-02  0.174001E+08  0.173964E+08 -0.259912E+04 -0.331771E+04  0.771443E+07  0.173874E+08
  0.596816E-02  0.173768E+08  0.173730E+08 -0.322094E+04 -0.388841E+04  0.766013E+07  0.173640E+08
  0.601810E-02  0.173532E+08  0.173495E+08 -0.379767E+04 -0.432326E+04  0.760589E+07  0.173404E+08
  0.606846E-02  0.173295E+08  0.173257E+08 -0.419879E+04 -0.453087E+04  0.755174E+07  0.173166E+08
  0.611924E-02  0.173056E+08  0.173017E+08 -0.433589E+04 -0.447032E+04  0.749767E+07  0.172927E+08
  0.617045E-02  0.172816E+08  0.172776E+08 -0.418322E+04 -0.416095E+04  0.744369E+07  0.172686E+08
  0.622208E-02  0.172573E+08  0.172533E+08 -0.378404E+04 -0.367863E+04  0.738979E+07  0.172443E+08
  0.627415E-02  0.172329E+08  0.172288E+08 -0.324079E+04 -0.313877E+04  0.733598E+07  0.172198E+08
  0.632665E-02  0.172083E+08  0.172041E+08  0.000000E+00  0.000000E+00  0.728226E+07  0.171952E+08
  0.637960E-02  0.171835E+08  0.171793E+08  0.000000E+00  0.000000E+00  0.722864E+07  0.171703E+08
  0.643298E-02  0.171585E+08  0.171542E+08  0.000000E+00  0.000000E+00  0.717512E+07  0.171453E+08
  0.648681E-02  0.171333E+08  0.171290E+08  0.000000E+00  0.000000E+00  0.712169E+07  0.171201E+08
  0.654110E-02  0.171080E+08  0.171036E+08  0.000000E+00  0.000000E+00  0.706838E+07  0.170947E+08
  0.659583E-02  0.170824E+08  0.170780E+08  0.000000E+00  0.000000E+00  0.701516E+07  0.170691E+08
  0.665103E-02  0.170567E+08  0.170522E+08  0.000000E+00  0.000000E+00  0.696206E+07  0.170433E+08
  0.670669E-02  0.170308E+08  0.170262E+08  0.000000E+00  0.000000E+00  0.690907E+07  0.170173E+08
  0.676281E-02  0.170047E+08  0.170000E+08  0.000000E+00  0.000000E+00  0.685619E+07  0.169912E+08
  0.681940E-02  0.169784E+08  0.169736E+08  0.000000E+00  0.000000E+00  0.680343E+07  0.169648E+08
  0.687647E-02  0.169519E+08  0.169470E+08  0.000000E+00  0.000000E+00  0.675079E+07  0.169383E+08
  0.693401E-02  0.169252E+08  0.169203E+08  0.000000E+00  0.000000E+00  0.669827E+07  0.169116E+08
  0.699203E-02  0.168983E+08  0.168933E+08  0.000000E+00  0.000000E+00  0.664588E+07  0.168847E+08
  0.705054E-02  0.168712E+08  0.168662E+08  0.000000E+00  0.000000E+00  0.659361E+07  0.168575E+08
  0.710954E-02  0.168440E+08  0.168388E+08  0.000000E+00  0.000000E+00  0.654148E+07  0.168302E+08
  0.716904E-02  0.168165E+08  0.168113E+08  0.000000E+00  0.000000E+00  0.648947E+07  0.168027E+08
  0.722903E-02  0.167888E+08  0.167835E+08  0.000000E+00  0.000000E+00  0.643761E+07  0.167750E+08
  0.728952E-02  0.167610E+08  0.167556E+08  0.000000E+00  0.000000E+00  0.638587E+07  0.167471E+08
  0.735052E-02  0.167329E+08  0.167274E+08  0.000000E+00  0.000000E+00  0.633428E+07  0.167190E+08
  0.741203E-02  0.167047E+08  0.166991E+08  0.000000E+00  0.000000E+00  0.628283E+07  0.166907E+08
  0.747406E-02  0.166762E+08  0.166705E+08  0.000000E+00  0.000000E+00  0.623153E+07  0.166622E+08
  0.753660E-02  0.166475E+08  0.166418E+08  0.000000E+00  0.000000E+00  0.618037E+07  0.166335E+08
  0.759967E-02  0.166187E+08  0.166129E+08  0.000000E+00  0.000000E+00  0.612937E+07  0.166046E+08
  0.766327E-02  0.165896E+08  0.165837E+08  0.000000E+00  0.000000E+00  0.607851E+07  0.165755E+08
  0.772739E-02  0.165604E+08  0.165543E+08  0.000000E+00  0.000000E+00  0.602781E+07  0.165462E+08
  0.779206E-02  0.165309E+08  0.165248E+08  0.000000E+00  0.000000E+00  0.597727E+07  0.165167E+08
  0.785726E-02  0.165012E+08  0.164950E+08  0.000000E+00  0.000000E+00  0.592688E+07  0.164870E+08
  0.792301E-02  0.164713E+08  0.164650E+08  0.000000E+00  0.000000E+00  0.587666E+07  0.164570E+08
  0.798931E-02  0.164412E+08  0.164348E+08  0.000000E+00  0.000000E+00  0.582660E+07  0.164269E+08
  0.805617E-02  0.164109E+08  0.164044E+08  0.000000E+00  0.000000E+00  0.577671E+07  0.163966E+08
  0.812359E-02  0.163804E+08  0.163738E+08  0.000000E+00  0.000000E+00  0.572698E+07  0.163660E+08
  0.819156E-02  0.163497E+08  0.163430E+08  0.000000E+00  0.000000E+00  0.567743E+07  0.163353E+08
  0.826011E-02  0.163188E+08  0.163120E+08  0.000000E+00  0.000000E+00  0.562804E+07  0.163043E+08
  0.832923E-02  0.162877E+08  0.162808E+08  0.000000E+00  0.000000E+00  0.557884E+07  0.162731E+08
  0.839893E-02  0.162563E+08  0.162493E+08  0.000000E+00  0.000000E+00  0.552980E+07  0.162417E+08
  0.846922E-02  0.162247E+08  0.162176E+08  0.000000E+00  0.000000E+00  0.548095E+07  0.162101E+08
  0.854009E-02  0.161930E+08  0.161858E+08  0.000000E+00  0.000000E+00  0.543228E+07  0.161783E+08
  0.861155E-02  0.161610E+08  0.161537E+08  0.000000E+00  0.000000E+00  0.538379E+07  0.161463E+08
  0.868362E-02  0.161288E+08  0.161213E+08  0.000000E+00  0.000000E+00  0.533549E+07  0.161141E+08
  0.875628E-02  0.160964E+08  0.160888E+08  0.000000E+00  0.000000E+00  0.528737E+07  0.160816E+08
  0.882956E-02  0.160637E+08  0.160561E+08  0.000000E+00  0.000000E+00  0.523944E+07  0.160489E+08
  0.890344E-02  0.160309E+08  0.160231E+08  0.000000E+00  0.000000E+00  0.519170E+07  0.160161E+08
  0.897795E-02  0.159978E+08  0.159899E+08  0.000000E+00  0.000000E+00  0.514415E+07  0.159829E+08
  0.905308E-02  0.159645E+08  0.159565E+08  0.000000E+00  0.000000E+00  0.509680E+07  0.159496E+08
  0.912884E-02  0.159310E+08  0.159229E+08  0.000000E+00  0.000000E+00  0.504965E+07  0.159161E+08
  0.920523E-02  0.158973E+08  0.158890E+08  0.000000E+00  0.000000E+00  0.500269E+07  0.158823E+08
  0.928226E-02  0.158633E+08  0.158549E+08  0.000000E+00  0.000000E+00  0.495593E+07  0.158483E+08
  0.935993E-02  0.158292E+08  0.158206E+08  0.000000E+00  0.000000E+00  0.490937E+07  0.158141E+08
  0.943826E-02  0.157948E+08  0.157861E+08  0.000000E+00  0.000000E+00  0.486302E+07  0.157797E+08
  0.951724E-02  0.157601E+08  0.157514E+08  0.000000E+00  0.000000E+00  0.481687E+07  0.157450E+08
  0.959688E-02  0.157253E+08  0.157164E+08  0.000000E+00  0.000000E+00  0.477093E+07  0.157101E+08
  0.967719E-02  0.156902E+08  0.156812E+08  0.000000E+00  0.000000E+00  0.472519E+07  0.156750E+08
  0.975817E-02  0.156549E+08  0.156457E+08  0.000000E+00  0.000000E+00  0.467967E+07  0.156397E+08
  0.983983E-02  0.156194E+08  0.156101E+08  0.000000E+00  0.000000E+00  0.463435E+07  0.156041E+08
  0.992217E-02  0.155836E+08  0.155742E+08  0.000000E+00  0.000000E+00  0.458926E+07  0.155684E+08
  0.100052E-01  0.155477E+08  0.155381E+08  0.000000E+00  0.000000E+00  0.454437E+07  0.155323E+08
  0.100889E-01  0.155114E+08  0.155017E+08  0.000000E+00  0.000000E+00  0.449970E+07  0.154961E+08
  0.101733E-01  0.154750E+08  0.154651E+08  0.000000E+00  0.000000E+00  0.445525E+07  0.154596E+08
  0.102585E-01  0.154383E+08  0.154283E+08  0.000000E+00  0.000000E+00  0.441102E+07  0.154229E+08
  0.103443E-01  0.154014E+08  0.153913E+08  0.000000E+00  0.000000E+00  0.436701E+07  0.153860E+08
  0.104309E-01  0.153643E+08  0.153540E+08  0.000000E+00  0.000000E+00  0.432323E+07  0.153488E+08
  0.105182E-01  0.153269E+08  0.153164E+08  0.000000E+00  0.000000E+00  0.427966E+07  0.153114E+08
  0.106062E-01  0.152893E+08  0.152787E+08  0.000000E+00  0.000000E+00  0.423633E+07  0.152738E+08
  0.106949E-01  0.152515E+08  0.152407E+08  0.000000E+00  0.000000E+00  0.419322E+07  0.152359E+08
  0.107844E-01  0.152134E+08  0.152025E+08  0.000000E+00  0.000000E+00  0.415033E+07  0.151978E+08
  0.108747E-01  0.151751E+08  0.151640E+08  0.000000E+00  0.000000E+00  0.410768E+07  0.151595E+08
  0.109657E-01  0.151365E+08  0.151253E+08  0.000000E+00  0.000000E+00  0.406526E+07  0.151209E+08
  0.110575E-01  0.150977E+08  0.150863E+08  0.000000E+00  0.000000E+00  0.402307E+07  0.150821E+08
  0.111500E-01  0.150587E+08  0.150471E+08  0.000000E+00  0.000000E+00  0.398111E+07  0.150430E+08
  0.112433E-01  0.150195E+08  0.150077E+08  0.000000E+00  0.000000E+00  0.393938E+07  0.150037E+08
  0.113374E-01  0.149799E+08  0.149680E+08  0.000000E+00  0.000000E+00  0.389789E+07  0.149642E+08
  0.114322E-01  0.149402E+08  0.149281E+08  0.000000E+00  0.000000E+00  0.385664E+07  0.149244E+08
  0.115279E-01  0.149002E+08  0.148879E+08  0.000000E+00  0.000000E+00  0.381562E+07  0.148844E+08
  0.116244E-01  0.148600E+08  0.148475E+08  0.000000E+00  0.000000E+00  0.377484E+07  0.148441E+08
  0.117217E-01  0.148195E+08  0.148069E+08  0.000000E+00  0.000000E+00  0.373429E+07  0.148036E+08
  0.118197E-01  0.147788E+08  0.147660E+08  0.000000E+00  0.000000E+00  0.369399E+07  0.147629E+08
  0.119187E-01  0.147378E+08  0.147248E+08  0.000000E+00  0.000000E+00  0.365392E+07  0.147219E+08
  0.120184E-01  0.146966E+08  0.146835E+08  0.000000E+00  0.000000E+00  0.361410E+07  0.146807E+08
  0.121190E-01  0.146552E+08  0.146418E+08  0.000000E+00  0.000000E+00  0.357452E+07  0.146392E+08
  0.122204E-01  0.146135E+08  0.145999E+08  0.000000E+00  0.000000E+00  0.353517E+07  0.145975E+08
  0.123226E-01  0.145715E+08  0.145578E+08  0.000000E+00  0.000000E+00  0.349608E+07  0.145555E+08
  0.124258E-01  0.145293E+08  0.145154E+08  0.000000E+00  0.000000E+00  0.345722E+07  0.145133E+08
  0.125297E-01  0.144869E+08  0.144728E+08  0.000000E+00  0.000000E+00  0.341861E+07  0.144708E+08
  0.126346E-01  0.144442E+08  0.144299E+08  0.000000E+00  0.000000E+00  0.338024E+07  0.144281E+08
  0.127403E-01  0.144013E+08  0.143867E+08  0.000000E+00  0.000000E+00  0.334212E+07  0.143851E+08
  0.128469E-01  0.143581E+08  0.143434E+08  0.000000E+00  0.000000E+00  0.330425E+07  0.143419E+08
  0.129544E-01  0.143147E+08  0.142997E+08  0.000000E+00  0.000000E+00  0.326662E+07  0.142985E+08
  0.130628E-01  0.142710E+08  0.142558E+08  0.000000E+00  0.000000E+00  0.322925E+07  0.142547E+08
  0.131722E-01  0.142270E+08  0.142117E+08  0.000000E+00  0.000000E+00  0.319212E+07  0.142108E+08
  0.132824E-01  0.141828E+08  0.141673E+08  0.000000E+00  0.000000E+00  0.315524E+07  0.141666E+08
  0.133935E-01  0.141384E+08  0.141226E+08  0.000000E+00  0.000000E+00  0.311860E+07  0.141221E+08
  0.135056E-01  0.140937E+08  0.140777E+08  0.000000E+00  0.000000E+00  0.308222E+07  0.140774E+08
  0.136186E-01  0.140487E+08  0.140325E+08  0.000000E+00  0.000000E+00  0.304609E+07  0.140324E+08
  0.137326E-01  0.140035E+08  0.139871E+08  0.000000E+00  0.000000E+00  0.301022E+07  0.139872E+08
  0.138475E-01  0.139581E+08  0.139414E+08  0.000000E+00  0.000000E+00  0.297459E+07  0.139417E+08
  0.139634E-01  0.139124E+08  0.138955E+08  0.000000E+00  0.000000E+00  0.293922E+07  0.138960E+08
  0.140802E-01  0.138664E+08  0.138493E+08  0.000000E+00  0.000000E+00  0.290410E+07  0.138500E+08
  0.141981E-01  0.138202E+08  0.138028E+08  0.000000E+00  0.000000E+00  0.286923E+07  0.138037E+08
  0.143169E-01  0.137737E+08  0.137561E+08  0.000000E+00  0.000000E+00  0.283462E+07  0.137572E+08
  0.144367E-01  0.137270E+08  0.137091E+08  0.000000E+00  0.000000E+00  0.280026E+07  0.137105E+08
  0.145575E-01  0.136800E+08  0.136619E+08  0.000000E+00  0.000000E+00  0.276616E+07  0.136635E+08
  0.146793E-01  0.136327E+08  0.136144E+08  0.000000E+00  0.000000E+00  0.273231E+07  0.136162E+08
  0.148021E-01  0.135852E+08  0.135666E+08  0.000000E+00  0.000000E+00  0.269871E+07  0.135687E+08
  0.149260E-01  0.135375E+08  0.135186E+08  0.000000E+00  0.000000E+00  0.266537E+07  0.135209E+08
  0.150509E-01  0.134894E+08  0.134704E+08  0.000000E+00  0.000000E+00  0.263228E+07  0.134729E+08
  0.151769E-01  0.134412E+08  0.134218E+08  0.000000E+00  0.000000E+00  0.259944E+07  0.134246E+08
  0.153039E-01  0.133926E+08  0.133731E+08  0.000000E+00  0.000000E+00  0.256686E+07  0.133760E+08
  0.154319E-01  0.133438E+08  0.133240E+08  0.000000E+00  0.000000E+00  0.253454E+07  0.133272E+08
  0.155611E-01  0.132948E+08  0.132747E+08  0.000000E+00  0.000000E+00  0.250246E+07  0.132781E+08
  0.156913E-01  0.132455E+08  0.132252E+08  0.000000E+00  0.000000E+00  0.247064E+07  0.132288E+08
  0.158226E-01  0.131959E+08  0.131753E+08  0.000000E+00  0.000000E+00  0.243908E+07  0.131792E+08
  0.159550E-01  0.131461E+08  0.131253E+08  0.000000E+00  0.000000E+00  0.240776E+07  0.131294E+08
  0.160885E-01  0.130961E+08  0.130749E+08  0.000000E+00  0.000000E+00  0.237670E+07  0.130793E+08
  0.162231E-01  0.130457E+08  0.130243E+08  0.000000E+00  0.000000E+00  0.234589E+07  0.130290E+08
  0.163589E-01  0.129951E+08  0.129735E+08  0.000000E+00  0.000000E+00  0.231534E+07  0.129784E+08
  0.164958E-01  0.129443E+08  0.129223E+08  0.000000E+00  0.000000E+00  0.228503E+07  0.129275E+08
  0.166338E-01  0.128932E+08  0.128710E+08  0.000000E+00  0.000000E+00  0.225498E+07  0.128764E+08
  0.167730E-01  0.128419E+08  0.128193E+08  0.000000E+00  0.000000E+00  0.222518E+07  0.128250E+08
  0.169134E-01  0.127903E+08  0.127675E+08  0.000000E+00  0.000000E+00  0.219564E+07  0.127734E+08
  0.170549E-01  0.127384E+08  0.127153E+08  0.000000E+00  0.000000E+00  0.216635E+07  0.127216E+08
  0.171976E-01  0.126863E+08  0.126629E+08  0.000000E+00  0.000000E+00  0.213731E+07  0.126694E+08
  0.173415E-01  0.126339E+08  0.126103E+08  0.000000E+00  0.000000E+00  0.210852E+07  0.126170E+08
  0.174867E-01  0.125813E+08  0.125574E+08  0.000000E+00  0.000000E+00  0.207999E+07  0.125644E+08
  0.176330E-01  0.125284E+08  0.125042E+08  0.000000E+00  0.000000E+00  0.205171E+07  0.125115E+08
  0.177805E-01  0.124753E+08  0.124508E+08  0.000000E+00  0.000000E+00  0.202368E+07  0.124584E+08
  0.179293E-01  0.124220E+08  0.123971E+08  0.000000E+00  0.000000E+00  0.199591E+07  0.124050E+08
  0.180794E-01  0.123683E+08  0.123432E+08  0.000000E+00  0.000000E+00  0.196838E+07  0.123514E+08
  0.182307E-01  0.123145E+08  0.122891E+08  0.000000E+00  0.000000E+00  0.194111E+07  0.122975E+08
  0.183832E-01  0.122604E+08  0.122346E+08  0.000000E+00  0.000000E+00  0.191409E+07  0.122434E+08
  0.185371E-01  0.122060E+08  0.121800E+08  0.000000E+00  0.000000E+00  0.188732E+07  0.121890E+08
  0.186922E-01  0.121514E+08  0.121251E+08  0.000000E+00  0.000000E+00  0.186080E+07  0.121344E+08
  0.188486E-01  0.120966E+08  0.120699E+08  0.000000E+00  0.000000E+00  0.183453E+07  0.120796E+08
  0.190063E-01  0.120415E+08  0.120146E+08  0.000000E+00  0.000000E+00  0.180850E+07  0.120245E+08
  0.191654E-01  0.119862E+08  0.119589E+08  0.000000E+00  0.000000E+00  0.178272E+07  0.119692E+08
  0.193257E-01  0.119306E+08  0.119031E+08  0.000000E+00  0.000000E+00  0.175718E+07  0.119136E+08
  0.194875E-01  0.118748E+08  0.118469E+08  0.000000E+00  0.000000E+00  0.173188E+07  0.118578E+08
  0.196505E-01  0.118188E+08  0.117906E+08  0.000000E+00  0.000000E+00  0.170683E+07  0.118017E+08
  0.198150E-01  0.117625E+08  0.117340E+08  0.000000E+00  0.000000E+00  0.168202E+07  0.117455E+08
  0.199808E-01  0.117061E+08  0.116772E+08  0.000000E+00  0.000000E+00  0.165746E+07  0.116890E+08
  0.201480E-01  0.116493E+08  0.116202E+08  0.000000E+00  0.000000E+00  0.163313E+07  0.116323E+08
  0.203166E-01  0.115924E+08  0.115629E+08  0.000000E+00  0.000000E+00  0.160906E+07  0.115753E+08
  0.204866E-01  0.115352E+08  0.115054E+08  0.000000E+00  0.000000E+00  0.158523E+07  0.115181E+08
  0.206580E-01  0.114778E+08  0.114477E+08  0.000000E+00  0.000000E+00  0.156164E+07  0.114607E+08
  0.208309E-01  0.114202E+08  0.113898E+08  0.000000E+00  0.000000E+00  0.153830E+07  0.114031E+08
  0.210052E-01  0.113624E+08  0.113317E+08  0.000000E+00  0.000000E+00  0.151520E+07  0.113453E+08
  0.211810E-01  0.113044E+08  0.112733E+08  0.000000E+00  0.000000E+00  0.149234E+07  0.112873E+08
  0.213583E-01  0.112461E+08  0.112147E+08  0.000000E+00  0.000000E+00  0.146973E+07  0.112290E+08
  0.215370E-01  0.111877E+08  0.111560E+08  0.000000E+00  0.000000E+00  0.144735E+07  0.111705E+08
  0.217172E-01  0.111290E+08  0.110970E+08  0.000000E+00  0.000000E+00  0.142521E+07  0.111119E+08
  0.218989E-01  0.110702E+08  0.110378E+08  0.000000E+00  0.000000E+00  0.140330E+07  0.110530E+08
  0.220822E-01  0.110111E+08  0.109784E+08  0.000000E+00  0.000000E+00  0.138163E+07  0.109940E+08
  0.222670E-01  0.109519E+08  0.109189E+08  0.000000E+00  0.000000E+00  0.136018E+07  0.109347E+08
  0.224533E-01  0.108924E+08  0.108591E+08  0.000000E+00  0.000000E+00  0.133897E+07  0.108753E+08
  0.226412E-01  0.108328E+08  0.107992E+08  0.000000E+00  0.000000E+00  0.131798E+07  0.108157E+08
  0.228307E-01  0.107730E+08  0.107390E+08  0.000000E+00  0.000000E+00  0.129724E+07  0.107558E+08
  0.230217E-01  0.107130E+08  0.106787E+08  0.000000E+00  0.000000E+00  0.127672E+07  0.106959E+08
  0.232144E-01  0.106529E+08  0.106182E+08  0.000000E+00  0.000000E+00  0.125644E+07  0.106357E+08
  0.234086E-01  0.105925E+08  0.105576E+08  0.000000E+00  0.000000E+00  0.123639E+07  0.105754E+08
  0.236045E-01  0.105320E+08  0.104968E+08  0.000000E+00  0.000000E+00  0.121658E+07  0.105149E+08
  0.238020E-01  0.104714E+08  0.104358E+08  0.000000E+00  0.000000E+00  0.119700E+07  0.104543E+08
  0.240012E-01  0.104106E+08  0.103747E+08  0.000000E+00  0.000000E+00  0.117764E+07  0.103935E+08
  0.242021E-01  0.103496E+08  0.103134E+08  0.000000E+00  0.000000E+00  0.115852E+07  0.103325E+08
  0.244046E-01  0.102885E+08  0.102520E+08  0.000000E+00  0.000000E+00  0.113961E+07  0.102714E+08
  0.246088E-01  0.102273E+08  0.101905E+08  0.000000E+00  0.000000E+00  0.112093E+07  0.102102E+08
  0.248147E-01  0.101659E+08  0.101288E+08  0.000000E+00  0.000000E+00  0.110246E+07  0.101488E+08
  0.250224E-01  0.101044E+08  0.100670E+08  0.000000E+00  0.000000E+00  0.108421E+07  0.100873E+08
  0.252318E-01  0.100428E+08  0.100051E+08  0.000000E+00  0.000000E+00  0.106619E+07  0.100257E+08
  0.254429E-01  0.998108E+07  0.994304E+07  0.000000E+00  0.000000E+00  0.104838E+07  0.996398E+07
  0.256558E-01  0.991923E+07  0.988090E+07  0.000000E+00  0.000000E+00  0.103080E+07  0.990215E+07
  0.258705E-01  0.985728E+07  0.981865E+07  0.000000E+00  0.000000E+00  0.101344E+07  0.984021E+07
  0.260870E-01  0.979524E+07  0.975632E+07  0.000000E+00  0.000000E+00  0.996308E+06  0.977818E+07
  0.263053E-01  0.973311E+07  0.969390E+07  0.000000E+00  0.000000E+00  0.979391E+06  0.971606E+07
  0.265255E-01  0.967089E+07  0.963140E+07  0.000000E+00  0.000000E+00  0.962689E+06  0.965386E+07
  0.267474E-01  0.960860E+07  0.956883E+07  0.000000E+00  0.000000E+00  0.946198E+06  0.959159E+07
  0.269713E-01  0.954625E+07  0.950620E+07  0.000000E+00  0.000000E+00  0.929914E+06  0.952924E+07
  0.271970E-01  0.948383E+07  0.944351E+07  0.000000E+00  0.000000E+00  0.913837E+06  0.946684E+07
  0.274245E-01  0.942136E+07  0.938077E+07  0.000000E+00  0.000000E+00  0.897968E+06  0.940439E+07
  0.276540E-01  0.935885E+07  0.931799E+07  0.000000E+00  0.000000E+00  0.882311E+06  0.934190E+07
  0.278854E-01  0.929630E+07  0.925519E+07  0.000000E+00  0.000000E+00  0.866867E+06  0.927937E+07
  0.281188E-01  0.923372E+07  0.919236E+07  0.000000E+00  0.000000E+00  0.851636E+06  0.921681E+07
  0.283541E-01  0.917113E+07  0.912951E+07  0.000000E+00  0.000000E+00  0.836618E+06  0.915424E+07
  0.285914E-01  0.910852E+07  0.906666E+07  0.000000E+00  0.000000E+00  0.821806E+06  0.909165E+07
  0.288306E-01  0.904591E+07  0.900382E+07  0.000000E+00  0.000000E+00  0.807196E+06  0.902907E+07
  0.290719E-01  0.898331E+07  0.894099E+07  0.000000E+00  0.000000E+00  0.792783E+06  0.896649E+07
  0.293152E-01  0.892073E+07  0.887818E+07  0.000000E+00  0.000000E+00  0.778565E+06  0.890394E+07
  0.295605E-01  0.885817E+07  0.881541E+07  0.000000E+00  0.000000E+00  0.764544E+06  0.884140E+07
  0.298078E-01  0.879564E+07  0.875268E+07  0.000000E+00  0.000000E+00  0.750721E+06  0.877891E+07
  0.300573E-01  0.873317E+07  0.869000E+07  0.000000E+00  0.000000E+00  0.737101E+06  0.871646E+07
  0.303088E-01  0.867074E+07  0.862738E+07  0.000000E+00  0.000000E+00  0.723685E+06  0.865407E+07
  0.305624E-01  0.860839E+07  0.856484E+07  0.000000E+00  0.000000E+00  0.710469E+06  0.859175E+07
  0.308182E-01  0.854611E+07  0.850238E+07  0.000000E+00  0.000000E+00  0.697448E+06  0.852950E+07
  0.310761E-01  0.848391E+07  0.844002E+07  0.000000E+00  0.000000E+00  0.684614E+06  0.846734E+07
  0.313361E-01  0.842182E+07  0.837776E+07  0.000000E+00  0.000000E+00  0.671966E+06  0.840528E+07
  0.315983E-01  0.835982E+07  0.831561E+07  0.000000E+00  0.000000E+00  0.659502E+06  0.834333E+07
  0.318628E-01  0.829795E+07  0.825360E+07  0.000000E+00  0.000000E+00  0.647227E+06  0.828150E+07
  0.321294E-01  0.823621E+07  0.819172E+07  0.000000E+00  0.000000E+00  0.635145E+06  0.821980E+07
  0.323983E-01  0.817461E+07  0.812999E+07  0.000000E+00  0.000000E+00  0.623256E+06  0.815824E+07
  0.326694E-01  0.811315E+07  0.806842E+07  0.000000E+00  0.000000E+00  0.611557E+06  0.809683E+07
  0.329428E-01  0.805187E+07  0.800703E+07  0.000000E+00  0.000000E+00  0.600040E+06  0.803559E+07
  0.332184E-01  0.799075E+07  0.794582E+07  0.000000E+00  0.000000E+00  0.588699E+06  0.797452E+07
  0.334964E-01  0.792982E+07  0.788481E+07  0.000000E+00  0.000000E+00  0.577532E+06  0.791365E+07
  0.337767E-01  0.786909E+07  0.782401E+07  0.000000E+00  0.000000E+00  0.566539E+06  0.785297E+07
  0.340594E-01  0.780857E+07  0.776343E+07  0.000000E+00  0.000000E+00  0.555725E+06  0.779250E+07
  0.343444E-01  0.774827E+07  0.770308E+07  0.000000E+00  0.000000E+00  0.545092E+06  0.773225E+07
  0.346318E-01  0.768821E+07  0.764297E+07  0.000000E+00  0.000000E+00  0.534638E+06  0.767224E+07
  0.349216E-01  0.762838E+07  0.758312E+07  0.000000E+00  0.000000E+00  0.524360E+06  0.761248E+07
  0.352138E-01  0.756882E+07  0.752354E+07  0.000000E+00  0.000000E+00  0.514251E+06  0.755297E+07
  0.355085E-01  0.750952E+07  0.746424E+07  0.000000E+00  0.000000E+00  0.504310E+06  0.749374E+07
  0.358056E-01  0.745050E+07  0.740524E+07  0.000000E+00  0.000000E+00  0.494538E+06  0.743479E+07
  0.361052E-01  0.739178E+07  0.734654E+07  0.000000E+00  0.000000E+00  0.484932E+06  0.737613E+07
  0.364074E-01  0.733336E+07  0.728816E+07  0.000000E+00  0.000000E+00  0.475491E+06  0.731777E+07
  0.367120E-01  0.727525E+07  0.723010E+07  0.000000E+00  0.000000E+00  0.466211E+06  0.725974E+07
  0.370193E-01  0.721748E+07  0.717239E+07  0.000000E+00  0.000000E+00  0.457091E+06  0.720203E+07
  0.373290E-01  0.716004E+07  0.711503E+07  0.000000E+00  0.000000E+00  0.448132E+06  0.714467E+07
  0.376414E-01  0.710295E+07  0.705803E+07  0.000000E+00  0.000000E+00  0.439336E+06  0.708765E+07
  0.379564E-01  0.704622E+07  0.700141E+07  0.000000E+00  0.000000E+00  0.430701E+06  0.703100E+07
  0.382740E-01  0.698987E+07  0.694517E+07  0.000000E+00  0.000000E+00  0.422223E+06  0.697473E+07
  0.385943E-01  0.693390E+07  0.688934E+07  0.000000E+00  0.000000E+00  0.413893E+06  0.691884E+07
  0.389173E-01  0.687833E+07  0.683392E+07  0.000000E+00  0.000000E+00  0.405712E+06  0.686335E+07
  0.392429E-01  0.682317E+07  0.677892E+07  0.000000E+00  0.000000E+00  0.397682E+06  0.680828E+07
  0.395713E-01  0.676843E+07  0.672435E+07  0.000000E+00  0.000000E+00  0.389804E+06  0.675362E+07
  0.399025E-01  0.671411E+07  0.667023E+07  0.000000E+00  0.000000E+00  0.382075E+06  0.669939E+07
  0.402364E-01  0.666023E+07  0.661656E+07  0.000000E+00  0.000000E+00  0.374488E+06  0.664560E+07
  0.405731E-01  0.660680E+07  0.656335E+07  0.000000E+00  0.000000E+00  0.367040E+06  0.659226E+07
  0.409126E-01  0.655382E+07  0.651061E+07  0.000000E+00  0.000000E+00  0.359735E+06  0.653938E+07
  0.412550E-01  0.650131E+07  0.645835E+07  0.000000E+00  0.000000E+00  0.352575E+06  0.648696E+07
  0.416002E-01  0.644928E+07  0.640658E+07  0.000000E+00  0.000000E+00  0.345557E+06  0.643502E+07
  0.419483E-01  0.639772E+07  0.635531E+07  0.000000E+00  0.000000E+00  0.338670E+06  0.638357E+07
  0.422993E-01  0.634667E+07  0.630455E+07  0.000000E+00  0.000000E+00  0.331912E+06  0.633262E+07
  0.426533E-01  0.629611E+07  0.625430E+07  0.000000E+00  0.000000E+00  0.325286E+06  0.628216E+07
  0.430102E-01  0.624606E+07  0.620458E+07  0.000000E+00  0.000000E+00  0.318795E+06  0.623222E+07
  0.433702E-01  0.619652E+07  0.615538E+07  0.000000E+00  0.000000E+00  0.312436E+06  0.618278E+07
  0.437331E-01  0.614750E+07  0.610672E+07  0.000000E+00  0.000000E+00  0.306201E+06  0.613387E+07
  0.440990E-01  0.609900E+07  0.605859E+07  0.000000E+00  0.000000E+00  0.300087E+06  0.608549E+07
  0.444681E-01  0.605103E+07  0.601101E+07  0.000000E+00  0.000000E+00  0.294097E+06  0.603763E+07
  0.448402E-01  0.600360E+07  0.596397E+07  0.000000E+00  0.000000E+00  0.288232E+06  0.599031E+07
  0.452154E-01  0.595670E+07  0.591748E+07  0.000000E+00  0.000000E+00  0.282483E+06  0.594352E+07
  0.455938E-01  0.591034E+07  0.587154E+07  0.000000E+00  0.000000E+00  0.276848E+06  0.589728E+07
  0.459753E-01  0.586452E+07  0.582617E+07  0.000000E+00  0.000000E+00  0.271329E+06  0.585158E+07
  0.463601E-01  0.581925E+07  0.578135E+07  0.000000E+00  0.000000E+00  0.265928E+06  0.580643E+07
  0.467480E-01  0.577453E+07  0.573709E+07  0.000000E+00  0.000000E+00  0.260639E+06  0.576183E+07
  0.471392E-01  0.573036E+07  0.569340E+07  0.000000E+00  0.000000E+00  0.255454E+06  0.571778E+07
  0.475337E-01  0.568674E+07  0.565026E+07  0.000000E+00  0.000000E+00  0.250374E+06  0.567429E+07
  0.479314E-01  0.564366E+07  0.560769E+07  0.000000E+00  0.000000E+00  0.245401E+06  0.563134E+07
  0.483325E-01  0.560113E+07  0.556567E+07  0.000000E+00  0.000000E+00  0.240534E+06  0.558893E+07
  0.487370E-01  0.555914E+07  0.552420E+07  0.000000E+00  0.000000E+00  0.235766E+06  0.554707E+07
  0.491448E-01  0.551769E+07  0.548327E+07  0.000000E+00  0.000000E+00  0.231098E+06  0.550574E+07
  0.495561E-01  0.547676E+07  0.544289E+07  0.000000E+00  0.000000E+00  0.226530E+06  0.546494E+07
  0.499708E-01  0.543637E+07  0.540304E+07  0.000000E+00  0.000000E+00  0.222053E+06  0.542468E+07
  0.503889E-01  0.539649E+07  0.536372E+07  0.000000E+00  0.000000E+00  0.217667E+06  0.538494E+07
  0.508106E-01  0.535714E+07  0.532493E+07  0.000000E+00  0.000000E+00  0.213373E+06  0.534571E+07
  0.512358E-01  0.531829E+07  0.528665E+07  0.000000E+00  0.000000E+00  0.209171E+06  0.530699E+07
  0.516645E-01  0.527994E+07  0.524888E+07  0.000000E+00  0.000000E+00  0.205056E+06  0.526877E+07
  0.520969E-01  0.524208E+07  0.521161E+07  0.000000E+00  0.000000E+00  0.201024E+06  0.523105E+07
  0.525328E-01  0.520470E+07  0.517482E+07  0.000000E+00  0.000000E+00  0.197076E+06  0.519380E+07
  0.529724E-01  0.516779E+07  0.513850E+07  0.000000E+00  0.000000E+00  0.193210E+06  0.515702E+07
  0.534157E-01  0.513134E+07  0.510264E+07  0.000000E+00  0.000000E+00  0.189422E+06  0.512070E+07
  0.538627E-01  0.509532E+07  0.506722E+07  0.000000E+00  0.000000E+00  0.185712E+06  0.508482E+07
  0.543134E-01  0.505974E+07  0.503224E+07  0.000000E+00  0.000000E+00  0.182076E+06  0.504937E+07
  0.547679E-01  0.502457E+07  0.499767E+07  0.000000E+00  0.000000E+00  0.178514E+06  0.501433E+07
  0.552262E-01  0.498980E+07  0.496350E+07  0.000000E+00  0.000000E+00  0.175024E+06  0.497970E+07
  0.556884E-01  0.495541E+07  0.492970E+07  0.000000E+00  0.000000E+00  0.171606E+06  0.494544E+07
  0.561544E-01  0.492139E+07  0.489628E+07  0.000000E+00  0.000000E+00  0.168254E+06  0.491154E+07
  0.566243E-01  0.488771E+07  0.486319E+07  0.000000E+00  0.000000E+00  0.164965E+06  0.487799E+07
  0.570981E-01  0.485436E+07  0.483043E+07  0.000000E+00  0.000000E+00  0.161742E+06  0.484477E+07
  0.575759E-01  0.482132E+07  0.479797E+07  0.000000E+00  0.000000E+00  0.158583E+06  0.481186E+07
  0.580577E-01  0.478857E+07  0.476580E+07  0.000000E+00  0.000000E+00  0.155486E+06  0.477923E+07
  0.585436E-01  0.475608E+07  0.473388E+07  0.000000E+00  0.000000E+00  0.152446E+06  0.474688E+07
  0.590335E-01  0.472385E+07  0.470221E+07  0.000000E+00  0.000000E+00  0.149461E+06  0.471476E+07
  0.597233E-01  0.467928E+07  0.465842E+07  0.000000E+00  0.000000E+00  0.145395E+06  0.467037E+07
  0.604132E-01  0.463560E+07  0.461547E+07  0.000000E+00  0.000000E+00  0.141479E+06  0.462684E+07
  0.611031E-01  0.459271E+07  0.457330E+07  0.000000E+00  0.000000E+00  0.137700E+06  0.458412E+07
  0.617929E-01  0.455054E+07  0.453181E+07  0.000000E+00  0.000000E+00  0.134055E+06  0.454210E+07
  0.624828E-01  0.450902E+07  0.449094E+07  0.000000E+00  0.000000E+00  0.130537E+06  0.450073E+07
  0.631726E-01  0.446808E+07  0.445062E+07  0.000000E+00  0.000000E+00  0.127132E+06  0.445994E+07
  0.638625E-01  0.442766E+07  0.441077E+07  0.000000E+00  0.000000E+00  0.123843E+06  0.441965E+07
  0.645523E-01  0.438768E+07  0.437134E+07  0.000000E+00  0.000000E+00  0.120662E+06  0.437980E+07
  0.652422E-01  0.434810E+07  0.433226E+07  0.000000E+00  0.000000E+00  0.117577E+06  0.434034E+07
  0.659321E-01  0.430884E+07  0.429348E+07  0.000000E+00  0.000000E+00  0.114590E+06  0.430120E+07
  0.666219E-01  0.426988E+07  0.425495E+07  0.000000E+00  0.000000E+00  0.111694E+06  0.426235E+07
  0.673118E-01  0.423116E+07  0.421664E+07  0.000000E+00  0.000000E+00  0.108879E+06  0.422374E+07
  0.680016E-01  0.419266E+07  0.417849E+07  0.000000E+00  0.000000E+00  0.106150E+06  0.418534E+07
  0.686915E-01  0.415432E+07  0.414048E+07  0.000000E+00  0.000000E+00  0.103498E+06  0.414709E+07
  0.693813E-01  0.411612E+07  0.410257E+07  0.000000E+00  0.000000E+00  0.100918E+06  0.410898E+07
  0.700712E-01  0.407803E+07  0.406473E+07  0.000000E+00  0.000000E+00  0.984111E+05  0.407098E+07
  0.707611E-01  0.404002E+07  0.402695E+07  0.000000E+00  0.000000E+00  0.959705E+05  0.403305E+07
  0.714509E-01  0.400209E+07  0.398920E+07  0.000000E+00  0.000000E+00  0.935966E+05  0.399519E+07
  0.721408E-01  0.396421E+07  0.395147E+07  0.000000E+00  0.000000E+00  0.912876E+05  0.395738E+07
  0.728306E-01  0.392638E+07  0.391376E+07  0.000000E+00  0.000000E+00  0.890358E+05  0.391961E+07
  0.735205E-01  0.388859E+07  0.387606E+07  0.000000E+00  0.000000E+00  0.868451E+05  0.388188E+07
  0.742103E-01  0.385082E+07  0.383835E+07  0.000000E+00  0.000000E+00  0.847115E+05  0.384417E+07
  0.749002E-01  0.381309E+07  0.380065E+07  0.000000E+00  0.000000E+00  0.826300E+05  0.380648E+07
  0.755901E-01  0.377538E+07  0.376295E+07  0.000000E+00  0.000000E+00  0.806046E+05  0.376882E+07
  0.762799E-01  0.373772E+07  0.372527E+07  0.000000E+00  0.000000E+00  0.786302E+05  0.373120E+07
  0.769698E-01  0.370010E+07  0.368761E+07  0.000000E+00  0.000000E+00  0.767050E+05  0.369362E+07
  0.776596E-01  0.366255E+07  0.364999E+07  0.000000E+00  0.000000E+00  0.748292E+05  0.365610E+07
  0.783495E-01  0.362506E+07  0.361242E+07  0.000000E+00  0.000000E+00  0.730008E+05  0.361865E+07
  0.790393E-01  0.358766E+07  0.357491E+07  0.000000E+00  0.000000E+00  0.712202E+05  0.358127E+07
  0.797292E-01  0.355036E+07  0.353749E+07  0.000000E+00  0.000000E+00  0.694823E+05  0.354400E+07
  0.804190E-01  0.351319E+07  0.350019E+07  0.000000E+00  0.000000E+00  0.677897E+05  0.350686E+07
  0.811089E-01  0.347616E+07  0.346301E+07  0.000000E+00  0.000000E+00  0.661423E+05  0.346985E+07
  0.817988E-01  0.343930E+07  0.342599E+07  0.000000E+00  0.000000E+00  0.645342E+05  0.343301E+07
  0.824886E-01  0.340263E+07  0.338915E+07  0.000000E+00  0.000000E+00  0.629688E+05  0.339636E+07
  0.831785E-01  0.336618E+07  0.335252E+07  0.000000E+00  0.000000E+00  0.614449E+05  0.335992E+07
  0.838683E-01  0.332996E+07  0.331611E+07  0.000000E+00  0.000000E+00  0.599602E+05  0.332371E+07
  0.845582E-01  0.329400E+07  0.327997E+07  0.000000E+00  0.000000E+00  0.585144E+05  0.328777E+07
  0.852480E-01  0.325833E+07  0.324411E+07  0.000000E+00  0.000000E+00  0.571079E+05  0.325212E+07
  0.859379E-01  0.322298E+07  0.320857E+07  0.000000E+00  0.000000E+00  0.557397E+05  0.321678E+07
  0.866278E-01  0.318797E+07  0.317338E+07  0.000000E+00  0.000000E+00  0.544063E+05  0.318178E+07
  0.873176E-01  0.315333E+07  0.313855E+07  0.000000E+00  0.000000E+00  0.531109E+05  0.314716E+07
  0.880075E-01  0.311909E+07  0.310412E+07  0.000000E+00  0.000000E+00  0.518514E+05  0.311293E+07
  0.886973E-01  0.308526E+07  0.307012E+07  0.000000E+00  0.000000E+00  0.506263E+05  0.307911E+07
  0.893872E-01  0.305188E+07  0.303657E+07  0.000000E+00  0.000000E+00  0.494367E+05  0.304575E+07
  0.900771E-01  0.301896E+07  0.300348E+07  0.000000E+00  0.000000E+00  0.482797E+05  0.301284E+07
  0.907669E-01  0.298653E+07  0.297090E+07  0.000000E+00  0.000000E+00  0.471554E+05  0.298043E+07
  0.914568E-01  0.295461E+07  0.293884E+07  0.000000E+00  0.000000E+00  0.460644E+05  0.294852E+07
  0.921466E-01  0.292322E+07  0.290732E+07  0.000000E+00  0.000000E+00  0.450055E+05  0.291715E+07
  0.928365E-01  0.289238E+07  0.287636E+07  0.000000E+00  0.000000E+00  0.439762E+05  0.288633E+07
  0.935263E-01  0.286210E+07  0.284598E+07  0.000000E+00  0.000000E+00  0.429788E+05  0.285607E+07
  0.942162E-01  0.283241E+07  0.281619E+07  0.000000E+00  0.000000E+00  0.420119E+05  0.282640E+07
  0.949060E-01  0.280331E+07  0.278702E+07  0.000000E+00  0.000000E+00  0.410723E+05  0.279733E+07
  0.955959E-01  0.277482E+07  0.275847E+07  0.000000E+00  0.000000E+00  0.401625E+05  0.276887E+07
  0.962858E-01  0.274696E+07  0.273056E+07  0.000000E+00  0.000000E+00  0.392809E+05  0.274103E+07
  0.969756E-01  0.271972E+07  0.270329E+07  0.000000E+00  0.000000E+00  0.384262E+05  0.271382E+07
  0.976655E-01  0.269312E+07  0.267667E+07  0.000000E+00  0.000000E+00  0.375979E+05  0.268724E+07
  0.983553E-01  0.266715E+07  0.265072E+07  0.000000E+00  0.000000E+00  0.367955E+05  0.266131E+07
  0.990452E-01  0.264184E+07  0.262542E+07  0.000000E+00  0.000000E+00  0.360180E+05  0.263603E+07
  0.997350E-01  0.261717E+07  0.260079E+07  0.000000E+00  0.000000E+00  0.352657E+05  0.261140E+07
  0.100425E+00  0.259315E+07  0.257683E+07  0.000000E+00  0.000000E+00  0.345366E+05  0.258742E+07
  0.101115E+00  0.256978E+07  0.255353E+07  0.000000E+00  0.000000E+00  0.338309E+05  0.256409E+07
  0.101805E+00  0.254705E+07  0.253089E+07  0.000000E+00  0.000000E+00  0.331480E+05  0.254140E+07
  0.102494E+00  0.252496E+07  0.250890E+07  0.000000E+00  0.000000E+00  0.324852E+05  0.251935E+07
  0.103184E+00  0.250350E+07  0.248756E+07  0.000000E+00  0.000000E+00  0.318441E+05  0.249793E+07
  0.103874E+00  0.248266E+07  0.246685E+07  0.000000E+00  0.000000E+00  0.312238E+05  0.247714E+07
  0.104564E+00  0.246243E+07  0.244677E+07  0.000000E+00  0.000000E+00  0.306219E+05  0.245696E+07
  0.105254E+00  0.244280E+07  0.242731E+07  0.000000E+00  0.000000E+00  0.300396E+05  0.243738E+07
  0.105944E+00  0.242377E+07  0.240845E+07  0.000000E+00  0.000000E+00  0.294765E+05  0.241840E+07
  0.106634E+00  0.240530E+07  0.239017E+07  0.000000E+00  0.000000E+00  0.289294E+05  0.239998E+07
  0.107323E+00  0.238739E+07  0.237247E+07  0.000000E+00  0.000000E+00  0.283993E+05  0.238213E+07
  0.108013E+00  0.237002E+07  0.235531E+07  0.000000E+00  0.000000E+00  0.278860E+05  0.236481E+07
  0.108703E+00  0.235318E+07  0.233869E+07  0.000000E+00  0.000000E+00  0.273887E+05  0.234802E+07
  0.109393E+00  0.233684E+07  0.232258E+07  0.000000E+00  0.000000E+00  0.269055E+05  0.233174E+07
  0.110083E+00  0.232098E+07  0.230696E+07  0.000000E+00  0.000000E+00  0.264363E+05  0.231594E+07
  0.110773E+00  0.230558E+07  0.229182E+07  0.000000E+00  0.000000E+00  0.259818E+05  0.230060E+07
  0.111463E+00  0.229063E+07  0.227712E+07  0.000000E+00  0.000000E+00  0.255403E+05  0.228570E+07
  0.112152E+00  0.227610E+07  0.226284E+07  0.000000E+00  0.000000E+00  0.251108E+05  0.227122E+07
  0.112842E+00  0.226196E+07  0.224897E+07  0.000000E+00  0.000000E+00  0.246940E+05  0.225714E+07
  0.113532E+00  0.224819E+07  0.223548E+07  0.000000E+00  0.000000E+00  0.242880E+05  0.224344E+07
  0.114222E+00  0.223478E+07  0.222234E+07  0.000000E+00  0.000000E+00  0.238930E+05  0.223008E+07
  0.114912E+00  0.222169E+07  0.220952E+07  0.000000E+00  0.000000E+00  0.235086E+05  0.221705E+07
  0.115602E+00  0.220891E+07  0.219701E+07  0.000000E+00  0.000000E+00  0.231335E+05  0.220433E+07
  0.116292E+00  0.219640E+07  0.218478E+07  0.000000E+00  0.000000E+00  0.227682E+05  0.219188E+07
  0.116981E+00  0.218415E+07  0.217280E+07  0.000000E+00  0.000000E+00  0.224118E+05  0.217969E+07
  0.117671E+00  0.217213E+07  0.216106E+07  0.000000E+00  0.000000E+00  0.220632E+05  0.216773E+07
  0.118361E+00  0.216033E+07  0.214952E+07  0.000000E+00  0.000000E+00  0.217230E+05  0.215597E+07
  0.119051E+00  0.214871E+07  0.213817E+07  0.000000E+00  0.000000E+00  0.213908E+05  0.214441E+07
  0.119741E+00  0.213725E+07  0.212697E+07  0.000000E+00  0.000000E+00  0.210659E+05  0.213301E+07
  0.120431E+00  0.212594E+07  0.211591E+07  0.000000E+00  0.000000E+00  0.207471E+05  0.212175E+07
  0.121121E+00  0.211475E+07  0.210498E+07  0.000000E+00  0.000000E+00  0.204352E+05  0.211062E+07
  0.121810E+00  0.210367E+07  0.209413E+07  0.000000E+00  0.000000E+00  0.201294E+05  0.209958E+07
  0.122500E+00  0.209267E+07  0.208337E+07  0.000000E+00  0.000000E+00  0.198287E+05  0.208863E+07
  0.123190E+00  0.208173E+07  0.207265E+07  0.000000E+00  0.000000E+00  0.195342E+05  0.207774E+07
  0.123880E+00  0.207084E+07  0.206198E+07  0.000000E+00  0.000000E+00  0.192449E+05  0.206689E+07
  0.124570E+00  0.205998E+07  0.205133E+07  0.000000E+00  0.000000E+00  0.189601E+05  0.205608E+07
  0.125260E+00  0.204913E+07  0.204068E+07  0.000000E+00  0.000000E+00  0.186804E+05  0.204527E+07
  0.125950E+00  0.203828E+07  0.203002E+07  0.000000E+00  0.000000E+00  0.184051E+05  0.203447E+07
  0.126639E+00  0.202742E+07  0.201934E+07  0.000000E+00  0.000000E+00  0.181337E+05  0.202365E+07
  0.127329E+00  0.201654E+07  0.200862E+07  0.000000E+00  0.000000E+00  0.178661E+05  0.201280E+07
  0.128019E+00  0.200561E+07  0.199785E+07  0.000000E+00  0.000000E+00  0.176027E+05  0.200192E+07
  0.128709E+00  0.199464E+07  0.198702E+07  0.000000E+00  0.000000E+00  0.173433E+05  0.199098E+07
  0.129399E+00  0.198361E+07  0.197613E+07  0.000000E+00  0.000000E+00  0.170871E+05  0.197998E+07
  0.130089E+00  0.197251E+07  0.196516E+07  0.000000E+00  0.000000E+00  0.168341E+05  0.196892E+07
  0.130779E+00  0.196135E+07  0.195410E+07  0.000000E+00  0.000000E+00  0.165849E+05  0.195778E+07
  0.131468E+00  0.195010E+07  0.194296E+07  0.000000E+00  0.000000E+00  0.163394E+05  0.194657E+07
  0.132158E+00  0.193878E+07  0.193172E+07  0.000000E+00  0.000000E+00  0.160960E+05  0.193527E+07
  0.132848E+00  0.192736E+07  0.192039E+07  0.000000E+00  0.000000E+00  0.158558E+05  0.192389E+07
  0.133538E+00  0.191587E+07  0.190896E+07  0.000000E+00  0.000000E+00  0.156191E+05  0.191241E+07
  0.134228E+00  0.190428E+07  0.189743E+07  0.000000E+00  0.000000E+00  0.153849E+05  0.190085E+07
  0.134918E+00  0.189260E+07  0.188580E+07  0.000000E+00  0.000000E+00  0.151538E+05  0.188920E+07
  0.135608E+00  0.188084E+07  0.187407E+07  0.000000E+00  0.000000E+00  0.149255E+05  0.187745E+07
  0.136297E+00  0.186900E+07  0.186225E+07  0.000000E+00  0.000000E+00  0.146998E+05  0.186563E+07
  0.136987E+00  0.185707E+07  0.185033E+07  0.000000E+00  0.000000E+00  0.144768E+05  0.185371E+07
  0.137677E+00  0.184506E+07  0.183833E+07  0.000000E+00  0.000000E+00  0.142568E+05  0.184172E+07
  0.138367E+00  0.183297E+07  0.182624E+07  0.000000E+00  0.000000E+00  0.140392E+05  0.182965E+07
  0.139057E+00  0.182082E+07  0.181408E+07  0.000000E+00  0.000000E+00  0.138245E+05  0.181751E+07
  0.139747E+00  0.180861E+07  0.180185E+07  0.000000E+00  0.000000E+00  0.136126E+05  0.180531E+07
  0.140437E+00  0.179634E+07  0.178956E+07  0.000000E+00  0.000000E+00  0.134034E+05  0.179306E+07
  0.141126E+00  0.178403E+07  0.177721E+07  0.000000E+00  0.000000E+00  0.131968E+05  0.178075E+07
  0.141816E+00  0.177168E+07  0.176482E+07  0.000000E+00  0.000000E+00  0.129930E+05  0.176841E+07
  0.142506E+00  0.175929E+07  0.175239E+07  0.000000E+00  0.000000E+00  0.127923E+05  0.175603E+07
  0.143196E+00  0.174688E+07  0.173993E+07  0.000000E+00  0.000000E+00  0.125940E+05  0.174363E+07
  0.143886E+00  0.173447E+07  0.172746E+07  0.000000E+00  0.000000E+00  0.123985E+05  0.173122E+07
  0.144576E+00  0.172205E+07  0.171498E+07  0.000000E+00  0.000000E+00  0.122062E+05  0.171881E+07
  0.145266E+00  0.170964E+07  0.170251E+07  0.000000E+00  0.000000E+00  0.120165E+05  0.170640E+07
  0.145955E+00  0.169725E+07  0.169005E+07  0.000000E+00  0.000000E+00  0.118297E+05  0.169402E+07
  0.146645E+00  0.168488E+07  0.167763E+07  0.000000E+00  0.000000E+00  0.116458E+05  0.168166E+07
  0.147335E+00  0.167256E+07  0.166524E+07  0.000000E+00  0.000000E+00  0.114646E+05  0.166934E+07
  0.148025E+00  0.166029E+07  0.165290E+07  0.000000E+00  0.000000E+00  0.112867E+05  0.165708E+07
  0.148715E+00  0.164808E+07  0.164062E+07  0.000000E+00  0.000000E+00  0.111119E+05  0.164487E+07
  0.149405E+00  0.163594E+07  0.162841E+07  0.000000E+00  0.000000E+00  0.109396E+05  0.163274E+07
  0.150095E+00  0.162389E+07  0.161629E+07  0.000000E+00  0.000000E+00  0.107702E+05  0.162069E+07
  0.150784E+00  0.161194E+07  0.160426E+07  0.000000E+00  0.000000E+00  0.106041E+05  0.160874E+07
  0.151474E+00  0.160008E+07  0.159234E+07  0.000000E+00  0.000000E+00  0.104412E+05  0.159689E+07
  0.152164E+00  0.158834E+07  0.158054E+07  0.000000E+00  0.000000E+00  0.102810E+05  0.158515E+07
  0.152854E+00  0.157672E+07  0.156886E+07  0.000000E+00  0.000000E+00  0.101237E+05  0.157354E+07
  0.153544E+00  0.156523E+07  0.155731E+07  0.000000E+00  0.000000E+00  0.996978E+04  0.156205E+07
  0.154234E+00  0.155388E+07  0.154590E+07  0.000000E+00  0.000000E+00  0.981876E+04  0.155071E+07
  0.154924E+00  0.154267E+07  0.153465E+07  0.000000E+00  0.000000E+00  0.967070E+04  0.153951E+07
  0.155613E+00  0.153163E+07  0.152356E+07  0.000000E+00  0.000000E+00  0.952570E+04  0.152847E+07
  0.156303E+00  0.152074E+07  0.151263E+07  0.000000E+00  0.000000E+00  0.938372E+04  0.151759E+07
  0.156993E+00  0.151003E+07  0.150188E+07  0.000000E+00  0.000000E+00  0.924477E+04  0.150689E+07
  0.157683E+00  0.149950E+07  0.149131E+07  0.000000E+00  0.000000E+00  0.910862E+04  0.149636E+07
  0.158373E+00  0.148914E+07  0.148093E+07  0.000000E+00  0.000000E+00  0.897549E+04  0.148602E+07
  0.159063E+00  0.147898E+07  0.147074E+07  0.000000E+00  0.000000E+00  0.884536E+04  0.147586E+07
  0.159753E+00  0.146900E+07  0.146075E+07  0.000000E+00  0.000000E+00  0.871801E+04  0.146590E+07
  0.160442E+00  0.145922E+07  0.145097E+07  0.000000E+00  0.000000E+00  0.859367E+04  0.145613E+07
  0.161132E+00  0.144965E+07  0.144138E+07  0.000000E+00  0.000000E+00  0.847198E+04  0.144656E+07
  0.161822E+00  0.144027E+07  0.143201E+07  0.000000E+00  0.000000E+00  0.835300E+04  0.143719E+07
  0.162512E+00  0.143109E+07  0.142284E+07  0.000000E+00  0.000000E+00  0.823694E+04  0.142803E+07
  0.163202E+00  0.142212E+07  0.141388E+07  0.000000E+00  0.000000E+00  0.812351E+04  0.141908E+07
  0.163892E+00  0.141336E+07  0.140514E+07  0.000000E+00  0.000000E+00  0.801261E+04  0.141032E+07
  0.164582E+00  0.140479E+07  0.139660E+07  0.000000E+00  0.000000E+00  0.790443E+04  0.140177E+07
  0.165271E+00  0.139643E+07  0.138827E+07  0.000000E+00  0.000000E+00  0.779877E+04  0.139343E+07
  0.165961E+00  0.138827E+07  0.138015E+07  0.000000E+00  0.000000E+00  0.769545E+04  0.138529E+07
  0.166651E+00  0.138031E+07  0.137223E+07  0.000000E+00  0.000000E+00  0.759465E+04  0.137734E+07
  0.167341E+00  0.137255E+07  0.136452E+07  0.000000E+00  0.000000E+00  0.749625E+04  0.136960E+07
  0.168031E+00  0.136498E+07  0.135701E+07  0.000000E+00  0.000000E+00  0.740000E+04  0.136205E+07
  0.168721E+00  0.135760E+07  0.134969E+07  0.000000E+00  0.000000E+00  0.730613E+04  0.135469E+07
  0.169411E+00  0.135041E+07  0.134256E+07  0.000000E+00  0.000000E+00  0.721434E+04  0.134751E+07
  0.170100E+00  0.134340E+07  0.133561E+07  0.000000E+00  0.000000E+00  0.712459E+04  0.134052E+07
  0.170790E+00  0.133656E+07  0.132885E+07  0.000000E+00  0.000000E+00  0.703698E+04  0.133370E+07
  0.171480E+00  0.132990E+07  0.132226E+07  0.000000E+00  0.000000E+00  0.695138E+04  0.132706E+07
  0.172170E+00  0.132340E+07  0.131584E+07  0.000000E+00  0.000000E+00  0.686761E+04  0.132058E+07
  0.172860E+00  0.131705E+07  0.130959E+07  0.000000E+00  0.000000E+00  0.678552E+04  0.131426E+07
  0.173550E+00  0.131087E+07  0.130348E+07  0.000000E+00  0.000000E+00  0.670546E+04  0.130809E+07
  0.174240E+00  0.130482E+07  0.129753E+07  0.000000E+00  0.000000E+00  0.662720E+04  0.130207E+07
  0.174929E+00  0.129892E+07  0.129172E+07  0.000000E+00  0.000000E+00  0.655030E+04  0.129619E+07
  0.175619E+00  0.129315E+07  0.128605E+07  0.000000E+00  0.000000E+00  0.647519E+04  0.129044E+07
  0.176309E+00  0.128750E+07  0.128050E+07  0.000000E+00  0.000000E+00  0.640169E+04  0.128481E+07
  0.176999E+00  0.128197E+07  0.127507E+07  0.000000E+00  0.000000E+00  0.632937E+04  0.127931E+07
  0.177689E+00  0.127655E+07  0.126975E+07  0.000000E+00  0.000000E+00  0.625855E+04  0.127391E+07
  0.178379E+00  0.127123E+07  0.126453E+07  0.000000E+00  0.000000E+00  0.618927E+04  0.126861E+07
  0.179069E+00  0.126601E+07  0.125941E+07  0.000000E+00  0.000000E+00  0.612106E+04  0.126341E+07
  0.179758E+00  0.126086E+07  0.125437E+07  0.000000E+00  0.000000E+00  0.605404E+04  0.125829E+07
  0.180448E+00  0.125580E+07  0.124941E+07  0.000000E+00  0.000000E+00  0.598819E+04  0.125324E+07
  0.181138E+00  0.125081E+07  0.124451E+07  0.000000E+00  0.000000E+00  0.592344E+04  0.124827E+07
  0.181828E+00  0.124587E+07  0.123968E+07  0.000000E+00  0.000000E+00  0.585980E+04  0.124336E+07
  0.182518E+00  0.124099E+07  0.123490E+07  0.000000E+00  0.000000E+00  0.579702E+04  0.123850E+07
  0.183208E+00  0.123616E+07  0.123017E+07  0.000000E+00  0.000000E+00  0.573518E+04  0.123369E+07
  0.183898E+00  0.123137E+07  0.122547E+07  0.000000E+00  0.000000E+00  0.567425E+04  0.122892E+07
  0.184587E+00  0.122661E+07  0.122080E+07  0.000000E+00  0.000000E+00  0.561418E+04  0.122418E+07
  0.185277E+00  0.122187E+07  0.121616E+07  0.000000E+00  0.000000E+00  0.555490E+04  0.121946E+07
  0.185967E+00  0.121715E+07  0.121153E+07  0.000000E+00  0.000000E+00  0.549630E+04  0.121476E+07
  0.186657E+00  0.121245E+07  0.120692E+07  0.000000E+00  0.000000E+00  0.543844E+04  0.121008E+07
  0.187347E+00  0.120775E+07  0.120230E+07  0.000000E+00  0.000000E+00  0.538129E+04  0.120540E+07
  0.188037E+00  0.120305E+07  0.119769E+07  0.000000E+00  0.000000E+00  0.532488E+04  0.120072E+07
  0.188727E+00  0.119835E+07  0.119306E+07  0.000000E+00  0.000000E+00  0.526904E+04  0.119603E+07
  0.189416E+00  0.119364E+07  0.118843E+07  0.000000E+00  0.000000E+00  0.521365E+04  0.119134E+07
  0.190106E+00  0.118891E+07  0.118378E+07  0.000000E+00  0.000000E+00  0.515889E+04  0.118663E+07
  0.190796E+00  0.118417E+07  0.117910E+07  0.000000E+00  0.000000E+00  0.510473E+04  0.118191E+07
  0.191486E+00  0.117941E+07  0.117441E+07  0.000000E+00  0.000000E+00  0.505097E+04  0.117716E+07
  0.192176E+00  0.117462E+07  0.116968E+07  0.000000E+00  0.000000E+00  0.499780E+04  0.117239E+07
  0.192866E+00  0.116980E+07  0.116492E+07  0.000000E+00  0.000000E+00  0.494503E+04  0.116759E+07
  0.193556E+00  0.116496E+07  0.116013E+07  0.000000E+00  0.000000E+00  0.489265E+04  0.116276E+07
  0.194245E+00  0.116008E+07  0.115530E+07  0.000000E+00  0.000000E+00  0.484083E+04  0.115789E+07
  0.194935E+00  0.115517E+07  0.115043E+07  0.000000E+00  0.000000E+00  0.478933E+04  0.115299E+07
  0.195625E+00  0.115022E+07  0.114552E+07  0.000000E+00  0.000000E+00  0.473826E+04  0.114805E+07
  0.196315E+00  0.114523E+07  0.114057E+07  0.000000E+00  0.000000E+00  0.468763E+04  0.114308E+07
  0.197005E+00  0.114020E+07  0.113558E+07  0.000000E+00  0.000000E+00  0.463737E+04  0.113806E+07
  0.197695E+00  0.113513E+07  0.113054E+07  0.000000E+00  0.000000E+00  0.458742E+04  0.113301E+07
  0.198385E+00  0.113003E+07  0.112546E+07  0.000000E+00  0.000000E+00  0.453790E+04  0.112791E+07
  0.199074E+00  0.112489E+07  0.112034E+07  0.000000E+00  0.000000E+00  0.448883E+04  0.112278E+07
  0.199764E+00  0.111970E+07  0.111517E+07  0.000000E+00  0.000000E+00  0.444001E+04  0.111760E+07
  0.200454E+00  0.111448E+07  0.110997E+07  0.000000E+00  0.000000E+00  0.439154E+04  0.111239E+07
  0.201144E+00  0.110923E+07  0.110473E+07  0.000000E+00  0.000000E+00  0.434359E+04  0.110715E+07
  0.201834E+00  0.110394E+07  0.109945E+07  0.000000E+00  0.000000E+00  0.429600E+04  0.110187E+07
  0.202524E+00  0.109862E+07  0.109413E+07  0.000000E+00  0.000000E+00  0.424867E+04  0.109655E+07
  0.203214E+00  0.109327E+07  0.108878E+07  0.000000E+00  0.000000E+00  0.420176E+04  0.109121E+07
  0.203903E+00  0.108789E+07  0.108340E+07  0.000000E+00  0.000000E+00  0.415530E+04  0.108584E+07
  0.204593E+00  0.108249E+07  0.107800E+07  0.000000E+00  0.000000E+00  0.410924E+04  0.108044E+07
  0.205283E+00  0.107707E+07  0.107257E+07  0.000000E+00  0.000000E+00  0.406357E+04  0.107503E+07
  0.205973E+00  0.107163E+07  0.106712E+07  0.000000E+00  0.000000E+00  0.401836E+04  0.106959E+07
  0.206663E+00  0.106618E+07  0.106166E+07  0.000000E+00  0.000000E+00  0.397346E+04  0.106414E+07
  0.207353E+00  0.106071E+07  0.105618E+07  0.000000E+00  0.000000E+00  0.392905E+04  0.105868E+07
  0.208043E+00  0.105524E+07  0.105069E+07  0.000000E+00  0.000000E+00  0.388512E+04  0.105322E+07
  0.208732E+00  0.104976E+07  0.104520E+07  0.000000E+00  0.000000E+00  0.384159E+04  0.104774E+07
  0.209422E+00  0.104429E+07  0.103971E+07  0.000000E+00  0.000000E+00  0.379851E+04  0.104227E+07
  0.210112E+00  0.103881E+07  0.103422E+07  0.000000E+00  0.000000E+00  0.375588E+04  0.103680E+07
  0.210802E+00  0.103335E+07  0.102873E+07  0.000000E+00  0.000000E+00  0.371378E+04  0.103134E+07
  0.211492E+00  0.102790E+07  0.102326E+07  0.000000E+00  0.000000E+00  0.367213E+04  0.102589E+07
  0.212182E+00  0.102246E+07  0.101781E+07  0.000000E+00  0.000000E+00  0.363090E+04  0.102046E+07
  0.212872E+00  0.101704E+07  0.101237E+07  0.000000E+00  0.000000E+00  0.359023E+04  0.101505E+07
  0.213561E+00  0.101165E+07  0.100695E+07  0.000000E+00  0.000000E+00  0.355009E+04  0.100966E+07
  0.214251E+00  0.100628E+07  0.100157E+07  0.000000E+00  0.000000E+00  0.351039E+04  0.100429E+07
  0.214941E+00  0.100095E+07  0.996212E+06  0.000000E+00  0.000000E+00  0.347122E+04  0.998962E+06
  0.215631E+00  0.995644E+06  0.990891E+06  0.000000E+00  0.000000E+00  0.343261E+04  0.993664E+06
  0.216321E+00  0.990381E+06  0.985610E+06  0.000000E+00  0.000000E+00  0.339445E+04  0.988405E+06
  0.217011E+00  0.985160E+06  0.980371E+06  0.000000E+00  0.000000E+00  0.335683E+04  0.983188E+06
  0.217701E+00  0.979984E+06  0.975178E+06  0.000000E+00  0.000000E+00  0.331980E+04  0.978016E+06
  0.218390E+00  0.974856E+06  0.970035E+06  0.000000E+00  0.000000E+00  0.328329E+04  0.972892E+06
  0.219080E+00  0.969781E+06  0.964944E+06  0.000000E+00  0.000000E+00  0.324734E+04  0.967821E+06
  0.219770E+00  0.964760E+06  0.959910E+06  0.000000E+00  0.000000E+00  0.321188E+04  0.962804E+06
  0.221935E+00  0.949387E+06  0.944506E+06  0.000000E+00  0.000000E+00  0.310425E+04  0.947445E+06
  0.224122E+00  0.934512E+06  0.929618E+06  0.000000E+00  0.000000E+00  0.300098E+04  0.932587E+06
  0.226330E+00  0.920206E+06  0.915318E+06  0.000000E+00  0.000000E+00  0.290216E+04  0.918299E+06
  0.228560E+00  0.906518E+06  0.901660E+06  0.000000E+00  0.000000E+00  0.280775E+04  0.904634E+06
  0.230812E+00  0.893477E+06  0.888669E+06  0.000000E+00  0.000000E+00  0.271774E+04  0.891616E+06
  0.233086E+00  0.881085E+06  0.876350E+06  0.000000E+00  0.000000E+00  0.263199E+04  0.879251E+06
  0.235382E+00  0.869325E+06  0.864683E+06  0.000000E+00  0.000000E+00  0.255030E+04  0.867520E+06
  0.237701E+00  0.858157E+06  0.853626E+06  0.000000E+00  0.000000E+00  0.247232E+04  0.856383E+06
  0.240043E+00  0.847521E+06  0.843115E+06  0.000000E+00  0.000000E+00  0.239785E+04  0.845780E+06
  0.242408E+00  0.837337E+06  0.833066E+06  0.000000E+00  0.000000E+00  0.232648E+04  0.835629E+06
  0.244796E+00  0.827509E+06  0.823379E+06  0.000000E+00  0.000000E+00  0.225788E+04  0.825835E+06
  0.247208E+00  0.817934E+06  0.813945E+06  0.000000E+00  0.000000E+00  0.219160E+04  0.816294E+06
  0.249643E+00  0.808505E+06  0.804654E+06  0.000000E+00  0.000000E+00  0.212734E+04  0.806898E+06
  0.252103E+00  0.799122E+06  0.795401E+06  0.000000E+00  0.000000E+00  0.206475E+04  0.797546E+06
  0.254587E+00  0.789692E+06  0.786089E+06  0.000000E+00  0.000000E+00  0.200361E+04  0.788147E+06
  0.257095E+00  0.780135E+06  0.776636E+06  0.000000E+00  0.000000E+00  0.194367E+04  0.778618E+06
  0.259628E+00  0.770387E+06  0.766974E+06  0.000000E+00  0.000000E+00  0.188472E+04  0.768895E+06
  0.262186E+00  0.760404E+06  0.757058E+06  0.000000E+00  0.000000E+00  0.182668E+04  0.758934E+06
  0.264769E+00  0.750163E+06  0.746868E+06  0.000000E+00  0.000000E+00  0.176947E+04  0.748714E+06
  0.267377E+00  0.739670E+06  0.736408E+06  0.000000E+00  0.000000E+00  0.171311E+04  0.738240E+06
  0.270012E+00  0.728957E+06  0.725711E+06  0.000000E+00  0.000000E+00  0.165772E+04  0.727542E+06
  0.272672E+00  0.718071E+06  0.714830E+06  0.000000E+00  0.000000E+00  0.160336E+04  0.716671E+06
  0.275358E+00  0.707078E+06  0.703833E+06  0.000000E+00  0.000000E+00  0.155015E+04  0.705691E+06
  0.278071E+00  0.696054E+06  0.692800E+06  0.000000E+00  0.000000E+00  0.149826E+04  0.694680E+06
  0.280811E+00  0.685085E+06  0.681820E+06  0.000000E+00  0.000000E+00  0.144786E+04  0.683722E+06
  0.283577E+00  0.674257E+06  0.670984E+06  0.000000E+00  0.000000E+00  0.139906E+04  0.672907E+06
  0.286371E+00  0.663655E+06  0.660381E+06  0.000000E+00  0.000000E+00  0.135200E+04  0.662318E+06
  0.289192E+00  0.653351E+06  0.650085E+06  0.000000E+00  0.000000E+00  0.130679E+04  0.652028E+06
  0.292042E+00  0.643400E+06  0.640152E+06  0.000000E+00  0.000000E+00  0.126347E+04  0.642092E+06
  0.294919E+00  0.633836E+06  0.630620E+06  0.000000E+00  0.000000E+00  0.122200E+04  0.632545E+06
  0.297824E+00  0.624674E+06  0.621502E+06  0.000000E+00  0.000000E+00  0.118237E+04  0.623402E+06
  0.300759E+00  0.615909E+06  0.612792E+06  0.000000E+00  0.000000E+00  0.114451E+04  0.614656E+06
  0.303722E+00  0.607515E+06  0.604463E+06  0.000000E+00  0.000000E+00  0.110831E+04  0.606282E+06
  0.306714E+00  0.599444E+06  0.596464E+06  0.000000E+00  0.000000E+00  0.107361E+04  0.598232E+06
  0.309736E+00  0.591633E+06  0.588730E+06  0.000000E+00  0.000000E+00  0.104025E+04  0.590443E+06
  0.312787E+00  0.584011E+06  0.581186E+06  0.000000E+00  0.000000E+00  0.100806E+04  0.582843E+06
  0.315869E+00  0.576506E+06  0.573757E+06  0.000000E+00  0.000000E+00  0.976898E+03  0.575359E+06
  0.318981E+00  0.569050E+06  0.566373E+06  0.000000E+00  0.000000E+00  0.946598E+03  0.567924E+06
  0.322124E+00  0.561582E+06  0.558968E+06  0.000000E+00  0.000000E+00  0.917045E+03  0.560474E+06
  0.325297E+00  0.554051E+06  0.551492E+06  0.000000E+00  0.000000E+00  0.888154E+03  0.552961E+06
  0.328502E+00  0.546425E+06  0.543912E+06  0.000000E+00  0.000000E+00  0.859873E+03  0.545352E+06
  0.331738E+00  0.538696E+06  0.536218E+06  0.000000E+00  0.000000E+00  0.832153E+03  0.537638E+06
  0.335007E+00  0.530872E+06  0.528420E+06  0.000000E+00  0.000000E+00  0.805013E+03  0.529828E+06
  0.338307E+00  0.522980E+06  0.520547E+06  0.000000E+00  0.000000E+00  0.778480E+03  0.521948E+06
  0.341640E+00  0.515057E+06  0.512639E+06  0.000000E+00  0.000000E+00  0.752598E+03  0.514038E+06
  0.345006E+00  0.507155E+06  0.504748E+06  0.000000E+00  0.000000E+00  0.727415E+03  0.506148E+06
  0.348405E+00  0.499329E+06  0.496934E+06  0.000000E+00  0.000000E+00  0.703009E+03  0.498333E+06
  0.351838E+00  0.491635E+06  0.489254E+06  0.000000E+00  0.000000E+00  0.679434E+03  0.490651E+06
  0.355304E+00  0.484119E+06  0.481756E+06  0.000000E+00  0.000000E+00  0.656719E+03  0.483147E+06
  0.358805E+00  0.476813E+06  0.474473E+06  0.000000E+00  0.000000E+00  0.634880E+03  0.475854E+06
  0.362340E+00  0.469739E+06  0.467429E+06  0.000000E+00  0.000000E+00  0.613922E+03  0.468793E+06
  0.365910E+00  0.462903E+06  0.460628E+06  0.000000E+00  0.000000E+00  0.593831E+03  0.461972E+06
  0.369515E+00  0.456293E+06  0.454059E+06  0.000000E+00  0.000000E+00  0.574549E+03  0.455376E+06
  0.373155E+00  0.449881E+06  0.447691E+06  0.000000E+00  0.000000E+00  0.556019E+03  0.448979E+06
  0.376831E+00  0.443629E+06  0.441485E+06  0.000000E+00  0.000000E+00  0.538164E+03  0.442742E+06
  0.380544E+00  0.437497E+06  0.435399E+06  0.000000E+00  0.000000E+00  0.520911E+03  0.436624E+06
  0.384293E+00  0.431442E+06  0.429389E+06  0.000000E+00  0.000000E+00  0.504203E+03  0.430584E+06
  0.388079E+00  0.425424E+06  0.423412E+06  0.000000E+00  0.000000E+00  0.487972E+03  0.424580E+06
  0.391903E+00  0.419412E+06  0.417436E+06  0.000000E+00  0.000000E+00  0.472170E+03  0.418581E+06
  0.395764E+00  0.413389E+06  0.411445E+06  0.000000E+00  0.000000E+00  0.456764E+03  0.412570E+06
  0.399663E+00  0.407351E+06  0.405435E+06  0.000000E+00  0.000000E+00  0.441749E+03  0.406544E+06
  0.403600E+00  0.401306E+06  0.399412E+06  0.000000E+00  0.000000E+00  0.427119E+03  0.400510E+06
  0.407577E+00  0.395270E+06  0.393397E+06  0.000000E+00  0.000000E+00  0.412893E+03  0.394485E+06
  0.411592E+00  0.389274E+06  0.387418E+06  0.000000E+00  0.000000E+00  0.399077E+03  0.388499E+06
  0.415647E+00  0.383346E+06  0.381509E+06  0.000000E+00  0.000000E+00  0.385704E+03  0.382582E+06
  0.419742E+00  0.377516E+06  0.375699E+06  0.000000E+00  0.000000E+00  0.372780E+03  0.376762E+06
  0.423878E+00  0.371806E+06  0.370010E+06  0.000000E+00  0.000000E+00  0.360312E+03  0.371062E+06
  0.428054E+00  0.366232E+06  0.364460E+06  0.000000E+00  0.000000E+00  0.348311E+03  0.365499E+06
  0.432271E+00  0.360801E+06  0.359055E+06  0.000000E+00  0.000000E+00  0.336768E+03  0.360079E+06
  0.436530E+00  0.355506E+06  0.353789E+06  0.000000E+00  0.000000E+00  0.325650E+03  0.354795E+06
  0.440831E+00  0.350331E+06  0.348644E+06  0.000000E+00  0.000000E+00  0.251360E+03  0.349631E+06
  0.445174E+00  0.345259E+06  0.343603E+06  0.000000E+00  0.000000E+00  0.243021E+03  0.344570E+06
  0.449560E+00  0.340266E+06  0.338640E+06  0.000000E+00  0.000000E+00  0.234961E+03  0.339588E+06
  0.453989E+00  0.335329E+06  0.333732E+06  0.000000E+00  0.000000E+00  0.227155E+03  0.334662E+06
  0.458461E+00  0.330430E+06  0.328859E+06  0.000000E+00  0.000000E+00  0.219585E+03  0.329773E+06
  0.462978E+00  0.325560E+06  0.324014E+06  0.000000E+00  0.000000E+00  0.212239E+03  0.324913E+06
  0.467540E+00  0.320716E+06  0.319192E+06  0.000000E+00  0.000000E+00  0.205108E+03  0.320078E+06
  0.472146E+00  0.315900E+06  0.314396E+06  0.000000E+00  0.000000E+00  0.198185E+03  0.315271E+06
  0.476798E+00  0.311125E+06  0.309641E+06  0.000000E+00  0.000000E+00  0.191479E+03  0.310506E+06
  0.481495E+00  0.306406E+06  0.304940E+06  0.000000E+00  0.000000E+00  0.184987E+03  0.305795E+06
  0.486239E+00  0.301754E+06  0.300308E+06  0.000000E+00  0.000000E+00  0.178713E+03  0.301152E+06
  0.491029E+00  0.297184E+06  0.295757E+06  0.000000E+00  0.000000E+00  0.172657E+03  0.296591E+06
  0.495867E+00  0.292703E+06  0.291297E+06  0.000000E+00  0.000000E+00  0.166816E+03  0.292119E+06
  0.500752E+00  0.288312E+06  0.286927E+06  0.000000E+00  0.000000E+00  0.161186E+03  0.287736E+06
  0.505686E+00  0.284006E+06  0.282643E+06  0.000000E+00  0.000000E+00  0.155754E+03  0.283439E+06
  0.510668E+00  0.279779E+06  0.278439E+06  0.000000E+00  0.000000E+00  0.150514E+03  0.279221E+06
  0.515699E+00  0.275619E+06  0.274301E+06  0.000000E+00  0.000000E+00  0.145451E+03  0.275070E+06
  0.520780E+00  0.271514E+06  0.270217E+06  0.000000E+00  0.000000E+00  0.140554E+03  0.270973E+06
  0.525911E+00  0.267456E+06  0.266180E+06  0.000000E+00  0.000000E+00  0.135814E+03  0.266923E+06
  0.531092E+00  0.263439E+06  0.262183E+06  0.000000E+00  0.000000E+00  0.131223E+03  0.262915E+06
  0.536324E+00  0.259461E+06  0.258224E+06  0.000000E+00  0.000000E+00  0.126777E+03  0.258945E+06
  0.541608E+00  0.255527E+06  0.254307E+06  0.000000E+00  0.000000E+00  0.122472E+03  0.255018E+06
  0.546944E+00  0.251640E+06  0.250437E+06  0.000000E+00  0.000000E+00  0.118308E+03  0.251138E+06
  0.552333E+00  0.247806E+06  0.246620E+06  0.000000E+00  0.000000E+00  0.114281E+03  0.247312E+06
  0.557774E+00  0.244032E+06  0.242864E+06  0.000000E+00  0.000000E+00  0.110393E+03  0.243546E+06
  0.563270E+00  0.240321E+06  0.239170E+06  0.000000E+00  0.000000E+00  0.106638E+03  0.239842E+06
  0.568819E+00  0.236674E+06  0.235540E+06  0.000000E+00  0.000000E+00  0.103014E+03  0.236202E+06
  0.574423E+00  0.233088E+06  0.231973E+06  0.000000E+00  0.000000E+00  0.995151E+02  0.232624E+06
  0.580083E+00  0.229560E+06  0.228462E+06  0.000000E+00  0.000000E+00  0.961360E+02  0.229102E+06
  0.585798E+00  0.226083E+06  0.225002E+06  0.000000E+00  0.000000E+00  0.928705E+02  0.225632E+06
  0.591569E+00  0.222654E+06  0.221590E+06  0.000000E+00  0.000000E+00  0.897143E+02  0.222210E+06
  0.597397E+00  0.219268E+06  0.218220E+06  0.000000E+00  0.000000E+00  0.866604E+02  0.218831E+06
  0.603283E+00  0.215924E+06  0.214893E+06  0.000000E+00  0.000000E+00  0.837069E+02  0.215494E+06
  0.609226E+00  0.212623E+06  0.211607E+06  0.000000E+00  0.000000E+00  0.808502E+02  0.212199E+06
  0.615229E+00  0.209365E+06  0.208365E+06  0.000000E+00  0.000000E+00  0.780883E+02  0.208948E+06
  0.621290E+00  0.206155E+06  0.205169E+06  0.000000E+00  0.000000E+00  0.754200E+02  0.205744E+06
  0.627411E+00  0.202993E+06  0.202022E+06  0.000000E+00  0.000000E+00  0.728421E+02  0.202588E+06
  0.633592E+00  0.199881E+06  0.198925E+06  0.000000E+00  0.000000E+00  0.703522E+02  0.199482E+06
  0.639835E+00  0.196818E+06  0.195876E+06  0.000000E+00  0.000000E+00  0.679478E+02  0.196425E+06
  0.646138E+00  0.193801E+06  0.192875E+06  0.000000E+00  0.000000E+00  0.656255E+02  0.193415E+06
  0.652504E+00  0.190831E+06  0.189919E+06  0.000000E+00  0.000000E+00  0.633817E+02  0.190450E+06
  0.658933E+00  0.187902E+06  0.187004E+06  0.000000E+00  0.000000E+00  0.612134E+02  0.187528E+06
  0.665425E+00  0.185014E+06  0.184131E+06  0.000000E+00  0.000000E+00  0.591179E+02  0.184646E+06
  0.703439E+00  0.169408E+06  0.168598E+06  0.000000E+00  0.000000E+00  0.485072E+02  0.169070E+06
  0.743625E+00  0.155069E+06  0.154328E+06  0.000000E+00  0.000000E+00  0.397843E+02  0.154760E+06
  0.786106E+00  0.141884E+06  0.141206E+06  0.000000E+00  0.000000E+00  0.326129E+02  0.141601E+06
  0.831015E+00  0.129771E+06  0.129151E+06  0.000000E+00  0.000000E+00  0.267217E+02  0.129512E+06
  0.878489E+00  0.118648E+06  0.118081E+06  0.000000E+00  0.000000E+00  0.218847E+02  0.118412E+06
  0.928675E+00  0.108439E+06  0.107921E+06  0.000000E+00  0.000000E+00  0.179154E+02  0.108223E+06
  0.981728E+00  0.990755E+05  0.986023E+05  0.000000E+00  0.000000E+00  0.146599E+02  0.988781E+05
  0.103781E+01  0.904895E+05  0.900574E+05  0.000000E+00  0.000000E+00  0.119911E+02  0.903092E+05
  0.109710E+01  0.826196E+05  0.822251E+05  0.000000E+00  0.000000E+00  0.980418E+01  0.824550E+05
  0.115977E+01  0.754096E+05  0.750495E+05  0.000000E+00  0.000000E+00  0.801298E+01  0.752593E+05
  0.122603E+01  0.688076E+05  0.684791E+05  0.000000E+00  0.000000E+00  0.654657E+01  0.686705E+05
  0.129607E+01  0.627645E+05  0.624649E+05  0.000000E+00  0.000000E+00  0.534677E+01  0.626395E+05
  0.137011E+01  0.572346E+05  0.569613E+05  0.000000E+00  0.000000E+00  0.436519E+01  0.571205E+05
  0.144838E+01  0.521769E+05  0.519278E+05  0.000000E+00  0.000000E+00  0.356266E+01  0.520729E+05
  0.153113E+01  0.475528E+05  0.473258E+05  0.000000E+00  0.000000E+00  0.406967E+01  0.474580E+05
  0.161860E+01  0.433262E+05  0.431194E+05  0.000000E+00  0.000000E+00  0.332042E+01  0.432399E+05
  0.171106E+01  0.394648E+05  0.392764E+05  0.000000E+00  0.000000E+00  0.270818E+01  0.393862E+05
  0.180881E+01  0.359381E+05  0.357665E+05  0.000000E+00  0.000000E+00  0.220814E+01  0.358665E+05
  0.191215E+01  0.327181E+05  0.325619E+05  0.000000E+00  0.000000E+00  0.179989E+01  0.326529E+05
  0.202138E+01  0.297791E+05  0.296370E+05  0.000000E+00  0.000000E+00  0.146667E+01  0.297198E+05
