# Joint fisher CMB T E + phi lensing used 
# lmax=4499 
#  lmin=500 
#  l_t_max=3000 
#  fsky=0.75 
#  lensed=False 
#  data_folder=varying_lambda/run2 
#  N_det=1000000 
# 
1.052993559104980677e+08 -1.063681502841395512e+07 -1.226068115200623751e+09 3.802704341697632670e+08 9.149463027758665085e+08 2.061923308358110115e+07 -4.827402673012954183e+06 -1.476766125864788517e+07 3.089075910342018679e+07
-1.063681502841395512e+07 1.204270671978624072e+06 9.441684972221530974e+07 -4.042075606034562737e+07 -8.925876854027210176e+07 -6.963303147919158218e+05 1.257012176664894359e+05 3.983993138764595496e+05 -3.115147206543308683e+06
-1.226068115200623751e+09 9.441684972221530974e+07 2.751810285701581955e+10 -4.568330564397293091e+09 -1.028917355914227676e+10 -6.284785131714732647e+08 1.398155163585654199e+08 4.548655166571570635e+08 -3.589059571063337326e+08
3.802704341697633266e+08 -4.042075606034562737e+07 -4.568330564397293091e+09 1.518082776018417835e+09 3.073787257354732037e+09 8.096655593017150462e+07 -1.556311267007125542e+07 -4.654658771303968132e+07 1.111261604918300360e+08
9.149463027758665085e+08 -8.925876854027210176e+07 -1.028917355914227676e+10 3.073787257354732037e+09 8.342391584573457718e+09 1.765061880750459135e+08 -4.696555000201163441e+07 -1.399419536670567095e+08 2.691335308926035166e+08
2.061923308358110487e+07 -6.963303147919155890e+05 -6.284785131714732647e+08 8.096655593017150462e+07 1.765061880750459135e+08 3.017360304363489896e+07 -6.833033224068217911e+06 -1.800968771502788737e+07 6.029364784186482430e+06
-4.827402673012954183e+06 1.257012176664893486e+05 1.398155163585653901e+08 -1.556311267007125914e+07 -4.696555000201163441e+07 -6.833033224068217911e+06 1.628696294713317882e+06 4.284737086901151575e+06 -1.422178284136664821e+06
-1.476766125864788517e+07 3.983993138764596079e+05 4.548655166571571231e+08 -4.654658771303967386e+07 -1.399419536670567393e+08 -1.800968771502788737e+07 4.284737086901150644e+06 1.251585114060524292e+07 -4.345720615813666023e+06
3.089075910342019051e+07 -3.115147206543308683e+06 -3.589059571063337326e+08 1.111261604918300509e+08 2.691335308926034570e+08 6.029364784186483361e+06 -1.422178284136664821e+06 -4.345720615813665092e+06 9.063532152207428589e+06
