# Joint fisher CMB T E + phi lensing used 
# lmax=3000 
#  lmin=4 
#  l_t_max=3000 
#  fsky=0.75 
#  lensed=False 
#  data_folder=varying_lambda/run2 
#  N_det=1000000 
# 
7.890539562319874763e+07 -8.068089010197697207e+06 -8.345902928566762209e+08 2.826542413727293015e+08 6.903753021026453972e+08 1.511426981886907481e+07 -3.610012266363050789e+06 -1.021495992361090705e+07 2.315529487250261381e+07
-8.068089010197697207e+06 9.231507714142431505e+05 6.946422345294749737e+07 -3.120958211844680086e+07 -6.679768197061867267e+07 -5.398761643498662161e+05 8.479244942305864242e+04 2.469390931242434017e+05 -2.360570106948766857e+06
-8.345902928566762209e+08 6.946422345294751227e+07 1.600968789666334534e+10 -3.144952896177608967e+09 -6.939594158309166908e+09 -4.152668457723510265e+08 9.111631150747047365e+07 2.815482301523422003e+08 -2.441231256000645459e+08
2.826542413727293611e+08 -3.120958211844680086e+07 -3.144952896177608967e+09 1.180232541092192650e+09 2.208580716801784992e+09 6.308517717669544369e+07 -1.105608748642835021e+07 -2.979143359696859494e+07 8.241776403915700316e+07
6.903753021026452780e+08 -6.679768197061867267e+07 -6.939594158309167862e+09 2.208580716801784992e+09 6.499181726334995270e+09 1.305385199353828728e+08 -3.785701709328941256e+07 -1.018241072382709831e+08 2.035027976388648152e+08
1.511426981886907667e+07 -5.398761643498662161e+05 -4.152668457723510265e+08 6.308517717669545114e+07 1.305385199353828579e+08 2.637795584203121066e+07 -5.937746903156420216e+06 -1.394686954626392014e+07 4.417708816837769002e+06
-3.610012266363050789e+06 8.479244942305862787e+04 9.111631150747045875e+07 -1.105608748642835394e+07 -3.785701709328941256e+07 -5.937746903156420216e+06 1.444320873760940041e+06 3.360930080008902587e+06 -1.068820014801413985e+06
-1.021495992361090891e+07 2.469390931242434308e+05 2.815482301523422599e+08 -2.979143359696859121e+07 -1.018241072382710129e+08 -1.394686954626392014e+07 3.360930080008902121e+06 9.409045060475893319e+06 -3.013107870355047751e+06
2.315529487250261754e+07 -2.360570106948766857e+06 -2.441231256000645161e+08 8.241776403915701807e+07 2.035027976388647854e+08 4.417708816837769002e+06 -1.068820014801414218e+06 -3.013107870355047751e+06 6.797025493198321201e+06
