# Joint fisher CMB T E + phi lensing used 
# lmax=2000 
#  lmin=4 
#  l_t_max=3000 
#  fsky=0.75 
#  lensed=False 
#  data_folder=varying_lambda/run2 
#  N_det=1000000 
# 
2.766727391385104135e+07 -2.934801787164033391e+06 -2.136232308352602422e+08 9.571170542510686815e+07 2.500506117086965740e+08 3.203468995507840067e+06 -9.055520171500890283e+05 -1.926892063085510395e+06 8.135337599316027947e+06
-2.934801787164033391e+06 3.546030977184019284e+05 2.320500105860270560e+07 -1.236178156217064336e+07 -2.275203410804473981e+07 -1.162655577871333808e+05 -9.696588117044793762e+03 -4.029997460622459039e+04 -8.555221313575679669e+05
-2.136232308352602124e+08 2.320500105860270187e+07 2.637658895016088963e+09 -8.783209205808801651e+08 -1.643048095092539787e+09 -4.288220169373886287e+07 6.908274666725324467e+06 2.296253065217461064e+07 -6.224568519925069809e+07
9.571170542510686815e+07 -1.236178156217064336e+07 -8.783209205808801651e+08 4.908066850044482946e+08 6.126722058942283392e+08 1.968320895938228071e+07 -1.356905490566033404e+06 -2.676203310363397468e+05 2.763141169757706672e+07
2.500506117086966038e+08 -2.275203410804474354e+07 -1.643048095092539310e+09 6.126722058942283392e+08 2.697918627924843311e+09 2.938741071332139149e+07 -1.465140209350240417e+07 -3.049813412727681920e+07 7.440387532867158949e+07
3.203468995507839601e+06 -1.162655577871333662e+05 -4.288220169373886287e+07 1.968320895938228443e+07 2.938741071332139522e+07 1.204286124315985292e+07 -2.691643505890310742e+06 -4.114211035478604957e+06 9.334630197774833068e+05
-9.055520171500889119e+05 -9.696588117044788305e+03 6.908274666725324467e+06 -1.356905490566033870e+06 -1.465140209350240417e+07 -2.691643505890310742e+06 7.057969363627405837e+05 1.120268751775826095e+06 -2.773744672559572500e+05
-1.926892063085509930e+06 -4.029997460622457584e+04 2.296253065217461064e+07 -2.676203310363374185e+05 -3.049813412727681547e+07 -4.114211035478604957e+06 1.120268751775826328e+06 2.560072468777977861e+06 -5.872974929609880783e+05
8.135337599316026084e+06 -8.555221313575678505e+05 -6.224568519925071299e+07 2.763141169757706299e+07 7.440387532867158949e+07 9.334630197774831904e+05 -2.773744672559572500e+05 -5.872974929609879619e+05 2.394036702612861060e+06
