# Joint fisher CMB T E + phi lensing used 
# lmax=4499 
#  lmin=4 
#  l_t_max=3000 
#  fsky=0.75 
#  lensed=False 
#  data_folder=varying_lambda/run2 
#  N_det=1000000 
# 
1.057273007262046337e+08 -1.066002947629863769e+07 -1.232216930333372355e+09 3.804510082402361035e+08 9.203869318166084290e+08 2.060481076627369970e+07 -4.853896238685836084e+06 -1.479189411552387848e+07 3.102143239881503582e+07
-1.066002947629863769e+07 1.209754997205319349e+06 9.493568905467273295e+07 -4.071543930102729797e+07 -8.910755111922688782e+07 -7.160223071922181407e+05 1.245732883196580369e+05 3.932404445278053754e+05 -3.120983645017562434e+06
-1.232216930333372116e+09 9.493568905467276275e+07 2.772559810879372406e+10 -4.582639612588280678e+09 -1.031570222080569077e+10 -6.244138876948852539e+08 1.384619789150063992e+08 4.553083561516042352e+08 -3.606495214965462685e+08
3.804510082402361631e+08 -4.071543930102729797e+07 -4.582639612588280678e+09 1.537638474685910702e+09 3.046520810580596447e+09 8.266305257390369475e+07 -1.547866129378471337e+07 -4.605026429767712951e+07 1.110984564454096407e+08
9.203869318166081905e+08 -8.910755111922688782e+07 -1.031570222080569077e+10 3.046520810580596447e+09 8.473302300279688835e+09 1.767005486446877718e+08 -4.833357072995061427e+07 -1.403863759233404398e+08 2.709607284915763140e+08
2.060481076627370343e+07 -7.160223071922179079e+05 -6.244138876948852539e+08 8.266305257390370965e+07 1.767005486446877420e+08 3.106007437480618060e+07 -6.997858747841431759e+06 -1.782392001288258284e+07 6.024974190671737306e+06
-4.853896238685836084e+06 1.245732883196579787e+05 1.384619789150063396e+08 -1.547866129378471710e+07 -4.833357072995061427e+07 -6.997858747841431759e+06 1.684629388431826374e+06 4.240069213716723956e+06 -1.432961790484115016e+06
-1.479189411552387848e+07 3.932404445278053172e+05 4.553083561516043544e+08 -4.605026429767712206e+07 -1.403863759233404398e+08 -1.782392001288258284e+07 4.240069213716723956e+06 1.263430541003652290e+07 -4.353011682212142274e+06
3.102143239881503955e+07 -3.120983645017562434e+06 -3.606495214965462685e+08 1.110984564454096556e+08 2.709607284915762544e+08 6.024974190671737306e+06 -1.432961790484115249e+06 -4.353011682212141342e+06 9.103958516091646627e+06
