# Joint fisher CMB T E + phi lensing used 
# lmax=3000 
#  lmin=50 
#  l_t_max=3000 
#  fsky=0.75 
#  lensed=False 
#  data_folder=varying_lambda/run2 
#  N_det=1000000 
# 
7.890378629085721076e+07 -8.068058287606843747e+06 -8.345918751976960897e+08 2.826577183719235063e+08 6.903651779130187035e+08 1.511778705588539690e+07 -3.610177227238284424e+06 -1.021358288566481508e+07 2.315468141133635491e+07
-8.068058287606842816e+06 9.231430581797608174e+05 6.946386237114357948e+07 -3.120923412344362587e+07 -6.679779957390155643e+07 -5.398957270948790247e+05 8.483759644319863582e+04 2.467164322433704219e+05 -2.360567740220674314e+06
-8.345918751976960897e+08 6.946386237114357948e+07 1.600910415122242355e+10 -3.144884511220746040e+09 -6.939405931140139580e+09 -4.149904448455951214e+08 9.111918660046075284e+07 2.815216887739670277e+08 -2.441229218950516880e+08
2.826577183719235063e+08 -3.120923412344362214e+07 -3.144884511220746040e+09 1.180197622062516928e+09 2.208605602976735115e+09 6.305420006089361012e+07 -1.105814917161321081e+07 -2.978222397308628634e+07 8.241952960060651600e+07
6.903651779130185843e+08 -6.679779957390155643e+07 -6.939405931140141487e+09 2.208605602976735115e+09 6.498940971352520943e+09 1.304626536856928766e+08 -3.785540025137671828e+07 -1.018195229767486155e+08 2.034984696864602268e+08
1.511778705588539690e+07 -5.398957270948790247e+05 -4.149904448455951214e+08 6.305420006089361012e+07 1.304626536856928617e+08 2.621954406250139326e+07 -5.938915758905237541e+06 -1.393582404262779281e+07 4.418552858971551061e+06
-3.610177227238283958e+06 8.483759644319862127e+04 9.111918660046075284e+07 -1.105814917161321454e+07 -3.785540025137671828e+07 -5.938915758905237541e+06 1.443754688399585895e+06 3.363806894013709389e+06 -1.068815035332020838e+06
-1.021358288566481695e+07 2.467164322433704510e+05 2.815216887739670873e+08 -2.978222397308628261e+07 -1.018195229767486304e+08 -1.393582404262779281e+07 3.363806894013708923e+06 9.393323825778977945e+06 -3.012885167862078641e+06
2.315468141133635864e+07 -2.360567740220673848e+06 -2.441229218950516582e+08 8.241952960060653090e+07 2.034984696864601970e+08 4.418552858971551061e+06 -1.068815035332020838e+06 -3.012885167862079106e+06 6.796766741878717206e+06
