# Joint fisher CMB T E + phi lensing used 
# lmax=4499 
#  lmin=20 
#  l_t_max=3000 
#  fsky=0.75 
#  lensed=False 
#  data_folder=varying_lambda/run2 
#  N_det=1000000 
# 
1.057269664005078226e+08 -1.066003149219387025e+07 -1.232221618356225967e+09 3.804524044199842215e+08 9.203880712427449226e+08 2.060726100672041997e+07 -4.853841315898296423e+06 -1.479222238392283022e+07 3.102129004229933769e+07
-1.066003149219386838e+07 1.209754723211132223e+06 9.493571630528600514e+07 -4.071541989659344405e+07 -8.910756082022072375e+07 -7.160253671179519733e+05 1.245754534768543817e+05 3.932297990771500045e+05 -3.120985057237173431e+06
-1.232221618356225729e+09 9.493571630528603494e+07 2.772516130840586853e+10 -4.582594161572334290e+09 -1.031559334025469971e+10 -6.241836498396790028e+08 1.384646212018150389e+08 4.552871309402602911e+08 -3.606504535626200438e+08
3.804524044199842215e+08 -4.071541989659344405e+07 -4.582594161572334290e+09 1.537629951925131083e+09 3.046509715944799900e+09 8.263853937643684447e+07 -1.547913502360112034e+07 -4.604717528977961093e+07 1.110989995867409259e+08
9.203880712427446842e+08 -8.910756082022072375e+07 -1.031559334025470161e+10 3.046509715944799900e+09 8.473260482964946747e+09 1.766369969597014487e+08 -4.833402966937581450e+07 -1.403818336376290917e+08 2.709609684828727245e+08
2.060726100672041997e+07 -7.160253671179517405e+05 -6.241836498396788836e+08 8.263853937643684447e+07 1.766369969597014189e+08 3.092460535960817337e+07 -6.999612113586184569e+06 -1.781029441594153643e+07 6.025525716927320696e+06
-4.853841315898296423e+06 1.245754534768543235e+05 1.384646212018149793e+08 -1.547913502360112406e+07 -4.833402966937581450e+07 -6.999612113586184569e+06 1.684542003713306505e+06 4.240651233429485001e+06 -1.432939032003168250e+06
-1.479222238392283395e+07 3.932297990771499462e+05 4.552871309402603507e+08 -4.604717528977959603e+07 -1.403818336376290917e+08 -1.781029441594153643e+07 4.240651233429485001e+06 1.263021282982273027e+07 -4.353129594470128417e+06
3.102129004229934141e+07 -3.120985057237173431e+06 -3.606504535626199841e+08 1.110989995867409408e+08 2.709609684828727245e+08 6.025525716927320696e+06 -1.432939032003168482e+06 -4.353129594470128417e+06 9.103892743823105469e+06
