# Joint fisher CMB T E + phi lensing used 
# lmax=4499 
#  lmin=10 
#  l_t_max=3000 
#  fsky=0.75 
#  lensed=False 
#  data_folder=varying_lambda/run2 
#  N_det=1000000 
# 
1.057271492910182625e+08 -1.066003006885471754e+07 -1.232219564279622555e+09 3.804516521820520163e+08 9.203878442724277973e+08 2.060626319903764501e+07 -4.853875216527067125e+06 -1.479205074315786734e+07 3.102137501671690494e+07
-1.066003006885471754e+07 1.209754972120931605e+06 9.493570158197073638e+07 -4.071543728725565225e+07 -8.910755465006418526e+07 -7.160259509999012807e+05 1.245735872898142406e+05 3.932388359409673722e+05 -3.120983996473308653e+06
-1.232219564279622316e+09 9.493570158197076619e+07 2.772542638710486984e+10 -4.582619398260299683e+09 -1.031565487597002983e+10 -6.243265730110669136e+08 1.384628435773339570e+08 4.553006428816716671e+08 -3.606501196989457607e+08
3.804516521820520759e+08 -4.071543728725565225e+07 -4.582619398260299683e+09 1.537635020870028257e+09 3.046514790623066425e+09 8.265236254965849221e+07 -1.547880283587949723e+07 -4.604914983834983408e+07 1.110986751766914725e+08
9.203878442724277973e+08 -8.910755465006417036e+07 -1.031565487597002983e+10 3.046514790623066425e+09 8.473287467308840752e+09 1.766744457425941229e+08 -4.833377992019740492e+07 -1.403843330544073284e+08 2.709609726960625648e+08
2.060626319903764501e+07 -7.160259509999012807e+05 -6.243265730110669136e+08 8.265236254965849221e+07 1.766744457425941229e+08 3.101079029400563240e+07 -6.998365728368104436e+06 -1.781932242789983749e+07 6.025329272753744386e+06
-4.853875216527067125e+06 1.245735872898142115e+05 1.384628435773338974e+08 -1.547880283587950096e+07 -4.833377992019740492e+07 -6.998365728368104436e+06 1.684610325500350678e+06 4.240220534565214068e+06 -1.432955095776848262e+06
-1.479205074315786734e+07 3.932388359409673139e+05 4.553006428816717267e+08 -4.604914983834982663e+07 -1.403843330544072986e+08 -1.781932242789983377e+07 4.240220534565213136e+06 1.263304704617025517e+07 -4.353055684396935627e+06
3.102137501671690866e+07 -3.120983996473308653e+06 -3.606501196989457011e+08 1.110986751766914874e+08 2.709609726960625648e+08 6.025329272753744386e+06 -1.432955095776848262e+06 -4.353055684396935627e+06 9.103935055865602568e+06
