# Joint fisher CMB T E + phi lensing used 
# lmax=4499 
#  lmin=4 
#  l_t_max=3000 
#  fsky=0.75 
#  lensed=False 
#  data_folder=varying_lambda/run2 
#  N_det=1000000 
# 
2.737266777284403166e-02 1.552017986849981920e-02 2.682845182761946202e-04 nan 1.419742766804539232e-03 nan nan 5.755565126565486203e-03 nan
1.552017986844751729e-02 2.149654898144918655e-02 5.502040342284270514e-04 2.197446087312460248e-03 1.271804197423125450e-03 2.356621798477510389e-03 6.048339525067170097e-03 5.748624069390552253e-03 nan
2.682845182742707576e-04 5.502040342282497843e-04 2.124474075800433586e-05 5.769199372272302558e-05 7.680741718648772954e-06 4.728691709296218041e-05 1.705071538388247077e-04 1.017578143832581581e-04 nan
nan 2.197446087308345918e-03 5.769199372268062650e-05 5.467773395602062601e-04 3.608194198455488052e-04 nan 8.085187215705226657e-04 nan 8.941224520913644688e-04
1.419742766794761246e-03 1.271804197422248548e-03 7.680741718772954760e-06 3.608194198458705422e-04 3.178469270938484061e-04 3.469713992187279630e-04 1.142251652926023521e-03 nan nan
nan 2.356621798471421510e-03 4.728691709283030077e-05 nan 3.469713992181027579e-04 2.332750359067167680e-03 4.690972461109444748e-03 1.060828877415059867e-03 4.184947446380145146e-03
nan 6.048339525045891979e-03 1.705071538385241397e-04 8.085187215685954963e-04 1.142251652924383340e-03 4.690972461109597404e-03 1.020439332277772379e-02 4.451007686506322698e-04 1.143540724275709207e-02
5.755565126562908404e-03 5.748624069395313202e-03 1.017578143834466060e-04 nan nan 1.060828877416063187e-03 4.451007686751284626e-04 2.171740978611623289e-03 nan
nan nan nan 8.941224519866410557e-04 nan 4.184947446359554846e-03 1.143540724267887165e-02 nan 9.226697083031284996e-02
